/*--------------------------------*- C++ -*----------------------------------*\
| =========                 |                                                 |
| \\      /  F ield         | OpenFOAM: The Open Source CFD Toolbox           |
|  \\    /   O peration     | Version:  v2012                                 |
|   \\  /    A nd           | Website:  www.openfoam.com                      |
|    \\/     M anipulation  |                                                 |
\*---------------------------------------------------------------------------*/
FoamFile
{
    version     2.0;
    format      ascii;
    class       volScalarField;
    location    "0.074";
    object      p;
}
// * * * * * * * * * * * * * * * * * * * * * * * * * * * * * * * * * * * * * //

dimensions      [0 2 -2 0 0 0 0];


internalField   nonuniform List<scalar> 
1900
(
-299.629
-300.729
-301.629
-302.29
-302.967
-303.734
-304.539
-305.368
-305.98
-306.584
-300.084
-300.883
-301.71
-302.386
-303.067
-303.828
-304.638
-305.476
-306.236
-307.057
-300.37
-300.935
-301.702
-302.416
-303.113
-303.874
-304.7
-305.583
-306.476
-307.722
-300.554
-300.998
-301.732
-302.475
-303.184
-303.947
-304.791
-305.716
-306.728
-308.102
-300.652
-301.046
-301.76
-302.512
-303.227
-303.993
-304.854
-305.814
-306.895
-308.284
-300.669
-301.067
-301.787
-302.542
-303.26
-304.034
-304.911
-305.896
-307.01
-308.378
-300.603
-301.063
-301.813
-302.564
-303.283
-304.067
-304.958
-305.958
-307.085
-308.409
-300.452
-301.043
-301.837
-302.563
-303.276
-304.072
-304.976
-305.986
-307.116
-308.398
-300.195
-301.036
-301.898
-302.586
-303.283
-304.084
-304.992
-306.002
-307.125
-308.367
-299.761
-300.936
-301.888
-302.568
-303.266
-304.08
-304.998
-306.016
-307.141
-308.364
-305.926
-318.286
-337.569
-339.215
-320.086
-286.06
-243.026
-198.252
-157.329
-122.532
-94.1856
-71.7753
-54.3103
-40.7488
-30.1836
-21.8621
-15.2287
-9.87598
-5.50797
-1.90267
1.10414
3.63575
5.78922
7.6307
9.212
10.5731
11.7462
12.7711
13.6633
14.4384
15.1116
15.6938
16.1967
16.6272
16.9896
17.2941
17.5478
17.7546
17.9199
18.0472
18.1406
18.2029
18.2347
18.2387
18.2176
18.1738
18.1094
18.0257
17.9236
17.8043
17.6684
17.5165
17.3501
17.1705
16.9783
16.7743
16.5591
16.3329
16.0962
15.8496
15.5934
15.3282
15.0546
14.7725
14.482
14.1834
13.8772
13.5635
13.2425
12.9143
12.579
12.2367
11.8873
11.5313
11.169
10.8002
10.4249
10.0435
9.65561
9.26162
8.86146
8.45569
8.04397
7.62649
7.20326
6.77448
6.34001
5.90007
5.45498
5.00466
4.54957
4.08973
3.62516
3.15626
2.68178
2.20489
1.71769
1.23722
0.729026
0.279702
-309.344
-321.612
-333.419
-332.133
-313.086
-280.341
-239.758
-197.446
-158.329
-124.595
-96.6761
-74.258
-56.5744
-42.6933
-31.7877
-23.1478
-16.2387
-10.6601
-6.11229
-2.36826
0.735832
3.33803
5.55097
7.44234
9.05979
10.4492
11.6445
12.6843
13.5862
14.368
15.045
15.6289
16.129
16.5563
16.9215
17.2303
17.4876
17.6983
17.8672
17.9981
18.095
18.1604
18.1937
18.1986
18.1784
18.1353
18.0713
17.9883
17.8871
17.7688
17.6337
17.4822
17.3162
17.1369
16.9452
16.7415
16.5269
16.3013
16.065
15.8186
15.5626
15.2977
15.0245
14.7426
14.4522
14.1538
13.8478
13.5343
13.2135
12.8854
12.5503
12.208
11.8587
11.5029
11.1406
10.7717
10.3966
10.015
9.62712
9.23305
8.83285
8.42698
8.01518
7.59761
7.17431
6.74552
6.3111
5.87126
5.42639
4.9763
4.52154
4.06209
3.59817
3.12982
2.65708
2.18078
1.69917
1.21709
0.72573
0.252145
-310.278
-317.927
-326.27
-324.079
-306.11
-275.379
-237.277
-197.136
-159.477
-126.595
-99.012
-76.5781
-58.6922
-44.5327
-33.3337
-24.4282
-17.2936
-11.5303
-6.83207
-2.96656
0.241802
2.93477
5.22315
7.17468
8.84286
10.2748
11.5071
12.5745
13.4974
14.2949
14.982
15.5727
16.0762
16.5048
16.8737
17.1856
17.4443
17.6561
17.8258
17.9573
18.0538
18.1171
18.1489
18.1541
18.1352
18.0935
18.031
17.9492
17.8493
17.7328
17.5995
17.4494
17.2847
17.1062
16.9149
16.7114
16.4963
16.2705
16.0343
15.7881
15.5322
15.2674
14.9947
14.7132
14.423
14.1249
13.8193
13.5059
13.1853
12.8573
12.5224
12.1801
11.8309
11.4752
11.1129
10.7441
10.3688
9.98722
9.59924
9.20505
8.80476
8.39877
7.98682
7.56913
7.14579
6.71692
6.28255
5.84281
5.39819
4.94834
4.49394
4.03493
3.57168
3.10392
2.63295
2.15735
1.68126
1.19787
0.72411
0.223741
-310.499
-316.301
-321.946
-318.564
-301.096
-271.673
-235.209
-196.617
-160.113
-127.987
-100.761
-78.383
-60.3738
-46.0109
-34.5843
-25.4644
-18.1427
-12.2229
-7.3971
-3.42979
-0.139254
2.61669
4.94982
6.93326
8.62545
10.0762
11.3246
12.4054
13.3413
14.1514
14.852
15.4571
15.9762
16.4208
16.8034
17.1269
17.3953
17.615
17.7907
17.9262
18.0241
18.0866
18.1184
18.1243
18.1062
18.065
18.0024
17.9201
17.8191
17.701
17.5665
17.4166
17.2527
17.0747
16.8839
16.6805
16.4655
16.2397
16.004
15.7584
15.5031
15.2385
14.9652
14.6833
14.3933
14.0956
13.7903
13.4771
13.1566
12.8288
12.494
12.1518
11.8027
11.4471
11.0848
10.716
10.3406
9.95889
9.57073
9.17641
8.77601
8.3698
7.95767
7.53982
7.1164
6.68747
6.25318
5.81357
5.36926
4.91972
4.46568
4.00718
3.54463
3.07752
2.60833
2.13343
1.66299
1.17784
0.721878
0.195654
-310.525
-314.812
-318.118
-313.462
-296.282
-268.002
-233.04
-195.93
-160.566
-129.167
-102.294
-79.9854
-61.8769
-47.3402
-35.7172
-26.4095
-18.9225
-12.8627
-7.9216
-3.86017
-0.493943
2.32201
4.70027
6.71977
8.4414
9.91684
11.1857
12.2825
13.2313
14.0512
14.7591
15.3691
15.892
16.3393
16.7223
17.0463
17.3159
17.5374
17.7157
17.8545
17.9566
18.0251
18.0636
18.0758
18.0633
18.0271
17.9688
17.89
17.7913
17.674
17.5403
17.3915
17.2286
17.0511
16.8604
16.6571
16.4421
16.2164
15.9805
15.7347
15.4791
15.2138
14.9391
14.6562
14.3657
14.0677
13.7619
13.4482
13.1273
12.7989
12.4638
12.1213
11.772
11.4163
11.0539
10.6849
10.3094
9.92754
9.53925
9.14485
8.74461
8.3384
7.92624
7.50833
7.08492
6.65605
6.22192
5.78254
5.33861
4.88952
4.43604
3.97808
3.51627
3.04989
2.58247
2.1084
1.64312
1.15678
0.717325
0.170355
-310.406
-313.516
-315.048
-309.405
-292.515
-265.235
-231.501
-195.554
-161.054
-130.186
-103.57
-81.3036
-63.1083
-48.4279
-36.6434
-27.1814
-19.5588
-13.385
-8.35091
-4.21416
-0.78729
2.07707
4.49263
6.54123
8.2861
9.77999
11.0638
12.1719
13.1296
13.9571
14.6714
15.2871
15.8154
16.268
16.6552
16.9833
17.257
17.4819
17.6629
17.8036
17.9071
17.9765
18.0153
18.0269
18.0135
17.9765
17.9174
17.8378
17.7389
17.6225
17.4902
17.3433
17.182
17.0064
16.8176
16.6164
16.4033
16.1792
15.9449
15.7003
15.4456
15.181
14.907
14.6247
14.3345
14.0364
13.7303
13.4162
13.0948
12.766
12.4306
12.0876
11.7382
11.3823
11.0197
10.6506
10.2751
9.8932
9.50492
9.11048
8.71033
8.30407
7.89191
7.47404
7.05072
6.62205
6.18814
5.74905
5.3056
4.85707
4.40422
3.94689
3.48587
3.0203
2.55449
2.08149
1.62031
1.1342
0.707883
0.151016
-310.217
-312.452
-312.674
-306.239
-289.508
-262.962
-230.141
-195.084
-161.272
-130.848
-104.479
-82.2863
-64.0522
-49.2801
-37.3831
-27.8076
-20.0816
-13.8189
-8.7111
-4.51422
-1.03873
1.86446
4.31072
6.38321
8.1475
9.65695
10.9537
12.072
13.0382
13.8729
14.5936
15.2147
15.7481
16.2048
16.5955
16.9264
17.2027
17.4299
17.6127
17.755
17.8602
17.9312
17.9715
17.9848
17.9732
17.9377
17.8798
17.801
17.7029
17.5871
17.455
17.3079
17.1458
16.9694
16.7796
16.5772
16.363
16.1381
15.9027
15.6572
15.4019
15.1368
14.8625
14.5799
14.2895
13.9915
13.6857
13.372
13.051
12.7228
12.388
12.0458
11.6971
11.3417
10.9798
10.6112
10.2363
9.85469
9.46692
9.07278
8.67281
8.26672
7.85486
7.43736
7.01436
6.58605
6.15255
5.71405
5.27108
4.82324
4.37111
3.91445
3.4542
2.98948
2.52496
2.05324
1.5945
1.11039
0.691646
0.141217
-310.021
-311.629
-310.921
-303.879
-287.225
-261.206
-229.059
-194.673
-161.392
-131.324
-105.171
-83.0554
-64.8043
-49.9695
-37.9901
-28.3283
-20.5211
-14.1872
-9.0185
-4.77044
-1.25249
1.68393
4.15582
6.24849
8.02943
9.55261
10.8607
11.9878
12.9611
13.8018
14.5275
15.1528
15.6896
16.1492
16.5421
16.8749
17.153
17.382
17.5662
17.7096
17.816
17.888
17.9289
17.9429
17.9317
17.8965
17.8386
17.7595
17.661
17.5452
17.4128
17.2656
17.1035
16.9272
16.7374
16.535
16.3208
16.0957
15.8602
15.6147
15.3592
15.0938
14.819
14.5359
14.245
13.9465
13.6402
13.3261
13.0046
12.676
12.341
11.9985
11.6496
11.294
10.9321
10.5635
10.1888
9.80729
9.41967
9.02575
8.62603
8.22035
7.80893
7.39205
6.96964
6.54199
6.10923
5.67156
5.22933
4.78241
4.33127
3.87544
3.41602
2.95219
2.48873
2.01864
1.56057
1.08011
0.663044
0.135991
-309.863
-311.043
-309.724
-302.264
-285.635
-259.955
-228.248
-194.304
-161.371
-131.54
-105.54
-83.4839
-65.2291
-50.3601
-38.3341
-28.6239
-20.7719
-14.4002
-9.19995
-4.92581
-1.3838
1.57325
4.05785
6.15945
7.94768
9.47702
10.7903
11.9214
12.8978
13.7412
14.4694
15.0973
15.6364
16.0977
16.4921
16.8263
17.1059
17.3367
17.5221
17.6665
17.7741
17.847
17.8887
17.9037
17.8932
17.8588
17.8017
17.7231
17.6252
17.5102
17.3788
17.2321
17.0705
16.8946
16.7053
16.5033
16.2893
16.0646
15.8294
15.5839
15.3288
15.0637
14.7894
14.5066
14.2161
13.9182
13.6127
13.2993
12.9784
12.6506
12.3167
11.9747
11.6263
11.2713
10.9099
10.5419
10.1676
9.78659
9.3992
9.00547
8.60584
8.20019
7.78859
7.37154
6.94907
6.52128
6.08851
5.65084
5.20864
4.76184
4.31106
3.85546
3.39637
2.93263
2.46924
2.00035
1.54108
1.06358
0.643115
0.145516
-309.806
-310.783
-309.174
-301.522
-284.93
-259.455
-228.008
-194.318
-161.58
-131.874
-105.947
-83.9084
-65.6357
-50.7325
-38.6669
-28.9176
-21.0299
-14.628
-9.40326
-5.10824
-1.54542
1.43491
3.93379
6.04494
7.84073
9.37609
10.6942
11.8292
12.8087
13.6547
14.3852
15.015
15.5563
16.0194
16.4154
16.7512
17.0321
17.2642
17.4508
17.5961
17.7049
17.779
17.8214
17.8372
17.8274
17.7937
17.7374
17.6595
17.5619
17.4475
17.3167
17.1707
17.0093
16.8338
16.6451
16.4437
16.2302
16.006
15.7713
15.5262
15.2714
15.0069
14.7329
14.4504
14.1599
13.8622
13.5568
13.2436
12.9229
12.5946
12.2606
11.9198
11.5717
11.2168
10.8555
10.4877
10.1135
9.73283
9.34563
8.95214
8.55274
8.14744
7.73644
7.31966
6.89736
6.46974
6.03709
5.5995
5.15736
4.71056
4.26003
3.80446
3.34551
2.88238
2.41851
1.95178
1.49061
1.0192
0.593214
0.108157
-314.08
-315.349
-316.526
-316.77
-316.253
-314.983
-313.677
-313.769
-333.215
-334.731
-335.677
-336.013
-335.691
-334.976
-334.113
-333.764
-348.328
-351.164
-352.68
-353.246
-353.136
-352.826
-352.519
-352.179
-346.905
-350.27
-352.123
-352.869
-352.696
-352.181
-351.702
-351.065
-325.759
-328.658
-330.394
-330.953
-330.612
-329.876
-329.091
-328.164
-290.001
-292.057
-293.349
-293.802
-293.476
-292.528
-291.115
-289.515
-244.971
-246.044
-246.894
-247.295
-247.037
-246.009
-244.224
-242.165
-198.434
-198.465
-198.719
-198.934
-198.655
-197.574
-195.623
-193.38
-156.3
-155.604
-155.342
-155.246
-154.843
-153.727
-151.772
-149.566
-120.791
-119.669
-119.124
-118.852
-118.362
-117.259
-115.411
-113.368
-92.225
-90.9989
-90.3521
-89.9583
-89.3973
-88.3534
-86.6796
-84.8537
-69.8971
-68.7435
-68.1057
-67.6407
-67.0396
-66.0798
-64.6058
-63.022
-52.6529
-51.6424
-51.0535
-50.5875
-50.0066
-49.1421
-47.8635
-46.5017
-39.3725
-38.5362
-38.0331
-37.6031
-37.0685
-36.3084
-35.2194
-34.0653
-29.0846
-28.4047
-27.9616
-27.5641
-27.0896
-26.4347
-25.5139
-24.5376
-21.0176
-20.478
-20.0746
-19.6947
-19.2781
-18.719
-17.9405
-17.0985
-14.5934
-14.1681
-13.816
-13.4725
-13.1074
-12.6277
-11.9666
-11.2094
-9.40119
-9.06692
-8.77174
-8.47561
-8.15744
-7.74431
-7.1817
-6.50315
-5.15124
-4.88738
-4.64173
-4.38875
-4.11197
-3.75374
-3.27109
-2.68256
-1.62961
-1.41912
-1.21314
-0.997206
-0.756356
-0.443519
-0.0243016
0.486208
1.32559
1.49907
1.67623
1.85878
2.06708
2.34098
2.70795
3.15419
3.82415
3.97043
4.12526
4.28175
4.46359
4.70522
5.0291
5.42274
5.94865
6.07126
6.20499
6.34268
6.5056
6.72234
7.0115
7.36228
7.7668
7.87223
7.98878
8.11164
8.25911
8.45508
8.71511
9.03012
9.33093
9.42398
9.52823
9.63951
9.77407
9.95239
10.1876
10.4723
10.6844
10.7719
10.8632
10.9633
11.0865
11.2497
11.4638
11.7228
11.8544
11.9412
12.024
12.1145
12.2273
12.3769
12.5725
12.8092
12.8687
12.9484
13.0247
13.1092
13.2146
13.3535
13.5336
13.7515
13.7505
13.8232
13.8936
13.9727
14.0716
14.2011
14.3676
14.569
14.5164
14.5829
14.6485
14.723
14.816
14.9372
15.0916
15.2786
15.1817
15.2428
15.304
15.3742
15.462
15.5757
15.7195
15.8938
15.7569
15.813
15.8707
15.9374
16.0208
16.128
16.2623
16.4253
16.2558
16.3067
16.3606
16.4238
16.503
16.6041
16.7299
16.8827
16.6833
16.7303
16.7809
16.8408
16.9161
17.0117
17.1298
17.2735
17.0429
17.0876
17.1363
17.1939
17.2659
17.3568
17.4681
17.6037
17.3448
17.3878
17.4348
17.4902
17.5594
17.6461
17.7511
17.8795
17.5962
17.6375
17.6827
17.7362
17.8026
17.8854
17.9848
18.1066
17.801
17.8408
17.8846
17.9363
18.0003
18.0796
18.1739
18.2897
17.9643
18.0028
18.0452
18.0953
18.1571
18.233
18.3227
18.4331
18.0898
18.1272
18.1683
18.2169
18.2767
18.3497
18.435
18.5405
18.1814
18.2176
18.2576
18.3047
18.3626
18.4328
18.5142
18.6151
18.2419
18.2768
18.3156
18.3614
18.4174
18.485
18.5628
18.6596
18.2724
18.3064
18.3441
18.3887
18.4431
18.5084
18.5829
18.6759
18.2753
18.3084
18.3454
18.389
18.4419
18.5051
18.5765
18.6661
18.2533
18.2857
18.322
18.3646
18.4162
18.4774
18.546
18.6324
18.2088
18.2406
18.2761
18.3178
18.3681
18.4275
18.4934
18.577
18.144
18.175
18.2098
18.2506
18.2997
18.3573
18.4209
18.5017
18.0595
18.09
18.1242
18.1643
18.2123
18.2683
18.3296
18.4079
17.9566
17.9868
18.0205
18.0599
18.1069
18.1614
18.2205
18.2966
17.8367
17.8664
17.8996
17.9383
17.9843
18.0374
18.0946
18.1684
17.7003
17.7296
17.7623
17.8003
17.8454
17.8971
17.9524
18.0243
17.5481
17.577
17.6093
17.6468
17.6911
17.7416
17.7951
17.8651
17.3813
17.4099
17.4418
17.4788
17.5222
17.5716
17.6235
17.6918
17.2013
17.2296
17.2611
17.2975
17.3402
17.3884
17.4388
17.5055
17.0088
17.0367
17.0679
17.1038
17.1458
17.193
17.2419
17.3071
16.8044
16.8321
16.8629
16.8984
16.9396
16.9859
17.0334
17.0971
16.5888
16.6161
16.6466
16.6815
16.7221
16.7674
16.8137
16.8761
16.3623
16.3894
16.4195
16.454
16.494
16.5384
16.5835
16.6446
16.1253
16.1521
16.182
16.2161
16.2555
16.2991
16.343
16.403
15.8785
15.9052
15.9348
15.9685
16.0073
16.0501
16.0929
16.1518
15.6221
15.6486
15.6779
15.7113
15.7496
15.7916
15.8334
15.8913
15.3567
15.3829
15.412
15.445
15.4827
15.524
15.5648
15.6217
15.0828
15.1087
15.1374
15.17
15.2072
15.2478
15.2876
15.3436
14.8004
14.8261
14.8546
14.8868
14.9235
14.9634
15.0024
15.0575
14.5096
14.5351
14.5633
14.5953
14.6315
14.6708
14.709
14.7633
14.211
14.2363
14.2644
14.296
14.3318
14.3705
14.4079
14.4614
13.9046
13.9298
13.9577
13.989
14.0244
14.0626
14.0992
14.1521
13.5908
13.6159
13.6436
13.6747
13.7097
13.7473
13.7832
13.8354
13.2697
13.2946
13.3221
13.3529
13.3875
13.4247
13.4599
13.5114
12.9413
12.9661
12.9934
13.024
13.0582
13.0949
13.1294
13.1804
12.6059
12.6306
12.6577
12.688
12.722
12.7582
12.7921
12.8425
12.2635
12.288
12.315
12.345
12.3786
12.4144
12.4477
12.4976
11.914
11.9385
11.9653
11.9952
12.0285
12.0639
12.0967
12.1461
11.558
11.5823
11.609
11.6387
11.6717
11.7066
11.7389
11.7878
11.1955
11.2198
11.2464
11.2759
11.3086
11.3432
11.375
11.4235
10.8266
10.8509
10.8773
10.9066
10.9391
10.9733
11.0046
11.0526
10.4514
10.4756
10.502
10.5312
10.5634
10.5973
10.6281
10.6758
10.07
10.0941
10.1204
10.1494
10.1813
10.2148
10.2452
10.2925
9.68211
9.70624
9.73248
9.76135
9.79306
9.82635
9.85634
9.90322
9.28813
9.31224
9.33839
9.36711
9.39858
9.43152
9.46111
9.50766
8.88802
8.91214
8.93827
8.96689
8.99819
9.03089
9.06009
9.10632
8.48229
8.50639
8.53245
8.56093
8.592
8.62441
8.65321
8.699
8.07058
8.09467
8.12065
8.14899
8.17985
8.21197
8.24043
8.28597
7.65315
7.67723
7.70314
7.73133
7.76196
7.79381
7.82194
7.8673
7.22996
7.25404
7.27992
7.30803
7.33848
7.37016
7.3984
7.44419
6.80115
6.82519
6.851
6.87899
6.90924
6.94058
6.96861
7.01446
6.3666
6.39055
6.41623
6.44405
6.47409
6.50515
6.53287
6.57846
5.92657
5.95042
5.97596
6.00359
6.03339
6.0642
6.09162
6.13696
5.48129
5.50496
5.53031
5.55771
5.58725
5.61777
5.64485
5.68984
5.03076
5.05426
5.07945
5.10667
5.13601
5.16632
5.19315
5.23794
4.5754
4.59866
4.62357
4.65049
4.67948
4.70945
4.7359
4.78032
4.11524
4.13825
4.16293
4.18962
4.21837
4.24814
4.27441
4.31874
3.65012
3.67269
3.69694
3.72321
3.75154
3.78091
3.80677
3.85071
3.18078
3.20299
3.22688
3.25279
3.28075
3.3098
3.33538
3.37913
2.70487
2.72596
2.7489
2.77399
2.80132
2.82993
2.85527
2.89898
2.22754
2.24824
2.2707
2.29524
2.32192
2.34987
2.37464
2.41772
1.73569
1.75288
1.77245
1.79479
1.81998
1.8472
1.87194
1.9161
1.25698
1.27513
1.2949
1.31666
1.34056
1.36583
1.38859
1.42916
0.734275
0.741464
0.752273
0.767284
0.786915
0.810021
0.829221
0.877987
0.302846
0.321034
0.337527
0.352758
0.367786
0.384952
0.402122
0.378731
)
;

boundaryField
{
    frontAndBack
    {
        type            empty;
    }
    inlet
    {
        type            zeroGradient;
    }
    outlet
    {
        type            fixedValue;
        value           uniform 0;
    }
    walls
    {
        type            zeroGradient;
    }
}


// ************************************************************************* //
