/*--------------------------------*- C++ -*----------------------------------*\
| =========                 |                                                 |
| \\      /  F ield         | OpenFOAM: The Open Source CFD Toolbox           |
|  \\    /   O peration     | Version:  v2012                                 |
|   \\  /    A nd           | Website:  www.openfoam.com                      |
|    \\/     M anipulation  |                                                 |
\*---------------------------------------------------------------------------*/
FoamFile
{
    version     2.0;
    format      ascii;
    class       volScalarField;
    location    "0.297";
    object      p;
}
// * * * * * * * * * * * * * * * * * * * * * * * * * * * * * * * * * * * * * //

dimensions      [0 2 -2 0 0 0 0];


internalField   nonuniform List<scalar> 
1900
(
-299.623
-300.722
-301.622
-302.283
-302.96
-303.727
-304.533
-305.361
-305.974
-306.578
-300.077
-300.876
-301.704
-302.38
-303.061
-303.821
-304.632
-305.47
-306.23
-307.05
-300.363
-300.928
-301.696
-302.409
-303.106
-303.867
-304.693
-305.577
-306.47
-307.715
-300.547
-300.991
-301.726
-302.468
-303.178
-303.94
-304.784
-305.709
-306.722
-308.095
-300.645
-301.039
-301.754
-302.506
-303.221
-303.987
-304.848
-305.807
-306.888
-308.277
-300.662
-301.061
-301.781
-302.535
-303.254
-304.027
-304.904
-305.889
-307.004
-308.371
-300.597
-301.056
-301.807
-302.557
-303.277
-304.061
-304.951
-305.952
-307.079
-308.402
-300.445
-301.036
-301.83
-302.557
-303.27
-304.065
-304.969
-305.979
-307.11
-308.391
-300.189
-301.03
-301.891
-302.579
-303.277
-304.077
-304.985
-305.995
-307.118
-308.36
-299.754
-300.929
-301.881
-302.562
-303.26
-304.073
-304.992
-306.009
-307.135
-308.357
-305.92
-318.28
-337.562
-339.208
-320.079
-286.053
-243.018
-198.247
-157.323
-122.52
-94.1809
-71.7769
-54.2978
-40.7279
-30.1816
-21.8717
-15.2188
-9.84897
-5.496
-1.91251
1.10069
3.65297
5.80916
7.6345
9.20631
10.5751
11.7597
12.7861
13.6728
14.4439
15.1167
15.7018
16.2068
16.6359
16.9951
17.2971
17.5507
17.7597
17.9271
18.0547
18.1468
18.2079
18.2402
18.2465
18.2277
18.1842
18.1178
18.0318
17.9289
17.8103
17.6753
17.5234
17.3563
17.1757
16.9827
16.779
16.5648
16.3393
16.1024
15.8553
15.599
15.3342
15.0615
14.7802
14.4901
14.1914
13.885
13.5711
13.2501
12.9219
12.5866
12.2443
11.8949
11.5388
11.1761
10.8071
10.4317
10.05
9.66198
9.26796
8.86785
8.46207
8.05039
7.63313
7.21011
6.78155
6.34743
5.90797
5.46324
5.01338
4.55851
4.09878
3.63409
3.16494
2.69012
2.21242
1.72482
1.24262
0.733526
0.279205
-309.337
-321.606
-333.412
-332.126
-313.079
-280.334
-239.75
-197.442
-158.323
-124.583
-96.6733
-74.2577
-56.5603
-42.6757
-31.7884
-23.1533
-16.2247
-10.6365
-6.10573
-2.37673
0.737766
3.35564
5.56701
7.44484
9.05645
10.453
11.6575
12.698
13.5951
14.3737
15.0501
15.6369
16.1393
16.5648
16.9266
17.2332
17.4909
17.7039
17.8747
18.0056
18.101
18.1651
18.1993
18.2067
18.1886
18.1454
18.0794
17.9941
17.8925
17.7751
17.6407
17.4891
17.3223
17.1421
16.9497
16.7464
16.5328
16.3077
16.0711
15.8243
15.5682
15.3038
15.0315
14.7503
14.4603
14.1618
13.8556
13.5419
13.2211
12.893
12.5579
12.2155
11.8663
11.5103
11.1477
10.7787
10.4033
10.0215
9.63353
9.23945
8.83933
8.4335
8.02177
7.60445
7.18137
6.75278
6.31866
5.87922
5.43453
4.98477
4.53004
4.07054
3.60633
3.13765
2.66447
2.18739
1.70543
1.22184
0.729541
0.251888
-310.271
-317.92
-326.263
-324.072
-306.103
-275.372
-237.269
-197.132
-159.469
-126.584
-99.0108
-76.5752
-58.6762
-44.5194
-33.3366
-24.4282
-17.2763
-11.5118
-6.83107
-2.97224
0.251341
2.95353
5.23096
7.17302
8.84497
10.2844
11.5193
12.5838
13.5046
14.302
14.988
15.5803
16.0862
16.5135
16.879
17.1885
17.4477
17.6619
17.8335
17.9649
18.0596
18.1215
18.1546
18.1627
18.1455
18.1032
18.0385
17.9548
17.855
17.7395
17.6068
17.4563
17.2907
17.1112
16.9195
16.7165
16.5024
16.2768
16.0403
15.7936
15.5378
15.2736
15.0017
14.7208
14.4309
14.1328
13.827
13.5135
13.1929
12.8649
12.5299
12.1877
11.8385
11.4825
11.1199
10.7509
10.3755
9.9937
9.60567
9.21154
8.81137
8.40543
7.99365
7.57622
7.15309
6.72444
6.29031
5.85086
5.40622
4.95652
4.50195
4.04266
3.57894
3.11072
2.63923
2.16287
1.68651
1.20184
0.727107
0.223762
-310.492
-316.294
-321.939
-318.557
-301.089
-271.666
-235.202
-196.613
-160.104
-127.977
-100.761
-78.3768
-60.3565
-46.0019
-34.5882
-25.4596
-18.1239
-12.2094
-7.39859
-3.43127
-0.126781
2.63388
4.95493
6.93046
8.62959
10.0885
11.3365
12.4119
13.3468
14.1602
14.8604
15.4651
15.9836
16.4274
16.8094
17.1317
17.3999
17.6211
17.7978
17.9331
18.0295
18.0911
18.1244
18.1334
18.1165
18.0741
18.0092
17.9255
17.825
17.7081
17.574
17.4235
17.2587
17.0796
16.8884
16.686
16.4717
16.246
16.0098
15.7638
15.5087
15.2448
14.9722
14.6909
14.4012
14.1035
13.798
13.4847
13.1643
12.8364
12.5016
12.1593
11.8102
11.4543
11.0917
10.7227
10.3472
9.96533
9.57718
9.18299
8.78273
8.37667
7.96476
7.5472
7.12402
6.6953
6.26118
5.82172
5.37716
4.92752
4.47315
4.01406
3.55086
3.08312
2.61333
2.13773
1.66706
1.18107
0.723985
0.195997
-310.518
-314.805
-318.112
-313.455
-296.276
-267.995
-233.032
-195.925
-160.556
-129.16
-102.294
-79.9752
-61.8605
-47.3355
-35.7208
-26.4006
-18.9025
-12.8537
-7.92599
-3.8569
-0.47748
2.336
4.70152
6.71725
8.44912
9.93157
11.1967
12.2866
13.2344
14.0595
14.7696
15.3794
15.8998
16.3436
16.7274
17.0522
17.3211
17.5432
17.7225
17.8611
17.9619
18.0301
18.0703
18.0844
18.0725
18.0355
17.9757
17.8961
17.7978
17.6812
17.5476
17.3984
17.2346
17.0561
16.865
16.6628
16.4484
16.2225
15.9862
15.74
15.4847
15.2202
14.9462
14.6637
14.3735
14.0754
13.7695
13.4558
13.135
12.8066
12.4714
12.1289
11.7795
11.4234
11.0607
10.6915
10.3159
9.93393
9.54572
9.15153
8.75142
8.34546
7.93361
7.51605
7.09293
6.66424
6.23023
5.79083
5.34643
4.89692
4.44282
3.98401
3.52133
3.05416
2.586
2.11129
1.64588
1.1593
0.718397
0.171096
-310.4
-313.509
-315.041
-309.398
-292.508
-265.228
-231.494
-195.548
-161.046
-130.182
-103.567
-81.2885
-63.096
-48.4287
-36.6423
-27.167
-19.5422
-13.3818
-8.35465
-4.20518
-0.769012
2.08615
4.49069
6.54186
8.29747
9.79446
11.0717
12.1745
13.1342
13.9664
14.6828
15.2966
15.8215
16.2713
16.6604
16.9912
17.2648
17.4879
17.6673
17.8079
17.9122
17.9832
18.0238
18.0356
18.0213
17.9835
17.9239
17.8446
17.7464
17.6302
17.4977
17.3498
17.1877
17.0115
16.8227
16.6222
16.4095
16.1853
15.9504
15.7055
15.4511
15.1873
14.914
14.6322
14.3422
14.044
13.7378
13.4238
13.1027
12.7738
12.4382
12.0952
11.7456
11.3893
11.0265
10.6571
10.2815
9.89946
9.51137
9.11727
8.7173
8.31137
7.89962
7.48214
7.05916
6.63061
6.19678
5.75754
5.31334
4.86405
4.41026
3.95181
3.48968
3.02315
2.55645
2.08287
1.6217
1.13605
0.707807
0.152306
-310.21
-312.445
-312.668
-306.232
-289.501
-262.955
-230.134
-195.076
-161.265
-130.844
-104.472
-82.2719
-64.0448
-49.2824
-37.3764
-27.7889
-20.0716
-13.8221
-8.70826
-4.49788
-1.02529
1.86508
4.31072
6.39257
8.15995
9.66537
10.9584
12.0771
13.0464
13.883
14.6018
15.2222
15.755
16.2099
16.6018
16.934
17.2093
17.4357
17.6174
17.7591
17.8654
17.9386
17.9801
17.9928
17.9799
17.9441
17.8866
17.8087
17.711
17.5949
17.4622
17.3141
17.1515
16.9749
16.785
16.5829
16.3691
16.1441
15.9082
15.6624
15.4072
15.1428
14.8694
14.5875
14.2973
13.9991
13.6932
13.3797
13.059
12.7307
12.3957
12.0534
11.7044
11.3487
10.9865
10.6176
10.2426
9.86086
9.47331
9.07959
8.67997
8.27431
7.86292
7.44581
7.02318
6.59502
6.16153
5.72265
5.27877
4.82984
4.37641
3.91837
3.45679
2.99096
2.52541
2.05314
1.59467
1.11176
0.690362
0.143274
-310.014
-311.622
-310.914
-303.872
-287.218
-261.199
-229.052
-194.665
-161.387
-131.319
-105.159
-83.0458
-64.8035
-49.9646
-37.9764
-28.3174
-20.5189
-14.1832
-9.00679
-4.75971
-1.24847
1.68772
4.16524
6.25813
8.03421
9.55723
10.8701
11.999
12.9682
13.8063
14.5332
15.1627
15.7002
16.1554
16.5458
16.8803
17.1605
17.39
17.5719
17.7129
17.8195
17.8946
17.9383
17.9517
17.9384
17.9024
17.8451
17.7671
17.6692
17.553
17.4203
17.2722
17.1095
16.9327
16.7426
16.5404
16.3267
16.1019
15.8661
15.6199
15.3642
15.0995
14.8258
14.5435
14.2529
13.9542
13.6478
13.3338
13.0126
12.684
12.3488
12.0061
11.6568
11.3009
10.9387
10.5699
10.1949
9.81331
9.42595
9.03256
8.63329
8.22815
7.81733
7.40087
6.97884
6.55136
6.11854
5.68034
5.23708
4.78877
4.33591
3.87844
3.4175
2.95239
2.48772
2.01694
1.55961
1.08117
0.660165
0.138637
-309.857
-311.036
-309.718
-302.257
-285.629
-259.948
-228.241
-194.298
-161.365
-131.531
-105.532
-83.4789
-65.2223
-50.3503
-38.3254
-28.6178
-20.7661
-14.3918
-9.19021
-4.91891
-1.37925
1.58037
4.06765
6.16666
7.95148
9.48304
10.8011
11.9321
12.9034
13.7449
14.4761
15.108
15.6468
16.1033
16.4953
16.8321
17.1145
17.3449
17.5273
17.6692
17.7772
17.8539
17.8986
17.9125
17.8996
17.8643
17.808
17.731
17.6339
17.5183
17.3862
17.2387
17.0765
16.9003
16.7106
16.5086
16.2953
16.0707
15.8351
15.5891
15.3337
15.0693
14.7961
14.5143
14.2242
13.9259
13.6202
13.3069
12.9864
12.6587
12.3245
11.9824
11.6335
11.2781
10.9164
10.5482
10.1736
9.79254
9.40544
9.01228
8.61314
8.20795
7.79708
7.38053
6.95848
6.53093
6.09809
5.65984
5.21657
4.76823
4.31539
3.85803
3.39722
2.93223
2.46756
1.99755
1.53979
1.06571
0.639693
0.14896
-309.799
-310.776
-309.167
-301.515
-284.923
-259.448
-228.001
-194.311
-161.573
-131.867
-105.939
-83.901
-65.6292
-50.7254
-38.6583
-28.9089
-21.0235
-14.622
-9.39454
-5.09927
-1.53955
1.44027
3.94216
6.05351
7.84602
9.38133
10.7036
11.84
12.8154
13.6586
14.3912
15.0252
15.5668
16.0256
16.4188
16.7567
17.0405
17.2724
17.4562
17.5991
17.7079
17.7855
17.8312
17.846
17.8339
17.7994
17.7437
17.6673
17.5707
17.4557
17.3241
17.1771
17.0154
16.8396
16.6504
16.4489
16.2361
16.012
15.777
15.5314
15.2763
15.0123
14.7395
14.458
14.1681
13.87
13.5644
13.2511
12.9308
12.6029
12.2685
11.9274
11.5789
11.2236
10.862
10.4939
10.1195
9.73875
9.35184
8.95894
8.56016
8.15556
7.74495
7.32863
6.90676
6.47934
6.04659
5.6084
5.16518
4.71683
4.26407
3.80673
3.34614
2.88155
2.41691
1.94789
1.4889
1.02008
0.591353
0.112921
-314.073
-315.342
-316.519
-316.764
-316.246
-314.976
-313.67
-313.762
-333.208
-334.725
-335.67
-336.006
-335.684
-334.97
-334.106
-333.757
-348.321
-351.158
-352.673
-353.239
-353.129
-352.819
-352.512
-352.172
-346.898
-350.263
-352.116
-352.862
-352.689
-352.174
-351.696
-351.058
-325.752
-328.652
-330.387
-330.946
-330.606
-329.869
-329.084
-328.157
-289.994
-292.05
-293.342
-293.795
-293.469
-292.521
-291.108
-289.508
-244.963
-246.036
-246.887
-247.288
-247.03
-246.002
-244.217
-242.158
-198.429
-198.46
-198.714
-198.928
-198.65
-197.569
-195.618
-193.374
-156.294
-155.599
-155.336
-155.24
-154.837
-153.721
-151.766
-149.559
-120.779
-119.657
-119.112
-118.841
-118.352
-117.249
-115.401
-113.358
-92.219
-90.9924
-90.3453
-89.9514
-89.3905
-88.3468
-86.6732
-84.8476
-69.8995
-68.7456
-68.1068
-67.641
-67.0391
-66.0786
-64.6039
-63.0197
-52.6405
-51.6305
-51.0428
-50.5776
-49.997
-49.1327
-47.8539
-46.4919
-39.3514
-38.5162
-38.0139
-37.5848
-37.0511
-36.2918
-35.2035
-34.0499
-29.0817
-28.4011
-27.9567
-27.5581
-27.0832
-26.4282
-25.5075
-24.5315
-21.0273
-20.4862
-20.0814
-19.7005
-19.2829
-18.7229
-17.9437
-17.1012
-14.585
-14.1604
-13.8096
-13.4671
-13.1025
-12.6227
-11.9613
-11.2037
-9.37456
-9.04227
-8.74896
-8.4541
-8.13698
-7.72475
-7.16273
-6.48452
-5.1375
-4.87311
-4.62654
-4.37284
-4.09596
-3.73801
-3.25584
-2.66782
-1.63813
-1.42535
-1.21728
-0.999922
-0.75804
-0.444462
-0.0248706
0.485726
1.32092
1.49429
1.67101
1.85333
2.06185
2.33623
2.70371
3.15041
3.8397
3.98392
4.13684
4.29205
4.47305
4.71419
5.03793
5.43166
5.9687
6.09084
6.22447
6.36196
6.52441
6.74062
7.0293
7.37972
7.77208
7.8791
7.9972
8.12105
8.26904
8.46521
8.72514
9.03986
9.32575
9.41964
9.52448
9.63629
9.77142
9.95022
10.1857
10.4705
10.6854
10.772
10.8624
10.9618
11.0849
11.2482
11.4624
11.7217
11.867
11.9527
12.0346
12.1244
12.2367
12.386
12.5815
12.8184
12.8838
12.9635
13.0401
13.1246
13.23
13.3687
13.5487
13.7665
13.7606
13.8338
13.9049
13.9844
14.0835
14.213
14.3795
14.5809
14.5221
14.5889
14.6547
14.7293
14.8225
14.9437
15.0983
15.2853
15.1869
15.2481
15.3092
15.3793
15.4672
15.581
15.7249
15.8992
15.7647
15.8206
15.8783
15.945
16.0284
16.1355
16.2699
16.4329
16.2658
16.3167
16.3705
16.4336
16.5127
16.6138
16.7395
16.8922
16.6922
16.7394
16.79
16.85
16.9252
17.0208
17.1387
17.2823
17.0486
17.0935
17.1423
17.2
17.272
17.3629
17.4741
17.6097
17.3478
17.3908
17.4378
17.4934
17.5626
17.6493
17.7544
17.8827
17.5989
17.64
17.6852
17.7386
17.8051
17.8879
17.9874
18.1092
17.8058
17.8455
17.8891
17.9407
18.0046
18.0839
18.1782
18.294
17.9714
18.0099
18.0521
18.1021
18.1638
18.2397
18.3293
18.4397
18.0975
18.1349
18.1761
18.2246
18.2843
18.3573
18.4426
18.548
18.1879
18.2242
18.2642
18.3114
18.3693
18.4395
18.5209
18.6219
18.247
18.2821
18.321
18.3668
18.4229
18.4906
18.5684
18.6653
18.2779
18.3118
18.3496
18.3942
18.4486
18.514
18.5885
18.6816
18.283
18.3159
18.3527
18.3962
18.4491
18.5123
18.5837
18.6734
18.2633
18.2956
18.3317
18.3742
18.4257
18.4869
18.5554
18.6419
18.2192
18.2511
18.2867
18.3284
18.3787
18.438
18.5039
18.5874
18.1525
18.1839
18.2188
18.2597
18.3089
18.3666
18.4301
18.5109
18.0659
18.0966
18.1309
18.1711
18.2192
18.2752
18.3365
18.4148
17.9619
17.992
18.0257
18.0651
18.1122
18.1667
18.2259
18.3019
17.8425
17.8721
17.9052
17.9438
17.9898
18.0428
18.1
18.1738
17.707
17.7362
17.7688
17.8068
17.8518
17.9035
17.9587
18.0306
17.555
17.5839
17.6162
17.6536
17.6978
17.7483
17.8018
17.8718
17.3876
17.4162
17.4481
17.485
17.5285
17.5778
17.6297
17.698
17.2065
17.2348
17.2664
17.3028
17.3455
17.3938
17.4441
17.5108
17.0133
17.0412
17.0724
17.1084
17.1504
17.1976
17.2466
17.3117
16.8092
16.8368
16.8676
16.9031
16.9444
16.9906
17.0382
17.1019
16.5944
16.6217
16.6521
16.6871
16.7277
16.7729
16.8192
16.8816
16.3686
16.3956
16.4257
16.4603
16.5002
16.5446
16.5896
16.6507
16.1316
16.1584
16.1883
16.2224
16.2618
16.3054
16.3493
16.4093
15.8843
15.911
15.9406
15.9744
16.0132
16.056
16.0988
16.1577
15.6277
15.6541
15.6834
15.7168
15.7551
15.7972
15.839
15.8969
15.3627
15.3889
15.4179
15.4509
15.4887
15.53
15.5708
15.6277
15.0896
15.1155
15.1442
15.1769
15.2141
15.2547
15.2946
15.3505
14.8081
14.8338
14.8623
14.8945
14.9312
14.9711
15.0101
15.0652
14.5178
14.5433
14.5716
14.6035
14.6397
14.6791
14.7172
14.7715
14.2191
14.2444
14.2725
14.3042
14.34
14.3787
14.4161
14.4696
13.9124
13.9376
13.9655
13.9969
14.0323
14.0705
14.1071
14.16
13.5985
13.6235
13.6512
13.6823
13.7173
13.7549
13.7908
13.843
13.2772
13.3022
13.3296
13.3604
13.3951
13.4322
13.4675
13.519
12.949
12.9738
13.001
13.0316
13.0659
13.1025
13.1371
13.188
12.6135
12.6382
12.6653
12.6956
12.7296
12.7658
12.7997
12.8501
12.2711
12.2957
12.3226
12.3527
12.3863
12.4221
12.4554
12.5053
11.9216
11.9461
11.9729
12.0028
12.0361
12.0715
12.1043
12.1537
11.5655
11.5899
11.6166
11.6463
11.6792
11.7142
11.7465
11.7954
11.2027
11.227
11.2536
11.2832
11.3159
11.3505
11.3823
11.4308
10.8337
10.8579
10.8844
10.9137
10.9461
10.9804
11.0116
11.0597
10.4582
10.4824
10.5088
10.538
10.5702
10.6041
10.6349
10.6825
10.0765
10.1006
10.1269
10.1559
10.1878
10.2214
10.2517
10.299
9.68846
9.71258
9.7388
9.76766
9.79936
9.83262
9.8626
9.90947
9.29442
9.31849
9.3446
9.37328
9.40472
9.43765
9.46719
9.51369
8.89432
8.91837
8.94443
8.97299
9.00423
9.03689
9.06607
9.11226
8.48855
8.51256
8.53853
8.56693
8.59792
8.63027
8.65903
8.70487
8.07689
8.10089
8.12681
8.15511
8.18593
8.21805
8.2465
8.29207
7.65966
7.68365
7.7095
7.73767
7.76828
7.80014
7.82829
7.87364
7.23665
7.26063
7.28645
7.31452
7.34496
7.37662
7.40486
7.45066
6.80809
6.83204
6.85778
6.88572
6.91594
6.94728
6.97534
7.02124
6.37395
6.39785
6.42351
6.45133
6.48137
6.51247
6.54025
6.58591
5.93445
5.95829
5.98385
6.01153
6.04139
6.07226
6.09975
6.14517
5.48965
5.51341
5.53885
5.56635
5.59598
5.6266
5.65377
5.69885
5.03969
5.06336
5.08869
5.11604
5.14548
5.1759
5.20282
5.2477
4.58465
4.60815
4.63327
4.66038
4.68952
4.71961
4.74614
4.79059
4.12474
4.14808
4.17303
4.19995
4.22888
4.25877
4.28511
4.32947
3.65961
3.68258
3.70717
3.7337
3.76223
3.79174
3.81766
3.86161
3.19009
3.21274
3.23698
3.26316
3.29132
3.32047
3.34607
3.38978
2.71387
2.73544
2.75874
2.7841
2.8116
2.84028
2.86557
2.90916
2.23571
2.25684
2.27963
2.3044
2.33122
2.35922
2.38389
2.4268
1.74346
1.7611
1.78102
1.80358
1.82889
1.85612
1.8807
1.92463
1.26278
1.28122
1.30119
1.32308
1.34702
1.37226
1.39483
1.43515
0.739317
0.746887
0.757977
0.773172
0.792868
0.81595
0.834896
0.883315
0.302161
0.320217
0.336604
0.351737
0.366658
0.383729
0.400921
0.376902
)
;

boundaryField
{
    frontAndBack
    {
        type            empty;
    }
    inlet
    {
        type            zeroGradient;
    }
    outlet
    {
        type            fixedValue;
        value           uniform 0;
    }
    walls
    {
        type            zeroGradient;
    }
}


// ************************************************************************* //
