/*--------------------------------*- C++ -*----------------------------------*\
| =========                 |                                                 |
| \\      /  F ield         | OpenFOAM: The Open Source CFD Toolbox           |
|  \\    /   O peration     | Version:  v2012                                 |
|   \\  /    A nd           | Website:  www.openfoam.com                      |
|    \\/     M anipulation  |                                                 |
\*---------------------------------------------------------------------------*/
FoamFile
{
    version     2.0;
    format      ascii;
    class       Cloud<basicKinematicParcel>;
    location    "0.029/lagrangian/kinematicCloud";
    object      coordinates;
}
// * * * * * * * * * * * * * * * * * * * * * * * * * * * * * * * * * * * * * //

31
(
(0.100427 0.39253 0.0572569 0.449787) 319 439 2
(0.237596 0.30513 0.0760718 0.381202) 818 1636 1
(0.600566 0.199717 0.00323941 0.196478) 1118 2037 1
(0.156137 0.377098 0.421931 0.0448336) 517 1035 2
(0.388577 0.00852884 0.297183 0.305712) 1416 2633 2
(0.247118 0.376441 0.0253357 0.351105) 1116 2230 2
(0.880534 0.0291817 0.0305513 0.059733) 14 28 1
(0.598904 0.200548 0.0588522 0.141696) 1614 3228 2
(0.152844 0.423578 0.0955231 0.328055) 1613 3226 2
(0.459154 0.270423 0.0680732 0.20235) 713 1424 2
(0.129723 0.0875748 0.435139 0.347564) 813 1624 1
(0.0654759 0.467262 0.114319 0.352943) 412 825 1
(0.159592 0.374401 0.420204 0.0458037) 1811 3623 2
(0.0885027 0.22094 0.234808 0.455749) 110 21 2
(0.214638 0.343023 0.392681 0.0496578) 1810 3618 1
(0.736978 0.020455 0.131511 0.111056) 909 1816 1
(0.0283001 0.262345 0.48585 0.223505) 208 417 2
(0.134153 0.432923 0.0474864 0.385437) 1807 3614 2
(0.360051 0.319974 0.213138 0.106836) 507 1012 2
(0.311314 0.344343 0.270624 0.0737193) 1607 3212 2
(0.616051 0.191975 0.0760571 0.115918) 1306 2413 1
(0.644439 0.00594507 0.171835 0.17778) 1705 3410 1
(0.272143 0.208658 0.15527 0.363929) 1304 2608 1
(0.0860446 0.456978 0.193044 0.263933) 404 806 2
(0.184609 0.407696 0.123377 0.284319) 803 1606 2
(0.416724 0.291638 0.141179 0.150459) 1303 2604 2
(0.883039 0.0584804 0.0191458 0.0393346) 302 405 1
(0.254281 0.37286 0.0331359 0.339724) 1402 2805 1
(0.34647 0.326765 0.256115 0.0706501) 101 202 2
(0.632466 0.183767 0.0185023 0.165264) 1501 3002 2
(0.00959971 0.4952 0.0595745 0.435626) 0 0 2
)


// ************************************************************************* //
