/*--------------------------------*- C++ -*----------------------------------*\
| =========                 |                                                 |
| \\      /  F ield         | OpenFOAM: The Open Source CFD Toolbox           |
|  \\    /   O peration     | Version:  v2012                                 |
|   \\  /    A nd           | Website:  www.openfoam.com                      |
|    \\/     M anipulation  |                                                 |
\*---------------------------------------------------------------------------*/
FoamFile
{
    version     2.0;
    format      ascii;
    class       volScalarField;
    location    "0.115";
    object      p;
}
// * * * * * * * * * * * * * * * * * * * * * * * * * * * * * * * * * * * * * //

dimensions      [0 2 -2 0 0 0 0];


internalField   nonuniform List<scalar> 
5600
(
-12.7577
-13.7237
-14.6772
-15.6681
-16.7272
-17.8272
-18.9318
-20.0013
-21.0185
-21.9818
-22.8934
-23.753
-24.557
-25.3108
-26.0299
-26.7145
-27.3825
-28.0314
-28.6718
-29.3121
-29.9428
-30.5789
-31.2062
-31.8342
-32.4588
-33.0741
-33.6937
-34.3038
-34.9158
-35.5257
-36.1325
-36.7414
-37.3475
-37.9564
-38.562
-39.1687
-39.7703
-40.3744
-40.9758
-41.5757
-42.1745
-42.7717
-43.367
-43.9606
-44.5524
-45.1424
-45.7323
-46.3186
-46.9042
-47.4885
-48.0707
-48.6525
-49.2321
-49.8103
-50.3875
-50.9631
-51.5375
-52.1093
-52.68
-53.2501
-53.8192
-54.3873
-54.9531
-55.5172
-56.0796
-56.639
-57.1979
-57.756
-58.3124
-58.8692
-59.4245
-59.9787
-60.532
-61.0843
-61.636
-62.1871
-62.7377
-63.2872
-63.8349
-64.383
-64.9283
-65.474
-66.0173
-66.5609
-67.1025
-67.6437
-68.1827
-68.7219
-69.2599
-69.7973
-70.3367
-70.8726
-71.4098
-71.9441
-72.4813
-73.0193
-73.5635
-74.1232
-74.6844
-75.5403
-12.8563
-13.7475
-14.6949
-15.6811
-16.7372
-17.8364
-18.941
-20.0098
-21.028
-21.9921
-22.9026
-23.7618
-24.5655
-25.32
-26.0401
-26.7263
-27.3957
-28.0463
-28.6876
-29.3286
-29.9602
-30.5972
-31.2249
-31.8533
-32.4781
-33.0934
-33.7135
-34.3236
-34.9359
-35.5459
-36.1528
-36.762
-37.3685
-37.9773
-38.5833
-39.1902
-39.7918
-40.3961
-40.9975
-41.5975
-42.1964
-42.7936
-43.389
-43.9826
-44.5746
-45.1645
-45.7545
-46.3408
-46.9264
-47.5107
-48.0929
-48.6748
-49.2544
-49.8327
-50.41
-50.9855
-51.5599
-52.1317
-52.7023
-53.2725
-53.8415
-54.4096
-54.9755
-55.5393
-56.1019
-56.6611
-57.2202
-57.7782
-58.3346
-58.8915
-59.4468
-60.0008
-60.5543
-61.1064
-61.6583
-62.2093
-62.7599
-63.3094
-63.8571
-64.4052
-64.9505
-65.4961
-66.0395
-66.5831
-67.1247
-67.666
-68.2049
-68.7443
-69.2819
-69.82
-70.3583
-70.8955
-71.431
-71.9679
-72.5013
-73.0454
-73.5793
-74.1541
-74.6944
-75.5379
-12.9379
-13.7686
-14.723
-15.7094
-16.7596
-17.8528
-18.9528
-20.0184
-21.0324
-21.9955
-22.9043
-23.7626
-24.5657
-25.3208
-26.0404
-26.7275
-27.397
-28.0478
-28.6899
-29.3305
-29.9635
-30.6001
-31.2282
-31.8568
-32.4824
-33.0987
-33.7189
-34.3296
-34.9423
-35.5528
-36.16
-36.7693
-37.3757
-37.9846
-38.5906
-39.1974
-39.7991
-40.4034
-41.0048
-41.6048
-42.2037
-42.8008
-43.3963
-43.9899
-44.5818
-45.1717
-45.7618
-46.3481
-46.9337
-47.5181
-48.1002
-48.6821
-49.2617
-49.8399
-50.4172
-50.9926
-51.5672
-52.1391
-52.7098
-53.2801
-53.8492
-54.4175
-54.9835
-55.5476
-56.1104
-56.6697
-57.2288
-57.7868
-58.3434
-58.9002
-59.4556
-60.0097
-60.5632
-61.1153
-61.6673
-62.2183
-62.769
-63.3185
-63.8663
-64.4144
-64.9599
-65.5054
-66.049
-66.5925
-67.1343
-67.6754
-68.2144
-68.7538
-69.2915
-69.8296
-70.3679
-70.9051
-71.4407
-71.9775
-72.5111
-73.0547
-73.5897
-74.1651
-74.7087
-75.5113
-13.029
-13.7987
-14.7515
-15.7364
-16.7792
-17.8669
-18.9644
-20.0299
-21.0415
-22.0059
-22.9154
-23.7752
-24.5793
-25.336
-26.0567
-26.744
-27.4138
-28.065
-28.7069
-29.346
-29.9787
-30.6131
-31.2404
-31.8678
-32.4926
-33.1095
-33.7288
-34.3401
-34.9536
-35.5649
-36.173
-36.7828
-37.3898
-37.999
-38.6055
-39.2123
-39.8142
-40.4185
-41.02
-41.6202
-42.2192
-42.8164
-43.4121
-44.0059
-44.598
-45.1881
-45.7783
-46.3648
-46.9505
-47.535
-48.1172
-48.6993
-49.2791
-49.8574
-50.4349
-51.0105
-51.5852
-52.157
-52.7276
-53.298
-53.8669
-54.4351
-55.0011
-55.5648
-56.1274
-56.6867
-57.2458
-57.8038
-58.3603
-58.9172
-59.4725
-60.0265
-60.5802
-61.1321
-61.6842
-62.235
-62.7858
-63.3352
-63.8831
-64.431
-64.9767
-65.522
-66.0658
-66.609
-67.151
-67.692
-68.2312
-68.7703
-69.3084
-69.8461
-70.3848
-70.9214
-71.4578
-71.9934
-72.5285
-73.07
-73.6073
-74.1783
-74.7314
-75.4708
-13.1213
-13.8296
-14.7772
-15.7637
-16.8005
-17.8833
-18.9785
-20.0423
-21.0531
-22.0177
-22.9269
-23.7865
-24.591
-25.3481
-26.0699
-26.7572
-27.4277
-28.0798
-28.7229
-29.362
-29.9959
-30.6299
-31.2579
-31.8856
-32.5097
-33.1271
-33.7449
-34.3564
-34.969
-35.5796
-36.1873
-36.7959
-37.4028
-38.011
-38.618
-39.2248
-39.8273
-40.4318
-41.0336
-41.6341
-42.2333
-42.8307
-43.4265
-44.0206
-44.6128
-45.2033
-45.7934
-46.3799
-46.9656
-47.5502
-48.1323
-48.7145
-49.2942
-49.8724
-50.45
-51.0254
-51.6
-52.1718
-52.7424
-53.313
-53.8819
-54.4501
-55.0162
-55.5802
-56.1431
-56.7024
-57.2617
-57.8197
-58.3762
-58.9332
-59.4886
-60.0426
-60.5965
-61.1484
-61.7006
-62.2515
-62.8023
-63.3517
-63.8997
-64.4476
-64.9935
-65.5386
-66.0826
-66.6258
-67.1679
-67.7088
-68.2482
-68.7871
-69.3254
-69.863
-70.4017
-70.9382
-71.4749
-72.0102
-72.5456
-73.0864
-73.6236
-74.1913
-74.7407
-75.4421
-13.2123
-13.8624
-14.8034
-15.7936
-16.8246
-17.9021
-18.9944
-20.0564
-21.0668
-22.0308
-22.9401
-23.7995
-24.6049
-25.3631
-26.0855
-26.7742
-27.4454
-28.0983
-28.742
-29.3809
-30.0152
-30.6488
-31.2771
-31.9049
-32.528
-33.1463
-33.7634
-34.3759
-34.9882
-35.599
-36.2071
-36.8152
-37.4226
-38.0297
-38.6372
-39.2432
-39.8458
-40.4494
-41.0509
-41.6508
-42.2496
-42.8466
-43.442
-44.0361
-44.6279
-45.2192
-45.8093
-46.3961
-46.9818
-47.5668
-48.1489
-48.7312
-49.3112
-49.8895
-50.4672
-51.0427
-51.6174
-52.1894
-52.7598
-53.3306
-53.8995
-54.4677
-55.0339
-55.5977
-56.1605
-56.7199
-57.2792
-57.8373
-58.3938
-58.9508
-59.5063
-60.0602
-60.6144
-61.1662
-61.7185
-62.2695
-62.8203
-63.3697
-63.9178
-64.4655
-65.0117
-65.5566
-66.1008
-66.6439
-67.1861
-67.7269
-68.2664
-68.8054
-69.3436
-69.8814
-70.4199
-70.9567
-71.493
-72.0286
-72.5637
-73.1042
-73.641
-74.2041
-74.7512
-75.4174
-13.2987
-13.8974
-14.8306
-15.8249
-16.8505
-17.9228
-19.0123
-20.073
-21.0832
-22.0462
-22.956
-23.8152
-24.6214
-25.3805
-26.1033
-26.7933
-27.4647
-28.1182
-28.7623
-29.4013
-30.0358
-30.6692
-31.2979
-31.9254
-32.5483
-33.1672
-33.7839
-34.397
-35.009
-35.6197
-36.2281
-36.836
-37.4439
-38.0506
-38.6585
-39.2641
-39.8673
-40.4705
-41.0723
-41.672
-42.271
-42.8678
-43.4629
-44.0571
-44.6484
-45.2399
-45.8296
-46.4162
-47.0017
-47.586
-48.1682
-48.7498
-49.3297
-49.9078
-50.4853
-51.0609
-51.6352
-52.2077
-52.7782
-53.3493
-53.9185
-54.4866
-55.053
-55.6167
-56.1795
-56.7392
-57.2985
-57.8568
-58.4133
-58.9703
-59.5259
-60.0798
-60.634
-61.1859
-61.738
-62.2891
-62.8398
-63.3891
-63.9375
-64.485
-65.0314
-65.5763
-66.1205
-66.6636
-67.2059
-67.7465
-68.286
-68.8251
-69.3633
-69.9014
-70.4396
-70.9767
-71.5127
-72.0485
-72.5835
-73.1233
-73.6596
-74.217
-74.7605
-75.3949
-13.3766
-13.9341
-14.8589
-15.8571
-16.8783
-17.9458
-19.033
-20.0927
-21.1027
-22.0648
-22.975
-23.8341
-24.6408
-25.4007
-26.1237
-26.815
-27.4864
-28.1406
-28.7851
-29.4243
-30.0591
-30.6923
-31.3213
-31.9484
-32.5715
-33.1905
-33.807
-34.4204
-35.0323
-35.6429
-36.2515
-36.8594
-37.4673
-38.0741
-38.6818
-39.2872
-39.8907
-40.4936
-41.0956
-41.6952
-42.2942
-42.8909
-43.4861
-44.0804
-44.6719
-45.2633
-45.8528
-46.4396
-47.0254
-47.6093
-48.192
-48.7731
-49.3531
-49.9313
-50.5083
-51.0839
-51.6578
-52.2304
-52.801
-53.3719
-53.9408
-54.5085
-55.0746
-55.6383
-56.2005
-56.7604
-57.3194
-57.8775
-58.4343
-58.9909
-59.5467
-60.1005
-60.6547
-61.2074
-61.7594
-62.3107
-62.8615
-63.4105
-63.9592
-64.5068
-65.0533
-65.5983
-66.1425
-66.6857
-67.2279
-67.7686
-68.3081
-68.8471
-69.3852
-69.9235
-70.4616
-70.9986
-71.5347
-72.0701
-72.6053
-73.144
-73.6792
-74.2314
-74.7678
-75.3724
-13.4425
-13.9708
-14.8886
-15.8899
-16.9077
-17.9715
-19.0569
-20.1158
-21.1256
-22.0871
-22.9976
-23.8565
-24.6636
-25.4243
-26.1474
-26.8397
-27.5111
-28.1659
-28.8107
-29.45
-30.085
-30.718
-31.3472
-31.9739
-32.5971
-33.2162
-33.8326
-34.4462
-35.0581
-35.6686
-36.2773
-36.8853
-37.4931
-38.1002
-38.7076
-39.3129
-39.9166
-40.5194
-41.1214
-41.7211
-42.32
-42.9168
-43.512
-44.1062
-44.6978
-45.289
-45.8785
-46.4653
-47.0513
-47.6349
-48.2178
-48.7988
-49.3789
-49.9571
-50.534
-51.1098
-51.6837
-52.2564
-52.8274
-53.3979
-53.9667
-54.5342
-55.1002
-55.6642
-56.2263
-56.7864
-57.3455
-57.9032
-58.4603
-59.0163
-59.5719
-60.1259
-60.6795
-61.2326
-61.7842
-62.3355
-62.8862
-63.435
-63.9833
-64.5308
-65.0771
-65.6221
-66.1661
-66.7093
-67.2512
-67.792
-68.3317
-68.8706
-69.4087
-69.947
-70.4851
-71.0222
-71.5585
-72.0938
-72.629
-73.1668
-73.7004
-74.2473
-74.774
-75.3451
-13.4917
-14.0054
-14.9195
-15.9225
-16.9384
-18
-19.0846
-20.143
-21.1527
-22.1138
-23.0246
-23.8833
-24.6907
-25.4517
-26.1748
-26.8678
-27.5392
-28.1943
-28.8392
-29.4785
-30.1138
-30.7466
-31.3761
-32.0025
-32.6258
-33.245
-33.8612
-34.475
-35.0869
-35.6973
-36.3061
-36.9141
-37.5218
-38.1291
-38.7363
-39.3416
-39.9454
-40.5482
-41.1501
-41.75
-42.3486
-42.9456
-43.5408
-44.1348
-44.7267
-45.3178
-45.9072
-46.4941
-47.0799
-47.6637
-48.2465
-48.8276
-49.4076
-49.9859
-50.5628
-51.1385
-51.7123
-52.285
-52.8561
-53.4265
-53.9953
-54.5627
-55.1286
-55.6928
-56.2548
-56.8151
-57.3743
-57.9318
-58.489
-59.0451
-59.6006
-60.1549
-60.7083
-61.2616
-61.8129
-62.3642
-62.9148
-63.4638
-64.0119
-64.5594
-65.1056
-65.6508
-66.1945
-66.7379
-67.2798
-67.8206
-68.36
-68.8987
-69.4366
-69.9748
-70.5126
-71.0495
-71.5861
-72.121
-72.6559
-73.1923
-73.7241
-74.2633
-74.7801
-75.314
-13.5166
-14.0337
-14.95
-15.9528
-16.9684
-18.0303
-19.115
-20.1734
-21.1833
-22.1443
-23.0552
-23.9138
-24.7211
-25.4822
-26.205
-26.8982
-27.5694
-28.2246
-28.8695
-29.5088
-30.1442
-30.7769
-31.4066
-32.0328
-32.6562
-33.2753
-33.8914
-34.5053
-35.1172
-35.7276
-36.3364
-36.9444
-37.552
-38.1596
-38.7666
-39.3718
-39.9757
-40.5786
-41.1803
-41.7804
-42.3789
-42.9759
-43.5712
-44.165
-44.7572
-45.3481
-45.9374
-46.5245
-47.1102
-47.6941
-48.2768
-48.858
-49.4379
-50.0163
-50.5932
-51.1687
-51.7426
-52.3153
-52.8864
-53.4568
-54.0255
-54.593
-55.1588
-55.7231
-56.2852
-56.8455
-57.4047
-57.9624
-58.5194
-59.0756
-59.631
-60.1854
-60.7388
-61.2919
-61.8432
-62.3945
-62.9449
-63.4941
-64.0422
-64.5897
-65.1359
-65.681
-66.2248
-66.7681
-67.31
-67.8509
-68.3904
-68.9291
-69.467
-70.0049
-70.5427
-71.0797
-71.6161
-72.1512
-72.6859
-73.2208
-73.7507
-74.2819
-74.7892
-75.2892
-13.5145
-14.0532
-14.9771
-15.9778
-16.9948
-18.0594
-19.1453
-20.2042
-21.2145
-22.1755
-23.0865
-23.9449
-24.7519
-25.5128
-26.235
-26.9282
-27.5989
-28.2539
-28.8987
-29.5378
-30.1734
-30.806
-31.4357
-32.0619
-32.6853
-33.3044
-33.9204
-34.5343
-35.1462
-35.7566
-36.3654
-36.9733
-37.5809
-38.1887
-38.7956
-39.4008
-40.0048
-40.6077
-41.2093
-41.8095
-42.4079
-43.005
-43.6002
-44.1939
-44.7863
-45.3771
-45.9664
-46.5535
-47.1391
-47.7232
-48.3057
-48.887
-49.4669
-50.0452
-50.6223
-51.1976
-51.7717
-52.3445
-52.9156
-53.4861
-54.0546
-54.622
-55.1879
-55.752
-56.3144
-56.8747
-57.4339
-57.9917
-58.5483
-59.1046
-59.6598
-60.2142
-60.7678
-61.3206
-61.8721
-62.4231
-62.9738
-63.5231
-64.0713
-64.6188
-65.165
-65.7102
-66.2542
-66.7975
-67.3397
-67.8807
-68.4203
-68.9592
-69.4971
-70.0349
-70.5726
-71.1097
-71.6461
-72.1815
-72.7159
-73.2496
-73.7777
-74.3025
-74.8012
-75.2752
-13.4908
-14.0656
-14.9999
-15.9971
-17.017
-18.0859
-19.1736
-20.2334
-21.2443
-22.2054
-23.1167
-23.9747
-24.7814
-25.5417
-26.2632
-26.9561
-27.6261
-28.2807
-28.9252
-29.5642
-30.1999
-30.8323
-31.4623
-32.0883
-32.7118
-33.3309
-33.9467
-34.5607
-35.1725
-35.7829
-36.3915
-36.9996
-37.6071
-38.2151
-38.8219
-39.427
-40.0311
-40.634
-41.2355
-41.8359
-42.4341
-43.0313
-43.6265
-44.2201
-44.8128
-45.4035
-45.9928
-46.5798
-47.1654
-47.7497
-48.3321
-48.9135
-49.4932
-50.0716
-50.6486
-51.2238
-51.7978
-52.3704
-52.9419
-53.5123
-54.0807
-54.6481
-55.214
-55.7782
-56.3406
-56.9011
-57.4604
-58.0183
-58.5752
-59.1317
-59.6869
-60.2415
-60.7949
-61.3478
-61.8996
-62.4507
-63.0016
-63.551
-64.0993
-64.647
-65.1933
-65.7386
-66.2828
-66.8261
-67.3683
-67.9093
-68.4491
-68.988
-69.5259
-70.0633
-70.6007
-71.1376
-71.674
-72.2093
-72.7435
-73.2761
-73.8025
-74.3224
-74.8142
-75.2692
-13.4504
-14.0738
-15.0191
-16.0118
-17.0359
-18.1101
-19.2
-20.261
-21.2726
-22.2338
-23.1453
-24.003
-24.8092
-25.5689
-26.2894
-26.982
-27.6513
-28.3053
-28.9495
-29.5882
-30.224
-30.8564
-31.4864
-32.1122
-32.7359
-33.3549
-33.9706
-34.5847
-35.1964
-35.8068
-36.4153
-37.0233
-37.6308
-38.239
-38.8458
-39.4508
-40.0549
-40.6579
-41.2594
-41.8598
-42.458
-43.0552
-43.6502
-44.2436
-44.8367
-45.4273
-46.0164
-46.6035
-47.189
-47.7732
-48.3557
-48.9371
-49.517
-50.0955
-50.6727
-51.2481
-51.8222
-52.3948
-52.9667
-53.5372
-54.1058
-54.6734
-55.2397
-55.804
-56.3666
-56.9273
-57.4867
-58.0447
-58.6017
-59.1581
-59.7133
-60.2677
-60.8207
-61.3735
-61.9252
-62.4762
-63.027
-63.5764
-64.1246
-64.6722
-65.2185
-65.7637
-66.3079
-66.8512
-67.3934
-67.9344
-68.4741
-69.013
-69.5509
-70.0884
-70.6258
-71.1628
-71.6991
-72.2344
-72.7683
-73.3003
-73.8254
-74.3415
-74.828
-75.2694
-13.3977
-14.0794
-15.0349
-16.0229
-17.052
-18.1321
-19.2247
-20.2871
-21.2995
-22.2608
-23.1725
-24.0298
-24.8354
-25.5943
-26.3136
-27.0058
-27.6742
-28.3278
-28.9716
-29.61
-30.2459
-30.8781
-31.5083
-32.134
-32.7577
-33.3766
-33.9921
-34.6062
-35.218
-35.8283
-36.4369
-37.0446
-37.6522
-38.2605
-38.8672
-39.4721
-40.0761
-40.6792
-41.2806
-41.881
-42.4793
-43.0766
-43.6719
-44.2654
-44.8587
-45.4495
-46.0388
-46.6263
-47.2122
-47.7967
-48.3796
-48.9612
-49.5413
-50.12
-50.6972
-51.2727
-51.8465
-52.4189
-52.9906
-53.5608
-54.1294
-54.6968
-55.2631
-55.8274
-56.3898
-56.9505
-57.5099
-58.0678
-58.6248
-59.1811
-59.7363
-60.2906
-60.8438
-61.3966
-61.9483
-62.4993
-63.05
-63.5994
-64.1476
-64.6952
-65.2414
-65.7866
-66.3307
-66.8738
-67.4161
-67.9571
-68.4969
-69.0357
-69.5736
-70.1111
-70.6485
-71.1854
-71.7216
-72.2568
-72.7906
-73.322
-73.8463
-74.3593
-74.8419
-75.2737
-13.3374
-14.0832
-15.0473
-16.0312
-17.0659
-18.1516
-19.2472
-20.3114
-21.3247
-22.2864
-23.1983
-24.0554
-24.8602
-25.6183
-26.3364
-27.0278
-27.6952
-28.3481
-28.9915
-29.6297
-30.2657
-30.8979
-31.5279
-32.1541
-32.7776
-33.3964
-34.0115
-34.6255
-35.237
-35.8471
-36.4559
-37.0634
-37.6717
-38.2799
-38.8868
-39.4922
-40.0967
-40.7004
-41.3022
-41.9031
-42.5019
-43.0993
-43.695
-44.2886
-44.8815
-45.472
-46.0611
-46.6485
-47.2342
-47.8185
-48.4013
-48.9827
-49.5628
-50.1414
-50.7184
-51.2939
-51.8676
-52.44
-53.0117
-53.5819
-54.1505
-54.7178
-55.2841
-55.8483
-56.4107
-56.9715
-57.5307
-58.0887
-58.6457
-59.2019
-59.7571
-60.3113
-60.8644
-61.4171
-61.9688
-62.5198
-63.0705
-63.6199
-64.1682
-64.7157
-65.2621
-65.8074
-66.3516
-66.8948
-67.4368
-67.9776
-68.5172
-69.056
-69.5939
-70.1313
-70.6687
-71.2055
-71.7417
-72.2768
-72.8105
-73.3415
-73.8654
-74.3764
-74.8557
-75.281
-13.2728
-14.0856
-15.0563
-16.0386
-17.0794
-18.1697
-19.2679
-20.3334
-21.3473
-22.3091
-23.2215
-24.0781
-24.8829
-25.6395
-26.3576
-27.0482
-27.7145
-28.3665
-29.0094
-29.647
-30.2828
-30.9148
-31.5444
-32.171
-32.7943
-33.414
-34.0295
-34.6443
-35.2564
-35.8672
-36.4769
-37.085
-37.6939
-38.3021
-38.9088
-39.5138
-40.1179
-40.7214
-41.3229
-41.9236
-42.5223
-43.1195
-43.715
-44.3083
-44.9008
-45.4913
-46.0804
-46.6677
-47.2533
-47.8376
-48.4203
-49.0017
-49.5817
-50.1603
-50.7373
-51.3127
-51.8864
-52.4588
-53.0304
-53.6005
-54.169
-54.7363
-55.3026
-55.8667
-56.429
-56.9897
-57.5489
-58.1068
-58.6637
-59.2198
-59.7749
-60.329
-60.8819
-61.4346
-61.9862
-62.5371
-63.0876
-63.637
-64.1852
-64.7325
-65.2787
-65.8237
-66.3677
-66.9109
-67.453
-67.994
-68.5338
-69.0725
-69.6105
-70.1479
-70.6853
-71.2221
-71.7583
-72.2934
-72.8271
-73.3577
-73.8812
-74.3913
-74.8689
-75.2904
-13.2062
-14.0857
-15.0591
-16.0424
-17.0925
-18.1884
-19.289
-20.3563
-21.3706
-22.3318
-23.2438
-24.0992
-24.9031
-25.6581
-26.3762
-27.0656
-27.7315
-28.3835
-29.0269
-29.665
-30.302
-30.9354
-31.5664
-32.194
-32.8172
-33.4375
-34.0529
-34.6673
-35.2781
-35.8881
-36.4972
-37.1048
-37.7135
-38.3212
-38.9279
-39.5328
-40.1368
-40.7403
-41.3417
-41.9424
-42.541
-43.1381
-43.7335
-44.3267
-44.919
-45.5094
-46.0985
-46.6857
-47.2713
-47.8556
-48.4383
-49.0196
-49.5996
-50.1781
-50.7551
-51.3305
-51.9042
-52.4767
-53.0482
-53.6183
-54.1869
-54.7542
-55.3205
-55.8847
-56.447
-57.0078
-57.567
-58.125
-58.6819
-59.2381
-59.7932
-60.3474
-60.9005
-61.4531
-62.0049
-62.5558
-63.1064
-63.6558
-64.2041
-64.7516
-65.2979
-65.8431
-66.3873
-66.9304
-67.4724
-68.0133
-68.553
-69.0917
-69.6296
-70.1669
-70.7044
-71.2412
-71.7773
-72.3124
-72.8459
-73.3765
-73.8997
-74.4083
-74.8829
-75.3015
-13.147
-14.0918
-15.058
-16.0372
-17.0931
-18.194
-19.3
-20.3723
-21.3879
-22.3509
-23.2643
-24.1202
-24.9239
-25.6788
-26.3962
-27.0848
-27.7503
-28.4018
-29.0449
-29.6827
-30.3195
-30.9528
-31.5836
-32.2105
-32.8323
-33.4521
-34.0667
-34.6807
-35.2909
-35.9005
-36.5094
-37.1168
-37.7254
-38.3331
-38.9396
-39.5444
-40.1483
-40.7516
-41.3529
-41.9535
-42.552
-43.149
-43.7444
-44.3375
-44.9297
-45.5201
-46.109
-46.6962
-47.2817
-47.8659
-48.4485
-49.0298
-49.6097
-50.1882
-50.7651
-51.3404
-51.9141
-52.4864
-53.0579
-53.6279
-54.1964
-54.7637
-55.3298
-55.8939
-56.4562
-57.0168
-57.576
-58.1338
-58.6907
-59.2467
-59.8018
-60.3558
-60.9089
-61.4614
-62.0131
-62.564
-63.1145
-63.6638
-64.2121
-64.7594
-65.3056
-65.8507
-66.3948
-66.9379
-67.4799
-68.0208
-68.5605
-69.0992
-69.6371
-70.1745
-70.7119
-71.2487
-71.7848
-72.3199
-72.8534
-73.3838
-73.907
-74.4164
-74.8913
-75.31
-13.0709
-14.0983
-15.0781
-16.0649
-17.1248
-18.2256
-19.3323
-20.4055
-21.419
-22.3829
-23.2976
-24.1544
-24.9582
-25.7128
-26.4291
-27.1167
-27.7807
-28.431
-29.0727
-29.7095
-30.3453
-30.9779
-31.6083
-32.235
-32.8568
-33.4764
-34.091
-34.7047
-35.3149
-35.9243
-36.533
-37.1403
-37.7486
-38.3561
-38.9625
-39.5672
-40.171
-40.7744
-41.3756
-41.9761
-42.5746
-43.1716
-43.7669
-44.3601
-44.9523
-45.5426
-46.1316
-46.7187
-47.3042
-47.8884
-48.471
-49.0523
-49.6322
-50.2106
-50.7875
-51.3629
-51.9365
-52.5089
-53.0803
-53.6504
-54.2189
-54.7861
-55.3523
-55.9164
-56.4787
-57.0394
-57.5985
-58.1564
-58.7133
-59.2693
-59.8244
-60.3784
-60.9315
-61.4841
-62.0357
-62.5866
-63.1371
-63.6865
-64.2347
-64.7821
-65.3283
-65.8734
-66.4175
-66.9606
-67.5026
-68.0435
-68.5832
-69.1218
-69.6597
-70.1971
-70.7345
-71.2713
-71.8074
-72.3425
-72.876
-73.4064
-73.9295
-74.4385
-74.9125
-75.3303
-75.367
-76.993
-79.6539
-80.1044
-77.8418
-73.4945
-67.6658
-60.9416
-54.0181
-47.2711
-41.0327
-35.4059
-30.449
-26.1318
-22.4008
-19.182
-16.4091
-14.0041
-11.9115
-10.0891
-8.49361
-7.08564
-5.83618
-4.72198
-3.72166
-2.81911
-2.00776
-1.27609
-0.616326
-0.013741
0.543143
1.06141
1.54103
1.97455
2.35874
2.69077
2.96995
3.19119
3.34595
3.43974
3.48421
3.49657
3.49465
3.48798
3.48175
3.4792
3.47964
3.47466
3.45965
3.42814
3.38907
3.3454
3.30857
3.33515
3.40559
3.56716
3.71544
3.71521
3.63031
3.49725
3.40186
3.31182
3.24975
3.1868
3.13053
3.09231
3.05214
3.0091
2.94367
2.84976
2.71871
2.58264
2.44429
2.29866
2.1632
2.05798
1.9588
1.87086
1.79713
1.73562
1.68274
1.63365
1.58286
1.52815
1.46785
1.40274
1.33318
1.25946
1.18188
1.10032
1.01467
0.925684
0.83309
0.737604
0.637001
0.530425
0.420709
0.306256
0.187305
0.0673774
-75.488
-76.5827
-79.194
-79.7061
-77.5018
-73.2348
-67.4942
-60.8474
-53.9851
-47.2803
-41.0748
-35.4647
-30.5163
-26.2021
-22.4699
-19.2474
-16.4688
-14.0569
-11.9578
-10.1294
-8.52813
-7.11502
-5.86116
-4.74216
-3.73752
-2.83187
-2.017
-1.28338
-0.620211
-0.0158717
0.541236
1.05629
1.532
1.96265
2.34295
2.67038
2.94407
3.1597
3.30966
3.40019
3.44403
3.45833
3.45968
3.4565
3.45397
3.45372
3.45303
3.44432
3.42189
3.38117
3.33516
3.28698
3.24568
3.27437
3.35752
3.53325
3.71014
3.72564
3.65473
3.52255
3.42734
3.32932
3.25908
3.19016
3.12897
3.08351
3.03621
2.98913
2.91957
2.82338
2.6921
2.55771
2.42226
2.27934
2.14445
2.04148
1.94408
1.85668
1.78324
1.72121
1.66823
1.61883
1.56768
1.51289
1.453
1.3884
1.31938
1.24608
1.16869
1.08717
1.00162
0.912804
0.820247
0.724668
0.624319
0.518735
0.41004
0.297224
0.181277
0.0648015
-75.4628
-76.5598
-78.8715
-79.3005
-77.1236
-72.9243
-67.2753
-60.7145
-53.9268
-47.2799
-41.1153
-35.5303
-30.5977
-26.2884
-22.5542
-19.3266
-16.5412
-14.1215
-12.0153
-10.1798
-8.57189
-7.15262
-5.89326
-4.76862
-3.75874
-2.8481
-2.02862
-1.29263
-0.62412
-0.0164685
0.541796
1.05327
1.5238
1.95101
2.32671
2.64847
2.91529
3.12398
3.26822
3.35477
3.398
3.41488
3.42027
3.42122
3.42204
3.42529
3.42365
3.41095
3.37995
3.32866
3.27492
3.2216
3.175
3.20596
3.30592
3.49458
3.70436
3.73888
3.6835
3.55495
3.45759
3.35112
3.27091
3.19432
3.12736
3.07524
3.01904
2.96676
2.89245
2.79298
2.6625
2.52986
2.39773
2.25815
2.12446
2.02292
1.92817
1.84144
1.76839
1.70589
1.65254
1.60257
1.55101
1.49621
1.43677
1.37271
1.30427
1.23139
1.15416
1.07272
0.987275
0.898575
0.806165
0.710552
0.610275
0.505626
0.39818
0.287377
0.174761
0.0619355
-75.5454
-76.5579
-78.5895
-78.9248
-76.7367
-72.587
-67.0229
-60.5592
-53.8526
-47.2732
-41.1545
-35.6017
-30.6893
-26.3872
-22.6511
-19.4182
-16.6267
-14.2004
-12.0861
-10.2421
-8.62575
-7.19882
-5.93248
-4.80101
-3.78491
-2.86838
-2.04311
-1.30266
-0.629598
-0.0173961
0.541894
1.05038
1.51705
1.94021
2.31042
2.6251
2.88331
3.08326
3.22053
3.30221
3.34485
3.365
3.37557
3.38198
3.38751
3.39471
3.39223
3.37412
3.33336
3.27034
3.20818
3.14928
3.09641
3.13043
3.24997
3.45175
3.69499
3.75538
3.71766
3.59607
3.49286
3.3778
3.28566
3.19951
3.1255
3.06697
3.00132
2.94176
2.86192
2.75823
2.62943
2.49889
2.3705
2.23497
2.1033
2.0021
1.91107
1.82518
1.75259
1.68971
1.63566
1.58491
1.53292
1.47807
1.41909
1.35562
1.28775
1.21527
1.13822
1.05687
0.971481
0.882877
0.790597
0.695146
0.595049
0.491067
0.385103
0.27628
0.16755
0.0588148
-75.6031
-76.52
-78.2967
-78.5372
-76.3513
-72.249
-66.7581
-60.3971
-53.7758
-47.2709
-41.2038
-35.6872
-30.7944
-26.5008
-22.7646
-19.5267
-16.7284
-14.2951
-12.1713
-10.3171
-8.69063
-7.25455
-5.9799
-4.84052
-3.81729
-2.89443
-2.06275
-1.3163
-0.639178
-0.0221503
0.540161
1.04892
1.51265
1.93075
2.29392
2.60016
2.84784
3.03616
3.16458
3.24149
3.28387
3.30813
3.32617
3.33999
3.35167
3.36125
3.3575
3.33376
3.28238
3.20639
3.135
3.07038
3.01044
3.04914
3.19146
3.40935
3.67886
3.77363
3.75832
3.64796
3.53342
3.40985
3.30375
3.20585
3.12337
3.05764
2.98388
2.91408
2.82752
2.71903
2.59211
2.46464
2.34036
2.20973
2.08095
1.97918
1.89271
1.80807
1.73597
1.67271
1.61774
1.56604
1.51349
1.45851
1.39994
1.33704
1.26968
1.19756
1.12072
1.03944
0.954086
0.86557
0.7734
0.678156
0.578364
0.475264
0.370804
0.263889
0.159344
0.0552647
-75.6445
-76.4667
-77.9811
-78.1093
-75.932
-71.8823
-66.4835
-60.2368
-53.7076
-47.2827
-41.272
-35.7965
-30.9246
-26.6401
-22.9043
-19.661
-16.8525
-14.4084
-12.2732
-10.4076
-8.76968
-7.32293
-6.03863
-4.89016
-3.8585
-2.92827
-2.08911
-1.33484
-0.651785
-0.0297201
0.537883
1.05004
1.5118
1.92377
2.27677
2.57347
2.80931
2.98277
3.1004
3.1732
3.21606
3.24516
3.27129
3.29389
3.31239
3.32421
3.31934
3.29038
3.22763
3.13746
3.05691
2.98438
2.91848
2.9619
3.13122
3.37306
3.65607
3.79303
3.80489
3.71074
3.58117
3.44751
3.32544
3.21336
3.12098
3.04608
2.96667
2.88462
2.78897
2.67519
2.55014
2.42697
2.3071
2.18237
2.0573
1.95577
1.87207
1.79018
1.71882
1.65504
1.59902
1.54621
1.49291
1.43761
1.37936
1.31693
1.24994
1.17813
1.10152
1.02025
0.934909
0.846468
0.754392
0.659398
0.559921
0.457876
0.355029
0.250363
0.150073
0.0512816
-75.6686
-76.3939
-77.6415
-77.6415
-75.4705
-71.4769
-66.1781
-60.0538
-53.6345
-47.3039
-41.3603
-35.9346
-31.0883
-26.8138
-23.0771
-19.8259
-17.0041
-14.5456
-12.3963
-10.5166
-8.86509
-7.40541
-6.10932
-4.94998
-3.90798
-2.96833
-2.11958
-1.35514
-0.663429
-0.0342253
0.539325
1.055
1.51536
1.92059
2.26302
2.5456
2.76767
2.92592
3.03067
3.09578
3.139
3.17496
3.21049
3.24299
3.26859
3.28318
3.27754
3.24385
3.16904
3.06513
2.97549
2.89131
2.82267
2.86997
3.06817
3.33978
3.63431
3.81544
3.85749
3.78209
3.63849
3.49067
3.35072
3.2221
3.11839
3.03222
2.94754
2.85517
2.74672
2.62637
2.50383
2.38575
2.27058
2.15281
2.03211
1.93274
1.84933
1.77158
1.70141
1.63704
1.57982
1.52564
1.47129
1.41543
1.35729
1.29512
1.22835
1.15684
1.08044
0.999134
0.913744
0.82536
0.733362
0.638651
0.539546
0.438627
0.337443
0.235386
0.139825
0.0470073
-75.6748
-76.2983
-77.2805
-77.1392
-74.973
-71.041
-65.8461
-59.8496
-53.5474
-47.3179
-41.4498
-36.0812
-31.2671
-27.0074
-23.2674
-20.0077
-17.173
-14.7003
-12.5362
-10.6405
-8.97281
-7.49766
-6.18684
-5.01432
-3.95993
-3.00846
-2.14785
-1.37284
-0.67073
-0.030747
0.550882
1.07015
1.52843
1.92629
2.25716
2.51968
2.71925
2.86036
2.95295
3.01041
3.05437
3.0979
3.14398
3.18752
3.21994
3.23649
3.22962
3.19135
3.10468
2.98888
2.89035
2.79301
2.72617
2.77844
2.99972
3.30548
3.62087
3.84235
3.91768
3.86084
3.70465
3.53923
3.37934
3.23215
3.11576
3.01758
2.92798
2.82224
2.70039
2.57293
2.45445
2.34075
2.23065
2.12084
2.00543
1.90857
1.82633
1.75297
1.684
1.61899
1.5605
1.50465
1.4489
1.39207
1.33375
1.27154
1.20484
1.13357
1.05729
0.975868
0.890344
0.801981
0.710059
0.615701
0.517054
0.417291
0.317866
0.218786
0.128563
0.0422461
-75.6665
-76.1848
-76.9032
-76.6062
-74.4403
-70.5753
-65.4889
-59.6274
-53.439
-47.3086
-41.5177
-36.2091
-31.4321
-27.1907
-23.457
-20.1951
-17.3501
-14.864
-12.6857
-10.7746
-9.09118
-7.60086
-6.27475
-5.08777
-4.01976
-3.0538
-2.17847
-1.38891
-0.672912
-0.0213087
0.567971
1.09008
1.54494
1.93264
2.24822
2.49113
2.66812
2.79031
2.86805
2.91829
2.96323
3.01326
3.06983
3.12601
3.16655
3.1847
3.17626
3.13236
3.03413
2.9052
2.79718
2.68974
2.63207
2.69303
2.92909
3.27174
3.61561
3.87547
3.98308
3.94583
3.77578
3.59296
3.41086
3.24352
3.11346
3.00625
2.90787
2.78282
2.64987
2.51664
2.40235
2.29218
2.18764
2.08618
1.97733
1.88302
1.80371
1.73476
1.66686
1.60082
1.54128
1.48369
1.42617
1.36796
1.30888
1.24627
1.17949
1.10816
1.03178
0.950125
0.864446
0.776119
0.684231
0.590217
0.492134
0.393589
0.296094
0.200395
0.116034
0.036818
-75.6464
-76.0569
-76.5143
-76.0458
-73.8693
-70.0714
-65.0938
-59.369
-53.313
-47.2962
-41.5925
-36.3464
-31.606
-27.3816
-23.6578
-20.3931
-17.5358
-15.0344
-12.8405
-10.913
-9.2131
-7.70735
-6.36594
-5.16446
-4.08325
-3.10273
-2.2123
-1.40617
-0.675121
-0.0125233
0.58376
1.10878
1.55993
1.93545
2.23279
2.45454
2.61049
2.71566
2.78104
2.82487
2.86972
2.92431
2.9901
3.05816
3.10746
3.12832
3.1189
3.06696
2.9568
2.81616
2.69638
2.58723
2.54495
2.61826
2.8668
3.2417
3.61759
3.91195
4.0514
4.03011
3.85077
3.65054
3.44431
3.25644
3.11425
2.99962
2.88054
2.73933
2.59644
2.46058
2.34724
2.24126
2.14267
2.04861
1.94778
1.85715
1.78134
1.71585
1.64961
1.58271
1.52153
1.46265
1.40321
1.34327
1.28332
1.21976
1.15238
1.08079
1.00414
0.921822
0.835782
0.747347
0.655542
0.562092
0.464724
0.367255
0.271814
0.179981
0.102084
0.0303757
-75.6194
-75.9287
-76.1557
-75.5226
-73.3297
-69.5964
-64.722
-59.1226
-53.2009
-47.2941
-41.6726
-36.4847
-31.7775
-27.569
-23.8484
-20.5769
-17.7076
-15.1924
-12.9846
-11.0423
-9.32741
-7.80725
-6.45151
-5.23646
-4.14251
-3.148
-2.24329
-1.42382
-0.680103
-0.00671757
0.596258
1.12297
1.56933
1.93295
2.21297
2.41429
2.5503
2.64031
2.69787
2.73902
2.7848
2.84371
2.91587
2.98986
3.04378
3.06698
3.05496
2.994
2.87578
2.73463
2.60599
2.50451
2.47525
2.56187
2.82374
3.22127
3.62713
3.94872
4.11676
4.10501
3.92438
3.70571
3.47589
3.27066
3.12193
2.98983
2.84755
2.6955
2.54392
2.40732
2.29352
2.19264
2.09954
2.01089
1.91916
1.83244
1.7601
1.69753
1.63354
1.56767
1.50321
1.44195
1.38047
1.31867
1.25691
1.19262
1.12447
1.05238
0.975637
0.893357
0.806936
0.717299
0.625408
0.532348
0.436074
0.339565
0.24603
0.158333
0.0873846
0.0224687
-75.5935
-75.8216
-75.8736
-75.1074
-72.8976
-69.2185
-64.4294
-58.9328
-53.1112
-47.287
-41.7295
-36.5881
-31.909
-27.7151
-23.9983
-20.7236
-17.8469
-15.322
-13.1033
-11.1494
-9.42279
-7.89104
-6.52401
-5.29849
-4.19428
-3.18874
-2.27296
-1.44292
-0.689028
-0.00732922
0.600352
1.12776
1.56974
1.9237
2.19014
2.37597
2.49778
2.57565
2.62642
2.66642
2.71475
2.77734
2.8525
2.92877
2.98506
3.00789
2.99147
2.92748
2.80846
2.66955
2.53681
2.4456
2.4264
2.52658
2.8014
3.21538
3.64357
3.98381
4.17237
4.16774
3.98618
3.75063
3.5008
3.28683
3.12926
2.97333
2.81515
2.6541
2.49717
2.35955
2.24744
2.15162
2.06295
1.97725
1.89539
1.81304
1.74367
1.6827
1.61945
1.55377
1.48627
1.42208
1.35857
1.29513
1.23112
1.16604
1.09755
1.02525
0.948298
0.866541
0.780376
0.69035
0.597974
0.504655
0.409392
0.313694
0.222047
0.137679
0.0731026
0.0133779
-75.5733
-75.7418
-75.6698
-74.804
-72.5779
-68.9369
-64.2088
-58.7857
-53.0368
-47.2762
-41.7696
-36.6654
-32.0097
-27.828
-24.1152
-20.8386
-17.9564
-15.424
-13.197
-11.2343
-9.49886
-7.95827
-6.58292
-5.34952
-4.23736
-3.22371
-2.29987
-1.46196
-0.700767
-0.0134634
0.597067
1.12442
1.5628
1.90947
2.16595
2.34098
2.45269
2.52214
2.56857
2.60886
2.65905
2.72409
2.80038
2.87658
2.93326
2.95689
2.93918
2.87449
2.75681
2.61707
2.48569
2.40203
2.39329
2.50694
2.79418
3.22151
3.66535
4.01831
4.21968
4.21976
4.03477
3.78441
3.51828
3.30448
3.12789
2.95381
2.78398
2.61518
2.45608
2.31861
2.20951
2.11838
2.0339
1.95084
1.87728
1.79893
1.73048
1.66849
1.60451
1.53763
1.4683
1.4023
1.3372
1.27274
1.2081
1.14255
1.07375
1.00126
0.923999
0.84194
0.755497
0.665804
0.57371
0.479935
0.385337
0.290356
0.200381
0.117999
0.0590296
0.00333778
-75.5605
-75.686
-75.5263
-74.5877
-72.348
-68.7346
-64.0513
-58.6821
-52.9871
-47.2749
-41.8063
-36.7295
-32.0913
-27.9188
-24.2087
-20.9308
-18.0443
-15.506
-13.2727
-11.3035
-9.56125
-8.01403
-6.63272
-5.39348
-4.27532
-3.25588
-2.3263
-1.48264
-0.716257
-0.0250831
0.587378
1.11456
1.55007
1.89103
2.13998
2.3068
2.41036
2.47458
2.51942
2.56049
2.61185
2.67888
2.75695
2.83355
2.89045
2.91558
2.89806
2.83204
2.7149
2.57336
2.44671
2.36942
2.37092
2.49772
2.79753
3.23713
3.69305
4.05545
4.26431
4.2653
4.07399
3.80933
3.53075
3.3184
3.11921
2.93164
2.75235
2.57855
2.41884
2.2834
2.17739
2.0904
2.01069
1.93161
1.86097
1.78521
1.71646
1.6533
1.58856
1.52075
1.45018
1.38275
1.31689
1.25199
1.18702
1.12123
1.05227
0.979551
0.90215
0.819936
0.73343
0.643499
0.551379
0.457405
0.36286
0.268045
0.179601
0.0987908
0.0447629
-0.00763173
-75.5546
-75.6494
-75.4283
-74.438
-72.1886
-68.596
-63.9462
-58.6166
-52.9615
-47.285
-41.8445
-36.7873
-32.1616
-27.995
-24.2864
-21.0068
-18.1166
-15.5735
-13.3354
-11.3611
-9.61365
-8.06145
-6.67582
-5.4323
-4.30968
-3.28617
-2.35265
-1.50496
-0.735035
-0.0413623
0.572223
1.0988
1.5314
1.86741
2.11053
2.27045
2.36838
2.43068
2.47623
2.51862
2.57144
2.64041
2.7207
2.79873
2.85657
2.88231
2.86445
2.79722
2.68064
2.53889
2.41609
2.34489
2.3562
2.49602
2.80919
3.2614
3.7281
4.09832
4.31042
4.30748
4.1063
3.82614
3.54504
3.31993
3.10461
2.90678
2.72015
2.54426
2.3854
2.25279
2.14977
2.06623
1.99062
1.91602
1.84461
1.77093
1.702
1.63807
1.57265
1.50407
1.43275
1.36438
1.29804
1.23287
1.16776
1.10173
1.03263
0.959709
0.882198
0.799784
0.713155
0.623023
0.530867
0.436832
0.342576
0.248763
0.160718
0.0807174
0.0307395
-0.0189733
-75.5545
-75.6282
-75.3653
-74.3396
-72.0844
-68.5078
-63.8827
-58.5821
-52.9556
-47.3048
-41.8844
-36.8408
-32.2234
-28.0604
-24.3519
-21.0705
-18.1771
-15.6301
-13.3881
-11.4099
-9.65849
-8.10237
-6.71311
-5.46624
-4.34028
-3.314
-2.37789
-1.52749
-0.755471
-0.0606707
0.552908
1.07799
1.50719
1.83855
2.07695
2.23209
2.32734
2.39016
2.43752
2.48205
2.53716
2.60846
2.69087
2.77052
2.82964
2.85502
2.83761
2.76949
2.65268
2.51196
2.3921
2.3266
2.34736
2.50035
2.82807
3.29415
3.77164
4.14855
4.35939
4.34677
4.13175
3.83484
3.55833
3.31077
3.08479
2.8796
2.68858
2.51253
2.35589
2.22614
2.12601
2.04537
1.97252
1.90091
1.82865
1.75694
1.68812
1.62371
1.55774
1.48846
1.4166
1.34748
1.28072
1.21522
1.14991
1.08355
1.01421
0.940954
0.863196
0.780559
0.6938
0.603592
0.51135
0.417207
0.322891
0.228705
0.142385
0.0637285
0.0169181
-0.0303289
-75.559
-75.619
-75.3288
-74.2802
-72.0224
-68.4581
-63.8509
-58.5705
-52.9637
-47.3308
-41.9244
-36.8898
-32.2778
-28.1167
-24.4077
-21.1243
-18.2281
-15.6777
-13.4325
-11.451
-9.69646
-8.13726
-6.74501
-5.4955
-4.36707
-3.33899
-2.40121
-1.54912
-0.776175
-0.081399
0.531143
1.05399
1.47963
1.80691
2.04158
2.1945
2.28949
2.35374
2.40328
2.45039
2.50812
2.58197
2.66721
2.7486
2.80771
2.83362
2.81649
2.74781
2.63046
2.49056
2.37336
2.31334
2.34335
2.50971
2.85307
3.33431
3.82285
4.20426
4.40848
4.38033
4.14811
3.83998
3.56087
3.29521
3.06172
2.85152
2.65894
2.48424
2.33012
2.20303
2.10547
2.02716
1.95657
1.88715
1.81451
1.74373
1.67498
1.61023
1.54391
1.47424
1.40226
1.33283
1.26594
1.20039
1.13513
1.06883
0.99956
0.926274
0.848462
0.765733
0.678883
0.588553
0.49635
0.402317
0.308458
0.21508
0.12676
0.0490259
0.0035459
-0.0414961
-75.5671
-75.6187
-75.3119
-74.2502
-71.9925
-68.4377
-63.843
-58.5764
-52.9825
-47.3613
-41.9641
-36.9346
-32.3252
-28.1649
-24.4547
-21.1692
-18.2701
-15.7166
-13.4683
-11.4841
-9.72687
-8.16534
-6.77102
-5.51963
-4.38959
-3.36047
-2.42173
-1.56887
-0.79597
-0.102057
0.508834
1.02923
1.45181
1.77623
2.00874
2.16117
2.25724
2.32326
2.37509
2.42472
2.48474
2.5597
2.64848
2.73097
2.79091
2.81798
2.80059
2.73118
2.61324
2.47397
2.35928
2.3044
2.34314
2.52243
2.88152
3.37792
3.87623
4.25804
4.45064
4.40348
4.15256
3.84452
3.55167
3.27514
3.03754
2.82536
2.63315
2.46046
2.30853
2.18357
2.08776
2.01062
1.94087
1.86741
1.7994
1.72918
1.66037
1.59503
1.52793
1.45726
1.38463
1.31464
1.24734
1.18145
1.11587
1.04923
0.979726
0.906337
0.828439
0.745646
0.658808
0.568538
0.476282
0.382122
0.28821
0.194918
0.1083
0.0318545
-0.00986644
-0.0613591
-75.5747
-75.623
-75.3089
-74.2428
-71.9887
-68.4425
-63.8574
-58.6002
-53.0141
-47.3999
-42.0073
-36.9792
-32.3696
-28.2077
-24.4949
-21.2062
-18.3037
-15.7467
-13.4952
-11.5082
-9.74841
-8.18467
-6.78871
-5.53614
-4.40552
-3.37631
-2.43773
-1.5855
-0.813914
-0.121853
0.486767
1.00468
1.42509
1.74822
1.98069
2.13427
2.2322
2.30045
2.3549
2.40738
2.47044
2.55138
2.6381
2.72064
2.7819
2.80889
2.79085
2.72069
2.60219
2.46321
2.35016
2.29915
2.3449
2.53512
2.90796
3.41699
3.92142
4.29873
4.47786
4.4136
4.15278
3.8399
3.53515
3.25403
3.01498
2.80355
2.61348
2.44317
2.29362
2.17099
2.07722
2.00181
1.93351
1.86315
1.79425
1.72355
1.65448
1.58886
1.52173
1.45123
1.37859
1.3085
1.2412
1.17535
1.10985
1.04327
0.973793
0.900394
0.822473
0.73964
0.652765
0.562416
0.470183
0.376046
0.282137
0.188942
0.100833
0.0239339
-0.0191051
-0.0442834
-75.595
-75.6423
-75.3266
-74.2618
-72.0136
-68.4751
-63.8972
-58.6459
-53.0638
-47.4524
-42.0607
-37.0309
-32.419
-28.2541
-24.5379
-21.2457
-18.3398
-15.7799
-13.5259
-11.5369
-9.77553
-8.21045
-6.81349
-5.5605
-4.42978
-3.40065
-2.46257
-1.61145
-0.841464
-0.151334
0.455249
0.971417
1.3907
1.71396
1.94779
2.10311
2.20287
2.27301
2.32931
2.38343
2.44816
2.52824
2.61708
2.7014
2.76329
2.79034
2.77188
2.70108
2.58221
2.44379
2.33279
2.28567
2.33762
2.53624
2.91815
3.43455
3.9409
4.31189
4.47905
4.39721
4.13506
3.81475
3.50643
3.22344
2.98478
2.77516
2.58687
2.41815
2.27006
2.14861
2.05563
1.98066
1.91218
1.84017
1.77212
1.70157
1.63248
1.56666
1.49928
1.42848
1.35573
1.28556
1.21824
1.15237
1.08678
1.02016
0.95066
0.877235
0.799295
0.716449
0.629572
0.539222
0.446976
0.352802
0.258861
0.165714
0.0781762
0.00118642
-0.039748
-0.116437
-76.295
-76.4656
-76.6851
-76.7381
-76.7379
-76.7002
-76.6319
-76.5457
-76.4551
-76.3671
-76.2868
-76.2194
-76.1666
-76.1329
-76.1357
-76.1739
-78.8224
-78.9035
-78.992
-79.1016
-79.1258
-79.0837
-79.0146
-78.9368
-78.8601
-78.7911
-78.7344
-78.6934
-78.6709
-78.6652
-78.6664
-78.6693
-80.4354
-80.811
-81.2064
-81.3943
-81.4436
-81.4181
-81.3552
-81.2838
-81.2195
-81.1694
-81.1371
-81.1245
-81.1327
-81.1587
-81.1898
-81.208
-80.6635
-81.1076
-81.3758
-81.5375
-81.6245
-81.632
-81.5844
-81.517
-81.4517
-81.3988
-81.3625
-81.3436
-81.3418
-81.3547
-81.3724
-81.3768
-78.2818
-78.6
-78.8129
-78.9907
-79.0921
-79.1173
-79.0923
-79.0411
-78.9833
-78.926
-78.873
-78.8271
-78.7911
-78.766
-78.7492
-78.7262
-73.8097
-74.0626
-74.27
-74.4412
-74.5454
-74.5827
-74.5665
-74.5179
-74.4563
-74.3902
-74.323
-74.2567
-74.1931
-74.1352
-74.0858
-74.038
-67.8696
-68.0592
-68.2282
-68.3691
-68.4632
-68.5039
-68.4928
-68.4474
-68.385
-68.3111
-68.2269
-68.1334
-68.0325
-67.9296
-67.8362
-67.7582
-61.0523
-61.1846
-61.3081
-61.4128
-61.4886
-61.5226
-61.5082
-61.4604
-61.3937
-61.3112
-61.2128
-61.0991
-60.9719
-60.8385
-60.7167
-60.6232
-54.0574
-54.1273
-54.2031
-54.2748
-54.3329
-54.3575
-54.3374
-54.2862
-54.216
-54.1278
-54.0205
-53.8938
-53.7494
-53.5956
-53.4541
-53.3502
-47.2591
-47.2717
-47.3028
-47.344
-47.3827
-47.3931
-47.3635
-47.3073
-47.2336
-47.1415
-47.0293
-46.8962
-46.7442
-46.5816
-46.4318
-46.3224
-40.9812
-40.9519
-40.9513
-40.9703
-40.9928
-40.9897
-40.9515
-40.8915
-40.8156
-40.7221
-40.6085
-40.4742
-40.3208
-40.157
-40.0057
-39.8952
-35.3321
-35.2733
-35.2481
-35.2486
-35.2556
-35.2386
-35.1918
-35.1282
-35.0511
-34.9576
-34.8455
-34.714
-34.5647
-34.4059
-34.2593
-34.1517
-30.3649
-30.2923
-30.2548
-30.2444
-30.2378
-30.2078
-30.1546
-30.0895
-30.0128
-29.9211
-29.8124
-29.6861
-29.544
-29.3934
-29.2544
-29.1517
-26.0434
-25.9654
-25.9228
-25.9039
-25.8814
-25.8376
-25.7799
-25.7145
-25.6389
-25.55
-25.446
-25.3265
-25.1932
-25.0528
-24.9233
-24.8268
-22.3132
-22.2361
-22.1934
-22.1694
-22.1358
-22.0843
-22.0251
-21.96
-21.886
-21.8002
-21.7013
-21.5889
-21.4648
-21.3353
-21.2165
-21.1277
-19.0988
-19.0251
-18.9833
-18.9557
-18.9168
-18.8628
-18.8037
-18.7398
-18.668
-18.5858
-18.4923
-18.3875
-18.2729
-18.1546
-18.0469
-17.966
-16.3327
-16.2655
-16.2253
-16.191
-16.1449
-16.0905
-16.0337
-15.9724
-15.9039
-15.8263
-15.7389
-15.6417
-15.5365
-15.4287
-15.3312
-15.2574
-13.9366
-13.8784
-13.8408
-13.7999
-13.7484
-13.6946
-13.6397
-13.5809
-13.5155
-13.4423
-13.3605
-13.2706
-13.174
-13.0759
-12.9876
-12.92
-11.8527
-11.8016
-11.7661
-11.7248
-11.6741
-11.6222
-11.5691
-11.5125
-11.4501
-11.3808
-11.3043
-11.221
-11.1323
-11.043
-10.963
-10.9011
-10.0385
-9.99289
-9.95601
-9.91269
-9.86352
-9.81411
-9.76352
-9.70945
-9.65027
-9.58511
-9.51374
-9.43656
-9.35513
-9.27373
-9.20117
-9.14442
-8.45095
-8.41057
-8.37112
-8.32499
-8.27755
-8.23075
-8.18262
-8.13117
-8.07513
-8.01383
-7.94714
-7.87552
-7.80055
-7.72624
-7.66027
-7.60663
-7.04967
-7.01312
-6.97358
-6.92777
-6.88232
-6.83749
-6.79125
-6.74197
-6.68862
-6.63069
-6.56811
-6.50138
-6.43206
-6.36397
-6.3036
-6.25223
-5.80561
-5.77204
-5.73388
-5.68987
-5.6463
-5.60309
-5.55844
-5.51101
-5.45998
-5.40494
-5.3459
-5.28339
-5.2189
-5.156
-5.10033
-5.05212
-4.6971
-4.66408
-4.62554
-4.58383
-4.5428
-4.50164
-4.45883
-4.41334
-4.36456
-4.3122
-4.25634
-4.19753
-4.13724
-4.07877
-4.02711
-3.98192
-3.70171
-3.66824
-3.62885
-3.58938
-3.55084
-3.51174
-3.47084
-3.42734
-3.38075
-3.33089
-3.27791
-3.2224
-3.16577
-3.11112
-3.06291
-3.0203
-2.80227
-2.77127
-2.73418
-2.69707
-2.66032
-2.62267
-2.58316
-2.54117
-2.49632
-2.44852
-2.39796
-2.34524
-2.29174
-2.24036
-2.19509
-2.15468
-1.99458
-1.96595
-1.93107
-1.89582
-1.86036
-1.82371
-1.78516
-1.74427
-1.70076
-1.65462
-1.60607
-1.5557
-1.50483
-1.45621
-1.41342
-1.37483
-1.26578
-1.23987
-1.2072
-1.17367
-1.13948
-1.10376
-1.06601
-1.02598
-0.983526
-0.938682
-0.891703
-0.843159
-0.794318
-0.747802
-0.706891
-0.669669
-0.607501
-0.581806
-0.550756
-0.518747
-0.485617
-0.450721
-0.413715
-0.374422
-0.332771
-0.288843
-0.242918
-0.195559
-0.148005
-0.102803
-0.0630563
-0.0266765
-0.00484691
0.0214511
0.0512853
0.0824207
0.115244
0.150061
0.186996
0.226157
0.267593
0.311214
0.356744
0.403634
0.450665
0.495323
0.534579
0.5706
0.552473
0.578171
0.607503
0.638834
0.672289
0.707888
0.745607
0.78547
0.827489
0.871577
0.917483
0.964686
1.01198
1.05683
1.09623
1.13232
1.0734
1.09884
1.12813
1.16005
1.19434
1.23082
1.26941
1.31013
1.35299
1.39792
1.44468
1.49275
1.54091
1.58658
1.62663
1.66315
1.5563
1.58334
1.61411
1.64754
1.68322
1.72096
1.76072
1.80256
1.84655
1.89264
1.94061
1.98996
2.03941
2.08628
2.1273
2.16444
1.99369
2.02483
2.05901
2.0953
2.13337
2.17315
2.2147
2.25817
2.30368
2.35124
2.40069
2.45152
2.50243
2.5506
2.59262
2.63037
2.38321
2.42035
2.45938
2.4996
2.54084
2.58318
2.62683
2.67207
2.71912
2.76811
2.81891
2.87106
2.9232
2.97241
3.01517
3.05334
2.72143
2.76551
2.81003
2.85452
2.89906
2.94395
2.98957
3.03635
3.08467
3.13473
3.18651
3.23955
3.29246
3.34222
3.38523
3.42346
3.00761
3.05876
3.10823
3.15608
3.20289
3.2493
3.29595
3.34347
3.39234
3.44285
3.49498
3.54828
3.60131
3.65096
3.69359
3.73143
3.23616
3.29486
3.34969
3.40124
3.45051
3.49846
3.54599
3.5939
3.6428
3.69305
3.7447
3.7973
3.8494
3.89783
3.93914
3.97594
3.3975
3.46348
3.52385
3.57946
3.63154
3.68128
3.72973
3.77786
3.82638
3.87577
3.92611
3.97701
4.02704
4.07315
4.11217
4.14733
3.49569
3.56639
3.63014
3.68802
3.74143
3.79172
3.84009
3.88756
3.93492
3.98264
4.03085
4.07919
4.1263
4.16932
4.20544
4.23862
3.54119
3.61301
3.67751
3.73576
3.78913
3.83897
3.88647
3.93262
3.97819
4.02366
4.06918
4.11444
4.15817
4.19774
4.23074
4.26186
3.55112
3.62029
3.68268
3.7391
3.79078
3.83891
3.88457
3.92869
3.97198
4.01489
4.05756
4.09969
4.14014
4.17647
4.20661
4.23595
3.54486
3.60899
3.66713
3.71993
3.76845
3.81374
3.85676
3.89833
3.93905
3.9793
4.01917
4.05837
4.09583
4.12933
4.15708
4.18497
3.53322
3.59134
3.64452
3.6933
3.73852
3.78102
3.82157
3.8608
3.8992
3.93707
3.97444
4.01105
4.04592
4.07704
4.10289
4.12969
3.52149
3.57364
3.62241
3.66792
3.71059
3.75097
3.78959
3.82694
3.86344
3.89935
3.93475
3.96941
4.00247
4.03205
4.05674
4.08299
3.51592
3.56483
3.61106
3.65447
3.6953
3.73397
3.77097
3.80681
3.84194
3.87667
3.91109
3.945
3.97753
4.00676
4.03116
4.05722
3.51774
3.56787
3.61466
3.65814
3.69879
3.73723
3.77408
3.80992
3.84521
3.88024
3.9151
3.94953
3.98255
4.01202
4.03605
4.06138
3.51867
3.57593
3.62842
3.67642
3.72085
3.76266
3.80265
3.8414
3.87934
3.91665
3.95328
3.98886
4.02226
4.05112
4.0733
4.09674
3.51417
3.58454
3.64862
3.7067
3.75963
3.80842
3.854
3.8971
3.93822
3.97761
4.01524
4.0507
4.08294
4.10944
4.12557
4.14839
3.4961
3.58325
3.66188
3.73209
3.7945
3.85044
3.90117
3.94772
3.99087
4.03107
4.06833
4.10192
4.13027
4.15096
4.16639
4.18269
3.46702
3.56603
3.65422
3.73261
3.80194
3.86284
3.91685
3.96542
4.00955
4.04945
4.08472
4.11522
4.1447
4.17182
4.18762
4.19823
3.42969
3.53491
3.62692
3.70707
3.77834
3.84264
3.90014
3.95134
3.9977
4.04168
4.08439
4.12262
4.14946
4.16444
4.17031
4.17621
3.39883
3.5095
3.60574
3.68929
3.76258
3.82842
3.88924
3.94592
3.99733
4.04044
4.07271
4.09488
4.10803
4.11291
4.11165
4.11431
3.42235
3.52933
3.62357
3.70647
3.77942
3.84336
3.89868
3.94522
3.98243
4.00981
4.02758
4.03696
4.03961
4.0371
4.0315
4.03328
3.47875
3.57147
3.65344
3.7246
3.78536
3.83586
3.87608
3.90623
3.92688
3.93899
3.94386
3.94281
3.93795
3.93185
3.92658
3.93138
3.61408
3.66855
3.71615
3.75676
3.78962
3.81447
3.83149
3.84127
3.84435
3.84161
3.83487
3.82663
3.81888
3.81322
3.81068
3.81961
3.72338
3.73423
3.74477
3.75317
3.75832
3.75927
3.7556
3.74819
3.73888
3.72902
3.71905
3.71017
3.7041
3.70174
3.70253
3.71492
3.70122
3.68534
3.67177
3.65845
3.64523
3.63319
3.62239
3.61194
3.60151
3.59204
3.58471
3.58014
3.57883
3.58062
3.58356
3.59907
3.59646
3.55822
3.53062
3.51087
3.49532
3.4817
3.46997
3.46079
3.45421
3.44996
3.44794
3.44832
3.45165
3.45807
3.46265
3.48136
3.46509
3.42904
3.39989
3.37729
3.36092
3.34976
3.34261
3.3386
3.33718
3.33811
3.3413
3.3468
3.35478
3.36477
3.37236
3.39031
3.36791
3.33178
3.30617
3.28903
3.27835
3.2726
3.27075
3.2721
3.27625
3.2829
3.29164
3.30094
3.3098
3.31901
3.32834
3.34755
3.28947
3.2672
3.25299
3.24521
3.24246
3.24363
3.24767
3.25317
3.2579
3.26268
3.26956
3.27938
3.29218
3.30592
3.31818
3.33825
3.23818
3.2275
3.22148
3.21855
3.21699
3.21711
3.22026
3.22697
3.23831
3.25285
3.26836
3.28476
3.30181
3.3182
3.33236
3.35315
3.18235
3.17777
3.17666
3.18053
3.18955
3.20232
3.21693
3.23294
3.25047
3.26929
3.289
3.30929
3.32948
3.34813
3.36363
3.38482
3.13415
3.14393
3.15755
3.17332
3.19091
3.20998
3.23021
3.25149
3.27367
3.29659
3.31998
3.34338
3.36598
3.3862
3.40233
3.42356
3.10696
3.12888
3.15149
3.17458
3.19818
3.22228
3.2469
3.272
3.29753
3.32334
3.34914
3.37447
3.39845
3.41945
3.43554
3.45641
3.07564
3.10693
3.13702
3.16619
3.19465
3.22268
3.2505
3.2783
3.30612
3.33384
3.36114
3.38742
3.41181
3.43275
3.44824
3.46901
3.03808
3.0758
3.11125
3.14488
3.1771
3.20819
3.23841
3.26795
3.29689
3.32511
3.35234
3.37808
3.40157
3.42147
3.43554
3.45622
2.9785
3.02303
3.06349
3.10063
3.1353
3.16812
3.19946
3.22951
3.25835
3.28587
3.3118
3.33578
3.35744
3.37585
3.38772
3.40837
2.88709
2.9344
2.97762
3.01715
3.05341
3.08691
3.11813
3.14743
3.17502
3.2009
3.22488
3.24667
3.26625
3.28391
3.29229
3.3126
2.75732
2.80656
2.85106
2.89124
2.92769
2.96098
2.99156
3.01978
3.04587
3.06991
3.09184
3.1115
3.12885
3.14448
3.15415
3.17298
2.61875
2.66496
2.70696
2.74504
2.77961
2.81106
2.83976
2.86601
2.89002
2.91189
2.93163
2.94922
2.96502
2.9798
2.98903
3.00709
2.47635
2.51784
2.55597
2.59088
2.62278
2.65189
2.67847
2.70273
2.72481
2.74488
2.76343
2.78095
2.7971
2.81117
2.81964
2.83744
2.32722
2.36493
2.40029
2.43322
2.46377
2.49211
2.51861
2.54332
2.56605
2.58681
2.60545
2.62182
2.63643
2.64985
2.6578
2.6756
2.19127
2.22823
2.2626
2.29439
2.32367
2.35049
2.37483
2.39696
2.41736
2.43625
2.45352
2.46915
2.48358
2.49744
2.50511
2.52351
2.08203
2.11377
2.14386
2.17213
2.19851
2.22297
2.24557
2.2665
2.28604
2.30435
2.32144
2.33706
2.35117
2.36603
2.37207
2.39142
1.98084
2.01047
2.03882
2.06564
2.09103
2.11518
2.13806
2.15955
2.1795
2.19788
2.21472
2.23008
2.2439
2.259
2.26542
2.2848
1.8922
1.92108
1.94931
1.97689
2.00326
2.02797
2.05077
2.07153
2.09067
2.10861
2.12544
2.14108
2.15549
2.16963
2.17738
2.19641
1.81832
1.84766
1.87627
1.90369
1.9296
1.95337
1.97532
1.99621
2.01597
2.03439
2.05152
2.06733
2.08198
2.09602
2.10425
2.12316
1.75738
1.78685
1.8154
1.84242
1.86742
1.89124
1.91402
1.93522
1.9549
1.97326
1.99033
2.0061
2.0207
2.0346
2.04299
2.06181
1.70452
1.7342
1.76262
1.78922
1.81456
1.8387
1.86114
1.88203
1.90157
1.91978
1.93667
1.95225
1.96671
1.98048
1.98881
2.00755
1.65557
1.68519
1.71317
1.7397
1.76513
1.78869
1.81061
1.83123
1.8506
1.86863
1.88532
1.90066
1.9149
1.92855
1.9367
1.95537
1.60513
1.63443
1.66253
1.68911
1.71385
1.73682
1.75841
1.77882
1.79807
1.81597
1.83238
1.8474
1.86132
1.87482
1.88272
1.90131
1.55067
1.57946
1.60666
1.63267
1.65683
1.67944
1.70081
1.721
1.73997
1.75757
1.7737
1.78843
1.80211
1.81555
1.8232
1.84175
1.48984
1.5186
1.54549
1.57076
1.5944
1.61673
1.63788
1.65782
1.6764
1.69359
1.70937
1.72384
1.73727
1.75067
1.75806
1.77658
1.42401
1.45212
1.47836
1.503
1.52627
1.54835
1.56928
1.58892
1.6072
1.62409
1.63965
1.65395
1.66719
1.68058
1.68775
1.70625
1.3537
1.38117
1.40683
1.4309
1.45381
1.47561
1.49626
1.51563
1.53361
1.55022
1.56554
1.57964
1.59269
1.6061
1.61306
1.63156
1.27935
1.3062
1.33152
1.35535
1.37794
1.39946
1.41982
1.43888
1.45658
1.47295
1.4881
1.50205
1.51493
1.52839
1.53514
1.55365
1.20131
1.2273
1.25229
1.27613
1.29858
1.31982
1.3399
1.35868
1.37613
1.39231
1.40729
1.42111
1.43378
1.44736
1.45387
1.4724
1.11952
1.1449
1.16957
1.19327
1.21567
1.23666
1.25639
1.27489
1.29215
1.30818
1.32305
1.33678
1.34924
1.36297
1.36923
1.38784
1.03389
1.05928
1.0837
1.10699
1.12911
1.14984
1.16929
1.18764
1.20475
1.2206
1.23534
1.24899
1.26113
1.27509
1.28108
1.29972
0.944806
0.970216
0.994394
1.0173
1.03903
1.05942
1.07865
1.09681
1.11372
1.1294
1.14403
1.15771
1.16937
1.18394
1.18951
1.2084
0.852191
0.877317
0.901033
0.923433
0.944665
0.964766
0.983899
1.0019
1.01862
1.03414
1.04843
1.06259
1.07342
1.0886
1.09383
1.11273
0.756547
0.781284
0.80474
0.826876
0.847669
0.867254
0.885895
0.903482
0.919911
0.935135
0.94933
0.962977
0.974329
0.989131
0.994335
1.01324
0.655508
0.679786
0.702584
0.724032
0.744245
0.763363
0.78159
0.798745
0.814773
0.829734
0.843915
0.857415
0.868604
0.88322
0.888388
0.907263
0.547714
0.570718
0.592624
0.613358
0.632845
0.651343
0.669093
0.685884
0.701666
0.716601
0.730724
0.743965
0.755051
0.769549
0.774731
0.79353
0.436182
0.456532
0.476093
0.494758
0.512628
0.529822
0.546376
0.56214
0.577035
0.591097
0.604499
0.617595
0.62839
0.642628
0.648513
0.66716
0.319781
0.338034
0.35533
0.371582
0.387064
0.402053
0.41671
0.430925
0.444605
0.457772
0.470284
0.482278
0.493567
0.505962
0.512386
0.530594
0.196389
0.208997
0.221131
0.232121
0.242335
0.252525
0.262983
0.273587
0.28428
0.294893
0.305296
0.315581
0.325789
0.338032
0.342579
0.362126
0.0710798
0.0757674
0.0806352
0.0864821
0.0936225
0.101512
0.109922
0.11892
0.128359
0.138054
0.147924
0.157842
0.167434
0.17687
0.196327
0.177432
)
;

boundaryField
{
    frontAndBack
    {
        type            empty;
    }
    inlet
    {
        type            zeroGradient;
    }
    outlet
    {
        type            fixedValue;
        value           uniform 0;
    }
    walls
    {
        type            zeroGradient;
    }
}


// ************************************************************************* //
