/*--------------------------------*- C++ -*----------------------------------*\
| =========                 |                                                 |
| \\      /  F ield         | OpenFOAM: The Open Source CFD Toolbox           |
|  \\    /   O peration     | Version:  v2012                                 |
|   \\  /    A nd           | Website:  www.openfoam.com                      |
|    \\/     M anipulation  |                                                 |
\*---------------------------------------------------------------------------*/
FoamFile
{
    version     2.0;
    format      ascii;
    class       Cloud<basicKinematicParcel>;
    location    "0.062/lagrangian/kinematicCloud";
    object      positions;
}
// * * * * * * * * * * * * * * * * * * * * * * * * * * * * * * * * * * * * * //

54
(
(0.84365 0.00482635 0.03) 356
(0.85323 0.0160317 0.03) 856
(0.837725 0.023587 0.03) 1155
(0.818257 0.00992907 0.03) 654
(0.800584 0.0302533 0.03) 1353
(0.785407 0.024072 0.03) 1152
(0.602372 0.000780702 0.03) 40
(0.740939 0.0342343 0.03) 1549
(0.72524 0.033941 0.03) 1548
(0.716768 0.013132 0.03) 747
(0.713719 0.0166802 0.03) 847
(0.696028 0.00797718 0.03) 546
(0.612164 0.0382819 0.03) 1840
(0.596426 0.00160985 0.03) 139
(0.601421 0.0377518 0.03) 1840
(0.627737 0.0188425 0.03) 941
(0.602598 0.00453436 0.03) 340
(0.570031 0.0371334 0.03) 1738
(0.577393 0.00850371 0.03) 538
(0.573583 0.0341516 0.03) 1538
(0.560107 0.028586 0.03) 1337
(0.53081 0.0364608 0.03) 1735
(0.52643 0.0293603 0.03) 1335
(0.508019 0.00665835 0.03) 433
(0.506292 0.0149636 0.03) 833
(0.491083 0.0287495 0.03) 1332
(0.472681 0.00517764 0.03) 331
(0.474554 0.0318631 0.03) 1431
(0.439757 0.00212928 0.03) 129
(0.457777 0.0327203 0.03) 1530
(0.284731 0.0001029 0.03) 18
(0.419245 0.00325868 0.03) 227
(0.368305 0.0389036 0.03) 1924
(0.393541 0.0217559 0.03) 1026
(0.392229 0.00943805 0.03) 526
(0.380428 0.0277998 0.03) 1225
(0.364778 0.0123601 0.03) 724
(0.35238 0.0148062 0.03) 823
(0.337131 0.0280126 0.03) 1222
(0.299056 0.00106649 0.03) 19
(0.311008 0.0111459 0.03) 620
(0.295703 0.0270046 0.03) 1219
(0.281376 0.00904224 0.03) 518
(0.269568 0.00763993 0.03) 517
(0.255411 0.0117964 0.03) 717
(0.241972 0.0255047 0.03) 1116
(0.228032 0.0329449 0.03) 1515
(0.215488 0.0185168 0.03) 914
(0.201535 0.0144434 0.03) 813
(0.188971 0.0306141 0.03) 1412
(0.17577 0.00411777 0.03) 311
(0.164034 0.0140092 0.03) 710
(0.151736 0.034569 0.03) 1610
(0.138003 0.00226982 0.03) 109
)


// ************************************************************************* //
