/*--------------------------------*- C++ -*----------------------------------*\
| =========                 |                                                 |
| \\      /  F ield         | OpenFOAM: The Open Source CFD Toolbox           |
|  \\    /   O peration     | Version:  v2012                                 |
|   \\  /    A nd           | Website:  www.openfoam.com                      |
|    \\/     M anipulation  |                                                 |
\*---------------------------------------------------------------------------*/
FoamFile
{
    version     2.0;
    format      ascii;
    class       volScalarField;
    location    "0.34";
    object      p;
}
// * * * * * * * * * * * * * * * * * * * * * * * * * * * * * * * * * * * * * //

dimensions      [0 2 -2 0 0 0 0];


internalField   nonuniform List<scalar> 
1900
(
-299.622
-300.722
-301.622
-302.283
-302.96
-303.727
-304.532
-305.361
-305.973
-306.577
-300.077
-300.876
-301.704
-302.379
-303.06
-303.821
-304.631
-305.469
-306.23
-307.05
-300.363
-300.928
-301.695
-302.409
-303.106
-303.867
-304.693
-305.576
-306.47
-307.715
-300.547
-300.991
-301.726
-302.468
-303.178
-303.94
-304.784
-305.709
-306.721
-308.095
-300.645
-301.039
-301.753
-302.505
-303.22
-303.986
-304.847
-305.807
-306.888
-308.277
-300.662
-301.06
-301.78
-302.535
-303.253
-304.027
-304.904
-305.889
-307.003
-308.371
-300.596
-301.056
-301.806
-302.557
-303.276
-304.06
-304.951
-305.951
-307.078
-308.402
-300.445
-301.036
-301.83
-302.556
-303.269
-304.065
-304.969
-305.979
-307.109
-308.391
-300.188
-301.029
-301.891
-302.579
-303.276
-304.077
-304.985
-305.995
-307.118
-308.36
-299.754
-300.929
-301.881
-302.561
-303.259
-304.073
-304.992
-306.009
-307.135
-308.357
-305.919
-318.279
-337.562
-339.208
-320.079
-286.053
-243.018
-198.245
-157.326
-122.521
-94.1742
-71.7769
-54.3088
-40.7287
-30.1669
-21.8678
-15.2344
-9.85781
-5.48298
-1.89916
1.09376
3.63827
5.80807
7.64544
9.21181
10.5695
11.7517
12.7851
13.6775
14.448
15.117
15.6986
16.2043
16.6363
16.9972
17.299
17.5508
17.7581
17.9253
18.0545
18.1484
18.2095
18.2402
18.2449
18.2262
18.1842
18.1192
18.0331
17.929
17.8093
17.6742
17.5231
17.3568
17.1766
16.9833
16.7788
16.5641
16.3387
16.1024
15.8559
15.5995
15.3344
15.0613
14.7799
14.49
14.1915
13.8852
13.5713
13.2501
12.9218
12.5865
12.2443
11.895
11.539
11.1762
10.8072
10.4317
10.05
9.66203
9.26803
8.86791
8.4621
8.0504
7.63316
7.21014
6.78159
6.34747
5.908
5.46326
5.0134
4.55853
4.09881
3.63412
3.16497
2.69013
2.21243
1.72483
1.24263
0.733533
0.279206
-309.337
-321.605
-333.412
-332.126
-313.079
-280.334
-239.749
-197.44
-158.326
-124.583
-96.6664
-74.2596
-56.5701
-42.6735
-31.7757
-23.1538
-16.2388
-10.6401
-6.09235
-2.36825
0.728876
3.34431
5.56833
7.45416
9.0597
10.4478
11.6509
12.6976
13.5994
14.3773
15.0503
15.6335
16.1369
16.5657
16.9289
17.2349
17.4907
17.702
17.873
18.0056
18.1028
18.1668
18.1989
18.2049
18.1872
18.1456
18.0809
17.9953
17.8924
17.774
17.6397
17.4889
17.3229
17.143
16.9502
16.7461
16.532
16.3072
16.0712
15.8248
15.5687
15.3039
15.0312
14.75
14.4602
14.1619
13.8558
13.5421
13.2211
12.8929
12.5578
12.2156
11.8664
11.5104
11.1478
10.7787
10.4033
10.0215
9.63358
9.23952
8.83939
8.43353
8.02179
7.60447
7.18141
6.75282
6.3187
5.87924
5.43455
4.98479
4.53007
4.07057
3.60636
3.13767
2.66449
2.18741
1.70544
1.22185
0.729546
0.251889
-310.271
-317.92
-326.263
-324.072
-306.102
-275.372
-237.268
-197.132
-159.472
-126.582
-99.0047
-76.5796
-58.684
-44.5139
-33.3269
-24.4332
-17.2877
-11.5097
-6.81845
-2.9701
0.239841
2.94831
5.238
7.17874
8.84154
10.2792
11.5168
12.5857
13.5077
14.3037
14.988
15.5774
16.084
16.5145
16.8814
17.1902
17.4474
17.6599
17.8317
17.9649
18.0617
18.1232
18.1538
18.1606
18.1443
18.1038
18.0401
17.9558
17.8545
17.7383
17.606
17.4564
17.2914
17.1121
16.9198
16.716
16.5016
16.2765
16.0405
15.7942
15.5381
15.2736
15.0014
14.7205
14.4309
14.133
13.8272
13.5137
13.193
12.8648
12.5299
12.1877
11.8386
11.4826
11.12
10.7509
10.3755
9.99373
9.60572
9.2116
8.81142
8.40546
7.99367
7.57625
7.15313
6.72447
6.29034
5.85088
5.40624
4.95654
4.50198
4.04268
3.57897
3.11074
2.63925
2.16289
1.68652
1.20185
0.727112
0.223764
-310.492
-316.294
-321.939
-318.557
-301.089
-271.666
-235.201
-196.613
-160.107
-127.973
-100.756
-78.3835
-60.3617
-45.9937
-34.5818
-25.4677
-18.1321
-12.2035
-7.3885
-3.43325
-0.13731
2.632
4.96341
6.93497
8.62321
10.0829
11.3369
12.4149
13.3485
14.1593
14.86
15.4641
15.984
16.4282
16.8096
17.1322
17.4
17.6199
17.7969
17.9333
18.0314
18.0924
18.1231
18.1312
18.1157
18.0751
18.011
17.9264
17.8243
17.7067
17.5733
17.4238
17.2595
17.0805
16.8886
16.6853
16.471
16.2458
16.0102
15.7643
15.509
15.2448
14.972
14.6907
14.4012
14.1036
13.7981
13.4848
13.1643
12.8364
12.5015
12.1594
11.8103
11.4544
11.0918
10.7227
10.3472
9.96537
9.57724
9.18304
8.78277
8.3767
7.96479
7.54724
7.12406
6.69533
6.26121
5.82175
5.37718
4.92754
4.47318
4.01409
3.55088
3.08314
2.61335
2.13774
1.66708
1.18108
0.723989
0.195999
-310.518
-314.805
-318.111
-313.455
-296.275
-267.995
-233.032
-195.926
-160.557
-129.155
-102.292
-79.9829
-61.8619
-47.3261
-35.7179
-26.411
-18.9077
-12.8442
-7.91863
-3.86417
-0.486415
2.33905
4.71055
6.71851
8.43987
9.92642
11.2005
12.2918
13.2353
14.0562
14.7673
15.3785
15.9018
16.3465
16.7266
17.051
17.3215
17.5426
17.7215
17.8613
17.9635
18.0307
18.0691
18.0831
18.0722
18.0361
17.9768
17.8966
17.7973
17.6803
17.5471
17.3985
17.2352
17.0569
16.8652
16.662
16.4478
16.2226
15.9866
15.7404
15.4848
15.2201
14.946
14.6636
14.3736
14.0755
13.7697
13.4559
13.135
12.8066
12.4715
12.1289
11.7795
11.4235
11.0607
10.6916
10.316
9.93399
9.54577
9.15157
8.75145
8.34549
7.93365
7.51609
7.09296
6.66427
6.23026
5.79086
5.34646
4.89695
4.44285
3.98403
3.52135
3.05418
2.58601
2.11131
1.64589
1.15931
0.718401
0.171097
-310.4
-313.509
-315.041
-309.398
-292.508
-265.228
-231.493
-195.55
-161.045
-130.177
-103.57
-81.2955
-63.0914
-48.4208
-36.6459
-27.1762
-19.5413
-13.3714
-8.3525
-4.21561
-0.774132
2.09376
4.49787
6.53862
8.28825
9.79195
11.0775
12.1786
13.1326
13.9629
14.681
15.2977
15.8245
16.2735
16.6583
16.9883
17.2647
17.4897
17.6686
17.808
17.9118
17.9822
18.0224
18.0356
18.0223
17.9842
17.9242
17.8443
17.7457
17.6297
17.4976
17.3502
17.1882
17.0119
16.8226
16.6216
16.4091
16.1854
15.9509
15.7059
15.4512
15.1871
14.9138
14.6321
14.3424
14.0442
13.7379
13.4238
13.1026
12.7737
12.4383
12.0953
11.7456
11.3893
11.0264
10.6572
10.2816
9.89953
9.51141
9.11729
8.71732
8.31141
7.89967
7.48218
7.05919
6.63063
6.1968
5.75757
5.31338
4.86408
4.41029
3.95183
3.4897
3.02317
2.55646
2.08288
1.62172
1.13606
0.70781
0.152307
-310.21
-312.445
-312.667
-306.232
-289.501
-262.955
-230.134
-195.078
-161.264
-130.842
-104.476
-82.2748
-64.038
-49.2782
-37.3848
-27.7948
-20.0634
-13.8144
-8.7146
-4.50648
-1.02169
1.87364
4.31011
6.3854
8.157
9.66768
10.9615
12.0771
13.0436
13.8815
14.6034
15.2225
15.7558
16.2116
16.5999
16.9323
17.21
17.4367
17.6183
17.7595
17.8645
17.9372
17.9795
17.9936
17.9809
17.9443
17.8862
17.8081
17.7107
17.595
17.4625
17.3144
17.1517
16.9749
16.7849
16.5826
16.3689
16.1441
15.9086
15.6628
15.4072
15.1426
14.8692
14.5874
14.2975
13.9993
13.6933
13.3796
13.0589
12.7307
12.3958
12.0535
11.7044
11.3486
10.9864
10.6176
10.2427
9.86095
9.47336
9.0796
8.67997
8.27434
7.86298
7.44586
7.02321
6.59503
6.16155
5.72268
5.27881
4.82987
4.37644
3.9184
3.45681
2.99098
2.52542
2.05315
1.59468
1.11176
0.690365
0.143276
-310.014
-311.622
-310.914
-303.872
-287.218
-261.198
-229.052
-194.665
-161.386
-131.321
-105.163
-83.0417
-64.7989
-49.9689
-37.9816
-28.314
-20.5134
-14.1855
-9.01185
-4.7584
-1.24422
1.68728
4.16145
6.25805
8.03643
9.55627
10.8668
11.9983
12.971
13.8079
14.5324
15.1595
15.7
16.159
16.5469
16.8783
17.1587
17.3896
17.5736
17.7148
17.8193
17.8927
17.9368
17.9522
17.9398
17.903
17.8447
17.7666
17.669
17.5531
17.4204
17.2723
17.1095
16.9329
16.7428
16.5403
16.3264
16.1017
15.8662
15.6203
15.3645
15.0994
14.8256
14.5434
14.253
13.9544
13.6479
13.3338
13.0125
12.684
12.3488
12.0062
11.6569
11.3009
10.9387
10.5699
10.1949
9.81341
9.42601
9.03257
8.6333
8.22819
7.81739
7.40092
6.97887
6.55138
6.11855
5.68037
5.23712
4.78881
4.33594
3.87847
3.41752
2.95241
2.48774
2.01695
1.55962
1.08117
0.660167
0.138639
-309.856
-311.036
-309.717
-302.257
-285.628
-259.948
-228.241
-194.297
-161.366
-131.532
-105.53
-83.4773
-65.2241
-50.3523
-38.3245
-28.6157
-20.7659
-14.3941
-9.1911
-4.91668
-1.37802
1.57824
4.06597
6.16836
7.95291
9.48041
10.7974
11.9326
12.9071
13.7462
14.4739
15.1047
15.6473
16.1076
16.4966
16.8295
17.1121
17.3447
17.5296
17.6713
17.7767
17.8515
17.897
17.9132
17.9013
17.8649
17.8074
17.7303
17.6336
17.5184
17.3863
17.2388
17.0765
16.9004
16.7108
16.5085
16.2949
16.0705
15.8353
15.5896
15.334
15.0691
14.7958
14.5141
14.2243
13.9262
13.6203
13.3069
12.9863
12.6586
12.3245
11.9825
11.6336
11.2781
10.9164
10.5482
10.1737
9.79264
9.40551
9.01229
8.61314
8.20797
7.79714
7.38059
6.95851
6.53094
6.0981
5.65987
5.21661
4.76827
4.31542
3.85805
3.39724
2.93225
2.46758
1.99756
1.5398
1.06572
0.639696
0.148962
-309.799
-310.776
-309.167
-301.515
-284.923
-259.447
-228.001
-194.311
-161.573
-131.867
-105.939
-83.9001
-65.6288
-50.7264
-38.6593
-28.9081
-21.0218
-14.6227
-9.3966
-5.09878
-1.53743
1.43989
3.9399
6.05361
7.84774
9.38012
10.7001
11.8394
12.8187
13.6605
14.3896
15.0218
15.5668
16.0296
16.4206
16.7544
17.038
17.272
17.4583
17.6012
17.7076
17.7832
17.8296
17.8467
17.8355
17.7999
17.7432
17.6666
17.5705
17.4558
17.3242
17.1771
17.0154
16.8398
16.6507
16.4489
16.2357
16.0117
15.7771
15.5319
15.2766
15.0122
14.7392
14.4578
14.1682
13.8703
13.5645
13.2511
12.9307
12.6029
12.2685
11.9275
11.579
11.2236
10.862
10.4939
10.1196
9.73885
9.35191
8.95895
8.56015
8.15558
7.74501
7.32869
6.90679
6.47935
6.0466
5.60843
5.16522
4.71687
4.2641
3.80675
3.34616
2.88157
2.41693
1.9479
1.48892
1.02009
0.591355
0.112922
-314.073
-315.342
-316.519
-316.763
-316.246
-314.976
-313.67
-313.762
-333.208
-334.724
-335.67
-336.006
-335.684
-334.97
-334.106
-333.757
-348.321
-351.157
-352.673
-353.239
-353.129
-352.819
-352.512
-352.172
-346.898
-350.262
-352.116
-352.862
-352.689
-352.174
-351.695
-351.057
-325.751
-328.651
-330.387
-330.946
-330.605
-329.869
-329.084
-328.157
-289.994
-292.05
-293.342
-293.795
-293.469
-292.521
-291.108
-289.508
-244.963
-246.036
-246.886
-247.287
-247.029
-246.001
-244.216
-242.158
-198.427
-198.458
-198.713
-198.927
-198.649
-197.568
-195.617
-193.373
-156.297
-155.601
-155.338
-155.242
-154.839
-153.723
-151.767
-149.561
-120.781
-119.66
-119.114
-118.843
-118.353
-117.25
-115.402
-113.359
-92.2128
-90.9866
-90.3401
-89.9468
-89.3864
-88.343
-86.6697
-84.8441
-69.8986
-68.7444
-68.1054
-67.6395
-67.0378
-66.0776
-64.6033
-63.0195
-52.6516
-51.6408
-51.052
-50.5858
-50.0045
-49.1395
-47.8603
-46.4979
-39.3526
-38.5174
-38.0158
-37.5871
-37.0534
-36.2939
-35.2052
-34.0513
-29.0672
-28.3879
-27.945
-27.5475
-27.0736
-26.4193
-25.4992
-24.5234
-21.0224
-20.4813
-20.076
-19.6948
-19.2771
-18.7175
-17.9388
-17.0967
-14.5999
-14.1736
-13.8209
-13.4771
-13.1114
-12.6309
-11.9691
-11.2114
-9.38458
-9.05199
-8.75877
-8.4641
-8.14675
-7.73402
-7.17144
-6.49272
-5.12588
-4.86345
-4.61891
-4.36662
-4.09065
-3.73327
-3.25132
-2.66328
-1.62418
-1.4121
-1.20433
-0.987174
-0.745782
-0.432841
-0.0138288
0.496323
1.31575
1.49101
1.66959
1.85312
2.06232
2.337
2.70447
3.15096
3.82528
3.97051
4.1241
4.27987
4.46155
4.70334
5.02755
5.42156
5.96621
6.08701
6.21926
6.35591
6.51802
6.73419
7.02306
7.37378
7.78203
7.88775
8.00487
8.12797
8.27531
8.47097
8.73062
9.04527
9.332
9.42654
9.53217
9.64437
9.77952
9.95816
10.1934
10.4779
10.6808
10.7685
10.8598
10.96
11.0835
11.2471
11.4615
11.7206
11.859
11.9448
12.0266
12.1165
12.229
12.3786
12.5743
12.8113
12.8822
12.9613
13.0371
13.1212
13.2263
13.365
13.545
13.763
13.765
13.8378
13.9086
13.9879
14.0868
14.2162
14.3826
14.5839
14.5263
14.5932
14.6593
14.7341
14.8273
14.9484
15.1029
15.2898
15.1875
15.2489
15.3102
15.3804
15.4684
15.5822
15.7261
15.9003
15.7618
15.818
15.8757
15.9424
16.0259
16.1331
16.2676
16.4306
16.263
16.3138
16.3676
16.4307
16.5099
16.611
16.7368
16.8896
16.6923
16.7392
16.7897
16.8495
16.9247
17.0202
17.1382
17.2819
17.0507
17.0956
17.1443
17.2019
17.2739
17.3647
17.4759
17.6114
17.3499
17.3931
17.4401
17.4957
17.5648
17.6515
17.7565
17.8848
17.5992
17.6405
17.6857
17.7392
17.8057
17.8885
17.988
18.1098
17.8042
17.8439
17.8876
17.9392
18.0033
18.0825
18.1769
18.2928
17.9695
18.0079
18.0502
18.1001
18.1619
18.2379
18.3275
18.4379
18.0971
18.1344
18.1755
18.224
18.2837
18.3566
18.442
18.5474
18.1893
18.2255
18.2655
18.3126
18.3704
18.4405
18.5219
18.6228
18.2487
18.2837
18.3226
18.3684
18.4245
18.4921
18.5699
18.6667
18.278
18.3121
18.35
18.3947
18.4492
18.5145
18.589
18.6821
18.2815
18.3146
18.3515
18.3951
18.4481
18.5113
18.5828
18.6725
18.2618
18.294
18.3301
18.3726
18.4242
18.4853
18.5539
18.6404
18.2191
18.2508
18.2862
18.3278
18.3781
18.4374
18.5033
18.5868
18.1537
18.185
18.2199
18.2607
18.3099
18.3674
18.4309
18.5117
18.0672
18.098
18.1323
18.1725
18.2206
18.2766
18.3378
18.4161
17.9622
17.9924
18.0262
18.0657
18.1127
18.1673
18.2264
18.3024
17.8416
17.8712
17.9043
17.943
17.989
18.0421
18.0993
18.1731
17.7059
17.735
17.7675
17.8055
17.8506
17.9023
17.9576
18.0294
17.5546
17.5834
17.6157
17.6531
17.6973
17.7477
17.8012
17.8712
17.3881
17.4167
17.4486
17.4855
17.5289
17.5782
17.6301
17.6984
17.2075
17.2358
17.2673
17.3038
17.3465
17.3947
17.445
17.5117
17.0139
17.0419
17.0731
17.109
17.151
17.1983
17.2472
17.3124
16.809
16.8367
16.8675
16.903
16.9443
16.9905
17.0381
17.1018
16.5937
16.621
16.6514
16.6864
16.727
16.7723
16.8186
16.881
16.368
16.395
16.4251
16.4596
16.4996
16.5439
16.589
16.6502
16.1316
16.1584
16.1882
16.2224
16.2617
16.3053
16.3492
16.4092
15.8848
15.9115
15.9411
15.9749
16.0137
16.0564
16.0992
16.1581
15.6283
15.6547
15.684
15.7174
15.7557
15.7978
15.8396
15.8974
15.3629
15.3891
15.4181
15.4512
15.4889
15.5302
15.571
15.6279
15.0894
15.1153
15.144
15.1766
15.2139
15.2545
15.2944
15.3504
14.8078
14.8334
14.8619
14.8941
14.9308
14.9708
15.0097
15.0649
14.5176
14.5431
14.5714
14.6033
14.6396
14.6789
14.717
14.7714
14.2192
14.2446
14.2726
14.3043
14.3401
14.3788
14.4162
14.4697
13.9127
13.9379
13.9658
13.9971
14.0326
14.0707
14.1074
14.1602
13.5987
13.6238
13.6514
13.6825
13.7175
13.7551
13.791
13.8432
13.2773
13.3022
13.3297
13.3605
13.3951
13.4323
13.4675
13.519
12.9489
12.9737
13.0009
13.0315
13.0658
13.1024
13.137
13.1879
12.6134
12.6381
12.6652
12.6955
12.7295
12.7657
12.7996
12.85
12.2711
12.2956
12.3226
12.3527
12.3863
12.422
12.4554
12.5053
11.9217
11.9462
11.973
12.0029
12.0362
12.0716
12.1044
12.1538
11.5656
11.59
11.6167
11.6464
11.6794
11.7143
11.7466
11.7955
11.2028
11.2271
11.2537
11.2833
11.316
11.3506
11.3824
11.4309
10.8337
10.8579
10.8844
10.9137
10.9462
10.9804
11.0117
11.0597
10.4582
10.4824
10.5088
10.5379
10.5701
10.604
10.6349
10.6825
10.0765
10.1006
10.1269
10.1559
10.1878
10.2214
10.2517
10.299
9.68851
9.71263
9.73885
9.7677
9.7994
9.83266
9.86264
9.90952
9.2945
9.31857
9.34468
9.37337
9.4048
9.43773
9.46727
9.51377
8.89438
8.91844
8.9445
8.97306
9.0043
9.03696
9.06614
9.11232
8.48858
8.51259
8.53856
8.56696
8.59796
8.6303
8.65907
8.70491
8.0769
8.1009
8.12682
8.15512
8.18594
8.21806
8.24651
8.29208
7.65968
7.68367
7.70952
7.73769
7.76829
7.80015
7.82831
7.87365
7.23669
7.26067
7.28648
7.31456
7.345
7.37666
7.4049
7.45069
6.80813
6.83209
6.85783
6.88577
6.91599
6.94733
6.97539
7.02129
6.37399
6.3979
6.42356
6.45137
6.48142
6.51252
6.54029
6.58595
5.93447
5.95832
5.98388
6.01156
6.04142
6.07229
6.09978
6.14519
5.48966
5.51342
5.53887
5.56637
5.596
5.62662
5.65379
5.69887
5.03971
5.06338
5.0887
5.11605
5.1455
5.17592
5.20284
5.24771
4.58467
4.60817
4.6333
4.6604
4.68954
4.71963
4.74616
4.79061
4.12477
4.14811
4.17306
4.19998
4.22891
4.2588
4.28514
4.3295
3.65964
3.68261
3.70719
3.73373
3.76226
3.79177
3.81769
3.86164
3.19011
3.21276
3.23701
3.26318
3.29134
3.3205
3.34609
3.3898
2.71389
2.73545
2.75875
2.78412
2.81161
2.8403
2.86559
2.90918
2.23572
2.25685
2.27965
2.30442
2.33124
2.35924
2.3839
2.42681
1.74347
1.76111
1.78103
1.80359
1.8289
1.85614
1.88071
1.92464
1.26279
1.28123
1.3012
1.32309
1.34703
1.37227
1.39484
1.43516
0.739323
0.746894
0.757985
0.773179
0.792876
0.815957
0.834903
0.883322
0.302162
0.320219
0.336606
0.351739
0.36666
0.383731
0.400923
0.376904
)
;

boundaryField
{
    frontAndBack
    {
        type            empty;
    }
    inlet
    {
        type            zeroGradient;
    }
    outlet
    {
        type            fixedValue;
        value           uniform 0;
    }
    walls
    {
        type            zeroGradient;
    }
}


// ************************************************************************* //
