/*--------------------------------*- C++ -*----------------------------------*\
| =========                 |                                                 |
| \\      /  F ield         | OpenFOAM: The Open Source CFD Toolbox           |
|  \\    /   O peration     | Version:  v2012                                 |
|   \\  /    A nd           | Website:  www.openfoam.com                      |
|    \\/     M anipulation  |                                                 |
\*---------------------------------------------------------------------------*/
FoamFile
{
    version     2.0;
    format      ascii;
    class       volScalarField;
    location    "0.09";
    object      p;
}
// * * * * * * * * * * * * * * * * * * * * * * * * * * * * * * * * * * * * * //

dimensions      [0 2 -2 0 0 0 0];


internalField   nonuniform List<scalar> 
5600
(
-13.5402
-14.5061
-15.4594
-16.4504
-17.5083
-18.6097
-19.7145
-20.7839
-21.8008
-22.7637
-23.6758
-24.5351
-25.3392
-26.0932
-26.8118
-27.4979
-28.1641
-28.8149
-29.4524
-30.0942
-30.7254
-31.3592
-31.9903
-32.6159
-33.2418
-33.8555
-34.476
-35.0852
-35.698
-36.3089
-36.9135
-37.5249
-38.1261
-38.7402
-39.3462
-39.9508
-40.5558
-41.1563
-41.7618
-42.3547
-42.9595
-43.5513
-44.1512
-44.7465
-45.3347
-45.9288
-46.5109
-47.1046
-47.6849
-48.2716
-48.8548
-49.4338
-50.018
-50.5915
-51.1731
-51.7451
-52.32
-52.8926
-53.4606
-54.0312
-54.5948
-55.1655
-55.7313
-56.2973
-56.8609
-57.4214
-57.9811
-58.5391
-59.095
-59.6545
-60.2088
-60.7648
-61.3171
-61.8676
-62.4181
-62.9649
-63.5161
-64.0606
-64.6085
-65.1567
-65.7022
-66.2517
-66.7928
-67.3381
-67.8806
-68.4211
-68.9651
-69.5027
-70.0425
-70.5842
-71.1207
-71.6629
-72.1981
-72.7345
-73.2775
-73.8114
-74.363
-74.9289
-75.4962
-76.3745
-13.6388
-14.5299
-15.4772
-16.4634
-17.5184
-18.6189
-19.7237
-20.7924
-21.8102
-22.774
-23.685
-24.5439
-25.3477
-26.1025
-26.822
-27.5096
-28.1773
-28.8297
-29.4683
-30.1107
-30.743
-31.3772
-32.0091
-32.6348
-33.2613
-33.8748
-34.4958
-35.105
-35.7181
-36.3292
-36.9339
-37.5456
-38.1469
-38.7613
-39.3676
-39.972
-40.5776
-41.1776
-41.7837
-42.3764
-42.9814
-43.5733
-44.1731
-44.7688
-45.3566
-45.9511
-46.5329
-47.1269
-47.7071
-48.2936
-48.8774
-49.4558
-50.0406
-50.6137
-51.1955
-51.7675
-52.3421
-52.9153
-53.4827
-54.0537
-54.6171
-55.1878
-55.7537
-56.3195
-56.8833
-57.4436
-58.0034
-58.5613
-59.1171
-59.6768
-60.231
-60.787
-61.3394
-61.8895
-62.4405
-62.987
-63.5384
-64.0829
-64.6305
-65.1793
-65.7241
-66.274
-66.8153
-67.3599
-67.9031
-68.4432
-68.9872
-69.5254
-70.0641
-70.607
-71.1426
-71.6851
-72.2202
-72.7577
-73.2972
-73.8382
-74.3776
-74.9599
-75.5066
-76.3723
-13.7204
-14.5509
-15.5053
-16.4916
-17.541
-18.6353
-19.7354
-20.801
-21.8146
-22.7775
-23.6867
-24.5447
-25.3479
-26.1032
-26.8223
-27.5107
-28.1789
-28.8311
-29.4704
-30.113
-30.7459
-31.3805
-32.0121
-32.6387
-33.2653
-33.8801
-34.5012
-35.111
-35.7244
-36.336
-36.941
-37.5529
-38.1541
-38.7685
-39.3749
-39.9791
-40.585
-41.1849
-41.791
-42.3836
-42.9886
-43.5808
-44.1802
-44.7763
-45.3636
-45.9584
-46.5401
-47.1341
-47.7145
-48.3007
-48.8851
-49.4629
-50.048
-50.6209
-51.2026
-51.7749
-52.3494
-52.9228
-53.4902
-54.0614
-54.6249
-55.1956
-55.7615
-56.3274
-56.8915
-57.4519
-58.0119
-58.57
-59.1258
-59.6855
-60.2398
-60.7957
-61.3486
-61.8984
-62.4498
-62.9961
-63.5475
-64.0923
-64.6395
-65.1886
-65.7333
-66.2832
-66.8249
-67.3689
-67.9128
-68.4525
-68.9965
-69.5351
-70.0733
-70.6164
-71.1525
-71.6941
-72.2301
-72.767
-73.3065
-73.8479
-74.3871
-74.9706
-75.5204
-76.3435
-13.8116
-14.581
-15.5337
-16.5185
-17.5607
-18.6493
-19.747
-20.8125
-21.8237
-22.7879
-23.6979
-24.5572
-25.3617
-26.1183
-26.8389
-27.5268
-28.1961
-28.848
-29.4877
-30.1284
-30.7609
-31.3938
-32.0237
-32.6501
-33.2753
-33.8911
-34.5111
-35.1216
-35.7357
-36.3481
-36.9541
-37.5663
-38.1684
-38.7828
-39.3899
-39.994
-40.6
-41.2
-41.8062
-42.3991
-43.0038
-43.5968
-44.1956
-44.7924
-45.3796
-45.9748
-46.5568
-47.1506
-47.7316
-48.3174
-48.9024
-49.4799
-50.0654
-50.6385
-51.2202
-51.7931
-52.3669
-52.9409
-53.5079
-54.0791
-54.6426
-55.2132
-55.7795
-56.3449
-56.9092
-57.469
-58.0288
-58.5871
-59.1426
-59.7026
-60.2567
-60.8124
-61.3657
-61.9147
-62.4667
-63.0128
-63.5641
-64.1094
-64.6559
-65.2056
-65.7501
-66.2994
-66.8423
-67.3849
-67.9298
-68.4695
-69.0129
-69.5521
-70.09
-70.6327
-71.17
-71.7097
-72.2478
-72.7833
-73.3231
-73.864
-74.4044
-74.9831
-75.5394
-76.3015
-13.9039
-14.6119
-15.5594
-16.5458
-17.5821
-18.6656
-19.7611
-20.8249
-21.8353
-22.7996
-23.7094
-24.5685
-25.3733
-26.1304
-26.8523
-27.5396
-28.2102
-28.8627
-29.5039
-30.1441
-30.7779
-31.411
-32.0408
-32.6683
-33.2921
-33.9091
-34.5269
-35.138
-35.7511
-36.3624
-36.9689
-37.5788
-38.1819
-38.7949
-39.4021
-40.0068
-40.6128
-41.2137
-41.8193
-42.4137
-43.0174
-43.6116
-44.2099
-44.807
-45.3945
-45.9894
-46.5723
-47.1653
-47.7474
-48.332
-48.9179
-49.4948
-50.0804
-50.6539
-51.2346
-51.8084
-52.3812
-52.9559
-53.5227
-54.0937
-54.6578
-55.228
-55.795
-56.3597
-56.9244
-57.4847
-58.0445
-58.6031
-59.1586
-59.7186
-60.2729
-60.8283
-61.3821
-61.9308
-62.4832
-63.0294
-63.5803
-64.1264
-64.6722
-65.2223
-65.7669
-66.3155
-66.8597
-67.4013
-67.9467
-68.4867
-69.0292
-69.5692
-70.107
-70.6491
-71.1876
-71.7261
-72.2649
-72.8005
-73.3393
-73.8808
-74.4208
-74.9951
-75.5508
-76.2699
-13.9948
-14.6448
-15.5856
-16.5757
-17.6063
-18.6844
-19.7771
-20.839
-21.849
-22.8127
-23.7226
-24.5816
-25.3873
-26.1453
-26.868
-27.5566
-28.2279
-28.8811
-29.5233
-30.163
-30.7973
-31.4301
-32.0597
-32.6878
-33.3101
-33.9285
-34.5452
-35.1575
-35.7706
-36.3812
-36.9895
-37.5971
-38.2027
-38.8133
-39.421
-40.0256
-40.6303
-41.2325
-41.8351
-42.4323
-43.0325
-43.6277
-44.2257
-44.8219
-45.4107
-46.004
-46.5892
-47.1805
-47.7644
-48.348
-48.9345
-49.5119
-50.0968
-50.672
-51.251
-51.8263
-52.3984
-52.9733
-53.5404
-54.1107
-54.6758
-55.2453
-55.8133
-56.3772
-56.9421
-57.5026
-58.0618
-58.6208
-59.1761
-59.736
-60.291
-60.8456
-61.4
-61.9484
-62.5008
-63.0478
-63.5977
-64.1449
-64.69
-65.2402
-65.7855
-66.3329
-66.8785
-67.4192
-67.9646
-68.5057
-69.0468
-69.5877
-70.1257
-70.6667
-71.2066
-71.7443
-72.2828
-72.8197
-73.3566
-73.8988
-74.4387
-75.0071
-75.5617
-76.2419
-14.0811
-14.6798
-15.6128
-16.607
-17.6324
-18.705
-19.795
-20.8556
-21.8654
-22.8283
-23.7384
-24.5973
-25.4037
-26.1628
-26.8857
-27.5758
-28.2471
-28.9009
-29.5437
-30.1832
-30.8179
-31.4507
-32.0802
-32.7082
-33.3305
-33.9494
-34.5657
-35.1787
-35.7915
-36.4016
-37.0111
-37.6175
-38.2248
-38.8336
-39.4421
-40.0469
-40.6507
-41.2549
-41.8544
-42.4556
-43.0525
-43.6494
-44.2465
-44.8405
-45.4328
-46.0234
-46.6127
-47.1997
-47.7848
-48.3676
-48.9524
-49.5324
-50.1143
-50.692
-51.2681
-51.8441
-52.4165
-52.9903
-53.5595
-54.1288
-54.6953
-55.2639
-55.8327
-56.3964
-56.9611
-57.5221
-58.081
-58.6401
-59.1959
-59.7551
-60.3111
-60.8647
-61.4195
-61.9678
-62.5197
-63.0682
-63.6164
-64.1648
-64.7095
-65.2593
-65.8062
-66.3517
-66.8985
-67.4392
-67.9837
-68.5264
-69.066
-69.6075
-70.1461
-70.6856
-71.2271
-71.7642
-72.3021
-72.8404
-73.3756
-73.9178
-74.4579
-75.0192
-75.5706
-76.2165
-14.159
-14.7164
-15.6412
-16.6393
-17.6602
-18.7279
-19.8157
-20.8752
-21.8848
-22.847
-23.7574
-24.6162
-25.4231
-26.183
-26.9061
-27.5975
-28.2688
-28.9232
-29.5667
-30.2061
-30.8412
-31.474
-32.1035
-32.7311
-33.3537
-33.9726
-34.5889
-35.2021
-35.8147
-36.4248
-37.0343
-37.6409
-38.2485
-38.8568
-39.4653
-40.0702
-40.6738
-41.2783
-41.8772
-42.4789
-43.0749
-43.6736
-44.2696
-44.8633
-45.4572
-46.0455
-46.6379
-47.2216
-47.8088
-48.3916
-48.9732
-49.5578
-50.1364
-50.7168
-51.2906
-51.8665
-52.44
-53.0109
-53.5824
-54.1509
-54.7193
-55.2869
-55.8545
-56.4182
-56.9814
-57.5425
-58.1017
-58.6607
-59.2182
-59.7756
-60.3327
-60.8854
-61.4399
-61.9894
-62.5401
-63.0908
-63.6374
-64.1867
-64.732
-65.2803
-65.8292
-66.373
-66.9203
-67.4619
-68.0049
-68.5491
-69.0878
-69.6293
-70.1689
-70.7071
-71.2495
-71.7866
-72.3237
-72.8626
-73.3969
-73.9385
-74.4778
-75.0331
-75.5774
-76.1915
-14.2249
-14.7532
-15.6708
-16.672
-17.6897
-18.7536
-19.8396
-20.8983
-21.9077
-22.8693
-23.78
-24.6387
-25.4459
-26.2065
-26.9298
-27.6222
-28.2934
-28.9484
-29.5925
-30.2318
-30.8671
-31.4998
-32.1293
-32.7566
-33.3795
-33.9982
-34.6145
-35.228
-35.8404
-36.4506
-37.0599
-37.667
-38.2745
-38.8827
-39.4909
-40.0961
-40.6997
-41.3039
-41.9034
-42.5043
-43.101
-43.6997
-44.2954
-44.8892
-45.4829
-46.0712
-46.6633
-47.2472
-47.8346
-48.4174
-48.9985
-49.5842
-50.1617
-50.7425
-51.3163
-51.8923
-52.4662
-53.0364
-53.6089
-54.1769
-54.7455
-55.3129
-55.8795
-56.4441
-57.0068
-57.568
-58.1279
-58.6858
-59.2452
-59.8005
-60.3578
-60.9104
-61.4636
-62.0155
-62.5641
-63.1163
-63.662
-64.2106
-64.7576
-65.3043
-65.8541
-66.3972
-66.9442
-67.4869
-68.028
-68.573
-69.1114
-69.6524
-70.1932
-70.7307
-71.2735
-71.8108
-72.3473
-72.8866
-73.4206
-73.9612
-74.499
-75.0484
-75.5829
-76.1621
-14.2741
-14.7877
-15.7017
-16.7047
-17.7204
-18.7821
-19.8672
-20.9255
-21.9348
-22.896
-23.8069
-24.6656
-25.4729
-26.234
-26.9572
-27.6502
-28.3215
-28.9766
-29.6211
-30.2603
-30.8958
-31.5286
-32.1581
-32.7851
-33.4082
-34.0269
-34.6432
-35.2569
-35.8691
-36.4794
-37.0885
-37.696
-38.3034
-38.9117
-39.5195
-40.1249
-40.7286
-41.3322
-41.9325
-42.5327
-43.1303
-43.7283
-44.3241
-44.918
-45.5113
-46.1005
-46.6913
-47.2766
-47.863
-48.4463
-49.0281
-49.6124
-50.1906
-50.7705
-51.3452
-51.921
-52.4947
-53.0655
-53.6375
-54.2055
-54.774
-55.3412
-55.9079
-56.4728
-57.0353
-57.5968
-58.1567
-58.7145
-59.274
-59.829
-60.3863
-60.9391
-61.4919
-62.0448
-62.5927
-63.1453
-63.6908
-64.2389
-64.7868
-65.3325
-65.8828
-66.4255
-66.9723
-67.5156
-68.0559
-68.6018
-69.1394
-69.6805
-70.2215
-70.7582
-71.3016
-71.8382
-72.3748
-72.9142
-73.4475
-73.9869
-74.5226
-75.0642
-75.5883
-76.1285
-14.299
-14.816
-15.7322
-16.735
-17.7505
-18.8124
-19.8976
-20.9559
-21.9655
-22.9265
-23.8374
-24.6961
-25.5033
-26.2645
-26.9874
-27.6807
-28.3518
-29.0069
-29.6515
-30.2906
-30.9262
-31.559
-32.1885
-32.8153
-33.4385
-34.0573
-34.6734
-35.2873
-35.8994
-36.5097
-37.1187
-37.7264
-38.3338
-38.9421
-39.5497
-40.1551
-40.7589
-41.3623
-41.9631
-42.5629
-43.1609
-43.7586
-44.3542
-44.9485
-45.5415
-46.1312
-46.7211
-47.3072
-47.8931
-48.4768
-49.059
-49.6419
-50.2213
-50.8002
-51.3757
-51.9514
-52.5248
-53.0963
-53.6676
-54.236
-54.8047
-55.3714
-55.9382
-56.5028
-57.0652
-57.6273
-58.1867
-58.7452
-59.3038
-59.8597
-60.4165
-60.9693
-61.5224
-62.0748
-62.6235
-63.1754
-63.7214
-64.2695
-64.8172
-65.363
-65.9126
-66.456
-67.0026
-67.5458
-68.0867
-68.6315
-69.1699
-69.711
-70.2515
-70.789
-71.3311
-71.8684
-72.4053
-72.9438
-73.4777
-74.0152
-74.5486
-75.0825
-75.5961
-76.101
-14.2969
-14.8355
-15.7593
-16.7599
-17.7769
-18.8415
-19.9279
-20.9867
-21.9966
-22.9577
-23.8687
-24.7272
-25.5341
-26.2951
-27.0174
-27.7106
-28.3813
-29.0361
-29.6808
-30.3196
-30.9554
-31.5881
-32.2177
-32.8443
-33.4676
-34.0864
-34.7024
-35.3164
-35.9284
-36.5387
-37.1476
-37.7554
-38.3628
-38.9712
-39.5786
-40.184
-40.788
-41.3911
-41.9923
-42.5919
-43.1901
-43.7877
-44.383
-44.9777
-45.5703
-46.1603
-46.7498
-47.3363
-47.922
-48.5058
-49.0884
-49.6704
-50.2505
-50.8288
-51.4047
-51.9806
-52.5537
-53.1258
-53.6966
-54.2653
-54.8338
-55.4004
-55.9673
-56.5318
-57.0944
-57.6563
-58.216
-58.7744
-59.3324
-59.8892
-60.4447
-60.9984
-61.551
-62.1036
-62.653
-63.2037
-63.7513
-64.2982
-64.8462
-65.3925
-65.941
-66.4859
-67.0312
-67.5753
-68.1167
-68.6605
-69.2005
-69.7406
-70.2814
-70.8198
-71.3604
-71.8987
-72.4353
-72.9734
-73.5081
-74.0438
-74.5753
-75.1029
-75.6073
-76.0851
-14.2731
-14.8479
-15.7822
-16.7792
-17.7991
-18.868
-19.9562
-21.0158
-22.0264
-22.9877
-23.8988
-24.7572
-25.5636
-26.324
-27.0455
-27.7385
-28.4085
-29.0628
-29.7074
-30.346
-30.9819
-31.6145
-32.2442
-32.8707
-33.494
-34.1129
-34.7287
-35.3428
-35.9547
-36.565
-37.1738
-37.7816
-38.3891
-38.9975
-39.6049
-40.2102
-40.8143
-41.4173
-42.0186
-42.6182
-43.2164
-43.8142
-44.4092
-45.0041
-45.5968
-46.1867
-46.7761
-47.3628
-47.9484
-48.5323
-49.115
-49.6965
-50.277
-50.8549
-51.4311
-52.0065
-52.58
-53.1518
-53.7229
-54.2919
-54.8598
-55.4269
-55.993
-56.558
-57.1207
-57.6824
-58.2428
-58.8007
-59.3594
-59.9161
-60.4714
-61.0259
-61.5778
-62.131
-62.6806
-63.2312
-63.7796
-64.3259
-64.8745
-65.4209
-65.9691
-66.5146
-67.0595
-67.6041
-68.1455
-68.689
-69.2295
-69.7693
-70.3102
-70.8484
-71.3884
-71.9266
-72.4633
-73.0012
-73.5356
-74.0704
-74.5999
-75.1227
-75.6199
-76.0776
-14.2327
-14.8561
-15.8014
-16.7939
-17.818
-18.8921
-19.9827
-21.0434
-22.0547
-23.0162
-23.9273
-24.7855
-25.5914
-26.3512
-27.0717
-27.7644
-28.4337
-29.0874
-29.7317
-30.37
-31.0061
-31.6386
-32.2682
-32.8947
-33.518
-34.1369
-34.7526
-35.3668
-35.9786
-36.5888
-37.1975
-37.8053
-38.413
-39.0213
-39.6288
-40.234
-40.8381
-41.4412
-42.0425
-42.6421
-43.2403
-43.8381
-44.433
-45.0273
-45.6208
-46.2103
-46.7998
-47.3864
-47.9718
-48.5562
-49.1383
-49.7205
-50.3004
-50.8789
-51.4555
-52.0305
-52.6048
-53.1758
-53.7479
-54.3169
-54.8849
-55.4526
-56.0182
-56.5841
-57.1466
-57.7086
-58.2693
-58.827
-59.386
-59.9423
-60.4978
-61.0518
-61.6038
-62.1568
-62.7063
-63.2568
-63.805
-64.3514
-64.8998
-65.4463
-65.9943
-66.5397
-67.0846
-67.6292
-68.1707
-68.714
-69.2545
-69.7943
-70.3349
-70.8736
-71.4134
-71.9516
-72.4885
-73.0261
-73.5605
-74.0947
-74.6225
-75.1418
-75.6334
-76.0765
-14.18
-14.8617
-15.8172
-16.805
-17.8342
-18.9141
-20.0075
-21.0694
-22.0815
-23.0432
-23.9545
-24.8124
-25.6175
-26.3766
-27.096
-27.7881
-28.4567
-29.1098
-29.7538
-30.3918
-31.028
-31.6604
-32.29
-32.9166
-33.5398
-34.1586
-34.774
-35.3883
-36.0003
-36.6102
-37.2192
-37.8265
-38.4346
-39.0426
-39.6502
-40.2553
-40.8592
-41.4627
-42.0633
-42.6636
-43.2615
-43.8595
-44.4549
-45.0487
-45.6432
-46.2322
-46.8224
-47.4092
-47.9949
-48.58
-49.1619
-49.7449
-50.3242
-50.9035
-51.48
-52.055
-52.6294
-53.1998
-53.7719
-54.3405
-54.9085
-55.4761
-56.0415
-56.6075
-57.1696
-57.7319
-58.2923
-58.8501
-59.409
-59.9651
-60.5209
-61.0746
-61.627
-62.1798
-62.7295
-63.2799
-63.828
-64.3746
-64.9227
-65.4694
-66.0171
-66.5625
-67.1073
-67.6518
-68.1936
-68.7367
-69.2773
-69.8171
-70.3576
-70.8963
-71.4359
-71.9742
-72.5111
-73.0485
-73.5829
-74.1165
-74.643
-75.1595
-75.6472
-76.0798
-14.1198
-14.8656
-15.8295
-16.8134
-17.8481
-18.9336
-20.03
-21.0938
-22.1067
-23.0688
-23.9803
-24.8379
-25.6423
-26.4006
-27.1187
-27.8101
-28.4777
-29.1301
-29.7738
-30.4116
-31.0477
-31.6803
-32.3096
-32.9367
-33.5596
-34.1786
-34.7934
-35.4076
-36.0194
-36.6289
-37.2383
-37.8452
-38.4542
-39.0619
-39.67
-40.2753
-40.8797
-41.4841
-42.0847
-42.6861
-43.2838
-43.8823
-44.4781
-45.0716
-45.6661
-46.2545
-46.8449
-47.4313
-48.0169
-48.6019
-49.1836
-49.7666
-50.3455
-50.925
-51.5011
-52.0762
-52.6505
-53.2209
-53.7931
-54.3614
-54.9297
-55.497
-56.0626
-56.6284
-57.1905
-57.7529
-58.3131
-58.8711
-59.4298
-59.9859
-60.5417
-61.0951
-61.6477
-62.2003
-62.7501
-63.3004
-63.8486
-64.3953
-64.9433
-65.4903
-66.0378
-66.5836
-67.1284
-67.6725
-68.2142
-68.757
-69.2977
-69.8375
-70.3778
-70.9166
-71.4561
-71.9944
-72.5312
-73.0685
-73.6028
-74.1361
-74.6621
-75.1761
-75.661
-76.0865
-14.0551
-14.8679
-15.8386
-16.8207
-17.8616
-18.9517
-20.0506
-21.1158
-22.1294
-23.0915
-24.0035
-24.8607
-25.665
-26.4219
-27.14
-27.8304
-28.497
-29.1486
-29.7917
-30.4289
-31.0647
-31.6972
-32.326
-32.9537
-33.5763
-34.1962
-34.8114
-35.4265
-36.0388
-36.6488
-37.2595
-37.8666
-38.4766
-39.084
-39.692
-40.297
-40.9009
-41.5052
-42.1053
-42.7067
-43.3041
-43.9026
-44.4981
-45.0912
-45.6856
-46.2738
-46.8642
-47.4505
-48.0361
-48.621
-49.2026
-49.7855
-50.3644
-50.9439
-51.5198
-52.0951
-52.6692
-53.2396
-53.8118
-54.38
-54.9484
-55.5154
-56.081
-56.6467
-57.2088
-57.7711
-58.3312
-58.8893
-59.4478
-60.0039
-60.5595
-61.1128
-61.6653
-62.2178
-62.7675
-63.3176
-63.8655
-64.4122
-64.96
-65.5067
-66.0541
-66.5996
-67.1444
-67.6887
-68.2308
-68.7734
-69.3143
-69.8541
-70.3944
-70.9333
-71.4726
-72.011
-72.5478
-73.085
-73.6193
-74.1523
-74.6774
-75.1915
-75.6744
-76.0954
-13.9885
-14.8681
-15.8413
-16.8245
-17.8746
-18.9704
-20.0717
-21.1387
-22.1527
-23.1142
-24.0258
-24.8817
-25.6852
-26.4404
-27.1585
-27.8478
-28.514
-29.1655
-29.8091
-30.4469
-31.0839
-31.7179
-32.348
-32.9767
-33.5992
-34.2197
-34.8349
-35.4494
-36.0606
-36.6696
-37.2798
-37.8864
-38.4963
-39.1032
-39.711
-40.316
-40.9197
-41.5241
-42.124
-42.7255
-43.3228
-43.9213
-44.5167
-45.1096
-45.7037
-46.2919
-46.8822
-47.4684
-48.0541
-48.6389
-49.2206
-49.8034
-50.3823
-50.9618
-51.5376
-52.113
-52.687
-53.2576
-53.8296
-54.3979
-54.9664
-55.5332
-56.099
-56.6646
-57.2268
-57.7892
-58.3493
-58.9075
-59.4658
-60.0221
-60.5778
-61.1312
-61.6838
-62.2363
-62.7862
-63.3364
-63.8846
-64.4314
-64.9792
-65.5263
-66.0735
-66.6193
-67.1639
-67.7082
-68.2501
-68.7926
-69.3335
-69.8732
-70.4135
-70.9524
-71.4916
-72.0301
-72.5668
-73.104
-73.6382
-74.1711
-74.696
-75.2076
-75.6884
-76.1063
-13.9293
-14.8741
-15.8403
-16.8193
-17.8753
-18.9761
-20.0827
-21.1547
-22.17
-23.1332
-24.0463
-24.9027
-25.7061
-26.4611
-27.1786
-27.867
-28.5328
-29.1839
-29.8272
-30.4647
-31.1014
-31.7353
-32.3651
-32.9932
-33.6143
-34.2342
-34.8487
-35.4627
-36.0735
-36.682
-37.292
-37.8984
-38.5082
-39.115
-39.7227
-40.3276
-40.9311
-41.5354
-42.1353
-42.7366
-43.3338
-43.9321
-44.5275
-45.1204
-45.7144
-46.3026
-46.8928
-47.4789
-48.0645
-48.6492
-49.2309
-49.8135
-50.3924
-50.9718
-51.5476
-52.1229
-52.6968
-53.2674
-53.8392
-54.4075
-54.9758
-55.5426
-56.1084
-56.6739
-57.236
-57.7982
-58.3583
-58.9164
-59.4747
-60.0308
-60.5864
-61.1398
-61.6922
-62.2447
-62.7944
-63.3444
-63.8924
-64.4392
-64.9869
-65.5338
-66.081
-66.6268
-67.1714
-67.7157
-68.2577
-68.8001
-69.3411
-69.8807
-70.421
-70.9599
-71.4991
-72.0376
-72.5744
-73.1115
-73.6457
-74.1786
-74.7036
-75.2163
-75.6972
-76.1147
-13.8533
-14.8807
-15.8603
-16.8471
-17.9069
-19.0076
-20.115
-21.1879
-22.2011
-23.1652
-24.0797
-24.937
-25.7404
-26.495
-27.2116
-27.8988
-28.5633
-29.213
-29.855
-30.4914
-31.1272
-31.7604
-32.3898
-33.0177
-33.6388
-34.2585
-34.873
-35.4867
-36.0974
-36.7058
-37.3156
-37.9218
-38.5314
-39.138
-39.7456
-40.3505
-40.9539
-41.5581
-42.158
-42.7592
-43.3565
-43.9547
-44.5501
-45.143
-45.7369
-46.3252
-46.9153
-47.5015
-48.0871
-48.6717
-49.2534
-49.836
-50.4149
-50.9942
-51.57
-52.1454
-52.7192
-53.2899
-53.8617
-54.43
-54.9983
-55.5651
-56.1309
-56.6964
-57.2586
-57.8207
-58.3808
-58.939
-59.4972
-60.0534
-60.609
-61.1623
-61.7148
-62.2673
-62.8171
-63.367
-63.9152
-64.4619
-65.0096
-65.5566
-66.1037
-66.6495
-67.1941
-67.7384
-68.2803
-68.8227
-69.3637
-69.9033
-70.4437
-70.9825
-71.5217
-72.0602
-72.597
-73.1341
-73.6683
-74.2012
-74.7262
-75.2379
-75.7186
-76.1353
-76.16
-77.9122
-80.4598
-80.8478
-78.5527
-74.1947
-68.3139
-61.5459
-54.5893
-47.8525
-41.6969
-36.1918
-31.4069
-27.3848
-24.0374
-21.155
-18.5851
-16.189
-13.8803
-11.6412
-9.48224
-7.49025
-5.72668
-4.22042
-3.04368
-2.18163
-1.56317
-1.13536
-0.838227
-0.628651
-0.493297
-0.465548
-0.5311
-0.833454
-1.23131
-1.59863
-1.90994
-1.82633
-1.25046
-0.0797284
0.988319
1.44658
1.54836
1.58646
1.64973
1.76449
1.89789
2.03743
2.23697
2.42417
2.60142
2.71744
2.77159
2.80006
2.83732
2.92546
3.04425
3.18255
3.30857
3.40796
3.48286
3.52906
3.54683
3.53924
3.51081
3.46784
3.41314
3.34816
3.27597
3.19721
3.11317
3.02528
2.93258
2.83165
2.72516
2.61816
2.51035
2.39939
2.29477
2.19506
2.09896
1.99987
1.89604
1.79382
1.69136
1.58785
1.48392
1.37957
1.27488
1.1699
1.06467
0.959159
0.853421
0.747288
0.640194
0.531974
0.421518
0.308561
0.188638
0.0690549
-76.3021
-77.4923
-79.9957
-80.4497
-78.2154
-73.9375
-68.144
-61.4523
-54.5558
-47.8662
-41.7424
-36.2498
-31.4685
-27.4417
-24.0905
-21.2007
-18.6168
-16.2142
-13.9016
-11.6638
-9.51077
-7.52608
-5.77257
-4.27421
-3.1002
-2.23532
-1.61077
-1.17161
-0.866272
-0.659573
-0.526431
-0.510786
-0.614118
-0.983685
-1.43515
-1.83649
-2.18347
-2.11228
-1.49664
-0.205817
0.97305
1.49098
1.62503
1.67562
1.72752
1.82124
1.93618
2.05474
2.2379
2.4113
2.5759
2.68009
2.72775
2.75291
2.79674
2.89328
3.01731
3.16083
3.29096
3.39275
3.46882
3.51532
3.53291
3.52523
3.49701
3.45431
3.3999
3.33514
3.2629
3.18407
3.10014
3.01233
2.91898
2.81814
2.7115
2.60478
2.4972
2.38665
2.2824
2.18242
2.08601
1.98736
1.88359
1.78131
1.67894
1.57533
1.47132
1.36693
1.26221
1.15723
1.05202
0.94657
0.840942
0.734988
0.628242
0.520599
0.411174
0.299738
0.182715
0.0658842
-76.274
-77.4568
-79.6736
-80.0458
-77.8404
-73.6281
-67.9268
-61.3209
-54.4974
-47.8708
-41.7876
-36.3147
-31.5436
-27.5107
-24.1507
-21.2554
-18.6534
-16.2391
-13.9215
-11.6852
-9.53967
-7.56391
-5.82158
-4.33567
-3.16784
-2.29939
-1.66729
-1.21355
-0.898037
-0.695286
-0.565726
-0.559373
-0.705498
-1.1519
-1.66713
-2.10239
-2.49086
-2.43978
-1.77918
-0.345932
0.960964
1.54739
1.72085
1.78622
1.82413
1.8913
1.98379
2.0805
2.24248
2.39883
2.54657
2.63668
2.67692
2.69838
2.75239
2.85647
2.98672
3.13662
3.27194
3.37661
3.45386
3.50057
3.51788
3.51002
3.48194
3.43947
3.38536
3.32082
3.24854
3.16963
3.08579
2.99804
2.9041
2.80311
2.69645
2.58975
2.48268
2.3728
2.26913
2.1689
2.07142
1.97292
1.86988
1.76752
1.66511
1.56146
1.45737
1.35292
1.24818
1.1432
1.03802
0.932633
0.827128
0.721376
0.615018
0.508024
0.399747
0.290014
0.176205
0.0624424
-76.3652
-77.4408
-79.3927
-79.672
-77.4563
-73.2914
-67.6761
-61.1675
-54.4254
-47.869
-41.8327
-36.3854
-31.629
-27.5897
-24.2153
-21.3082
-18.6896
-16.2594
-13.936
-11.7033
-9.56921
-7.60536
-5.87632
-4.40648
-3.24548
-2.37476
-1.73498
-1.26229
-0.929948
-0.72912
-0.613745
-0.604529
-0.804408
-1.33099
-1.92285
-2.3913
-2.82397
-2.7946
-2.10562
-0.515536
0.957598
1.6193
1.84216
1.92224
1.94381
1.97775
2.04096
2.11413
2.25221
2.38697
2.51279
2.58613
2.61824
2.63699
2.70285
2.81482
2.9525
3.10995
3.25162
3.35975
3.43809
3.48488
3.50174
3.49355
3.46548
3.42318
3.36935
3.30507
3.23276
3.15376
3.07
2.98228
2.88786
2.78643
2.67981
2.57308
2.46641
2.35763
2.25465
2.15426
2.05601
1.95618
1.85446
1.75244
1.6497
1.54605
1.44191
1.33741
1.23264
1.12766
1.02251
0.917202
0.811835
0.706308
0.600385
0.494115
0.387117
0.279288
0.169038
0.0586989
-76.4229
-77.391
-79.1007
-79.2857
-77.072
-72.9531
-67.4136
-61.0079
-54.3528
-47.8723
-41.8889
-36.4708
-31.7273
-27.6826
-24.2854
-21.3583
-18.7225
-16.2712
-13.9416
-11.7159
-9.60014
-7.65323
-5.94318
-4.49345
-3.33412
-2.45787
-1.80994
-1.31689
-0.960044
-0.750533
-0.65733
-0.658174
-0.912636
-1.51796
-2.19168
-2.69636
-3.16867
-3.15981
-2.42662
-0.758949
0.959215
1.71469
1.99911
2.08722
2.09161
2.08428
2.10937
2.15527
2.26762
2.37659
2.47386
2.52678
2.55037
2.56993
2.64692
2.76811
2.91466
3.08094
3.23028
3.34246
3.42164
3.46824
3.48441
3.4757
3.44749
3.40527
3.35171
3.28772
3.21541
3.13629
3.05262
2.96488
2.87011
2.76822
2.66155
2.55467
2.44799
2.34082
2.2386
2.13806
2.0389
1.93782
1.83747
1.73579
1.63265
1.52898
1.42479
1.32023
1.21544
1.11046
1.00534
0.900121
0.794906
0.689627
0.584189
0.478725
0.373147
0.267438
0.161126
0.0546071
-76.4639
-77.3268
-78.7852
-78.859
-76.653
-72.5849
-67.1413
-60.8512
-54.2921
-47.8925
-41.9648
-36.5815
-31.8498
-27.8006
-24.3671
-21.4096
-18.7536
-16.2765
-13.9391
-11.7219
-9.6302
-7.70263
-6.01696
-4.59488
-3.43552
-2.54224
-1.87346
-1.36469
-0.993709
-0.771264
-0.685078
-0.728078
-1.03323
-1.70313
-2.46089
-3.01235
-3.50964
-3.53367
-2.69445
-1.0267
0.91343
1.8346
2.20331
2.288
2.27206
2.2147
2.19081
2.20434
2.28706
2.37159
2.43109
2.45848
2.47266
2.4969
2.5849
2.71678
2.87361
3.05023
3.20852
3.32508
3.40465
3.45066
3.46585
3.45636
3.4278
3.38557
3.33226
3.2686
3.19633
3.11707
3.03344
2.94565
2.85058
2.74839
2.64165
2.53446
2.4274
2.3219
2.22053
2.12
2.01936
1.91839
1.81881
1.71714
1.61393
1.51018
1.40588
1.30123
1.19639
1.09141
0.98633
0.881206
0.776162
0.671148
0.566253
0.461684
0.357677
0.25432
0.15236
0.0501022
-76.487
-77.2435
-78.4444
-78.3918
-76.1915
-72.1776
-66.8381
-60.6735
-54.2303
-47.9256
-42.0614
-36.7227
-32.0064
-27.9522
-24.4699
-21.4652
-18.7753
-16.2702
-13.9258
-11.7167
-9.63907
-7.7331
-6.07087
-4.67587
-3.53752
-2.63677
-1.93665
-1.40701
-1.02913
-0.800393
-0.719926
-0.804936
-1.15936
-1.8788
-2.71631
-3.32947
-3.83735
-3.89668
-2.95178
-1.21992
0.820018
1.96368
2.45515
2.54004
2.4877
2.3719
2.28709
2.2625
2.30846
2.3756
2.38782
2.38378
2.38585
2.41662
2.51754
2.66224
2.83044
3.01849
3.18657
3.30767
3.38729
3.4321
3.44589
3.43533
3.40624
3.3639
3.31082
3.24751
3.17527
3.09582
3.01224
2.92441
2.82905
2.72662
2.61984
2.51245
2.40499
2.30024
2.2003
2.09951
1.99815
1.89742
1.79793
1.69642
1.59327
1.48938
1.38496
1.28023
1.17533
1.07035
0.965297
0.860272
0.755406
0.650674
0.546388
0.442804
0.340527
0.239762
0.142615
0.0450965
-76.4914
-77.1372
-78.0808
-77.8895
-75.6932
-71.7395
-66.5081
-60.4753
-54.156
-47.9537
-42.1596
-36.8748
-32.1789
-28.1149
-24.5839
-21.5161
-18.7722
-16.2341
-13.8771
-11.6681
-9.61451
-7.75408
-6.12362
-4.74698
-3.6289
-2.73172
-2.01051
-1.46237
-1.07621
-0.840266
-0.76662
-0.886485
-1.28664
-2.04542
-2.9467
-3.63387
-4.14222
-4.21867
-3.22646
-1.36409
0.746545
2.12599
2.74886
2.85301
2.73831
2.55599
2.39993
2.33371
2.34289
2.38018
2.34047
2.30421
2.29426
2.33273
2.44651
2.60697
2.78733
2.987
3.16465
3.29032
3.36982
3.41261
3.42451
3.41255
3.3827
3.3401
3.28719
3.22425
3.15207
3.07233
2.98873
2.90084
2.80522
2.70262
2.59584
2.48836
2.38079
2.27591
2.17763
2.07648
1.97506
1.8742
1.77478
1.67355
1.57034
1.4663
1.36176
1.25695
1.15202
1.04702
0.942015
0.837101
0.732421
0.627981
0.524363
0.421857
0.321475
0.223544
0.131725
0.039452
-76.4805
-77.013
-77.6993
-77.3553
-75.1581
-71.2706
-66.1521
-60.2568
-54.0591
-47.9584
-42.2373
-37.0087
-32.3358
-28.2565
-24.6836
-21.5494
-18.7521
-16.184
-13.8067
-11.5985
-9.5819
-7.77559
-6.19172
-4.84445
-3.73137
-2.82166
-2.07942
-1.51844
-1.12943
-0.895219
-0.83451
-0.978311
-1.41129
-2.19811
-3.15055
-3.91269
-4.40749
-4.47005
-3.48515
-1.48787
0.714535
2.34078
3.08699
3.21908
3.02421
2.76429
2.5296
2.4233
2.39535
2.37471
2.28879
2.22294
2.20556
2.25097
2.3752
2.55012
2.7445
2.95747
3.14374
3.27309
3.35252
3.39219
3.40145
3.38784
3.35717
3.31426
3.26137
3.19856
3.12624
3.04618
2.96274
2.87478
2.77892
2.67618
2.56941
2.46192
2.35451
2.24942
2.15172
2.05107
1.94952
1.8485
1.74913
1.64823
1.54493
1.44072
1.33606
1.23116
1.12619
1.02119
0.91623
0.811446
0.706983
0.602859
0.499943
0.398598
0.300281
0.205413
0.119509
0.0329827
-76.4575
-76.8749
-77.3048
-76.7923
-74.583
-70.762
-65.7562
-60.0038
-53.9443
-47.9587
-42.321
-37.1487
-32.4969
-28.3983
-24.7809
-21.5795
-18.7294
-16.1317
-13.7417
-11.5453
-9.55771
-7.78904
-6.24342
-4.9315
-3.83469
-2.91723
-2.15906
-1.58608
-1.19334
-0.963814
-0.91567
-1.07891
-1.53872
-2.34403
-3.32504
-4.14598
-4.61387
-4.63491
-3.65886
-1.57636
0.726466
2.57162
3.46445
3.61024
3.33964
2.99275
2.67961
2.53069
2.44409
2.35798
2.23919
2.1479
2.12409
2.17623
2.31222
2.49691
2.69977
2.92563
3.12267
3.25539
3.3354
3.37205
3.3776
3.36132
3.32923
3.28586
3.23285
3.17001
3.09789
3.01756
2.93401
2.84576
2.74975
2.64689
2.5402
2.43282
2.32574
2.2209
2.12221
2.02275
1.92136
1.82013
1.72071
1.62012
1.51673
1.41235
1.30756
1.20256
1.09755
0.992546
0.887642
0.78299
0.678771
0.575038
0.472835
0.372711
0.276625
0.185013
0.105711
0.0253743
-76.4274
-76.7377
-76.9403
-76.2657
-74.0389
-70.2817
-65.3824
-59.7636
-53.8408
-47.9643
-42.4043
-37.2838
-32.6497
-28.5309
-24.8658
-21.6046
-18.7075
-16.0835
-13.684
-11.4984
-9.53986
-7.80938
-6.29664
-5.00757
-3.92097
-2.99883
-2.23441
-1.65812
-1.26692
-1.04408
-1.00637
-1.19235
-1.67265
-2.48073
-3.4649
-4.31287
-4.74172
-4.70221
-3.70523
-1.60452
0.792518
2.77731
3.80996
3.97142
3.64901
3.2185
2.82991
2.6235
2.4745
2.34266
2.19737
2.08767
2.05838
2.11752
2.26474
2.45754
2.66498
2.89254
3.09557
3.23571
3.31605
3.35094
3.35406
3.3355
3.30175
3.25704
3.20333
3.14043
3.06815
2.98694
2.90335
2.81514
2.71924
2.61639
2.50955
2.40232
2.29574
2.19158
2.09098
1.99268
1.89175
1.79047
1.69097
1.59049
1.48707
1.38254
1.27764
1.17252
1.06748
0.96245
0.857601
0.753054
0.649063
0.545785
0.444267
0.34533
0.251502
0.163085
0.0908307
0.016607
-76.399
-76.6242
-76.6531
-75.8472
-73.6029
-69.899
-65.0874
-59.5749
-53.7547
-47.9608
-42.4616
-37.3826
-32.7615
-28.6259
-24.9246
-21.6203
-18.6892
-16.0478
-13.6428
-11.4653
-9.5286
-7.82657
-6.34091
-5.07095
-3.99147
-3.06704
-2.30295
-1.72947
-1.34282
-1.1284
-1.1063
-1.31288
-1.80239
-2.59521
-3.56606
-4.41727
-4.803
-4.6978
-3.66143
-1.5623
0.89011
2.93817
4.05572
4.23519
3.8869
3.40032
2.94709
2.68266
2.49176
2.3288
2.16605
2.04618
2.01452
2.07727
2.23089
2.42589
2.63907
2.86671
3.07137
3.2177
3.29747
3.32989
3.33109
3.31107
3.27617
3.23029
3.1759
3.11292
3.04054
2.95995
2.87482
2.78574
2.68989
2.58736
2.48052
2.37334
2.26732
2.1633
2.06168
1.96395
1.86351
1.76232
1.6627
1.56214
1.4587
1.35408
1.24904
1.14387
1.0388
0.933794
0.828967
0.724539
0.620693
0.517882
0.416974
0.31905
0.227268
0.141588
0.0761792
0.00723522
-76.3767
-76.5397
-76.445
-75.5411
-73.2801
-69.6137
-64.8648
-59.4283
-53.6828
-47.9527
-42.502
-37.4554
-32.8454
-28.6978
-24.9701
-21.6361
-18.6811
-16.027
-13.6183
-11.4465
-9.52593
-7.84435
-6.38072
-5.12516
-4.04905
-3.12557
-2.36618
-1.79789
-1.41679
-1.2136
-1.20791
-1.42476
-1.90953
-2.68617
-3.64025
-4.48148
-4.83194
-4.6648
-3.58659
-1.4833
0.981494
3.0475
4.20407
4.39794
4.03962
3.52433
3.03225
2.71854
2.49748
2.31288
2.14089
2.0173
1.98429
2.04933
2.20641
2.39762
2.61675
2.8478
3.05367
3.20017
3.27979
3.31051
3.30969
3.28797
3.25188
3.20558
3.1511
3.08802
3.01576
2.93653
2.8505
2.76063
2.66464
2.56177
2.45498
2.34786
2.2418
2.13746
2.03581
1.93804
1.83777
1.73674
1.63697
1.53631
1.4329
1.32836
1.22317
1.11801
1.01281
0.907893
0.803042
0.698758
0.595003
0.492587
0.392187
0.295068
0.205004
0.121444
0.0621876
-0.00244965
-76.3622
-76.4804
-76.2983
-75.3226
-73.0478
-69.4085
-64.7055
-59.3247
-53.6346
-47.953
-42.5385
-37.5153
-32.9138
-28.7566
-25.0091
-21.6544
-18.6828
-16.0202
-13.6096
-11.4423
-9.53336
-7.86759
-6.41997
-5.17325
-4.09856
-3.1792
-2.42577
-1.86257
-1.48821
-1.29713
-1.30021
-1.51676
-1.99532
-2.76124
-3.70049
-4.52365
-4.8489
-4.62557
-3.51013
-1.39835
1.06097
3.11998
4.28967
4.50279
4.14046
3.60391
3.0958
2.7387
2.49329
2.29339
2.11619
1.99303
1.96103
2.0283
2.18628
2.37458
2.59953
2.83052
3.0355
3.1819
3.2614
3.2911
3.28921
3.26681
3.23041
3.18405
3.12948
3.06639
2.99405
2.91436
2.82814
2.73825
2.64267
2.53954
2.43246
2.3251
2.21857
2.11417
2.01254
1.91436
1.81418
1.7132
1.61316
1.51245
1.40909
1.30461
1.19946
1.09446
0.989232
0.884396
0.779569
0.675372
0.571768
0.469602
0.369616
0.273117
0.184464
0.102317
0.0484873
-0.0127268
-76.3549
-76.4412
-76.1978
-75.1712
-72.8865
-69.2678
-64.5989
-59.259
-53.6095
-47.9641
-42.5762
-37.5695
-32.9736
-28.8081
-25.0457
-21.6767
-18.6933
-16.0253
-13.614
-11.4497
-9.5493
-7.89633
-6.45822
-5.21529
-4.14316
-3.22955
-2.48141
-1.92255
-1.55548
-1.37018
-1.37458
-1.5894
-2.0667
-2.82666
-3.7529
-4.55661
-4.8621
-4.58784
-3.43714
-1.312
1.14094
3.18614
4.3613
4.58626
4.21331
3.65352
3.14215
2.74705
2.48123
2.27022
2.09043
1.96924
1.94025
2.01086
2.1663
2.35738
2.58417
2.81425
3.0184
3.16454
3.24352
3.27273
3.27039
3.24769
3.21116
3.16477
3.11018
3.04706
2.97473
2.89485
2.80843
2.718
2.62193
2.51872
2.41152
2.30393
2.19732
2.0928
1.99103
1.89272
1.79276
1.69194
1.59193
1.49131
1.38828
1.28359
1.17838
1.0733
0.968131
0.863246
0.758499
0.654291
0.55083
0.448798
0.349118
0.253057
0.165499
0.0841133
0.0349534
-0.0234138
-76.3539
-76.4184
-76.1332
-75.0717
-72.7811
-69.1782
-64.5345
-59.2242
-53.6039
-47.9845
-42.6158
-37.6206
-33.0277
-28.855
-25.0816
-21.7025
-18.7109
-16.04
-13.6292
-11.4668
-9.57335
-7.92933
-6.49525
-5.25367
-4.18565
-3.27776
-2.53374
-1.97733
-1.61308
-1.42881
-1.43235
-1.64766
-2.12719
-2.88467
-3.80079
-4.58688
-4.87488
-4.55469
-3.36695
-1.22129
1.23421
3.27125
4.44201
4.66029
4.26794
3.68411
3.17428
2.74593
2.46303
2.24441
2.06423
1.94614
1.92045
1.99528
2.14632
2.34367
2.57087
2.80031
3.00349
3.14897
3.22731
3.25612
3.25348
3.2306
3.19398
3.14747
3.09272
3.02938
2.95684
2.87661
2.78991
2.69912
2.60278
2.49943
2.3921
2.28442
2.17777
2.0732
1.97143
1.873
1.77302
1.67201
1.57178
1.47086
1.36773
1.26352
1.15865
1.05357
0.948551
0.843642
0.739019
0.634824
0.531481
0.429613
0.330218
0.234524
0.147843
0.0668589
0.0214465
-0.0341484
-76.3578
-76.4082
-76.0957
-75.0118
-72.7186
-69.1278
-64.5023
-59.2127
-53.6124
-48.011
-42.6561
-37.6685
-33.077
-28.8988
-25.1177
-21.7316
-18.7349
-16.0634
-13.6542
-11.4933
-9.605
-7.9654
-6.53178
-5.29147
-4.22709
-3.32331
-2.58182
-2.02517
-1.65971
-1.47449
-1.47726
-1.69448
-2.17822
-2.93595
-3.84542
-4.61638
-4.88788
-4.5257
-3.29738
-1.12299
1.34553
3.37885
4.53299
4.72859
4.30951
3.70124
3.19393
2.73693
2.44032
2.218
2.03904
1.92464
1.90197
1.98272
2.1285
2.33128
2.55946
2.78847
2.9905
3.135
3.21269
3.24103
3.23813
3.21518
3.17862
3.13214
3.07742
3.01405
2.94149
2.8611
2.77428
2.68328
2.58684
2.48353
2.37622
2.26847
2.16182
2.05725
1.95554
1.85715
1.7576
1.65678
1.55675
1.45608
1.35274
1.248
1.14293
1.0377
0.932658
0.827673
0.723059
0.618831
0.515463
0.413578
0.314173
0.218531
0.132166
0.0511547
0.00812832
-0.0448896
-76.3656
-76.4073
-76.0783
-74.9816
-72.6885
-69.1072
-64.4945
-59.219
-53.6316
-48.0421
-42.6962
-37.7129
-33.1214
-28.9394
-25.1532
-21.7628
-18.7636
-16.0934
-13.6863
-11.5268
-9.64062
-8.00177
-6.56737
-5.3281
-4.26568
-3.36336
-2.62194
-2.06322
-1.69515
-1.50834
-1.51092
-1.73107
-2.21977
-2.97998
-3.88558
-4.64382
-4.89972
-4.4992
-3.22742
-1.01627
1.47291
3.50255
4.6294
4.78964
4.33787
3.71586
3.19481
2.72129
2.41607
2.19341
2.01688
1.90573
1.8853
1.96499
2.11383
2.32029
2.5493
2.77786
2.9787
3.12195
3.19869
3.22609
3.22232
3.19859
3.16136
3.11431
3.05916
2.9955
2.92275
2.84222
2.75535
2.66428
2.56768
2.46426
2.35687
2.24911
2.14247
2.03787
1.9361
1.83748
1.73742
1.63658
1.53634
1.43551
1.33275
1.22837
1.12353
1.0184
0.913427
0.808487
0.703952
0.599774
0.496541
0.394808
0.295753
0.200413
0.114887
0.0340512
-0.00552167
-0.0639833
-76.3733
-76.4115
-76.0753
-74.9744
-72.685
-69.1123
-64.5094
-59.2433
-53.6636
-48.0813
-42.74
-37.757
-33.1638
-28.9784
-25.189
-21.7965
-18.7973
-16.1295
-13.7245
-11.5651
-9.67848
-8.03831
-6.60219
-5.36218
-4.29918
-3.39522
-2.65098
-2.08842
-1.71672
-1.52795
-1.53176
-1.75678
-2.25164
-3.016
-3.91967
-4.66737
-4.90871
-4.47649
-3.16373
-0.913895
1.59815
3.62156
4.71396
4.83378
4.3503
3.72556
3.18232
2.70196
2.39355
2.17311
2.00017
1.89238
1.87523
1.96039
2.10752
2.31447
2.54365
2.77177
2.97184
3.11445
3.19105
3.21869
3.21501
3.19149
3.15456
3.10777
3.05278
2.98912
2.91636
2.83579
2.74887
2.65771
2.56106
2.45766
2.35029
2.24251
2.13587
2.03126
1.92953
1.83092
1.73111
1.6303
1.53015
1.42919
1.32611
1.22147
1.11651
1.01129
0.906285
0.801307
0.696742
0.592529
0.489233
0.387414
0.288206
0.192713
0.106873
0.0256498
-0.0151531
-0.0467308
-76.3937
-76.431
-76.0933
-74.994
-72.7104
-69.1455
-64.5498
-59.2896
-53.7136
-48.1342
-42.7936
-37.8082
-33.2122
-29.0243
-25.2331
-21.8405
-18.8427
-16.1772
-13.7732
-11.6128
-9.72449
-8.08279
-6.64434
-5.40153
-4.33549
-3.42789
-2.68024
-2.11521
-1.74273
-1.55486
-1.56034
-1.78831
-2.28727
-3.05449
-3.95617
-4.69512
-4.9262
-4.46783
-3.12399
-0.844089
1.68367
3.69711
4.75876
4.84762
4.33683
3.70765
3.15611
2.67261
2.36352
2.14592
1.97534
1.8697
1.85468
1.93677
2.08814
2.29609
2.52584
2.75371
2.95304
3.09483
3.17066
3.19709
3.19323
3.16932
3.13212
3.08512
3.02999
2.96626
2.89345
2.81285
2.72591
2.63472
2.53801
2.43458
2.32718
2.21938
2.11275
2.00814
1.90642
1.80776
1.70788
1.607
1.50681
1.40585
1.30286
1.19833
1.09338
0.988218
0.883201
0.778245
0.673699
0.569492
0.466239
0.364456
0.265351
0.169902
0.0843251
0.00315541
-0.0360035
-0.12
-77.1001
-77.2901
-77.4993
-77.551
-77.5537
-77.5181
-77.4507
-77.3632
-77.2703
-77.1808
-77.0994
-77.0306
-76.9761
-76.9409
-76.9442
-76.9871
-79.7591
-79.8375
-79.9278
-80.0345
-80.0552
-80.0098
-79.9376
-79.8577
-79.7796
-79.7099
-79.6531
-79.6122
-79.59
-79.5846
-79.586
-79.5889
-81.2522
-81.6267
-82.0134
-82.1944
-82.2384
-82.2095
-82.1441
-82.0709
-82.0055
-81.955
-81.9227
-81.9106
-81.9193
-81.9458
-81.9771
-81.995
-81.4066
-81.8439
-82.104
-82.2596
-82.3425
-82.3478
-82.2993
-82.231
-82.1648
-82.1109
-82.0737
-82.054
-82.0512
-82.063
-82.0797
-82.0835
-78.9881
-79.2997
-79.5055
-79.6753
-79.77
-79.7907
-79.7631
-79.7102
-79.651
-79.593
-79.539
-79.4922
-79.4551
-79.4291
-79.4115
-79.3876
-74.505
-74.7523
-74.9535
-75.1174
-75.2151
-75.2476
-75.2277
-75.1759
-75.1117
-75.0431
-74.9737
-74.9054
-74.8398
-74.78
-74.7289
-74.6802
-68.5165
-68.7037
-68.8686
-69.0042
-69.0935
-69.1302
-69.116
-69.0683
-69.0041
-68.9284
-68.8426
-68.7474
-68.6447
-68.5401
-68.4452
-68.3666
-61.6561
-61.786
-61.9058
-62.0069
-62.0803
-62.1132
-62.0985
-62.0505
-61.9832
-61.8999
-61.8005
-61.6854
-61.5567
-61.4219
-61.2989
-61.2049
-54.6271
-54.694
-54.7679
-54.8397
-54.9
-54.9278
-54.9105
-54.8613
-54.7926
-54.7052
-54.5982
-54.4714
-54.3265
-54.1722
-54.0303
-53.9262
-47.8361
-47.8452
-47.8758
-47.9203
-47.965
-47.9811
-47.9563
-47.9043
-47.834
-47.7446
-47.6341
-47.5024
-47.3517
-47.1907
-47.0425
-46.9343
-41.6409
-41.6087
-41.6101
-41.636
-41.6674
-41.6719
-41.6402
-41.5859
-41.5148
-41.4251
-41.3146
-41.1834
-41.0336
-40.8738
-40.7266
-40.6191
-36.119
-36.0649
-36.049
-36.0617
-36.0801
-36.0724
-36.0338
-35.9776
-35.9066
-35.8183
-35.711
-35.5847
-35.4415
-35.2895
-35.1495
-35.0466
-31.3318
-31.2735
-31.2516
-31.2561
-31.2608
-31.2401
-31.1965
-31.1403
-31.0714
-30.9869
-30.8856
-30.7676
-30.6348
-30.4946
-30.3654
-30.2695
-27.312
-27.2509
-27.2231
-27.216
-27.2014
-27.165
-27.1149
-27.0565
-26.9877
-26.906
-26.8103
-26.7008
-26.5792
-26.4516
-26.3341
-26.2457
-23.9689
-23.9121
-23.8806
-23.8599
-23.8273
-23.777
-23.7186
-23.6547
-23.583
-23.5014
-23.4089
-23.3055
-23.1923
-23.075
-22.9674
-22.8863
-21.0997
-21.0468
-21.0086
-20.9741
-20.9266
-20.865
-20.7984
-20.7284
-20.6527
-20.5696
-20.4779
-20.3775
-20.2694
-20.1587
-20.0579
-19.9815
-18.5408
-18.489
-18.4448
-18.4004
-18.3426
-18.2732
-18.2007
-18.1259
-18.047
-17.9621
-17.8704
-17.7713
-17.6658
-17.5587
-17.4617
-17.388
-16.1513
-16.1003
-16.0512
-15.998
-15.9317
-15.8566
-15.7797
-15.7012
-15.6193
-15.5324
-15.4394
-15.3399
-15.2346
-15.1281
-15.0322
-14.9591
-13.8468
-13.796
-13.7427
-13.6823
-13.6098
-13.5309
-13.4511
-13.3702
-13.2863
-13.1977
-13.1033
-13.0024
-12.8959
-12.7883
-12.6918
-12.6185
-11.6054
-11.5498
-11.4911
-11.4264
-11.3514
-11.2716
-11.1915
-11.1104
-11.0262
-10.9373
-10.8421
-10.7402
-10.6322
-10.5232
-10.4256
-10.3517
-9.43939
-9.37738
-9.31578
-9.25094
-9.17779
-9.10058
-9.02329
-8.94482
-8.86285
-8.77539
-8.68102
-8.57916
-8.47098
-8.36189
-8.26441
-8.18838
-7.43828
-7.3688
-7.30463
-7.24052
-7.16991
-7.09622
-7.02279
-6.94798
-6.86916
-6.7842
-6.69172
-6.59133
-6.48454
-6.3771
-6.28109
-6.20412
-5.66186
-5.5841
-5.51901
-5.4569
-5.38953
-5.3203
-5.25162
-5.18117
-5.1061
-5.02432
-4.93467
-4.83705
-4.73325
-4.62912
-4.53628
-4.46194
-4.14799
-4.06958
-4.00816
-3.94923
-3.88503
-3.81996
-3.75551
-3.68895
-3.61751
-3.53934
-3.4535
-3.36018
-3.26132
-3.16264
-3.0749
-3.00476
-2.96942
-2.89178
-2.83059
-2.77004
-2.70494
-2.6408
-2.57816
-2.514
-2.44555
-2.37105
-2.28967
-2.20167
-2.10904
-2.01718
-1.93577
-1.87054
-2.10916
-2.03085
-1.96743
-1.90425
-1.83864
-1.77637
-1.71633
-1.65502
-1.58975
-1.51891
-1.44187
-1.35905
-1.27247
-1.18721
-1.11195
-1.05136
-1.49873
-1.42919
-1.36975
-1.30866
-1.24709
-1.18871
-1.13115
-1.07144
-1.00763
-0.938646
-0.864186
-0.784836
-0.702593
-0.622266
-0.551641
-0.494467
-1.08686
-1.03248
-0.979196
-0.921202
-0.862613
-0.805126
-0.746891
-0.686048
-0.621367
-0.552134
-0.47819
-0.400115
-0.319827
-0.241928
-0.17367
-0.118163
-0.801458
-0.753892
-0.700283
-0.64006
-0.579241
-0.51944
-0.459025
-0.396313
-0.330146
-0.259826
-0.185192
-0.106792
-0.0265192
0.0510525
0.118848
0.174017
-0.587891
-0.53469
-0.47454
-0.409397
-0.345067
-0.281835
-0.218003
-0.152176
-0.0833387
-0.0108368
0.0655164
0.14524
0.226505
0.304768
0.37305
0.428476
-0.446411
-0.381137
-0.310123
-0.237575
-0.166728
-0.0970881
-0.0275979
0.0427203
0.114848
0.189648
0.267616
0.348605
0.431042
0.510501
0.580064
0.63671
-0.401034
-0.309993
-0.218945
-0.131811
-0.0491611
0.0298888
0.106473
0.181949
0.257822
0.335486
0.415966
0.49957
0.584974
0.667643
0.740239
0.799202
-0.417129
-0.276057
-0.153415
-0.0475744
0.0456906
0.130394
0.209762
0.28662
0.363443
0.442223
0.524255
0.609931
0.69775
0.782525
0.855989
0.91432
-0.624483
-0.382482
-0.189016
-0.0334501
0.0952393
0.205199
0.302292
0.391124
0.475397
0.557971
0.64074
0.724392
0.807385
0.884382
0.947937
0.997381
-0.945317
-0.600216
-0.317595
-0.0924795
0.0894788
0.239396
0.365261
0.473404
0.568894
0.655631
0.736367
0.812425
0.88257
0.941602
0.983525
1.01453
-1.26243
-0.85958
-0.524041
-0.248163
-0.0253038
0.154391
0.300936
0.42264
0.525876
0.615143
0.692847
0.759416
0.812125
0.850466
0.879285
0.901001
-1.52489
-1.08445
-0.733523
-0.450066
-0.215946
-0.0198986
0.146558
0.290135
0.415712
0.52665
0.62443
0.708732
0.77755
0.826532
0.845599
0.847367
-1.42477
-0.971733
-0.607268
-0.314168
-0.0761919
0.119618
0.282586
0.418936
0.532369
0.624241
0.694925
0.745241
0.776783
0.790386
0.786423
0.777413
-0.905937
-0.522866
-0.211474
0.0408764
0.245524
0.411315
0.544355
0.648726
0.727261
0.782324
0.816407
0.832449
0.833556
0.823075
0.804997
0.793132
0.0975195
0.296415
0.46284
0.599346
0.70888
0.794144
0.857417
0.900802
0.926175
0.935295
0.930612
0.91588
0.896059
0.875712
0.857767
0.851477
1.01196
1.04059
1.06851
1.09153
1.10692
1.11308
1.10943
1.09694
1.07825
1.05609
1.03215
1.00758
0.984384
0.96581
0.95498
0.958561
1.3892
1.3264
1.27825
1.23968
1.20733
1.179
1.15309
1.12804
1.10262
1.07737
1.05399
1.03427
1.0193
1.00963
1.00586
1.01537
1.44812
1.34221
1.26414
1.20559
1.16023
1.12396
1.09446
1.07056
1.05132
1.03573
1.02333
1.01419
1.00875
1.00706
1.00828
1.0217
1.47016
1.34917
1.26173
1.19913
1.15445
1.12258
1.09986
1.08372
1.07248
1.06512
1.06111
1.06031
1.06309
1.06941
1.0722
1.09221
1.54856
1.44444
1.3701
1.31787
1.28193
1.25808
1.24323
1.23515
1.23226
1.23357
1.23848
1.24639
1.25519
1.26374
1.27211
1.29113
1.69035
1.61585
1.56556
1.53281
1.51196
1.49959
1.49348
1.49109
1.48986
1.49065
1.49492
1.50231
1.51361
1.52807
1.54269
1.5644
1.84984
1.80518
1.77718
1.76043
1.75074
1.74624
1.74706
1.75364
1.7663
1.78272
1.80054
1.81966
1.83997
1.8602
1.87856
1.90215
2.02002
2.0108
2.01072
2.01671
2.02656
2.03893
2.05404
2.07212
2.09259
2.11494
2.13885
2.16409
2.18979
2.21409
2.23512
2.25975
2.23879
2.25081
2.26885
2.29004
2.3127
2.3361
2.36069
2.3866
2.41343
2.44111
2.46966
2.49882
2.52763
2.554
2.57593
2.60069
2.44452
2.47621
2.50905
2.54181
2.5738
2.60508
2.63611
2.66707
2.69799
2.72906
2.76036
2.79166
2.82194
2.84898
2.8707
2.89501
2.63749
2.68431
2.72759
2.76756
2.80446
2.83922
2.87277
2.90567
2.93813
2.97025
3.00212
3.03348
3.0633
3.08944
3.10997
3.13365
2.76975
2.83355
2.88869
2.93636
2.97799
3.01549
3.05087
3.08502
3.118
3.14994
3.18103
3.21106
3.2391
3.2633
3.28197
3.3049
2.83297
2.9063
2.96888
3.02252
3.06878
3.10964
3.14746
3.18314
3.21663
3.24827
3.27837
3.3068
3.33288
3.35513
3.3718
3.39373
2.86555
2.94167
3.00569
3.06059
3.10801
3.14991
3.18835
3.22396
3.25681
3.28741
3.31604
3.34262
3.3667
3.38716
3.40191
3.423
2.89779
2.97395
3.03719
3.08963
3.13526
3.17604
3.21328
3.24729
3.27843
3.30723
3.33396
3.35853
3.38066
3.39957
3.41279
3.43328
2.97117
3.03157
3.08744
3.13583
3.1781
3.21575
3.25011
3.28148
3.31033
3.33706
3.36182
3.38454
3.40501
3.4227
3.43488
3.455
3.08208
3.12848
3.17338
3.21534
3.25184
3.28483
3.31538
3.34362
3.36988
3.39438
3.41717
3.43815
3.45718
3.47387
3.48538
3.50524
3.21355
3.25118
3.28645
3.31982
3.35063
3.37947
3.40653
3.43182
3.45557
3.47792
3.49885
3.51825
3.53602
3.55183
3.56286
3.58245
3.33454
3.36739
3.39801
3.42698
3.45427
3.48006
3.50442
3.52739
3.54913
3.56972
3.58913
3.60724
3.62397
3.63907
3.64967
3.66899
3.43091
3.46121
3.49006
3.51715
3.54237
3.56637
3.58908
3.61057
3.63098
3.65038
3.66874
3.68596
3.70198
3.7166
3.72685
3.74598
3.50404
3.5325
3.55949
3.58489
3.60891
3.63177
3.65338
3.67383
3.69331
3.71188
3.72951
3.7461
3.76161
3.77588
3.78581
3.8048
3.54967
3.57769
3.60414
3.62887
3.65227
3.6744
3.69524
3.715
3.73383
3.75182
3.76893
3.78506
3.80016
3.81415
3.82372
3.84256
3.56758
3.59597
3.62257
3.64718
3.67038
3.69223
3.71279
3.73226
3.7508
3.76849
3.78528
3.80106
3.81582
3.82958
3.83875
3.85744
3.56005
3.58816
3.61466
3.63935
3.66255
3.6844
3.70506
3.72472
3.74348
3.76127
3.77795
3.79347
3.80795
3.82154
3.8303
3.84886
3.53126
3.5589
3.58531
3.60999
3.63308
3.65489
3.67567
3.69556
3.71455
3.7325
3.74916
3.76447
3.77867
3.79215
3.80048
3.81895
3.4879
3.5147
3.5404
3.56487
3.58783
3.60951
3.63024
3.65013
3.66908
3.68691
3.70343
3.71854
3.73248
3.7459
3.75381
3.77223
3.43274
3.45868
3.48385
3.50804
3.53086
3.55246
3.57309
3.59287
3.61167
3.62928
3.64553
3.66037
3.674
3.68739
3.6949
3.71329
3.36744
3.39314
3.41821
3.4419
3.46463
3.4863
3.50688
3.52647
3.54503
3.56238
3.57839
3.59297
3.60632
3.61977
3.62689
3.64531
3.29536
3.32088
3.34536
3.36871
3.39127
3.41292
3.43345
3.45283
3.47113
3.48825
3.50402
3.51835
3.53139
3.54499
3.55167
3.57019
3.2167
3.24251
3.26684
3.29011
3.31237
3.3337
3.35402
3.37321
3.39131
3.40822
3.42378
3.4379
3.45057
3.46443
3.47068
3.48922
3.13237
3.15826
3.18277
3.20601
3.22799
3.24884
3.26876
3.28778
3.30578
3.32249
3.33787
3.35194
3.36401
3.37853
3.38406
3.40291
3.04448
3.07037
3.09482
3.11781
3.13955
3.1602
3.17974
3.19844
3.21621
3.23264
3.24774
3.26194
3.27294
3.28835
3.29356
3.31246
2.95252
2.97821
3.00258
3.02558
3.04718
3.06759
3.08683
3.10521
3.12264
3.13873
3.15341
3.16718
3.17933
3.19378
3.19919
3.21801
2.85154
2.87777
2.90237
2.92533
2.94705
2.96743
2.98651
3.00469
3.02192
3.03778
3.05254
3.06631
3.07842
3.09246
3.09805
3.11679
2.74532
2.77134
2.79537
2.81826
2.83989
2.86018
2.87932
2.89753
2.91468
2.93044
2.94517
2.95886
2.97104
2.98502
2.99068
3.0094
2.63742
2.66264
2.68679
2.70948
2.73071
2.75072
2.76972
2.78778
2.80475
2.82082
2.8359
2.84947
2.86159
2.8756
2.88124
2.89997
2.52977
2.55555
2.5797
2.60216
2.623
2.64253
2.66128
2.67911
2.6961
2.71208
2.72679
2.7403
2.75227
2.76645
2.77202
2.79079
2.41849
2.44457
2.4697
2.4937
2.5156
2.535
2.55314
2.57082
2.58767
2.60337
2.61794
2.63148
2.64319
2.65772
2.66308
2.68194
2.31331
2.33761
2.36043
2.38199
2.40308
2.42386
2.44347
2.46158
2.47842
2.49407
2.50865
2.52236
2.53395
2.54887
2.5541
2.57318
2.2137
2.23793
2.26078
2.28215
2.30213
2.32129
2.33992
2.35754
2.37408
2.38955
2.40402
2.41789
2.42899
2.44393
2.44951
2.46846
2.11739
2.14172
2.16464
2.18604
2.20599
2.22486
2.24311
2.26037
2.27651
2.29166
2.30583
2.31935
2.33126
2.34532
2.35132
2.37006
2.01827
2.04259
2.06543
2.08684
2.10692
2.12592
2.14423
2.16149
2.17758
2.19275
2.20697
2.22039
2.23236
2.2463
2.25239
2.27109
1.91451
1.93875
1.96148
1.98287
2.00303
2.02215
2.04058
2.05799
2.07422
2.08947
2.10376
2.11723
2.12927
2.14324
2.14933
2.16806
1.81207
1.83595
1.85852
1.8798
1.89985
1.91885
1.93708
1.95431
1.97045
1.98566
1.99995
2.0134
2.0255
2.03941
2.04557
2.06428
1.70958
1.73358
1.75622
1.77754
1.79763
1.81663
1.83479
1.85194
1.86799
1.88308
1.89728
1.91065
1.92277
1.93659
1.94279
1.96148
1.60624
1.63044
1.65323
1.67469
1.69491
1.71398
1.73208
1.74915
1.76519
1.7803
1.79454
1.80792
1.82005
1.83382
1.84006
1.85874
1.50241
1.52672
1.54961
1.57117
1.59147
1.61062
1.62878
1.64588
1.66191
1.67698
1.69117
1.70452
1.71665
1.73043
1.73666
1.75533
1.39813
1.42253
1.44549
1.46712
1.48747
1.50664
1.52475
1.54181
1.55784
1.57294
1.58715
1.60051
1.61264
1.62643
1.63266
1.65133
1.29348
1.31791
1.34091
1.36256
1.38293
1.40214
1.42027
1.43733
1.45335
1.46843
1.48263
1.49599
1.5081
1.52189
1.52811
1.54678
1.1885
1.21294
1.23594
1.2576
1.27798
1.29716
1.31523
1.33224
1.34826
1.36334
1.37754
1.3909
1.40301
1.4168
1.42302
1.44169
1.08324
1.10763
1.13059
1.1522
1.17255
1.19172
1.20979
1.2268
1.24278
1.25782
1.27199
1.28534
1.29744
1.31121
1.31742
1.33609
0.977635
1.00191
1.02478
1.04631
1.06659
1.08567
1.10364
1.12056
1.1365
1.15152
1.16567
1.179
1.19111
1.20486
1.21109
1.22975
0.871737
0.895808
0.91848
0.939843
0.959973
0.978929
0.996782
1.01361
1.02946
1.04441
1.05851
1.07179
1.08388
1.09757
1.10383
1.12247
0.765343
0.789071
0.811413
0.832456
0.852285
0.870991
0.888648
0.905309
0.921029
0.935865
0.949878
0.963092
0.975187
0.988785
0.995101
1.01372
0.657747
0.680849
0.702636
0.723189
0.742582
0.76089
0.77819
0.794546
0.810017
0.824656
0.838515
0.851604
0.863671
0.877085
0.883496
0.90205
0.548691
0.570736
0.59158
0.611301
0.629965
0.647637
0.664389
0.680293
0.695401
0.709757
0.7234
0.736328
0.748363
0.761595
0.768132
0.786628
0.436736
0.456853
0.475932
0.494038
0.511232
0.527566
0.54312
0.557969
0.572171
0.585773
0.598805
0.611268
0.623069
0.635868
0.642546
0.660974
0.321574
0.338908
0.355502
0.371419
0.386711
0.401422
0.415632
0.429481
0.443027
0.456233
0.46905
0.481425
0.493331
0.505869
0.512958
0.530989
0.197402
0.20914
0.220444
0.231344
0.24186
0.252029
0.261988
0.271917
0.281884
0.291917
0.302015
0.312151
0.32238
0.334469
0.33921
0.35888
0.0738043
0.0804722
0.0872871
0.0943312
0.101666
0.109316
0.117329
0.125635
0.13427
0.143301
0.152603
0.162034
0.171248
0.180503
0.199742
0.180134
)
;

boundaryField
{
    frontAndBack
    {
        type            empty;
    }
    inlet
    {
        type            zeroGradient;
    }
    outlet
    {
        type            fixedValue;
        value           uniform 0;
    }
    walls
    {
        type            zeroGradient;
    }
}


// ************************************************************************* //
