/*--------------------------------*- C++ -*----------------------------------*\
| =========                 |                                                 |
| \\      /  F ield         | OpenFOAM: The Open Source CFD Toolbox           |
|  \\    /   O peration     | Version:  v2012                                 |
|   \\  /    A nd           | Website:  www.openfoam.com                      |
|    \\/     M anipulation  |                                                 |
\*---------------------------------------------------------------------------*/
FoamFile
{
    version     2.0;
    format      ascii;
    class       Cloud<basicKinematicParcel>;
    location    "0.045/lagrangian/kinematicCloud";
    object      coordinates;
}
// * * * * * * * * * * * * * * * * * * * * * * * * * * * * * * * * * * * * * //

48
(
(0.45411 0.272653 0.000292081 0.272945) 203 200 2
(0.389363 0.0518716 0.305318 0.253447) 403 891 1
(0.326826 0.0351645 0.301422 0.336587) 602 1289 1
(0.424126 0.287937 0.0662111 0.221726) 302 494 1
(0.312456 0.0247764 0.318996 0.343772) 801 1685 1
(0.844961 0.0208521 0.0775195 0.0566674) 701 1484 1
(0.96575 0.0171248 0.00908978 0.00803502) 7 12 2
(0.806414 0.0343961 0.0623967 0.0967928) 900 1684 2
(0.216468 0.0937747 0.391766 0.297991) 900 179 1
(0.764068 0.117966 0.0562164 0.0617494) 39 79 2
(0.33704 0.33148 0.296096 0.0353838) 39 58 1
(0.0782785 0.0041669 0.456694 0.460861) 18 36 1
(0.0935291 0.453235 0.0285974 0.424638) 91 7619 1
(0.0445832 0.477708 0.312661 0.165048) 1 7501 2
(0.751176 0.0497942 0.124412 0.0746178) 94 183 1
(0.249006 0.261004 0.114493 0.375497) 46 92 1
(0.0531044 0.473448 0.00774649 0.465701) 6 13 1
(0.192225 0.403887 0.0329991 0.370888) 95 185 2
(0.557821 0.160008 0.22109 0.0610821) 15 31 2
(0.474964 0.202188 0.0603298 0.262518) 85 151 2
(0.192987 0.403507 0.18985 0.213656) 75 148 2
(0.642976 0.178512 0.0899224 0.0885897) 92 7620 1
(0.576124 0.0559236 0.211938 0.156014) 74 146 1
(0.296865 0.351567 0.157734 0.193833) 13 26 2
(0.432299 0.0390867 0.244764 0.283851) 33 47 2
(0.72074 0.13963 0.0792886 0.0603415) 73 147 1
(0.188743 0.405628 0.0583842 0.347244) 13 24 2
(0.252125 0.373938 0.0059834 0.367954) 83 147 1
(0.0567743 0.471613 0.400538 0.0710751) 1 2 2
(0.42109 0.124982 0.164473 0.289455) 82 164 1
(0.128769 0.23981 0.195805 0.435616) 0 7500 1
(0.101554 0.183681 0.449223 0.265542) 2 2 1
(0.0541809 0.260775 0.212134 0.47291) 90 180 1
(0.724638 0.0406782 0.0970028 0.137681) 51 102 1
(0.312605 0.241551 0.102146 0.343698) 21 23 2
(0.209367 0.388744 0.395317 0.00657262) 61 123 2
(0.370161 0.314919 0.275305 0.0396146) 31 63 1
(0.32503 0.0149784 0.337485 0.322507) 31 60 1
(0.0593053 0.0486315 0.470347 0.421716) 60 121 2
(0.475187 0.262406 0.14834 0.114067) 0 7500 2
(0.487166 0.0906619 0.165755 0.256417) 20 40 1
(0.908247 0.00473314 0.0458767 0.0411436) 60 121 2
(0.622003 0.188999 0.0862712 0.102727) 10 1 1
(0.0213089 0.489346 0.0724999 0.416846) 10 21 1
(0.0457814 0.477109 0.184674 0.292436) 20 41 1
(0.145586 0.427207 0.184788 0.242419) 60 101 1
(0.344884 0.327558 0.178002 0.149556) 80 7480 1
(0.387434 0.29819 0.306283 0.00809326) 40 7476 2
)


// ************************************************************************* //
