/*--------------------------------*- C++ -*----------------------------------*\
| =========                 |                                                 |
| \\      /  F ield         | OpenFOAM: The Open Source CFD Toolbox           |
|  \\    /   O peration     | Version:  v2012                                 |
|   \\  /    A nd           | Website:  www.openfoam.com                      |
|    \\/     M anipulation  |                                                 |
\*---------------------------------------------------------------------------*/
FoamFile
{
    version     2.0;
    format      ascii;
    class       Cloud<basicKinematicParcel>;
    location    "0.14/lagrangian/kinematicCloud";
    object      coordinates;
}
// * * * * * * * * * * * * * * * * * * * * * * * * * * * * * * * * * * * * * //

54
(
(0.0663146 0.00137574 0.465467 0.466843) 390 581 2
(0.880692 0.00889998 0.050754 0.059654) 894 1788 1
(0.0767414 0.461629 0.226985 0.234645) 1194 2386 2
(0.130032 0.306875 0.434984 0.128109) 592 1185 2
(0.22743 0.125577 0.260708 0.386285) 1491 2783 2
(0.0726376 0.463681 0.395934 0.0677469) 1191 2382 2
(0.309744 0.345128 0.0637078 0.28142) 66 130 2
(0.319962 0.340019 0.192087 0.147932) 1687 3175 1
(0.105517 0.0126112 0.447242 0.43463) 1586 3173 2
(0.0930263 0.453487 0.0059787 0.447508) 789 1576 2
(0.09487 0.0924929 0.452565 0.360072) 889 1776 1
(0.00262256 0.498689 0.369467 0.129222) 587 1172 2
(0.465638 0.0830924 0.184089 0.267181) 1875 3750 1
(0.389871 0.305064 0.0127164 0.292348) 175 151 1
(0.0867814 0.456609 0.162279 0.29433) 1877 3752 2
(0.783307 0.108346 0.04127 0.0670764) 985 1971 1
(0.0772109 0.461395 0.204853 0.256542) 380 760 2
(0.351015 0.324493 0.246288 0.0782047) 1777 3555 1
(0.583605 0.176604 0.208197 0.0315931) 582 1162 1
(0.250735 0.243192 0.374633 0.13144) 1580 3161 2
(0.135035 0.432483 0.0812291 0.351254) 1382 2565 1
(0.56105 0.0368309 0.182644 0.219475) 1776 3353 2
(0.7945 0.0560154 0.0467348 0.10275) 1380 2561 2
(0.826748 0.0563663 0.0866262 0.0302599) 478 957 2
(0.0189669 0.490517 0.287876 0.20264) 879 1758 2
(0.0666726 0.466664 0.386953 0.079711) 1379 2756 2
(0.198802 0.143271 0.400599 0.257328) 376 750 1
(0.778134 0.0510374 0.0598956 0.110933) 1477 2954 1
(0.235778 0.137592 0.244519 0.382111) 170 340 1
(0.030256 0.446001 0.484872 0.038871) 1476 2953 2
(0.0819322 0.459034 0.0866011 0.372433) 37 22257 2
(0.077331 0.461335 0.438191 0.0231437) 271 542 2
(0.146903 0.426549 0.00863343 0.417915) 1863 3727 1
(0.379858 0.266814 0.043257 0.310071) 1074 2148 1
(0.118811 0.440594 0.25266 0.187934) 674 1149 1
(0.144557 0.220183 0.427721 0.207539) 1274 2546 1
(0.63123 0.184385 0.0151667 0.169218) 773 1347 1
(0.301258 0.349371 0.100508 0.248863) 872 1744 2
(0.0352873 0.196625 0.285732 0.482356) 1271 2542 1
(0.381656 0.222379 0.309172 0.0867931) 60 121 2
(0.347384 0.110252 0.326308 0.216056) 670 1341 2
(0.0262731 0.486863 0.115947 0.370916) 1270 2538 2
(0.0114737 0.0942061 0.400057 0.494263) 568 1136 1
(0.331482 0.334259 0.291684 0.0425754) 568 1134 2
(0.0520522 0.473974 0.0798744 0.3941) 767 1534 2
(0.372696 0.313652 0.151592 0.16206) 1167 2335 1
(0.0369573 0.113155 0.368367 0.481521) 1565 2931 2
(0.0158785 0.480963 0.0110974 0.492061) 965 1930 1
(0.263346 0.368327 0.0990639 0.269263) 865 1531 1
(0.237915 0.381042 0.156429 0.224614) 1364 2729 1
(0.00194472 0.499028 0.221222 0.277806) 361 722 2
(0.0435791 0.47821 0.265021 0.21319) 763 1527 1
(0.190584 0.404708 0.062188 0.34252) 1561 3123 1
(0.03633 0.481835 0.244945 0.23689) 258 317 1
)


// ************************************************************************* //
