/*--------------------------------*- C++ -*----------------------------------*\
| =========                 |                                                 |
| \\      /  F ield         | OpenFOAM: The Open Source CFD Toolbox           |
|  \\    /   O peration     | Version:  v2012                                 |
|   \\  /    A nd           | Website:  www.openfoam.com                      |
|    \\/     M anipulation  |                                                 |
\*---------------------------------------------------------------------------*/
FoamFile
{
    version     2.0;
    format      ascii;
    class       vectorField;
    location    "0.093/lagrangian/kinematicCloud";
    object      UCorrect;
}
// * * * * * * * * * * * * * * * * * * * * * * * * * * * * * * * * * * * * * //


96
(
(-2.72341e-25 -8.92435e-28 0)
(-2.56847e-25 -4.4408e-29 0)
(0 0 0)
(0 0 0)
(0 0 0)
(0 0 0)
(0 0 0)
(-2.46242e-25 -1.2206e-28 0)
(-2.41063e-25 1.66196e-29 0)
(-2.62435e-25 1.06453e-28 0)
(-2.63259e-25 1.60815e-28 0)
(0 0 0)
(0 0 0)
(0 0 0)
(0 0 0)
(-2.64979e-25 5.19672e-28 0)
(-4.64252e-27 4.4819e-29 0)
(0 0 0)
(-2.85173e-25 2.32114e-27 0)
(0 0 0)
(-2.6649e-25 9.01874e-28 0)
(0 0 0)
(0 0 0)
(-3.14286e-25 1.58926e-26 0)
(0 0 0)
(0 0 0)
(0 0 0)
(0 0 0)
(0 0 0)
(9.11271e-11 1.41331e-12 0)
(-4.69087e-10 -6.45106e-14 0)
(0 0 0)
(0 0 0)
(0 0 0)
(0 0 0)
(0 0 0)
(-5.18396e-25 7.25075e-26 0)
(0 0 0)
(0 0 0)
(0 0 0)
(0 0 0)
(0 0 0)
(8.69926e-09 6.141e-10 0)
(-9.66025e-09 -5.18346e-10 0)
(0 0 0)
(0 0 0)
(0 0 0)
(0 0 0)
(0 0 0)
(0 0 0)
(0 0 0)
(0 0 0)
(0 0 0)
(8.11224e-08 1.14517e-11 0)
(-9.07521e-10 -5.746e-11 0)
(6.13938e-10 3.87869e-11 0)
(0 0 0)
(0 0 0)
(0 0 0)
(0 0 0)
(0 0 0)
(-7.74796e-10 -2.60433e-11 0)
(5.38266e-10 1.83384e-11 0)
(0 0 0)
(0 0 0)
(0 0 0)
(0 0 0)
(-8.2543e-08 -1.21039e-11 0)
(0 0 0)
(0 0 0)
(-5.5791e-25 -9.9288e-28 0)
(0 0 0)
(0 0 0)
(0 0 0)
(0 0 0)
(3.9671e-10 1.12188e-13 0)
(-1.10356e-08 7.52084e-13 0)
(0 0 0)
(1.02915e-08 -6.12517e-13 0)
(0 0 0)
(0 0 0)
(-3.31798e-09 2.98938e-13 0)
(0 0 0)
(2.77e-09 -3.02474e-13 0)
(-4.49559e-10 -1.02774e-13 0)
(0 0 0)
(0 0 0)
(-3.07672e-08 1.06105e-12 0)
(0 0 0)
(-3.14382e-08 1.29152e-12 0)
(-1.54452e-25 3.52582e-30 0)
(0 0 0)
(0 0 0)
(2.89753e-08 -1.05769e-12 0)
(0 0 0)
(2.96065e-08 -1.22182e-12 0)
)


// ************************************************************************* //
