/*--------------------------------*- C++ -*----------------------------------*\
| =========                 |                                                 |
| \\      /  F ield         | OpenFOAM: The Open Source CFD Toolbox           |
|  \\    /   O peration     | Version:  v2012                                 |
|   \\  /    A nd           | Website:  www.openfoam.com                      |
|    \\/     M anipulation  |                                                 |
\*---------------------------------------------------------------------------*/
FoamFile
{
    version     2.0;
    format      ascii;
    class       volScalarField;
    location    "0.332";
    object      p;
}
// * * * * * * * * * * * * * * * * * * * * * * * * * * * * * * * * * * * * * //

dimensions      [0 2 -2 0 0 0 0];


internalField   nonuniform List<scalar> 
1900
(
-299.622
-300.722
-301.622
-302.283
-302.96
-303.727
-304.532
-305.361
-305.973
-306.577
-300.077
-300.876
-301.704
-302.379
-303.06
-303.821
-304.632
-305.47
-306.23
-307.05
-300.363
-300.928
-301.695
-302.409
-303.106
-303.867
-304.693
-305.577
-306.47
-307.715
-300.547
-300.991
-301.725
-302.468
-303.178
-303.94
-304.784
-305.709
-306.721
-308.095
-300.645
-301.039
-301.753
-302.505
-303.22
-303.986
-304.847
-305.807
-306.888
-308.277
-300.662
-301.06
-301.78
-302.535
-303.253
-304.027
-304.904
-305.889
-307.004
-308.371
-300.596
-301.056
-301.806
-302.557
-303.276
-304.06
-304.951
-305.951
-307.078
-308.402
-300.445
-301.036
-301.83
-302.556
-303.269
-304.065
-304.969
-305.979
-307.109
-308.391
-300.188
-301.029
-301.891
-302.579
-303.276
-304.077
-304.985
-305.995
-307.118
-308.36
-299.754
-300.929
-301.881
-302.561
-303.259
-304.073
-304.992
-306.009
-307.135
-308.357
-305.92
-318.28
-337.562
-339.208
-320.079
-286.053
-243.018
-198.246
-157.325
-122.521
-94.1742
-71.7769
-54.3084
-40.7282
-30.1671
-21.8681
-15.2339
-9.85685
-5.4828
-1.89975
1.09366
3.63898
5.80857
7.64505
9.2111
10.5694
11.7521
12.7854
13.6774
14.4476
15.1167
15.6985
16.2044
16.6363
16.9969
17.2986
17.5506
17.758
17.9253
18.0544
18.1482
18.2093
18.24
18.2449
18.2263
18.1842
18.1191
18.033
17.929
17.8093
17.6743
17.5233
17.357
17.1767
16.9834
16.779
16.5643
16.339
16.1027
15.856
15.5996
15.3345
15.0614
14.78
14.4901
14.1916
13.8852
13.5713
13.2501
12.9218
12.5865
12.2442
11.8949
11.5389
11.1762
10.8071
10.4316
10.05
9.66201
9.268
8.86789
8.46209
8.0504
7.63316
7.21015
6.78161
6.34749
5.90803
5.46329
5.01344
4.55857
4.09885
3.63415
3.165
2.69016
2.21245
1.72485
1.24265
0.733542
0.27921
-309.337
-321.606
-333.412
-332.126
-313.079
-280.334
-239.749
-197.44
-158.326
-124.583
-96.6664
-74.2596
-56.5697
-42.6731
-31.7759
-23.154
-16.2382
-10.6393
-6.09241
-2.36882
0.729011
3.3451
5.5687
7.45365
9.05902
10.4477
11.6513
12.6978
13.5992
14.3769
15.05
15.6335
16.137
16.5656
16.9286
17.2345
17.4905
17.702
17.873
18.0055
18.1026
18.1665
18.1988
18.205
18.1873
18.1456
18.0807
17.9952
17.8924
17.774
17.6399
17.4891
17.323
17.1431
16.9503
16.7463
16.5322
16.3074
16.0715
15.825
15.5688
15.304
15.0313
14.7501
14.4602
14.1619
13.8558
13.5421
13.2211
12.8929
12.5577
12.2155
11.8663
11.5103
11.1477
10.7786
10.4032
10.0215
9.63355
9.23949
8.83937
8.43352
8.02179
7.60448
7.18142
6.75284
6.31872
5.87927
5.43459
4.98482
4.53011
4.0706
3.60639
3.1377
2.66452
2.18743
1.70546
1.22186
0.729556
0.251892
-310.271
-317.92
-326.263
-324.072
-306.102
-275.372
-237.268
-197.132
-159.472
-126.582
-99.0047
-76.5794
-58.6835
-44.5137
-33.3272
-24.4331
-17.2869
-11.5091
-6.81887
-2.97053
0.240416
2.94916
5.23794
7.17798
8.84112
10.2795
11.5172
12.5856
13.5073
14.3033
14.9879
15.5775
16.0841
16.5143
16.881
17.1899
17.4473
17.6599
17.8317
17.9648
18.0615
18.1229
18.1537
18.1607
18.1444
18.1038
18.04
17.9557
17.8545
17.7384
17.6061
17.4565
17.2915
17.1122
16.9199
16.7162
16.5019
16.2767
16.0407
15.7943
15.5383
15.2738
15.0015
14.7206
14.4309
14.133
13.8272
13.5137
13.1929
12.8648
12.5298
12.1876
11.8385
11.4825
11.1199
10.7509
10.3754
9.99369
9.60569
9.21157
8.8114
8.40545
7.99367
7.57625
7.15314
6.72449
6.29036
5.85091
5.40627
4.95658
4.50202
4.04272
3.579
3.11077
2.63928
2.16291
1.68654
1.20186
0.727122
0.223767
-310.492
-316.294
-321.939
-318.557
-301.089
-271.666
-235.201
-196.613
-160.107
-127.973
-100.756
-78.3832
-60.3612
-45.9938
-34.5821
-25.4673
-18.1312
-12.2033
-7.38918
-3.43336
-0.136345
2.63271
4.96295
6.9341
8.62311
10.0835
11.3372
12.4145
13.348
14.1592
14.8602
15.4642
15.9838
16.4277
16.8093
17.132
17.3999
17.6198
17.7968
17.9331
18.0311
18.0922
18.1231
18.1313
18.1158
18.0751
18.0108
17.9263
17.8243
17.7068
17.5734
17.4239
17.2596
17.0806
16.8887
16.6855
16.4712
16.246
16.0103
15.7645
15.5091
15.2449
14.9721
14.6908
14.4013
14.1036
13.7981
13.4848
13.1643
12.8363
12.5015
12.1593
11.8102
11.4543
11.0917
10.7227
10.3472
9.96533
9.5772
9.18301
8.78275
8.37669
7.96479
7.54724
7.12407
6.69535
6.26124
5.82177
5.37721
4.92758
4.47321
4.01412
3.55091
3.08317
2.61338
2.13776
1.6671
1.18109
0.723999
0.196002
-310.518
-314.805
-318.111
-313.455
-296.275
-267.995
-233.032
-195.926
-160.557
-129.155
-102.292
-79.9825
-61.8616
-47.3264
-35.7181
-26.4102
-18.9068
-12.8445
-7.91936
-3.86372
-0.485199
2.33925
4.70967
6.71791
8.44029
9.92709
11.2005
12.2911
13.2348
14.0563
14.7678
15.3785
15.9014
16.346
16.7264
17.0511
17.3215
17.5424
17.7213
17.8612
17.9634
18.0306
18.069
18.0831
18.0722
18.036
17.9767
17.8965
17.7973
17.6804
17.5472
17.3986
17.2353
17.057
16.8653
16.6622
16.448
16.2227
15.9868
15.7406
15.485
15.2202
14.9461
14.6637
14.3736
14.0756
13.7697
13.4559
13.135
12.8065
12.4714
12.1289
11.7795
11.4234
11.0607
10.6915
10.3159
9.93394
9.54574
9.15154
8.75143
8.34549
7.93365
7.51609
7.09297
6.66429
6.23028
5.79089
5.34649
4.89698
4.44288
3.98407
3.52139
3.05421
2.58604
2.11133
1.64591
1.15932
0.71841
0.1711
-310.4
-313.509
-315.041
-309.398
-292.508
-265.228
-231.493
-195.549
-161.045
-130.177
-103.57
-81.2951
-63.0913
-48.4212
-36.6457
-27.1753
-19.541
-13.372
-8.35282
-4.21466
-0.773129
2.09334
4.497
6.53861
8.28893
9.79227
11.0771
12.1779
13.1325
13.9632
14.6813
15.2975
15.824
16.273
16.6583
16.9884
17.2647
17.4895
17.6682
17.8078
17.9118
17.9822
18.0224
18.0356
18.0221
17.9841
17.9242
17.8443
17.7457
17.6297
17.4976
17.3503
17.1883
17.0121
16.8228
16.6218
16.4092
16.1855
15.951
15.7061
15.4514
15.1873
14.9139
14.6322
14.3424
14.0442
13.738
13.4238
13.1026
12.7737
12.4382
12.0952
11.7456
11.3892
11.0264
10.6571
10.2815
9.89948
9.51137
9.11727
8.7173
8.3114
7.89967
7.48219
7.05921
6.63065
6.19683
5.75759
5.31341
4.86411
4.41032
3.95187
3.48973
3.0232
2.55649
2.08291
1.62174
1.13607
0.707819
0.15231
-310.21
-312.445
-312.667
-306.232
-289.501
-262.955
-230.134
-195.078
-161.264
-130.842
-104.476
-82.2745
-64.0381
-49.2783
-37.3842
-27.794
-20.0636
-13.815
-8.71419
-4.5054
-1.02139
1.87284
4.3098
6.38598
8.15748
9.66738
10.9608
12.0769
13.0438
13.8818
14.6033
15.2221
15.7554
16.2113
16.5999
16.9324
17.2099
17.4364
17.618
17.7593
17.8645
17.9373
17.9795
17.9934
17.9807
17.9442
17.8863
17.8082
17.7107
17.595
17.4624
17.3144
17.1518
16.9751
16.7851
16.5828
16.369
16.1443
15.9088
15.6629
15.4074
15.1428
14.8693
14.5875
14.2975
13.9994
13.6933
13.3796
13.0588
12.7307
12.3958
12.0534
11.7044
11.3486
10.9864
10.6176
10.2426
9.8609
9.47332
9.07957
8.67996
8.27433
7.86298
7.44587
7.02323
6.59506
6.16157
5.7227
5.27884
4.8299
4.37647
3.91843
3.45685
2.99101
2.52545
2.05318
1.5947
1.11178
0.690374
0.143279
-310.014
-311.622
-310.914
-303.872
-287.218
-261.198
-229.052
-194.665
-161.386
-131.321
-105.162
-83.0417
-64.7992
-49.9686
-37.9808
-28.3138
-20.514
-14.1855
-9.01093
-4.75788
-1.24462
1.68686
4.16189
6.25862
8.03623
9.55567
10.8666
11.9985
12.9711
13.8077
14.5321
15.1593
15.6999
16.1589
16.5468
16.8781
17.1586
17.3895
17.5734
17.7146
17.8192
17.8927
17.9367
17.952
17.9396
17.9029
17.8447
17.7667
17.669
17.553
17.4203
17.2723
17.1097
16.9331
16.743
16.5405
16.3265
16.1019
15.8664
15.6205
15.3647
15.0995
14.8257
14.5435
14.2531
13.9544
13.6479
13.3338
13.0125
12.684
12.3488
12.0061
11.6568
11.3009
10.9386
10.5698
10.1949
9.81336
9.42597
9.03254
8.63328
8.22818
7.81739
7.40093
6.97889
6.5514
6.11858
5.68039
5.23715
4.78883
4.33597
3.8785
3.41755
2.95244
2.48777
2.01698
1.55964
1.08119
0.660176
0.138642
-309.856
-311.036
-309.717
-302.257
-285.628
-259.948
-228.241
-194.297
-161.366
-131.532
-105.53
-83.4774
-65.224
-50.3517
-38.3241
-28.6159
-20.7662
-14.3936
-9.19033
-4.91663
-1.37846
1.57824
4.06657
6.16864
7.95245
9.47991
10.7975
11.933
12.9071
13.7457
14.4736
15.1046
15.6473
16.1074
16.4963
16.8293
17.112
17.3447
17.5294
17.6711
17.7766
17.8515
17.897
17.9132
17.9011
17.8648
17.8075
17.7304
17.6336
17.5184
17.3863
17.2388
17.0767
16.9006
16.7109
16.5087
16.295
16.0706
15.8355
15.5898
15.3341
15.0693
14.7959
14.5142
14.2244
13.9262
13.6203
13.3069
12.9863
12.6586
12.3245
11.9824
11.6336
11.2781
10.9163
10.5481
10.1737
9.79259
9.40546
9.01226
8.61312
8.20797
7.79714
7.3806
6.95853
6.53096
6.09813
5.6599
5.21664
4.76829
4.31545
3.85808
3.39727
2.93228
2.4676
1.99758
1.53982
1.06573
0.639705
0.148965
-309.799
-310.776
-309.167
-301.515
-284.923
-259.447
-228.001
-194.311
-161.573
-131.867
-105.939
-83.9002
-65.6286
-50.7258
-38.659
-28.9083
-21.0219
-14.6222
-9.39597
-5.09877
-1.53779
1.43996
3.94045
6.05383
7.84728
9.37964
10.7002
11.8398
12.8187
13.6601
14.3892
15.0218
15.5669
16.0295
16.4202
16.7542
17.038
17.272
17.4581
17.601
17.7074
17.7831
17.8296
17.8466
17.8354
17.7998
17.7432
17.6667
17.5705
17.4558
17.3242
17.1772
17.0156
16.84
16.6508
16.449
16.2359
16.0119
15.7773
15.532
15.2768
15.0123
14.7393
14.4579
14.1683
13.8703
13.5645
13.2511
12.9306
12.6028
12.2685
11.9274
11.5789
11.2236
10.8619
10.4939
10.1196
9.7388
9.35186
8.95892
8.56014
8.15557
7.74501
7.3287
6.90681
6.47938
6.04662
5.60845
5.16525
4.71689
4.26413
3.80678
3.3462
2.8816
2.41695
1.94793
1.48894
1.02011
0.591365
0.112925
-314.073
-315.342
-316.519
-316.763
-316.246
-314.976
-313.67
-313.762
-333.208
-334.724
-335.67
-336.006
-335.684
-334.97
-334.106
-333.757
-348.321
-351.158
-352.673
-353.239
-353.129
-352.819
-352.512
-352.172
-346.898
-350.263
-352.116
-352.862
-352.689
-352.174
-351.696
-351.058
-325.752
-328.651
-330.387
-330.946
-330.605
-329.869
-329.084
-328.157
-289.994
-292.05
-293.342
-293.795
-293.469
-292.521
-291.108
-289.508
-244.963
-246.036
-246.886
-247.287
-247.029
-246.001
-244.216
-242.158
-198.427
-198.458
-198.713
-198.927
-198.649
-197.568
-195.617
-193.373
-156.297
-155.6
-155.338
-155.242
-154.839
-153.722
-151.767
-149.56
-120.781
-119.66
-119.114
-118.843
-118.353
-117.25
-115.402
-113.359
-92.2127
-90.9865
-90.3401
-89.9467
-89.3863
-88.3429
-86.6695
-84.844
-69.8986
-68.7444
-68.1054
-67.6395
-67.0377
-66.0776
-64.6033
-63.0195
-52.6512
-51.6405
-51.0517
-50.5855
-50.0042
-49.1392
-47.86
-46.4976
-39.3521
-38.517
-38.0154
-37.5867
-37.053
-36.2934
-35.2048
-34.0508
-29.0674
-28.388
-27.945
-27.5475
-27.0735
-26.4192
-25.4991
-24.5233
-21.0228
-20.4816
-20.0763
-19.6951
-19.2774
-18.7178
-17.939
-17.097
-14.5995
-14.1732
-13.8207
-13.4769
-13.1113
-12.6308
-11.969
-11.2113
-9.38365
-9.05112
-8.75796
-8.46331
-8.14599
-7.73329
-7.17075
-6.49205
-5.12562
-4.86315
-4.61854
-4.36619
-4.09018
-3.73277
-3.25081
-2.66277
-1.62471
-1.41255
-1.20473
-0.987542
-0.746111
-0.433126
-0.0140753
0.496097
1.31558
1.49078
1.66929
1.85277
2.06193
2.3366
2.70407
3.15057
3.82588
3.97102
4.12455
4.28027
4.46188
4.70363
5.02779
5.42179
5.96674
6.08757
6.21987
6.35656
6.51867
6.73482
7.02367
7.37436
7.78176
7.88758
8.00479
8.12797
8.27536
8.47106
8.73074
9.04539
9.33134
9.42591
9.53153
9.64375
9.77893
9.9576
10.1929
10.4774
10.6806
10.7682
10.8595
10.9596
11.0831
11.2467
11.461
11.7202
11.8594
11.9451
12.0269
12.1167
12.2292
12.3787
12.5744
12.8114
12.8825
12.9617
13.0375
13.1216
13.2267
13.3654
13.5454
13.7634
13.7649
13.8377
13.9086
13.9879
14.0868
14.2162
14.3826
14.584
14.5259
14.5928
14.6589
14.7337
14.8269
14.9481
15.1025
15.2894
15.1871
15.2485
15.3098
15.38
15.468
15.5818
15.7256
15.8999
15.7617
15.8179
15.8755
15.9423
16.0257
16.133
16.2674
16.4304
16.2631
16.3139
16.3677
16.4308
16.5099
16.611
16.7368
16.8896
16.6923
16.7392
16.7897
16.8496
16.9247
17.0203
17.1383
17.2819
17.0505
17.0954
17.1441
17.2017
17.2737
17.3646
17.4757
17.6113
17.3496
17.3927
17.4397
17.4953
17.5645
17.6512
17.7562
17.8845
17.599
17.6402
17.6854
17.7389
17.8054
17.8883
17.9877
18.1095
17.8041
17.8438
17.8875
17.9391
18.0031
18.0824
18.1768
18.2926
17.9695
18.0079
18.0502
18.1001
18.1619
18.2378
18.3275
18.4379
18.097
18.1344
18.1755
18.224
18.2837
18.3566
18.442
18.5474
18.1891
18.2253
18.2653
18.3124
18.3702
18.4404
18.5218
18.6227
18.2485
18.2835
18.3224
18.3682
18.4243
18.4919
18.5697
18.6665
18.2779
18.3119
18.3498
18.3945
18.449
18.5143
18.5888
18.6819
18.2815
18.3145
18.3515
18.395
18.448
18.5113
18.5827
18.6724
18.2618
18.294
18.3301
18.3726
18.4242
18.4853
18.5539
18.6404
18.2191
18.2508
18.2862
18.3279
18.3781
18.4374
18.5034
18.5869
18.1537
18.1849
18.2198
18.2607
18.3098
18.3674
18.4309
18.5117
18.0671
18.0979
18.1322
18.1724
18.2205
18.2765
18.3378
18.4161
17.9621
17.9923
18.0261
18.0656
18.1126
18.1672
18.2263
18.3023
17.8416
17.8712
17.9043
17.943
17.989
18.0421
18.0993
18.1731
17.706
17.7351
17.7677
17.8056
17.8507
17.9024
17.9577
18.0295
17.5548
17.5836
17.6158
17.6532
17.6974
17.7479
17.8014
17.8714
17.3882
17.4168
17.4487
17.4856
17.5291
17.5784
17.6303
17.6985
17.2076
17.2359
17.2674
17.3039
17.3465
17.3948
17.4452
17.5118
17.014
17.042
17.0732
17.1091
17.1511
17.1984
17.2473
17.3125
16.8091
16.8368
16.8676
16.9031
16.9444
16.9907
17.0383
17.102
16.5939
16.6212
16.6516
16.6866
16.7272
16.7725
16.8188
16.8812
16.3683
16.3953
16.4254
16.4599
16.4998
16.5442
16.5893
16.6504
16.1318
16.1586
16.1885
16.2226
16.2619
16.3055
16.3494
16.4094
15.885
15.9117
15.9413
15.975
16.0138
16.0566
16.0994
16.1583
15.6284
15.6548
15.6842
15.7176
15.7559
15.7979
15.8397
15.8976
15.363
15.3892
15.4183
15.4513
15.489
15.5303
15.5712
15.6281
15.0895
15.1154
15.1441
15.1767
15.214
15.2546
15.2945
15.3505
14.8079
14.8336
14.862
14.8943
14.9309
14.9709
15.0098
15.065
14.5177
14.5432
14.5715
14.6034
14.6396
14.6789
14.7171
14.7714
14.2192
14.2446
14.2727
14.3043
14.3401
14.3788
14.4162
14.4697
13.9127
13.9379
13.9658
13.9971
14.0325
14.0707
14.1074
14.1602
13.5986
13.6237
13.6514
13.6824
13.7175
13.7551
13.791
13.8432
13.2772
13.3022
13.3296
13.3604
13.3951
13.4322
13.4675
13.519
12.9488
12.9736
13.0009
13.0315
13.0657
13.1024
13.1369
13.1879
12.6134
12.638
12.6652
12.6955
12.7294
12.7656
12.7996
12.85
12.271
12.2956
12.3226
12.3526
12.3862
12.422
12.4553
12.5052
11.9216
11.9461
11.973
12.0029
12.0362
12.0715
12.1044
12.1537
11.5655
11.5899
11.6166
11.6463
11.6793
11.7143
11.7465
11.7954
11.2027
11.2271
11.2537
11.2832
11.3159
11.3505
11.3823
11.4308
10.8336
10.8579
10.8844
10.9137
10.9461
10.9803
11.0116
11.0596
10.4581
10.4823
10.5087
10.5379
10.5701
10.604
10.6348
10.6825
10.0765
10.1006
10.1269
10.1559
10.1878
10.2213
10.2517
10.2989
9.68848
9.7126
9.73882
9.76767
9.79937
9.83263
9.86261
9.90949
9.29447
9.31854
9.34466
9.37334
9.40478
9.4377
9.46724
9.51375
8.89436
8.91842
8.94448
8.97304
9.00428
9.03694
9.06612
9.11231
8.48857
8.51258
8.53855
8.56695
8.59795
8.63029
8.65906
8.7049
8.0769
8.1009
8.12682
8.15512
8.18593
8.21805
8.2465
8.29208
7.65968
7.68367
7.70953
7.73769
7.7683
7.80015
7.82831
7.87366
7.2367
7.26068
7.2865
7.31457
7.34501
7.37667
7.40491
7.45071
6.80815
6.8321
6.85784
6.88578
6.91601
6.94735
6.97541
7.02131
6.37401
6.39792
6.42358
6.45139
6.48144
6.51254
6.54032
6.58598
5.9345
5.95835
5.98391
6.01158
6.04145
6.07232
6.09981
6.14522
5.4897
5.51346
5.5389
5.5664
5.59603
5.62665
5.65382
5.69891
5.03975
5.06342
5.08874
5.11609
5.14554
5.17595
5.20288
5.24775
4.58471
4.60821
4.63333
4.66044
4.68958
4.71967
4.7462
4.79065
4.1248
4.14814
4.1731
4.20001
4.22894
4.25884
4.28518
4.32954
3.65967
3.68264
3.70723
3.73376
3.76229
3.7918
3.81772
3.86167
3.19014
3.21279
3.23704
3.26321
3.29137
3.32053
3.34612
3.38983
2.71392
2.73548
2.75878
2.78414
2.81164
2.84033
2.86562
2.90921
2.23574
2.25688
2.27967
2.30444
2.33126
2.35926
2.38393
2.42683
1.74349
1.76113
1.78105
1.80361
1.82892
1.85615
1.88073
1.92466
1.26281
1.28124
1.30122
1.32311
1.34704
1.37228
1.39485
1.43518
0.739333
0.746903
0.757994
0.773188
0.792885
0.815966
0.834912
0.883332
0.302166
0.320222
0.336609
0.351742
0.366663
0.383734
0.400926
0.376907
)
;

boundaryField
{
    frontAndBack
    {
        type            empty;
    }
    inlet
    {
        type            zeroGradient;
    }
    outlet
    {
        type            fixedValue;
        value           uniform 0;
    }
    walls
    {
        type            zeroGradient;
    }
}


// ************************************************************************* //
