/*--------------------------------*- C++ -*----------------------------------*\
| =========                 |                                                 |
| \\      /  F ield         | OpenFOAM: The Open Source CFD Toolbox           |
|  \\    /   O peration     | Version:  v2012                                 |
|   \\  /    A nd           | Website:  www.openfoam.com                      |
|    \\/     M anipulation  |                                                 |
\*---------------------------------------------------------------------------*/
FoamFile
{
    version     2.0;
    format      ascii;
    class       volScalarField;
    location    "0.331";
    object      p;
}
// * * * * * * * * * * * * * * * * * * * * * * * * * * * * * * * * * * * * * //

dimensions      [0 2 -2 0 0 0 0];


internalField   nonuniform List<scalar> 
5600
(
-0.664726
-1.12288
-1.50333
-1.82185
-2.1327
-2.44294
-2.7443
-3.02604
-3.28912
-3.53927
-3.77584
-4.00052
-4.21495
-4.42125
-4.62146
-4.8173
-5.00957
-5.19931
-5.38649
-5.57143
-5.75422
-5.93454
-6.11229
-6.2886
-6.46343
-6.63695
-6.80922
-6.98047
-7.15125
-7.32148
-7.49123
-7.66016
-7.82836
-7.99611
-8.16341
-8.33
-8.49608
-8.66147
-8.82633
-8.99051
-9.15414
-9.31719
-9.47961
-9.64132
-9.80256
-9.96326
-10.1235
-10.2832
-10.4424
-10.6012
-10.7594
-10.9173
-11.0747
-11.2316
-11.3881
-11.5441
-11.6999
-11.855
-12.0098
-12.1641
-12.3181
-12.4717
-12.6249
-12.7777
-12.9302
-13.0822
-13.234
-13.3853
-13.5364
-13.6871
-13.8375
-13.9877
-14.1375
-14.2871
-14.4363
-14.5854
-14.734
-14.8826
-15.0307
-15.1788
-15.3265
-15.4741
-15.6214
-15.7686
-15.9154
-16.0622
-16.2087
-16.3553
-16.5015
-16.6474
-16.7932
-16.9387
-17.0847
-17.2304
-17.3768
-17.5234
-17.6725
-17.8253
-17.9807
-18.2159
-0.723761
-1.14306
-1.51994
-1.83967
-2.15069
-2.46128
-2.76256
-3.04456
-3.30799
-3.55819
-3.79499
-4.01997
-4.23474
-4.44141
-4.64197
-4.83812
-5.03069
-5.22068
-5.40802
-5.59304
-5.77605
-5.95647
-6.13428
-6.3107
-6.48566
-6.65931
-6.83168
-7.00301
-7.17389
-7.34421
-7.51404
-7.68305
-7.85126
-8.01905
-8.18638
-8.353
-8.51912
-8.68453
-8.84944
-9.01364
-9.17731
-9.34039
-9.50284
-9.66457
-9.82585
-9.98654
-10.1468
-10.3065
-10.4658
-10.6245
-10.7828
-10.9406
-11.098
-11.2549
-11.4114
-11.5674
-11.7231
-11.8783
-12.033
-12.1873
-12.3413
-12.4949
-12.6481
-12.8009
-12.9533
-13.1054
-13.2571
-13.4084
-13.5595
-13.7102
-13.8607
-14.0108
-14.1607
-14.3102
-14.4594
-14.6085
-14.7572
-14.9057
-15.0538
-15.2019
-15.3495
-15.4972
-15.6444
-15.7917
-15.9385
-16.0853
-16.2318
-16.3784
-16.5245
-16.6706
-16.8161
-16.9619
-17.1075
-17.2539
-17.3992
-17.5475
-17.6935
-17.8504
-18.0008
-18.2289
-0.762007
-1.15569
-1.53269
-1.85303
-2.1619
-2.46998
-2.77018
-3.05178
-3.31498
-3.56485
-3.80138
-4.02644
-4.24124
-4.44789
-4.64848
-4.84467
-5.03724
-5.22725
-5.41458
-5.59964
-5.78261
-5.9631
-6.14106
-6.31753
-6.49241
-6.66604
-6.83833
-7.00967
-7.18044
-7.35072
-7.52048
-7.68943
-7.85769
-8.02549
-8.19281
-8.35941
-8.5255
-8.69088
-8.85575
-9.01991
-9.18352
-9.34655
-9.50891
-9.67056
-9.83177
-9.99248
-10.1527
-10.3124
-10.4717
-10.6304
-10.7887
-10.9466
-11.104
-11.2609
-11.4174
-11.5736
-11.7294
-11.8846
-12.0394
-12.1937
-12.3478
-12.5014
-12.6547
-12.8075
-12.9601
-13.1121
-13.2639
-13.4153
-13.5664
-13.7172
-13.8676
-14.0178
-14.1677
-14.3173
-14.4665
-14.6156
-14.7643
-14.9128
-15.061
-15.2091
-15.3568
-15.5044
-15.6517
-15.799
-15.9458
-16.0926
-16.2391
-16.3857
-16.5319
-16.678
-16.8235
-16.9694
-17.1149
-17.2613
-17.4066
-17.555
-17.7015
-17.8589
-18.0084
-18.2288
-0.810731
-1.17217
-1.54808
-1.86988
-2.17747
-2.48462
-2.78519
-3.06741
-3.33124
-3.58144
-3.81854
-4.04361
-4.2589
-4.46575
-4.66638
-4.86249
-5.05493
-5.24469
-5.43172
-5.61646
-5.79928
-5.97968
-6.15767
-6.33422
-6.50922
-6.68313
-6.85579
-7.02747
-7.19847
-7.36898
-7.5389
-7.70801
-7.87628
-8.04415
-8.21153
-8.37822
-8.5444
-8.70989
-8.87486
-9.03914
-9.20289
-9.36608
-9.52862
-9.69048
-9.85186
-10.0126
-10.1729
-10.3326
-10.492
-10.6508
-10.8091
-10.9671
-11.1245
-11.2815
-11.4379
-11.5939
-11.7497
-11.9048
-12.0595
-12.2138
-12.3677
-12.5213
-12.6745
-12.8272
-12.9797
-13.1317
-13.2834
-13.4347
-13.5858
-13.7365
-13.8869
-14.037
-14.1869
-14.3364
-14.4857
-14.6347
-14.7834
-14.9319
-15.08
-15.2281
-15.3758
-15.5234
-15.6707
-15.8179
-15.9648
-16.1115
-16.258
-16.4045
-16.5507
-16.6967
-16.8424
-16.9881
-17.1339
-17.2799
-17.4256
-17.5731
-17.7203
-17.8756
-18.0301
-18.2298
-0.860359
-1.18929
-1.56383
-1.88807
-2.19407
-2.50037
-2.80065
-3.08269
-3.34654
-3.59654
-3.83386
-4.0587
-4.27417
-4.48125
-4.68208
-4.87837
-5.07099
-5.26087
-5.44805
-5.63289
-5.81568
-5.9961
-6.17407
-6.35047
-6.5253
-6.69902
-6.87147
-7.04298
-7.21373
-7.38415
-7.55397
-7.72306
-7.89139
-8.05936
-8.22673
-8.39348
-8.55962
-8.72513
-8.89005
-9.05432
-9.21797
-9.38109
-9.54347
-9.70527
-9.86654
-10.0273
-10.1875
-10.3472
-10.5065
-10.6652
-10.8235
-10.9813
-11.1387
-11.2955
-11.4521
-11.6082
-11.764
-11.9192
-12.0741
-12.2284
-12.3824
-12.5361
-12.6894
-12.8423
-12.9949
-13.147
-13.2988
-13.4501
-13.6013
-13.7521
-13.9025
-14.0527
-14.2026
-14.3522
-14.5015
-14.6505
-14.7993
-14.9478
-15.096
-15.2441
-15.3918
-15.5395
-15.6868
-15.834
-15.9809
-16.1276
-16.2743
-16.4207
-16.567
-16.713
-16.8587
-17.0044
-17.1502
-17.2962
-17.4419
-17.5894
-17.7363
-17.8914
-18.0429
-18.2359
-0.910395
-1.20861
-1.58111
-1.90832
-2.21269
-2.51803
-2.81794
-3.09999
-3.36408
-3.61427
-3.85183
-4.07701
-4.29276
-4.50011
-4.70114
-4.89755
-5.09027
-5.28015
-5.46738
-5.65226
-5.83485
-6.01527
-6.1933
-6.36974
-6.54465
-6.7184
-6.8909
-7.06245
-7.23324
-7.40352
-7.57335
-7.74238
-7.91069
-8.07854
-8.24581
-8.41245
-8.57852
-8.74397
-8.90883
-9.07309
-9.23673
-9.40006
-9.56251
-9.7244
-9.88573
-10.0465
-10.2068
-10.3666
-10.526
-10.6848
-10.8432
-11.0011
-11.1585
-11.3155
-11.472
-11.6281
-11.7839
-11.9392
-12.094
-12.2483
-12.4024
-12.5559
-12.7091
-12.8619
-13.0144
-13.1665
-13.3182
-13.4696
-13.6206
-13.7714
-13.9218
-14.072
-14.2219
-14.3714
-14.5207
-14.6698
-14.8185
-14.967
-15.1152
-15.2633
-15.411
-15.5586
-15.706
-15.8532
-16.0001
-16.1468
-16.2934
-16.4399
-16.5861
-16.7322
-16.8779
-17.0236
-17.1693
-17.3153
-17.461
-17.6083
-17.755
-17.9088
-18.0593
-18.2437
-0.959813
-1.23042
-1.60018
-1.93061
-2.23352
-2.53781
-2.83743
-3.11957
-3.38384
-3.63415
-3.87181
-4.09725
-4.31307
-4.52058
-4.72174
-4.91823
-5.11104
-5.30095
-5.48822
-5.6731
-5.85569
-6.03613
-6.21424
-6.3907
-6.56565
-6.73939
-6.91193
-7.08348
-7.25437
-7.42455
-7.5944
-7.76343
-7.93179
-8.0996
-8.26689
-8.43352
-8.59958
-8.76502
-8.92983
-9.09408
-9.25767
-9.42095
-9.58337
-9.74518
-9.90642
-10.0671
-10.2274
-10.3871
-10.5464
-10.7051
-10.8634
-11.0213
-11.1787
-11.3358
-11.4923
-11.6484
-11.8043
-11.9595
-12.1143
-12.2687
-12.4227
-12.5762
-12.7295
-12.8824
-13.0349
-13.187
-13.3388
-13.4902
-13.6413
-13.792
-13.9425
-14.0927
-14.2426
-14.3922
-14.5415
-14.6905
-14.8393
-14.9878
-15.1361
-15.2841
-15.4319
-15.5795
-15.7269
-15.874
-16.021
-16.1677
-16.3143
-16.4608
-16.6071
-16.7531
-16.8988
-17.0445
-17.1903
-17.3362
-17.4819
-17.6288
-17.7755
-17.9276
-18.0765
-18.2514
-1.00679
-1.25492
-1.62159
-1.95508
-2.25678
-2.56007
-2.85948
-3.14169
-3.40607
-3.65648
-3.89423
-4.11989
-4.3358
-4.5435
-4.74482
-4.94142
-5.13432
-5.32427
-5.51157
-5.69647
-5.87908
-6.05949
-6.23763
-6.4141
-6.58908
-6.76282
-6.93537
-7.10694
-7.27785
-7.44805
-7.61788
-7.78691
-7.95529
-8.1231
-8.29039
-8.45703
-8.62308
-8.78853
-8.95333
-9.11764
-9.28128
-9.44439
-9.60685
-9.76865
-9.92992
-10.0906
-10.2509
-10.4106
-10.5698
-10.7286
-10.8869
-11.0447
-11.2021
-11.3592
-11.5156
-11.6718
-11.8275
-11.9827
-12.1375
-12.2918
-12.4458
-12.5994
-12.7526
-12.9054
-13.0579
-13.21
-13.3618
-13.5133
-13.6644
-13.8151
-13.9656
-14.1158
-14.2657
-14.4153
-14.5646
-14.7137
-14.8625
-15.0109
-15.1592
-15.3072
-15.455
-15.6026
-15.75
-15.8972
-16.0441
-16.1909
-16.3374
-16.4839
-16.6302
-16.7762
-16.9219
-17.0677
-17.2134
-17.3593
-17.5049
-17.6515
-17.7978
-17.9481
-18.0949
-18.2597
-1.04977
-1.28199
-1.64592
-1.98186
-2.28268
-2.58515
-2.88442
-3.16665
-3.43111
-3.68161
-3.91945
-4.14528
-4.36127
-4.5691
-4.77053
-4.96721
-5.16015
-5.35013
-5.53743
-5.72235
-5.90495
-6.08531
-6.26349
-6.43998
-6.61498
-6.78872
-6.96129
-7.13288
-7.30381
-7.47405
-7.64382
-7.81286
-7.98125
-8.14907
-8.31635
-8.48299
-8.64904
-8.81449
-8.97929
-9.14361
-9.30725
-9.47031
-9.6328
-9.79462
-9.95589
-10.1166
-10.2768
-10.4366
-10.5958
-10.7546
-10.9128
-11.0707
-11.2281
-11.3852
-11.5416
-11.6978
-11.8534
-12.0086
-12.1634
-12.3177
-12.4717
-12.6252
-12.7784
-12.9312
-13.0837
-13.2358
-13.3876
-13.539
-13.6901
-13.8409
-13.9913
-14.1415
-14.2913
-14.4409
-14.5901
-14.7392
-14.8879
-15.0365
-15.1847
-15.3327
-15.4805
-15.6281
-15.7755
-15.9227
-16.0696
-16.2164
-16.3629
-16.5094
-16.6557
-16.8017
-16.9475
-17.0932
-17.2389
-17.3847
-17.5303
-17.6766
-17.8222
-17.9707
-18.1147
-18.2686
-1.08695
-1.31119
-1.67377
-2.01114
-2.31142
-2.61345
-2.91268
-3.19487
-3.45937
-3.70996
-3.94785
-4.17377
-4.38979
-4.59769
-4.79918
-4.99591
-5.18889
-5.37888
-5.5662
-5.75115
-5.93374
-6.11406
-6.29225
-6.46876
-6.64378
-6.81751
-6.99008
-7.16168
-7.33265
-7.50291
-7.67263
-7.84167
-8.01008
-8.1779
-8.34517
-8.51182
-8.67786
-8.84331
-9.00811
-9.17245
-9.33609
-9.49914
-9.66162
-9.82345
-9.98472
-10.1454
-10.3057
-10.4654
-10.6246
-10.7834
-10.9417
-11.0996
-11.2569
-11.414
-11.5705
-11.7266
-11.8822
-12.0374
-12.1922
-12.3466
-12.5005
-12.6541
-12.8073
-12.9601
-13.1126
-13.2646
-13.4164
-13.5679
-13.7189
-13.8697
-14.0201
-14.1703
-14.3201
-14.4697
-14.6189
-14.768
-14.9168
-15.0652
-15.2134
-15.3614
-15.5092
-15.6567
-15.8041
-15.9512
-16.0982
-16.2449
-16.3914
-16.5379
-16.6842
-16.8302
-16.9759
-17.1217
-17.2673
-17.413
-17.5585
-17.7043
-17.8493
-17.9956
-18.1365
-18.2792
-1.11431
-1.34048
-1.70418
-2.04149
-2.34165
-2.64384
-2.94314
-3.22519
-3.4897
-3.74035
-3.97822
-4.20413
-4.42013
-4.62802
-4.82953
-5.02626
-5.21925
-5.40925
-5.59655
-5.78153
-5.9641
-6.14436
-6.32256
-6.49907
-6.6741
-6.84782
-7.02038
-7.19197
-7.36298
-7.53325
-7.70293
-7.87197
-8.04039
-8.20822
-8.37549
-8.54214
-8.70818
-8.87363
-9.03841
-9.20278
-9.36643
-9.52946
-9.69193
-9.85376
-10.015
-10.1758
-10.336
-10.4957
-10.6549
-10.8137
-10.972
-11.1299
-11.2872
-11.4443
-11.6008
-11.7569
-11.9125
-12.0678
-12.2225
-12.3769
-12.5308
-12.6844
-12.8376
-12.9904
-13.1429
-13.295
-13.4467
-13.5982
-13.7493
-13.9001
-14.0504
-14.2006
-14.3504
-14.5
-14.6492
-14.7982
-14.947
-15.0955
-15.2437
-15.3917
-15.5395
-15.687
-15.8344
-15.9815
-16.1285
-16.2752
-16.4218
-16.5682
-16.7145
-16.8605
-17.0063
-17.152
-17.2976
-17.4433
-17.5886
-17.734
-17.8783
-18.0223
-18.1599
-18.2931
-1.12909
-1.36713
-1.73424
-2.06995
-2.37043
-2.67338
-2.97286
-3.25469
-3.51917
-3.76985
-4.00763
-4.23344
-4.44937
-4.65717
-4.85862
-5.05532
-5.24829
-5.43827
-5.62555
-5.81056
-5.9931
-6.1733
-6.35148
-6.528
-6.70304
-6.87674
-7.04929
-7.22086
-7.39192
-7.56219
-7.73184
-7.90088
-8.06931
-8.23715
-8.4044
-8.57106
-8.73709
-8.90255
-9.0673
-9.23172
-9.39534
-9.55836
-9.72082
-9.88266
-10.0439
-10.2047
-10.3649
-10.5246
-10.6838
-10.8426
-11.0009
-11.1588
-11.3161
-11.4732
-11.6297
-11.7858
-11.9414
-12.0967
-12.2514
-12.4058
-12.5597
-12.7133
-12.8665
-13.0193
-13.1717
-13.3239
-13.4756
-13.6271
-13.7782
-13.9289
-14.0794
-14.2296
-14.3794
-14.529
-14.6783
-14.8273
-14.9761
-15.1246
-15.2728
-15.4208
-15.5686
-15.7162
-15.8636
-16.0107
-16.1577
-16.3044
-16.4511
-16.5975
-16.7439
-16.8899
-17.0357
-17.1815
-17.3271
-17.4726
-17.6178
-17.7628
-17.9064
-18.0486
-18.1834
-18.3092
-1.13281
-1.3907
-1.76228
-2.0953
-2.39649
-2.70055
-3.00027
-3.28183
-3.54627
-3.79696
-4.03461
-4.26026
-4.47607
-4.68372
-4.88507
-5.08171
-5.27464
-5.4646
-5.65185
-5.83689
-6.0194
-6.19954
-6.37769
-6.5542
-6.72923
-6.90291
-7.07543
-7.24697
-7.41809
-7.58834
-7.75796
-7.92699
-8.09544
-8.26328
-8.43054
-8.5972
-8.76322
-8.92869
-9.09343
-9.25789
-9.42151
-9.5845
-9.74696
-9.90879
-10.0701
-10.2308
-10.391
-10.5507
-10.7099
-10.8687
-11.027
-11.1848
-11.3423
-11.4994
-11.6559
-11.8119
-11.9676
-12.1228
-12.2776
-12.432
-12.586
-12.7396
-12.8928
-13.0456
-13.1981
-13.3502
-13.502
-13.6535
-13.8046
-13.9554
-14.1059
-14.2561
-14.406
-14.5556
-14.7049
-14.8539
-15.0027
-15.1512
-15.2995
-15.4475
-15.5953
-15.7428
-15.8901
-16.0373
-16.1842
-16.3309
-16.4775
-16.6239
-16.7701
-16.9161
-17.062
-17.2078
-17.3534
-17.499
-17.6441
-17.7888
-17.9317
-18.0726
-18.2053
-18.3257
-1.12773
-1.41202
-1.78824
-2.11795
-2.42019
-2.72554
-3.02554
-3.30675
-3.57112
-3.82182
-4.05931
-4.28475
-4.50044
-4.70791
-4.90912
-5.10567
-5.29854
-5.48849
-5.67568
-5.86077
-6.04324
-6.22332
-6.40144
-6.57794
-6.75297
-6.92662
-7.09912
-7.27061
-7.44178
-7.61201
-7.78162
-7.95064
-8.1191
-8.28692
-8.45418
-8.62081
-8.78685
-8.95223
-9.11704
-9.28151
-9.44512
-9.60812
-9.77057
-9.93241
-10.0937
-10.2544
-10.4147
-10.5744
-10.7337
-10.8925
-11.0508
-11.2086
-11.3662
-11.5233
-11.6798
-11.8359
-11.9916
-12.1469
-12.3017
-12.4561
-12.6101
-12.7638
-12.917
-13.0698
-13.2222
-13.3743
-13.5261
-13.6775
-13.8286
-13.9794
-14.1299
-14.2801
-14.43
-14.5796
-14.7289
-14.8779
-15.0267
-15.1752
-15.3235
-15.4715
-15.6193
-15.7669
-15.9142
-16.0614
-16.2084
-16.3552
-16.5019
-16.6485
-16.7948
-16.9408
-17.0864
-17.2321
-17.3777
-17.5232
-17.6682
-17.8128
-17.9556
-18.0946
-18.2256
-18.3422
-1.1164
-1.43148
-1.81187
-2.13818
-2.44173
-2.74843
-3.04884
-3.32968
-3.59397
-3.84463
-4.08193
-4.30709
-4.5226
-4.72989
-4.93096
-5.12738
-5.32016
-5.51008
-5.69721
-5.88233
-6.06473
-6.24474
-6.4228
-6.59932
-6.77431
-6.94797
-7.12038
-7.29191
-7.46311
-7.6333
-7.80289
-7.97192
-8.1404
-8.30824
-8.47552
-8.64217
-8.80826
-8.97365
-9.1386
-9.30302
-9.46664
-9.62971
-9.79223
-9.95414
-10.1155
-10.2763
-10.4366
-10.5964
-10.7557
-10.9145
-11.0727
-11.2305
-11.388
-11.5451
-11.7016
-11.8577
-12.0134
-12.1686
-12.3235
-12.4779
-12.6319
-12.7855
-12.9387
-13.0915
-13.2439
-13.396
-13.5477
-13.6992
-13.8503
-14.0011
-14.1516
-14.3017
-14.4516
-14.6011
-14.7504
-14.8994
-15.0482
-15.1967
-15.3449
-15.4929
-15.6406
-15.7881
-15.9354
-16.0825
-16.2294
-16.376
-16.5225
-16.6688
-16.8151
-16.9611
-17.107
-17.2528
-17.3984
-17.544
-17.6888
-17.8331
-17.9752
-18.1146
-18.2446
-18.3583
-1.10087
-1.44946
-1.8331
-2.15636
-2.46127
-2.76922
-3.07009
-3.35059
-3.61488
-3.86549
-4.10267
-4.32757
-4.5428
-4.74986
-4.95085
-5.14716
-5.33992
-5.52973
-5.71695
-5.90209
-6.08447
-6.26439
-6.44238
-6.61884
-6.79378
-6.96741
-7.13978
-7.31141
-7.48259
-7.65283
-7.82244
-7.99151
-8.16009
-8.32805
-8.49542
-8.66218
-8.82834
-8.99382
-9.15878
-9.32312
-9.4867
-9.64974
-9.81225
-9.97414
-10.1355
-10.2962
-10.4565
-10.6163
-10.7756
-10.9344
-11.0926
-11.2504
-11.408
-11.565
-11.7216
-11.8777
-12.0333
-12.1886
-12.3434
-12.4978
-12.6518
-12.8054
-12.9586
-13.1114
-13.2639
-13.416
-13.5678
-13.7192
-13.8704
-14.0211
-14.1717
-14.3219
-14.4717
-14.6213
-14.7706
-14.9196
-15.0684
-15.217
-15.3652
-15.5133
-15.6611
-15.8087
-15.956
-16.1032
-16.2502
-16.3971
-16.5438
-16.6903
-16.8366
-16.9826
-17.1284
-17.2741
-17.4196
-17.565
-17.7099
-17.8542
-17.996
-18.1333
-18.2622
-18.374
-1.08213
-1.46615
-1.85216
-2.17321
-2.47945
-2.7883
-3.08939
-3.36939
-3.63365
-3.88406
-4.1209
-4.34606
-4.56083
-4.76751
-4.96828
-5.16438
-5.35702
-5.54667
-5.73393
-5.91894
-6.10133
-6.28133
-6.45944
-6.63608
-6.81118
-6.98492
-7.15746
-7.32924
-7.50047
-7.67078
-7.84034
-8.00929
-8.1778
-8.3457
-8.513
-8.67969
-8.84578
-9.01121
-9.17611
-9.3404
-9.50398
-9.66697
-9.8294
-9.99124
-10.1525
-10.3133
-10.4735
-10.6332
-10.7925
-10.9512
-11.1095
-11.2672
-11.4247
-11.5817
-11.7382
-11.8942
-12.0499
-12.2051
-12.3599
-12.5142
-12.6682
-12.8217
-12.9749
-13.1276
-13.28
-13.4321
-13.5838
-13.7352
-13.8863
-14.037
-14.1875
-14.3376
-14.4874
-14.6369
-14.7861
-14.935
-15.0838
-15.2322
-15.3804
-15.5284
-15.6761
-15.8236
-15.9709
-16.1179
-16.2648
-16.4115
-16.558
-16.7043
-16.8505
-16.9966
-17.1423
-17.288
-17.4336
-17.5791
-17.7239
-17.8681
-18.0102
-18.1487
-18.2775
-18.3886
-1.06127
-1.48049
-1.86775
-2.18816
-2.49633
-2.80678
-3.1082
-3.38773
-3.65202
-3.90229
-4.13888
-4.3643
-4.57874
-4.78528
-4.98606
-5.18228
-5.3751
-5.5651
-5.75268
-5.93794
-6.12053
-6.30057
-6.47877
-6.6554
-6.83042
-7.00394
-7.17627
-7.34794
-7.5191
-7.68938
-7.85895
-8.02794
-8.19647
-8.36439
-8.53171
-8.69842
-8.86454
-9.03001
-9.19493
-9.35924
-9.52284
-9.68584
-9.84825
-10.0101
-10.1714
-10.3322
-10.4924
-10.6522
-10.8114
-10.9702
-11.1285
-11.2863
-11.4438
-11.6008
-11.7574
-11.9135
-12.0691
-12.2244
-12.3792
-12.5336
-12.6876
-12.8412
-12.9944
-13.1472
-13.2996
-13.4517
-13.6035
-13.755
-13.9061
-14.0569
-14.2074
-14.3576
-14.5074
-14.657
-14.8062
-14.9553
-15.104
-15.2525
-15.4008
-15.5488
-15.6966
-15.8442
-15.9915
-16.1387
-16.2856
-16.4324
-16.579
-16.7255
-16.8718
-17.0178
-17.1636
-17.3093
-17.4548
-17.6003
-17.7451
-17.8892
-18.0307
-18.1677
-18.2951
-18.4047
-1.04667
-1.49507
-1.87999
-2.1977
-2.50669
-2.81892
-3.12086
-3.39984
-3.6643
-3.91456
-4.15104
-4.37608
-4.59034
-4.79677
-4.99743
-5.19354
-5.38625
-5.57613
-5.76358
-5.94867
-6.13095
-6.31058
-6.48857
-6.665
-6.83989
-7.01329
-7.18543
-7.35699
-7.52806
-7.69826
-7.86776
-8.03666
-8.2051
-8.37293
-8.54018
-8.70682
-8.87287
-9.03826
-9.20311
-9.36737
-9.5309
-9.69385
-9.85622
-10.018
-10.1793
-10.34
-10.5002
-10.6599
-10.8191
-10.9779
-11.1361
-11.2938
-11.4513
-11.6083
-11.7648
-11.9208
-12.0764
-12.2316
-12.3864
-12.5408
-12.6947
-12.8483
-13.0014
-13.1542
-13.3066
-13.4586
-13.6104
-13.7618
-13.9129
-14.0636
-14.214
-14.3642
-14.514
-14.6635
-14.8127
-14.9617
-15.1105
-15.2589
-15.4071
-15.5551
-15.7029
-15.8504
-15.9977
-16.1448
-16.2917
-16.4384
-16.585
-16.7314
-16.8776
-17.0236
-17.1694
-17.3151
-17.4607
-17.6061
-17.7509
-17.8951
-18.0369
-18.1747
-18.3024
-18.4126
-1.0162
-1.50989
-1.9036
-2.22185
-2.53103
-2.84378
-3.14648
-3.4245
-3.68927
-3.93965
-4.17602
-4.40087
-4.61492
-4.82106
-5.02145
-5.21733
-5.40986
-5.59959
-5.78695
-5.97196
-6.15427
-6.33396
-6.51192
-6.68833
-6.86317
-7.03655
-7.20869
-7.38021
-7.55123
-7.7214
-7.89087
-8.05976
-8.22819
-8.39602
-8.56326
-8.7299
-8.89594
-9.06134
-9.22619
-9.39045
-9.554
-9.71694
-9.87931
-10.0411
-10.2024
-10.3631
-10.5233
-10.683
-10.8423
-11.001
-11.1592
-11.317
-11.4744
-11.6315
-11.788
-11.944
-12.0996
-12.2548
-12.4096
-12.564
-12.7179
-12.8715
-13.0247
-13.1774
-13.3298
-13.4819
-13.6336
-13.7851
-13.9361
-14.0869
-14.2374
-14.3875
-14.5373
-14.6868
-14.8361
-14.9851
-15.1338
-15.2823
-15.4305
-15.5785
-15.7263
-15.8738
-16.0211
-16.1682
-16.3151
-16.4619
-16.6084
-16.7548
-16.9011
-17.0471
-17.1929
-17.3386
-17.4841
-17.6296
-17.7744
-17.9185
-18.0602
-18.1976
-18.3251
-18.4348
-18.2188
-18.479
-19.2147
-19.3393
-18.7977
-17.7145
-16.2549
-14.5514
-12.7908
-11.0686
-9.47493
-8.03804
-6.77399
-5.67745
-4.73494
-3.92661
-3.2349
-2.64004
-2.12651
-1.68237
-1.29593
-0.957325
-0.659781
-0.397309
-0.164566
0.0430723
0.228362
0.393669
0.541775
0.67489
0.79522
0.903363
0.99905
1.08397
1.15934
1.22593
1.28447
1.33565
1.38005
1.4182
1.45064
1.47782
1.50016
1.51808
1.5319
1.542
1.54868
1.55218
1.5528
1.55086
1.54635
1.5396
1.53078
1.52005
1.50741
1.49303
1.477
1.45935
1.44019
1.4196
1.39758
1.37423
1.34952
1.3236
1.29645
1.26811
1.23859
1.20806
1.17653
1.14426
1.11124
1.07766
1.04354
1.0091
0.974253
0.939371
0.90419
0.869194
0.833921
0.798962
0.763639
0.728474
0.693066
0.657721
0.622312
0.586798
0.551064
0.515144
0.479055
0.442946
0.406793
0.370613
0.334058
0.297243
0.258808
0.220075
0.176323
0.134923
0.0822468
0.0376459
-18.2573
-18.4061
-19.1084
-19.2497
-18.7202
-17.6573
-16.2199
-14.5361
-12.7912
-11.0803
-9.49505
-8.06285
-6.80128
-5.70575
-4.76305
-3.95381
-3.26057
-2.66396
-2.14869
-1.70285
-1.31491
-0.97506
-0.676416
-0.41286
-0.17926
0.0289962
0.214727
0.380478
0.528749
0.661906
0.78144
0.889397
0.985201
1.07019
1.14564
1.2123
1.27091
1.32216
1.36662
1.40483
1.43732
1.46455
1.48693
1.50488
1.51873
1.52886
1.53558
1.53911
1.53977
1.53782
1.53337
1.52664
1.51784
1.50711
1.49447
1.48008
1.46404
1.44637
1.42717
1.40655
1.38448
1.36106
1.33629
1.31029
1.28307
1.25466
1.22509
1.19451
1.16295
1.13066
1.09762
1.06404
1.02993
0.995495
0.960672
0.925821
0.890684
0.855748
0.820542
0.785665
0.750422
0.715335
0.680018
0.644756
0.609424
0.573957
0.538285
0.502418
0.466411
0.430387
0.394327
0.358269
0.321905
0.285348
0.247393
0.209235
0.166847
0.126546
0.0767073
0.0342432
-18.2512
-18.4134
-19.0335
-19.1581
-18.6332
-17.588
-16.1731
-14.5113
-12.7857
-11.0905
-9.51583
-8.09065
-6.83341
-5.73945
-4.79636
-3.98586
-3.2907
-2.69204
-2.17481
-1.72707
-1.33746
-0.996098
-0.696113
-0.4313
-0.196635
0.0124929
0.198899
0.365434
0.514207
0.647927
0.766891
0.873969
0.969722
1.05482
1.13037
1.19713
1.25584
1.30718
1.35172
1.39001
1.42256
1.44984
1.47228
1.49028
1.50417
1.51434
1.52109
1.52466
1.52536
1.5234
1.51901
1.51231
1.50357
1.49283
1.48019
1.4658
1.44974
1.43205
1.41281
1.39214
1.37001
1.34651
1.32167
1.29559
1.26827
1.23978
1.21015
1.17952
1.14792
1.1156
1.08255
1.04895
1.01484
0.980416
0.945624
0.910821
0.875733
0.840875
0.805745
0.770955
0.735808
0.700801
0.665591
0.630414
0.595165
0.55975
0.52415
0.488341
0.452413
0.416484
0.380529
0.344605
0.308457
0.272191
0.234772
0.19725
0.156378
0.117308
0.0706524
0.030542
-18.2757
-18.433
-18.9713
-19.0744
-18.5445
-17.5124
-16.1181
-14.4815
-12.7769
-11.0999
-9.53769
-8.1215
-6.86987
-5.77798
-4.83459
-4.02273
-3.32554
-2.72494
-2.20576
-1.75578
-1.36407
-1.02081
-0.719145
-0.452856
-0.216907
-0.00668693
0.180588
0.347992
0.497389
0.631764
0.750626
0.85672
0.952389
1.03766
1.11336
1.18026
1.23909
1.29054
1.33518
1.37356
1.4062
1.43355
1.45605
1.47411
1.48805
1.49827
1.50507
1.50868
1.50943
1.50751
1.50315
1.49648
1.48781
1.47705
1.46444
1.45007
1.43397
1.41625
1.39697
1.37624
1.35403
1.33046
1.30552
1.27933
1.25192
1.22334
1.19363
1.16293
1.13129
1.09893
1.06584
1.03224
0.998129
0.963728
0.928963
0.894229
0.859187
0.824421
0.789375
0.754676
0.719641
0.684717
0.649633
0.614545
0.579387
0.544032
0.508511
0.472772
0.436919
0.401093
0.365263
0.329502
0.293566
0.257624
0.220808
0.184006
0.144802
0.10713
0.0639734
0.0265749
-18.2944
-18.4433
-18.9088
-18.9891
-18.4574
-17.4369
-16.0604
-14.4508
-12.7685
-11.1116
-9.56373
-8.15768
-6.91179
-5.82236
-4.87903
-4.06583
-3.36651
-2.76363
-2.24211
-1.78943
-1.39516
-1.04966
-0.746014
-0.478034
-0.240636
-0.0292101
0.159028
0.327245
0.477275
0.612109
0.73127
0.837109
0.932944
1.01846
1.09436
1.16144
1.22042
1.27202
1.31679
1.35529
1.38803
1.41548
1.43806
1.4562
1.4702
1.48049
1.48734
1.49101
1.49182
1.48996
1.48565
1.47902
1.47037
1.45963
1.44705
1.4327
1.41656
1.39882
1.37952
1.3587
1.3364
1.31273
1.28768
1.26138
1.23385
1.20515
1.17534
1.14457
1.11286
1.08046
1.04733
1.01374
0.979638
0.945273
0.910525
0.875859
0.840866
0.806204
0.771265
0.736647
0.701747
0.666913
0.631976
0.596982
0.561927
0.526644
0.491212
0.455547
0.419772
0.384058
0.348366
0.312816
0.2771
0.241472
0.205351
0.169364
0.131989
0.0959063
0.0565774
0.0223174
-18.3112
-18.4509
-18.8427
-18.8947
-18.3634
-17.3551
-16.0012
-14.4214
-12.7633
-11.1281
-9.59597
-8.20143
-6.96186
-5.87535
-4.93221
-4.11744
-3.41539
-2.80925
-2.28452
-1.82868
-1.4315
-1.08347
-0.777599
-0.5077
-0.268665
-0.0558863
0.133464
0.302547
0.453358
0.588636
0.708519
0.814895
0.911076
0.996886
1.07307
1.14038
1.19958
1.25138
1.29631
1.33496
1.36784
1.39541
1.4181
1.43633
1.45042
1.46078
1.4677
1.47145
1.47233
1.47055
1.4663
1.45974
1.45112
1.44041
1.42785
1.41349
1.39734
1.37958
1.36026
1.33934
1.31694
1.29316
1.26799
1.24154
1.21385
1.18502
1.1551
1.12424
1.09246
1.06001
1.02687
0.99327
0.959151
0.924823
0.890102
0.85551
0.820593
0.786025
0.751222
0.716676
0.681937
0.647203
0.612436
0.577542
0.542606
0.50741
0.472072
0.436473
0.400798
0.365213
0.32967
0.294332
0.258882
0.223609
0.188247
0.153167
0.117791
0.0835015
0.0483639
0.0176911
-18.3265
-18.4546
-18.7725
-18.7911
-18.2597
-17.2646
-15.9353
-14.3877
-12.7583
-11.1483
-9.63443
-8.25338
-7.0213
-5.93786
-4.99483
-4.17811
-3.47272
-2.86259
-2.33386
-1.87429
-1.47368
-1.1227
-0.814228
-0.542092
-0.301134
-0.0868034
0.103896
0.274059
0.425898
0.561836
0.682616
0.789809
0.886421
0.972607
1.04915
1.1168
1.17628
1.22832
1.27347
1.31232
1.34537
1.37308
1.39591
1.41426
1.42845
1.43891
1.44593
1.44977
1.45075
1.44907
1.4449
1.43841
1.42984
1.41918
1.40663
1.39227
1.37612
1.35833
1.33894
1.31793
1.29544
1.27153
1.24624
1.21961
1.19173
1.16274
1.13272
1.10176
1.06989
1.03736
1.00418
0.970578
0.936442
0.902155
0.86748
0.832965
0.798167
0.763664
0.729019
0.694553
0.660002
0.625385
0.590808
0.556028
0.521231
0.486131
0.450875
0.415348
0.379823
0.34437
0.308983
0.273841
0.238702
0.203875
0.16931
0.135232
0.10204
0.0697501
0.0392232
0.0125632
-18.3406
-18.4538
-18.6991
-18.6798
-18.1482
-17.1675
-15.8637
-14.3491
-12.7507
-11.1676
-9.67425
-8.30846
-7.0855
-6.00449
-5.06159
-4.24342
-3.53516
-2.9214
-2.3887
-1.92522
-1.52087
-1.16654
-0.855061
-0.580384
-0.337235
-0.121464
0.0706293
0.242012
0.395005
0.531763
0.653455
0.761554
0.858695
0.945374
1.02239
1.09042
1.15024
1.20256
1.24797
1.28704
1.3203
1.3482
1.37119
1.3897
1.40403
1.41462
1.42174
1.42571
1.42682
1.42526
1.4212
1.41481
1.4063
1.3957
1.38319
1.36883
1.35269
1.33485
1.31539
1.29429
1.27168
1.24762
1.22219
1.19537
1.16729
1.13811
1.10791
1.0768
1.04484
1.01227
0.979008
0.945412
0.911273
0.877036
0.84244
0.807979
0.773328
0.738885
0.704419
0.670052
0.635715
0.601235
0.566872
0.532226
0.497581
0.462569
0.42737
0.392002
0.356645
0.321314
0.286089
0.251155
0.216367
0.182023
0.14832
0.115342
0.08454
0.0544429
0.0290283
0.00671085
-18.3538
-18.4497
-18.6242
-18.5627
-18.0295
-17.0645
-15.7875
-14.3048
-12.7374
-11.1814
-9.71006
-8.36111
-7.14862
-6.07313
-5.13212
-4.31305
-3.60198
-2.98453
-2.44782
-1.98049
-1.5725
-1.21493
-0.90055
-0.623359
-0.377996
-0.160411
0.0333105
0.206144
0.360436
0.498202
0.620889
0.729981
0.827766
0.915018
0.992541
1.061
1.12117
1.17381
1.2195
1.25884
1.29235
1.32048
1.34368
1.36237
1.37688
1.38763
1.39487
1.39897
1.40025
1.39887
1.39499
1.38872
1.3803
1.36979
1.35732
1.34298
1.32685
1.30896
1.28943
1.26823
1.24547
1.2212
1.19551
1.16844
1.14016
1.11078
1.08037
1.04912
1.01705
0.984422
0.951109
0.917515
0.883397
0.849181
0.814707
0.780288
0.745805
0.711436
0.677172
0.642931
0.608833
0.574523
0.5404
0.5059
0.471392
0.43642
0.401389
0.366241
0.331016
0.295805
0.260765
0.226054
0.191648
0.157811
0.125048
0.0932492
0.0650807
0.0373164
0.0176282
-0.000218759
-18.3663
-18.4429
-18.5495
-18.4419
-17.9046
-16.9554
-15.7054
-14.2579
-12.7251
-11.1986
-9.75015
-8.41819
-7.21584
-6.1473
-5.20825
-4.38777
-3.67342
-3.05188
-2.51086
-2.03939
-1.62757
-1.26661
-0.949259
-0.66954
-0.422059
-0.20236
-0.00707892
0.166978
0.322331
0.460982
0.584569
0.694594
0.793015
0.880814
0.958862
1.02778
1.08837
1.14142
1.18749
1.22717
1.261
1.28942
1.3129
1.33184
1.34657
1.35755
1.36496
1.36926
1.37075
1.36957
1.36587
1.35976
1.35146
1.34104
1.32862
1.31432
1.29818
1.28025
1.26063
1.23933
1.2164
1.1919
1.16591
1.13858
1.11004
1.08044
1.04983
1.01842
0.986219
0.953529
0.920182
0.886559
0.852508
0.8183
0.783971
0.749616
0.715322
0.681059
0.647019
0.612944
0.579119
0.545004
0.511155
0.476709
0.442338
0.407538
0.372768
0.337784
0.30268
0.267601
0.232768
0.198294
0.164307
0.130991
0.099253
0.0686646
0.0434365
0.018043
0.00484263
-0.00878356
-18.3783
-18.4357
-18.4841
-18.3325
-17.7898
-16.856
-15.631
-14.2184
-12.719
-11.2206
-9.79359
-8.47719
-7.28423
-6.22017
-5.28176
-4.45966
-3.74232
-3.11715
-2.5723
-2.09717
-1.68192
-1.31784
-0.997767
-0.715677
-0.466199
-0.2447
-0.0478946
0.127353
0.28369
0.423099
0.547412
0.658154
0.757056
0.845191
0.92356
0.992785
1.05372
1.10715
1.15359
1.19364
1.22781
1.25656
1.28033
1.29955
1.31453
1.32578
1.33341
1.33794
1.33968
1.33871
1.33517
1.32923
1.32106
1.31075
1.2984
1.28413
1.26799
1.25001
1.23028
1.20884
1.18573
1.161
1.13475
1.10715
1.07833
1.04846
1.01763
0.986044
0.953717
0.920934
0.887586
0.853941
0.819975
0.785807
0.751647
0.717397
0.683306
0.649191
0.615397
0.581538
0.548009
0.514076
0.480316
0.446089
0.411908
0.377417
0.342804
0.307951
0.272978
0.238043
0.203425
0.169196
0.135648
0.102826
0.0721632
0.0426645
0.020478
-0.0026152
-0.00876608
-0.0192824
-18.3903
-18.4318
-18.4363
-18.2492
-17.7011
-16.7802
-15.5764
-14.1898
-12.716
-11.2396
-9.83022
-8.52695
-7.34219
-6.28228
-5.34515
-4.52234
-3.80281
-3.17475
-2.62675
-2.14862
-1.73057
-1.36398
-1.0417
-0.757766
-0.506732
-0.283888
-0.0858068
0.0904732
0.247676
0.387735
0.512696
0.62399
0.723488
0.812394
0.891233
0.960724
1.02187
1.07552
1.1222
1.16248
1.19688
1.22584
1.24981
1.26922
1.28437
1.29584
1.3036
1.30829
1.31023
1.30945
1.30608
1.30027
1.29221
1.28199
1.26969
1.25544
1.23927
1.22121
1.20137
1.17978
1.15648
1.13151
1.10499
1.07709
1.04799
1.01787
0.986818
0.955062
0.922637
0.889789
0.856473
0.822848
0.788978
0.754896
0.72093
0.686832
0.652943
0.619022
0.585474
0.55186
0.518418
0.484723
0.45106
0.41721
0.383224
0.348917
0.314418
0.279697
0.244842
0.210054
0.175636
0.141647
0.108509
0.0761011
0.0464665
0.017819
-0.00178378
-0.0227083
-0.0219451
-0.0311248
-18.4027
-18.432
-18.4054
-18.1915
-17.6385
-16.7271
-15.5386
-14.171
-12.7166
-11.2574
-9.86187
-8.56876
-7.39042
-6.3338
-5.39769
-4.57433
-3.85313
-3.2228
-2.67235
-2.19192
-1.7717
-1.40316
-1.07916
-0.793797
-0.541502
-0.317621
-0.11875
0.0582061
0.215954
0.35641
0.481781
0.593424
0.693294
0.782858
0.862152
0.932131
0.993732
1.04764
1.09453
1.135
1.16958
1.19871
1.22282
1.24234
1.25757
1.26922
1.27705
1.28183
1.28392
1.28327
1.27999
1.27427
1.26627
1.25609
1.24381
1.22953
1.2133
1.19515
1.17518
1.15343
1.12992
1.10471
1.07792
1.04975
1.0204
0.990047
0.958818
0.926931
0.89448
0.861615
0.82836
0.794813
0.76106
0.727077
0.693297
0.659403
0.625724
0.592013
0.558695
0.525098
0.491811
0.458416
0.425017
0.391381
0.357512
0.323351
0.28896
0.254359
0.219601
0.184954
0.150711
0.116957
0.0841814
0.0521048
0.0233468
-0.00461818
-0.0224417
-0.0413587
-0.0343105
-0.0435877
-18.4156
-18.4358
-18.3873
-18.1539
-17.5969
-16.6923
-15.5153
-14.1616
-12.7217
-11.2754
-9.89024
-8.60461
-7.4311
-6.37694
-5.44155
-4.61766
-3.89515
-3.26306
-2.71072
-2.22854
-1.80671
-1.43668
-1.11141
-0.824974
-0.571733
-0.346996
-0.147491
0.0300772
0.188298
0.32907
0.454775
0.566778
0.666824
0.756477
0.836071
0.906598
0.96867
1.02282
1.06989
1.11055
1.14529
1.17458
1.19882
1.21845
1.23371
1.24545
1.25333
1.25817
1.26036
1.25979
1.25657
1.25089
1.24291
1.23272
1.22041
1.20608
1.18976
1.17149
1.15137
1.12945
1.10574
1.08028
1.05325
1.02483
0.995268
0.964726
0.933381
0.901437
0.868998
0.836163
0.802999
0.769591
0.736023
0.702211
0.66853
0.634835
0.601397
0.567865
0.534559
0.501088
0.46812
0.434981
0.401746
0.368249
0.334494
0.300456
0.266158
0.231657
0.196976
0.162456
0.128364
0.0948392
0.0623811
0.0306201
0.00252272
-0.0248528
-0.0418433
-0.0588143
-0.0462538
-0.0564214
-18.4289
-18.4426
-18.3787
-18.1314
-17.5716
-16.6722
-15.5036
-14.1602
-12.7309
-11.2943
-9.91671
-8.63639
-7.46634
-6.41385
-5.47885
-4.65442
-3.93082
-3.2973
-2.74347
-2.25996
-1.8369
-1.46573
-1.1395
-0.852282
-0.598369
-0.373
-0.173015
0.00511949
0.163991
0.305139
0.431152
0.543452
0.643707
0.733499
0.81334
0.884122
0.946396
1.0007
1.04793
1.08872
1.12358
1.15297
1.17731
1.19712
1.21306
1.22434
1.23209
1.23693
1.23919
1.23867
1.23548
1.22981
1.22181
1.21159
1.19923
1.18481
1.16839
1.14998
1.1297
1.10759
1.08369
1.05801
1.03076
1.00214
0.972403
0.941738
0.91035
0.878396
0.845995
0.813216
0.780142
0.746864
0.713484
0.680128
0.646621
0.612934
0.579576
0.546166
0.512927
0.479785
0.447022
0.414035
0.380941
0.347561
0.313908
0.279957
0.245732
0.211301
0.176672
0.142245
0.108258
0.0749083
0.0426659
0.0112267
-0.0163615
-0.043147
-0.0602398
-0.0753042
-0.0581536
-0.0693464
-18.4425
-18.4516
-18.3773
-18.1205
-17.5589
-16.6635
-15.5012
-14.1653
-12.7437
-11.314
-9.94195
-8.66529
-7.49745
-6.44595
-5.51102
-4.68603
-3.96149
-3.32679
-2.77176
-2.28718
-1.86314
-1.49099
-1.16385
-0.875924
-0.621461
-0.395692
-0.195653
-0.0174918
0.142166
0.283985
0.410443
0.523012
0.623515
0.713385
0.793466
0.864367
0.926738
0.981165
1.0285
1.06937
1.10427
1.13366
1.15788
1.17727
1.19225
1.20476
1.21282
1.21781
1.22018
1.21971
1.21652
1.21083
1.20279
1.19251
1.18006
1.16553
1.14898
1.13042
1.10998
1.0877
1.06362
1.03775
1.01034
0.981581
0.951756
0.921065
0.889701
0.857795
0.825471
0.79277
0.75975
0.72645
0.692761
0.658641
0.625993
0.593022
0.559946
0.526803
0.493851
0.460912
0.428302
0.395446
0.362488
0.329192
0.295624
0.261728
0.227552
0.193155
0.158549
0.124163
0.0902082
0.0568953
0.0245598
-0.00694352
-0.034195
-0.0601495
-0.0775955
-0.0909022
-0.0703349
-0.0821522
-18.4559
-18.4623
-18.3812
-18.1183
-17.5559
-16.6637
-15.506
-14.1754
-12.7591
-11.3342
-9.96608
-8.69187
-7.52539
-6.47438
-5.5393
-4.71371
-3.9883
-3.35256
-2.79647
-2.31098
-1.88607
-1.51302
-1.1849
-0.896079
-0.640623
-0.413679
-0.212689
-0.0341305
0.124578
0.26644
0.392878
0.505634
0.606316
0.696172
0.77641
0.847443
0.90993
0.964502
1.01199
1.05304
1.08818
1.11789
1.14254
1.16269
1.17911
1.18978
1.19704
1.20157
1.20368
1.203
1.19964
1.19379
1.1856
1.17517
1.16257
1.14789
1.13117
1.11245
1.09184
1.06941
1.04519
1.0192
0.991695
0.962894
0.933103
0.902508
0.871295
0.839599
0.807556
0.775218
0.742694
0.710133
0.677575
0.645137
0.610922
0.577235
0.544017
0.510768
0.477777
0.444848
0.412286
0.379488
0.34662
0.313393
0.279913
0.246093
0.212009
0.177726
0.143245
0.109088
0.0754278
0.0425848
0.0109733
-0.0206043
-0.0487758
-0.075304
-0.0928189
-0.106231
-0.0829598
-0.094953
-18.4708
-18.475
-18.3894
-18.1227
-17.5601
-16.6702
-15.5156
-14.1887
-12.7757
-11.3541
-9.98847
-8.71571
-7.54997
-6.49914
-5.56378
-4.73762
-4.01153
-3.37504
-2.81825
-2.33228
-1.90702
-1.53382
-1.20565
-0.917052
-0.662006
-0.435449
-0.234419
-0.0549474
0.104861
0.247198
0.373783
0.486842
0.587678
0.677656
0.757931
0.828971
0.891425
0.945926
0.993288
1.03414
1.06899
1.09829
1.12253
1.142
1.15753
1.16971
1.17801
1.18288
1.18533
1.18494
1.18177
1.17604
1.16792
1.15752
1.14491
1.13018
1.11338
1.09457
1.07385
1.05128
1.02695
1.00081
0.973176
0.94427
0.914378
0.883677
0.852343
0.820491
0.788244
0.755629
0.722676
0.689538
0.656108
0.622699
0.589694
0.556943
0.524298
0.491465
0.45883
0.426144
0.393783
0.36109
0.328306
0.295066
0.261582
0.227672
0.193498
0.159038
0.124362
0.0898906
0.055868
0.0226958
-0.00973416
-0.0403713
-0.067729
-0.0931075
-0.109394
-0.123779
-0.0974816
-0.108908
-18.479
-18.483
-18.3963
-18.1287
-17.5671
-16.6795
-15.5275
-14.2029
-12.7921
-11.3723
-10.0079
-8.73535
-7.56939
-6.51791
-5.58156
-4.75422
-4.02685
-3.38903
-2.83097
-2.34387
-1.91755
-1.54319
-1.21414
-0.924665
-0.668812
-0.441759
-0.240388
-0.0616578
0.0979773
0.240269
0.366927
0.479968
0.580859
0.670873
0.751204
0.822346
0.884887
0.939508
0.987004
1.02802
1.06309
1.0927
1.11705
1.13682
1.15252
1.16376
1.17146
1.17594
1.17801
1.17727
1.17378
1.16776
1.15937
1.14873
1.1359
1.12097
1.10402
1.08508
1.06427
1.04167
1.01734
0.991264
0.963764
0.935045
0.905389
0.874967
0.843956
0.812461
0.780621
0.748439
0.716035
0.683525
0.650979
0.617797
0.584562
0.551511
0.518587
0.4856
0.452865
0.420101
0.387736
0.355021
0.322303
0.289072
0.255643
0.221769
0.187655
0.153302
0.11873
0.0844727
0.0506449
0.017494
-0.0146911
-0.0461878
-0.0745692
-0.100083
-0.117218
-0.132267
-0.105764
-0.113427
-18.501
-18.5047
-18.4173
-18.1497
-17.5896
-16.7039
-15.5537
-14.2307
-12.8209
-11.4018
-10.0376
-8.76462
-7.59807
-6.54583
-5.60864
-4.78048
-4.05237
-3.41391
-2.85532
-2.36791
-1.94133
-1.5669
-1.23759
-0.948113
-0.692301
-0.465207
-0.263761
-0.0846932
0.0750655
0.217422
0.344103
0.457173
0.558074
0.648078
0.728406
0.79954
0.862038
0.916601
0.964027
1.00496
1.03992
1.06939
1.09368
1.11332
1.12894
1.14039
1.14821
1.15276
1.15486
1.15414
1.15064
1.14461
1.1362
1.12551
1.11264
1.09767
1.08069
1.06172
1.04089
1.01827
0.993945
0.96789
0.940412
0.911722
0.882093
0.851694
0.820697
0.789208
0.757347
0.725144
0.692608
0.659969
0.627248
0.594032
0.560909
0.527996
0.495225
0.462345
0.429709
0.397008
0.364708
0.332015
0.29931
0.266068
0.232608
0.198695
0.16452
0.1301
0.0954387
0.0610788
0.0270867
-0.00608545
-0.0385141
-0.0697474
-0.0978747
-0.123485
-0.140184
-0.155489
-0.128404
-0.143337
-18.4599
-18.4464
-18.4865
-18.4737
-18.4535
-18.4277
-18.3976
-18.3659
-18.3355
-18.308
-18.2839
-18.2639
-18.2483
-18.2398
-18.2394
-18.2311
-18.9403
-18.9186
-18.9223
-18.9335
-18.9254
-18.9019
-18.8722
-18.8407
-18.8098
-18.7813
-18.7566
-18.7366
-18.7211
-18.7096
-18.702
-18.6868
-19.3944
-19.4622
-19.5505
-19.5841
-19.5837
-19.5643
-19.5353
-19.504
-19.4742
-19.4479
-19.4259
-19.4091
-19.398
-19.392
-19.3867
-19.3748
-19.4644
-19.5564
-19.6067
-19.632
-19.6393
-19.6273
-19.6022
-19.5729
-19.5448
-19.5203
-19.5004
-19.4853
-19.4749
-19.4688
-19.4641
-19.4513
-18.8961
-18.9573
-18.9932
-19.0218
-19.0322
-19.0243
-19.0046
-18.9785
-18.9519
-18.9261
-18.9019
-18.8803
-18.8617
-18.8468
-18.8358
-18.817
-17.7818
-17.8275
-17.8629
-17.89
-17.901
-17.8959
-17.8781
-17.853
-17.8254
-17.7975
-17.77
-17.7433
-17.7181
-17.6956
-17.6773
-17.653
-16.2938
-16.3245
-16.3507
-16.3705
-16.3791
-16.3749
-16.3583
-16.3338
-16.3058
-16.2755
-16.2434
-16.2095
-16.1747
-16.1406
-16.1102
-16.0797
-14.5667
-14.5833
-14.5984
-14.6093
-14.6134
-14.6077
-14.5906
-14.5656
-14.5364
-14.5039
-14.4681
-14.429
-14.3874
-14.3454
-14.3075
-14.273
-12.788
-12.7886
-12.7913
-12.7936
-12.7933
-12.7855
-12.7669
-12.7409
-12.7107
-12.6766
-12.6383
-12.5956
-12.5491
-12.5017
-12.4587
-12.4211
-11.0523
-11.0382
-11.0295
-11.0241
-11.0189
-11.0074
-10.9863
-10.9591
-10.928
-10.8928
-10.8531
-10.8086
-10.7599
-10.71
-10.6647
-10.6256
-9.44788
-9.42216
-9.40472
-9.39331
-9.38388
-9.36885
-9.34552
-9.31718
-9.28545
-9.2498
-9.20956
-9.16452
-9.11537
-9.06493
-9.01909
-8.97983
-8.00476
-7.97096
-7.9469
-7.93058
-7.91706
-7.89838
-7.87274
-7.84342
-7.81128
-7.77555
-7.73557
-7.69113
-7.64291
-7.59366
-7.54893
-7.51041
-6.73765
-6.69986
-6.67241
-6.65321
-6.63631
-6.61433
-6.58698
-6.5572
-6.5251
-6.48979
-6.45063
-6.40749
-6.36104
-6.31387
-6.27109
-6.23382
-5.63971
-5.60019
-5.57121
-5.54981
-5.52877
-5.50312
-5.4745
-5.44462
-5.41283
-5.37822
-5.34028
-5.2989
-5.25476
-5.21025
-5.16994
-5.13427
-4.69721
-4.65783
-4.62885
-4.60606
-4.58189
-4.55397
-4.52489
-4.49512
-4.46375
-4.42998
-4.39339
-4.35392
-4.31225
-4.27063
-4.2331
-4.19936
-3.88992
-3.85147
-3.82274
-3.79899
-3.77334
-3.74475
-3.71569
-3.6862
-3.65538
-3.62257
-3.58744
-3.54997
-3.51085
-3.47221
-3.43757
-3.40581
-3.20011
-3.16346
-3.13521
-3.10964
-3.08209
-3.05337
-3.02491
-2.99614
-2.96623
-2.93466
-2.90116
-2.86579
-2.82921
-2.79342
-2.76146
-2.73147
-2.60753
-2.5732
-2.54559
-2.51825
-2.48925
-2.46067
-2.43273
-2.40459
-2.37554
-2.34516
-2.31323
-2.27983
-2.24559
-2.2124
-2.1829
-2.15446
-2.09631
-2.06386
-2.03681
-2.00939
-1.9806
-1.9525
-1.92505
-1.89748
-1.86922
-1.83992
-1.80942
-1.7778
-1.7457
-1.71485
-1.68758
-1.66053
-1.65448
-1.6235
-1.59586
-1.56775
-1.53945
-1.51213
-1.4854
-1.45859
-1.43124
-1.40307
-1.37399
-1.34407
-1.31393
-1.28521
-1.25997
-1.23413
-1.27017
-1.24062
-1.21225
-1.18336
-1.15553
-1.12892
-1.10286
-1.07679
-1.05032
-1.02325
-0.995471
-0.967095
-0.938698
-0.911832
-0.888353
-0.863534
-0.933201
-0.904559
-0.8764
-0.847886
-0.820636
-0.794548
-0.769006
-0.74353
-0.717814
-0.691675
-0.665043
-0.638016
-0.611139
-0.585882
-0.563959
-0.540008
-0.636994
-0.60871
-0.580683
-0.552742
-0.526109
-0.500545
-0.475515
-0.450624
-0.425615
-0.40034
-0.374748
-0.348935
-0.323411
-0.299572
-0.279041
-0.255838
-0.375729
-0.347079
-0.318725
-0.291409
-0.265492
-0.240531
-0.216071
-0.191796
-0.167494
-0.143046
-0.11842
-0.0937058
-0.0693866
-0.0468103
-0.0275775
-0.00481992
-0.143965
-0.115226
-0.0867566
-0.0599093
-0.0345052
-0.0100095
0.0139718
0.0377058
0.0613744
0.0850768
0.108835
0.132567
0.155825
0.177301
0.195365
0.217783
0.0630353
0.0912925
0.11924
0.145605
0.170625
0.194767
0.218364
0.241648
0.264779
0.287838
0.310841
0.333716
0.356051
0.376596
0.393686
0.415639
0.247938
0.275812
0.303285
0.329231
0.353899
0.377706
0.400941
0.423809
0.446446
0.468921
0.491245
0.513352
0.534868
0.554598
0.570834
0.592373
0.413301
0.441376
0.468371
0.493819
0.518093
0.541548
0.564422
0.586888
0.609064
0.631005
0.652714
0.674135
0.694926
0.713941
0.729408
0.750594
0.56163
0.589923
0.616582
0.641644
0.665581
0.688708
0.711235
0.733316
0.755056
0.776499
0.797644
0.818444
0.838586
0.856973
0.871748
0.89263
0.694925
0.722807
0.74908
0.77389
0.797616
0.820519
0.842787
0.864563
0.885942
0.906963
0.927622
0.94788
0.967458
0.985304
0.999457
1.02009
0.815815
0.843065
0.868783
0.893221
0.916641
0.93925
0.961213
0.982661
1.00367
1.02428
1.04448
1.06424
1.0833
1.10066
1.11425
1.13466
0.923739
0.950579
0.975953
1.0001
1.02324
1.04558
1.06726
1.08841
1.1091
1.12934
1.14913
1.16844
1.18705
1.20399
1.21708
1.2373
1.01926
1.04595
1.07118
1.09517
1.11816
1.14032
1.1618
1.18271
1.20312
1.22305
1.24248
1.2614
1.27962
1.29621
1.30884
1.3289
1.10411
1.13067
1.15579
1.17968
1.20254
1.22457
1.24588
1.26659
1.28676
1.30641
1.32553
1.3441
1.36196
1.37823
1.39045
1.41038
1.17938
1.2058
1.23081
1.2546
1.27736
1.29925
1.32041
1.34094
1.3609
1.38029
1.39912
1.41737
1.43491
1.45091
1.46275
1.48256
1.24587
1.27217
1.29707
1.32077
1.34342
1.3652
1.38622
1.40658
1.42634
1.4455
1.46407
1.48203
1.49927
1.51502
1.52651
1.54622
1.30431
1.33051
1.35532
1.37892
1.40148
1.42315
1.44404
1.46424
1.48381
1.50276
1.52108
1.53877
1.55574
1.57127
1.58243
1.60206
1.35541
1.38149
1.40622
1.42973
1.4522
1.47376
1.49453
1.51458
1.53398
1.55272
1.57081
1.58825
1.60498
1.62031
1.63117
1.65071
1.39972
1.42571
1.45035
1.47378
1.49616
1.51763
1.53828
1.55819
1.57742
1.59598
1.61386
1.63107
1.64757
1.66273
1.67329
1.69278
1.43781
1.46371
1.48827
1.51163
1.53393
1.5553
1.57584
1.59562
1.6147
1.63309
1.65078
1.66777
1.68406
1.69906
1.70936
1.72879
1.47017
1.496
1.52048
1.54377
1.566
1.58728
1.60772
1.62739
1.64633
1.66456
1.68206
1.69886
1.71495
1.72982
1.73987
1.75925
1.49729
1.52304
1.54746
1.57069
1.59284
1.61405
1.63439
1.65395
1.67276
1.69084
1.70818
1.7248
1.74071
1.75546
1.76529
1.78462
1.51958
1.54527
1.56963
1.59279
1.61488
1.63601
1.65627
1.67573
1.69442
1.71237
1.72956
1.74601
1.76175
1.77641
1.78602
1.80531
1.53746
1.56308
1.58738
1.61049
1.63252
1.65359
1.67376
1.69312
1.71171
1.72953
1.74658
1.76288
1.77848
1.79304
1.80246
1.82172
1.55124
1.57681
1.60106
1.62412
1.6461
1.6671
1.68721
1.70648
1.72497
1.74268
1.75961
1.77577
1.79122
1.80571
1.81496
1.83419
1.56129
1.5868
1.61101
1.63403
1.65596
1.6769
1.69694
1.71613
1.73453
1.75214
1.76896
1.78499
1.80032
1.81475
1.82384
1.84304
1.56793
1.5934
1.61757
1.64054
1.66242
1.68331
1.70329
1.72241
1.74072
1.75824
1.77495
1.79088
1.8061
1.82046
1.82942
1.8486
1.57139
1.59682
1.62095
1.64388
1.66573
1.68657
1.70649
1.72555
1.74379
1.76123
1.77785
1.79367
1.80879
1.82311
1.83194
1.8511
1.57197
1.59735
1.62144
1.64434
1.66614
1.68694
1.70681
1.72581
1.74398
1.76135
1.77789
1.79362
1.80865
1.82292
1.83165
1.8508
1.56999
1.59531
1.61935
1.6422
1.66396
1.68471
1.70453
1.72348
1.74159
1.75889
1.77536
1.79101
1.80596
1.8202
1.82885
1.84797
1.56545
1.59073
1.61474
1.63756
1.65928
1.68
1.69978
1.71869
1.73676
1.754
1.77041
1.786
1.80089
1.8151
1.82368
1.84279
1.55867
1.58392
1.6079
1.63069
1.65238
1.67307
1.69281
1.71168
1.7297
1.74691
1.76327
1.77881
1.79364
1.80784
1.81636
1.83546
1.54983
1.57507
1.59903
1.6218
1.64348
1.66415
1.68388
1.70272
1.72071
1.73788
1.75421
1.76971
1.78451
1.79868
1.80716
1.82625
1.53909
1.56431
1.58826
1.61103
1.63271
1.65337
1.67308
1.69191
1.70989
1.72704
1.74335
1.75881
1.77358
1.78774
1.79619
1.81527
1.52645
1.55167
1.57563
1.5984
1.62008
1.64075
1.66046
1.67928
1.69725
1.71439
1.73068
1.74613
1.76087
1.77502
1.78345
1.80253
1.51208
1.53731
1.56128
1.58407
1.60576
1.62643
1.64615
1.66497
1.68294
1.70008
1.71636
1.7318
1.74653
1.76067
1.76909
1.78815
1.49606
1.52132
1.54532
1.56812
1.58983
1.61052
1.63025
1.64908
1.66706
1.6842
1.70049
1.71592
1.73063
1.74478
1.75318
1.77224
1.47845
1.50376
1.52779
1.55063
1.57237
1.59308
1.61284
1.63169
1.64969
1.66684
1.68314
1.69857
1.71328
1.72743
1.73581
1.75486
1.45934
1.4847
1.50878
1.53167
1.55345
1.5742
1.59398
1.61287
1.63089
1.64806
1.66437
1.67981
1.69451
1.70866
1.71703
1.73607
1.43881
1.46424
1.48838
1.51133
1.53315
1.55394
1.57377
1.59268
1.61073
1.62793
1.64425
1.6597
1.6744
1.68856
1.69691
1.71594
1.41686
1.44239
1.46661
1.48962
1.51151
1.53235
1.55222
1.57118
1.58926
1.60649
1.62283
1.63829
1.65298
1.66716
1.67548
1.6945
1.39359
1.41922
1.44354
1.46662
1.48858
1.50948
1.5294
1.5484
1.56652
1.58377
1.60014
1.6156
1.63029
1.64449
1.65275
1.67177
1.36898
1.39472
1.41913
1.44229
1.46431
1.48526
1.50522
1.52425
1.5424
1.55966
1.57603
1.59148
1.60614
1.62034
1.62853
1.64753
1.34317
1.36903
1.39354
1.4168
1.43889
1.45991
1.47993
1.49901
1.51718
1.53447
1.55085
1.56628
1.58091
1.59511
1.60322
1.6222
1.31612
1.34213
1.36676
1.39012
1.4123
1.4334
1.45349
1.47263
1.49086
1.5082
1.5246
1.54005
1.55467
1.56892
1.57695
1.59597
1.28787
1.31399
1.33872
1.36216
1.38441
1.40556
1.42569
1.44485
1.46309
1.48042
1.49681
1.51221
1.52677
1.54107
1.54893
1.56802
1.25843
1.28462
1.3094
1.33288
1.35516
1.37632
1.39646
1.41561
1.43384
1.45114
1.46747
1.4828
1.49726
1.5116
1.51924
1.53833
1.22795
1.25421
1.27904
1.30255
1.32484
1.34601
1.36612
1.38524
1.40342
1.42065
1.43691
1.45213
1.46646
1.48083
1.48823
1.5073
1.19646
1.22277
1.24763
1.27115
1.29344
1.3146
1.33469
1.35378
1.3719
1.38908
1.40526
1.42037
1.43456
1.44897
1.45612
1.47519
1.16422
1.19056
1.21544
1.23898
1.26127
1.28241
1.30247
1.32151
1.33957
1.35667
1.37276
1.38775
1.40177
1.41626
1.42313
1.44221
1.13122
1.15758
1.18247
1.206
1.22828
1.24939
1.26942
1.28841
1.30641
1.32342
1.33942
1.35429
1.36812
1.38273
1.38927
1.40834
1.09765
1.12401
1.14889
1.1724
1.19465
1.21573
1.2357
1.25463
1.27255
1.28948
1.30539
1.32013
1.33369
1.34852
1.35463
1.37379
1.06352
1.08986
1.11472
1.13821
1.16044
1.18147
1.20139
1.22025
1.23808
1.25491
1.27072
1.28533
1.29854
1.31369
1.31937
1.33854
1.02906
1.05534
1.08015
1.10358
1.12573
1.14669
1.16652
1.18528
1.20298
1.21967
1.23537
1.24988
1.26253
1.27817
1.28319
1.30246
0.994176
1.02042
1.04518
1.06855
1.09064
1.11153
1.13127
1.14991
1.16749
1.18402
1.19959
1.21414
1.22596
1.24228
1.24684
1.26616
0.959248
0.985414
1.01009
1.03339
1.05539
1.07617
1.09581
1.11434
1.13179
1.14815
1.16352
1.1784
1.18904
1.2056
1.21005
1.22939
0.92401
0.950096
0.974694
0.997907
1.01982
1.04052
1.06004
1.07845
1.09576
1.11198
1.12712
1.14129
1.15341
1.16839
1.17348
1.19252
0.888926
0.914892
0.939368
0.962455
0.984239
1.00479
1.02418
1.04243
1.05957
1.07563
1.09061
1.10442
1.11683
1.13141
1.1367
1.15556
0.853575
0.879445
0.903829
0.926825
0.948514
0.968965
0.988229
1.00634
1.02333
1.03921
1.05399
1.0678
1.08036
1.09442
1.09987
1.1186
0.818493
0.844204
0.868435
0.891278
0.912811
0.933098
0.952187
0.970111
0.986897
1.0026
1.01741
1.03113
1.04353
1.05733
1.06285
1.08149
0.783064
0.808642
0.832746
0.855461
0.876862
0.897008
0.915943
0.933712
0.950411
0.966182
0.980883
0.994356
1.00669
1.02029
1.02585
1.04442
0.747776
0.773185
0.797126
0.81968
0.840918
0.860898
0.87969
0.897434
0.914168
0.92976
0.944195
0.957513
0.969778
0.983227
0.988789
1.00731
0.712248
0.737517
0.761334
0.783771
0.804899
0.824812
0.843639
0.861334
0.877824
0.893188
0.907493
0.920713
0.932911
0.946245
0.951817
0.970312
0.676775
0.701882
0.725561
0.747889
0.768965
0.788861
0.807523
0.824957
0.841259
0.856493
0.870679
0.883785
0.895898
0.90916
0.914699
0.933185
0.641248
0.666201
0.689768
0.712029
0.733005
0.752694
0.77115
0.788445
0.804631
0.819746
0.833816
0.84682
0.858854
0.872085
0.877601
0.896095
0.605661
0.630505
0.653943
0.676011
0.696763
0.716267
0.734578
0.751738
0.767788
0.782774
0.796732
0.809644
0.821598
0.834839
0.840316
0.858848
0.56984
0.59455
0.617816
0.639716
0.660327
0.6797
0.69788
0.714906
0.730823
0.745686
0.759536
0.772356
0.784216
0.797519
0.802913
0.8215
0.533825
0.558378
0.581496
0.603263
0.623737
0.642972
0.661011
0.677901
0.693691
0.708441
0.722205
0.734966
0.746752
0.760195
0.765544
0.784214
0.497612
0.52202
0.545007
0.566646
0.586994
0.606102
0.624015
0.64078
0.656448
0.671089
0.684769
0.69746
0.709109
0.722745
0.727926
0.746689
0.461383
0.485634
0.50847
0.529957
0.550154
0.569109
0.58687
0.603484
0.619012
0.633536
0.647146
0.659817
0.671367
0.685316
0.690391
0.709287
0.425092
0.449163
0.471827
0.49315
0.513188
0.531987
0.549594
0.566061
0.581455
0.595874
0.60942
0.622055
0.633347
0.647789
0.652425
0.671539
0.388733
0.412573
0.435021
0.456139
0.475973
0.49457
0.511983
0.528271
0.543512
0.557817
0.57134
0.584069
0.595093
0.609951
0.614595
0.63377
0.351898
0.375371
0.397471
0.418251
0.437759
0.456048
0.473179
0.489226
0.504277
0.518445
0.531923
0.544838
0.555279
0.570998
0.575228
0.594712
0.314709
0.337718
0.359405
0.379819
0.399009
0.41703
0.433931
0.449783
0.464662
0.478673
0.492025
0.505314
0.515378
0.530815
0.535606
0.554783
0.27558
0.297649
0.318436
0.337997
0.356396
0.373738
0.390137
0.405682
0.420439
0.434456
0.447799
0.460729
0.472338
0.486624
0.492039
0.51106
0.236
0.257081
0.277054
0.295928
0.313725
0.330473
0.346262
0.361237
0.375536
0.389267
0.402486
0.415136
0.426688
0.440472
0.44634
0.465299
0.19027
0.208681
0.226301
0.24334
0.259831
0.275792
0.291221
0.30612
0.320515
0.334343
0.347212
0.359244
0.370762
0.383847
0.390125
0.408775
0.147265
0.163765
0.179524
0.194574
0.209059
0.223098
0.236755
0.250052
0.262981
0.27561
0.288417
0.301251
0.313605
0.326845
0.333609
0.352224
0.0905268
0.101385
0.111747
0.121753
0.131517
0.141146
0.150746
0.160409
0.170218
0.180245
0.190435
0.200686
0.21111
0.22303
0.229236
0.24773
0.0427265
0.0503637
0.058537
0.0671468
0.076099
0.0853072
0.0946928
0.104189
0.113744
0.123326
0.13288
0.142391
0.151933
0.161847
0.170665
0.182196
)
;

boundaryField
{
    frontAndBack
    {
        type            empty;
    }
    inlet
    {
        type            zeroGradient;
    }
    outlet
    {
        type            fixedValue;
        value           uniform 0;
    }
    walls
    {
        type            zeroGradient;
    }
}


// ************************************************************************* //
