/*--------------------------------*- C++ -*----------------------------------*\
| =========                 |                                                 |
| \\      /  F ield         | OpenFOAM: The Open Source CFD Toolbox           |
|  \\    /   O peration     | Version:  v2012                                 |
|   \\  /    A nd           | Website:  www.openfoam.com                      |
|    \\/     M anipulation  |                                                 |
\*---------------------------------------------------------------------------*/
FoamFile
{
    version     2.0;
    format      ascii;
    class       volScalarField;
    location    "0.179";
    object      p;
}
// * * * * * * * * * * * * * * * * * * * * * * * * * * * * * * * * * * * * * //

dimensions      [0 2 -2 0 0 0 0];


internalField   nonuniform List<scalar> 
1900
(
-299.623
-300.722
-301.622
-302.283
-302.96
-303.727
-304.532
-305.361
-305.974
-306.578
-300.077
-300.876
-301.704
-302.38
-303.061
-303.821
-304.632
-305.47
-306.23
-307.05
-300.363
-300.928
-301.696
-302.409
-303.106
-303.867
-304.693
-305.577
-306.47
-307.715
-300.547
-300.991
-301.726
-302.468
-303.178
-303.94
-304.784
-305.709
-306.722
-308.095
-300.645
-301.039
-301.754
-302.505
-303.221
-303.986
-304.848
-305.807
-306.888
-308.277
-300.662
-301.061
-301.78
-302.535
-303.254
-304.027
-304.904
-305.889
-307.004
-308.371
-300.597
-301.056
-301.807
-302.557
-303.277
-304.061
-304.951
-305.952
-307.079
-308.402
-300.445
-301.036
-301.83
-302.557
-303.27
-304.065
-304.969
-305.979
-307.11
-308.391
-300.188
-301.03
-301.891
-302.579
-303.277
-304.077
-304.985
-305.995
-307.118
-308.36
-299.754
-300.929
-301.881
-302.562
-303.26
-304.073
-304.992
-306.009
-307.135
-308.357
-305.92
-318.28
-337.562
-339.208
-320.079
-286.052
-243.02
-198.245
-157.317
-122.528
-94.1835
-71.7607
-54.2948
-40.7515
-30.1876
-21.844
-15.205
-9.87447
-5.51874
-1.89576
1.12839
3.65056
5.78509
7.62595
9.22125
10.589
11.7557
12.7739
13.6669
14.447
15.1238
15.7054
16.2046
16.6311
16.9924
17.299
17.555
17.7621
17.9256
18.0515
18.1449
18.2087
18.2431
18.2485
18.2265
18.181
18.116
18.0328
17.9314
17.8119
17.6749
17.5217
17.3548
17.1755
16.984
16.7807
16.5655
16.3386
16.1013
15.8547
15.5993
15.3351
15.0622
14.7803
14.4898
14.1911
13.8848
13.5714
13.2505
12.9222
12.5867
12.2442
11.8948
11.5389
11.1764
10.8074
10.4319
10.0501
9.66203
9.26806
8.868
8.46224
8.05052
7.63322
7.21017
6.78163
6.34752
5.90806
5.46332
5.01344
4.55855
4.09883
3.63414
3.16499
2.69015
2.21244
1.72483
1.24263
0.733532
0.279208
-309.337
-321.606
-333.412
-332.126
-313.079
-280.334
-239.752
-197.438
-158.318
-124.592
-96.6728
-74.2428
-56.5616
-42.6965
-31.7872
-23.1283
-16.2201
-10.6616
-6.11892
-2.35704
0.757752
3.34866
5.54727
7.44088
9.06998
10.4634
11.6529
12.6876
13.5905
14.3766
15.0568
15.6402
16.1365
16.5599
16.9244
17.2357
17.4954
17.7058
17.8727
18.0022
18.0993
18.1664
18.2023
18.2083
18.1869
18.1422
18.0777
17.9955
17.8951
17.7764
17.64
17.4874
17.321
17.1421
16.951
16.748
16.5332
16.3069
16.07
15.8238
15.5686
15.3046
15.0321
14.7503
14.4599
14.1614
13.8555
13.5422
13.2215
12.8933
12.5579
12.2155
11.8663
11.5104
11.1479
10.7789
10.4034
10.0216
9.6336
9.23956
8.83948
8.43365
8.0219
7.60454
7.18145
6.75286
6.31875
5.87931
5.43461
4.98483
4.53009
4.07059
3.60638
3.13769
2.6645
2.18742
1.70545
1.22185
0.729548
0.25189
-310.271
-317.92
-326.263
-324.072
-306.103
-275.371
-237.271
-197.127
-159.467
-126.594
-99.0065
-76.5622
-58.6833
-44.5359
-33.3281
-24.4083
-17.2812
-11.5339
-6.83323
-2.95042
0.260032
2.93791
5.2198
7.18122
8.85651
10.2845
11.5111
12.5785
13.5041
14.304
14.9928
15.5835
16.0837
16.5084
16.8766
17.1913
17.4525
17.6637
17.8311
17.9614
18.058
18.1232
18.158
18.1638
18.1432
18.0999
18.0374
17.9568
17.8575
17.7404
17.6056
17.4546
17.2896
17.1115
16.921
16.7179
16.5025
16.2759
16.0393
15.7934
15.5383
15.2744
15.0022
14.7208
14.4306
14.1325
13.827
13.5138
13.1933
12.8652
12.5299
12.1876
11.8385
11.4826
11.1202
10.7511
10.3756
9.99377
9.60575
9.21166
8.81151
8.40558
7.99376
7.57631
7.15317
6.72452
6.2904
5.85094
5.40629
4.95658
4.50201
4.04271
3.57899
3.11076
2.63927
2.16289
1.68653
1.20185
0.727115
0.223765
-310.492
-316.294
-321.939
-318.557
-301.089
-271.666
-235.203
-196.608
-160.105
-127.985
-100.752
-78.3671
-60.3688
-46.0134
-34.5741
-25.4451
-18.1353
-12.2265
-7.39336
-3.41268
-0.124756
2.6175
4.94768
6.94229
8.64079
10.085
11.3261
12.4094
13.3506
14.1616
14.8606
15.4647
15.9835
16.4266
16.8081
17.133
17.4028
17.6218
17.7956
17.9308
18.0288
18.093
18.1277
18.1338
18.1134
18.0708
18.0088
17.928
17.8276
17.7086
17.5726
17.4217
17.2576
17.0802
16.8903
16.6873
16.4715
16.2449
16.009
15.7638
15.5093
15.2455
14.9726
14.6908
14.4009
14.1032
13.798
13.485
13.1647
12.8366
12.5015
12.1593
11.8103
11.4545
11.0919
10.7229
10.3473
9.96542
9.57729
9.18313
8.78287
8.37679
7.96487
7.5473
7.12411
6.69539
6.26127
5.8218
5.37723
4.92758
4.47321
4.01411
3.5509
3.08316
2.61336
2.13775
1.66708
1.18108
0.723993
0.196
-310.518
-314.805
-318.111
-313.455
-296.276
-267.995
-233.033
-195.92
-160.559
-129.165
-102.282
-79.9719
-61.8754
-47.3406
-35.7033
-26.3914
-18.9195
-12.8668
-7.91218
-3.84142
-0.48442
2.31989
4.70131
6.73237
8.45659
9.92336
11.1854
12.2859
13.2423
14.064
14.7686
15.374
15.8968
16.3457
16.7287
17.053
17.3232
17.5436
17.7204
17.8593
17.9618
18.0314
18.0722
18.0845
18.0703
18.0333
17.9756
17.8978
17.7994
17.6815
17.5467
17.3971
17.2336
17.0565
16.8669
16.6639
16.4479
16.2214
15.9855
15.7402
15.4854
15.2208
14.9464
14.6635
14.3732
14.0753
13.7697
13.4562
13.1353
12.8067
12.4714
12.1289
11.7796
11.4236
11.0609
10.6917
10.316
9.93404
9.54586
9.15168
8.75155
8.34557
7.93371
7.51615
7.09303
6.66434
6.23032
5.79091
5.34649
4.89699
4.44288
3.98406
3.52138
3.0542
2.58603
2.11132
1.6459
1.15932
0.718406
0.171098
-310.4
-313.509
-315.041
-309.398
-292.508
-265.228
-231.494
-195.545
-161.049
-130.181
-103.555
-81.2948
-63.1102
-48.422
-36.6263
-27.1691
-19.5596
-13.3853
-8.33635
-4.19674
-0.78353
2.07409
4.49874
6.55633
8.29858
9.78336
11.0645
12.1774
13.1415
13.9691
14.6789
15.2907
15.8204
16.2761
16.6641
16.9905
17.262
17.4859
17.6672
17.8099
17.9147
17.9836
18.0221
18.0338
18.02
17.9832
17.925
17.8461
17.7471
17.6297
17.4965
17.349
17.1874
17.0123
16.8242
16.6229
16.409
16.1844
15.9499
15.7057
15.4518
15.1879
14.9141
14.6319
14.3419
14.044
13.7381
13.4242
13.1029
12.7738
12.4381
12.0953
11.7458
11.3895
11.0266
10.6572
10.2816
9.89959
9.51155
9.11743
8.71742
8.31146
7.89971
7.48225
7.05928
6.63072
6.19687
5.75761
5.31341
4.86412
4.41032
3.95186
3.48972
3.02319
2.55647
2.08289
1.62172
1.13606
0.707816
0.152307
-310.21
-312.445
-312.668
-306.232
-289.501
-262.955
-230.134
-195.076
-161.266
-130.84
-104.467
-82.2814
-64.0524
-49.269
-37.3654
-27.8025
-20.0851
-13.8107
-8.6928
-4.50486
-1.04076
1.86779
4.32416
6.39524
8.15289
9.66009
10.9595
12.0809
13.0473
13.8812
14.6009
15.22
15.7546
16.2133
16.6028
16.9332
17.2086
17.4341
17.6172
17.7614
17.8674
17.9381
17.9779
17.9912
17.9797
17.945
17.8877
17.8091
17.7106
17.5942
17.4617
17.314
17.1517
16.9753
16.7857
16.5834
16.3689
16.1434
15.9078
15.6626
15.4079
15.1434
14.8695
14.5871
14.297
13.9992
13.6935
13.3801
13.0591
12.7307
12.3956
12.0534
11.7046
11.3489
10.9866
10.6176
10.2426
9.86099
9.47352
9.07976
8.68009
8.27438
7.863
7.44593
7.02331
6.59513
6.16161
5.72271
5.27883
4.82991
4.37647
3.91843
3.45684
2.991
2.52543
2.05316
1.59469
1.11177
0.690372
0.143276
-310.014
-311.622
-310.914
-303.872
-287.218
-261.199
-229.052
-194.666
-161.384
-131.313
-105.164
-83.0544
-64.7964
-49.955
-37.9819
-28.3271
-20.5149
-14.1741
-9.0091
-4.76729
-1.2472
1.69465
4.16471
6.25285
8.03551
9.56298
10.8695
11.992
12.9653
13.8107
14.539
15.1604
15.6938
16.1545
16.5494
16.8842
17.161
17.386
17.5688
17.7147
17.8236
17.8961
17.9359
17.9488
17.9377
17.9034
17.8463
17.7676
17.669
17.5527
17.4199
17.272
17.1093
16.9328
16.7432
16.5412
16.327
16.1014
15.8653
15.6198
15.3648
15.1002
14.8261
14.5433
14.2525
13.9541
13.6481
13.3341
13.0128
12.684
12.3487
12.0061
11.657
11.3012
10.9388
10.5699
10.1949
9.81343
9.42617
9.03275
8.63341
8.22822
7.8174
7.40098
6.97898
6.55148
6.11862
5.6804
5.23714
4.78884
4.33598
3.8785
3.41755
2.95242
2.48775
2.01696
1.55963
1.08118
0.660174
0.138639
-309.856
-311.036
-309.718
-302.257
-285.628
-259.948
-228.241
-194.297
-161.363
-131.532
-105.535
-83.4761
-65.2192
-50.3524
-38.3284
-28.6173
-20.7629
-14.3909
-9.19344
-4.9204
-1.3756
1.58275
4.06422
6.164
7.95588
9.48811
10.7977
11.9243
12.9022
13.7512
14.4814
15.1043
15.6394
16.1029
16.5005
16.8365
17.1139
17.3399
17.5241
17.6717
17.782
17.8553
17.8955
17.9091
17.8991
17.8659
17.8095
17.7313
17.6333
17.5178
17.3859
17.2386
17.0765
16.9004
16.7111
16.5094
16.2955
16.0701
15.8343
15.589
15.3343
15.0701
14.7964
14.514
14.2237
13.9259
13.6205
13.3073
12.9866
12.6586
12.3243
11.9824
11.6337
11.2784
10.9166
10.5482
10.1736
9.79264
9.40565
9.01248
8.61327
8.20801
7.79714
7.38064
6.95862
6.53105
6.09817
5.6599
5.21663
4.7683
4.31546
3.85809
3.39727
2.93226
2.46758
1.99757
1.53981
1.06573
0.639703
0.148962
-309.799
-310.776
-309.167
-301.515
-284.923
-259.448
-228.001
-194.311
-161.572
-131.866
-105.94
-83.902
-65.6278
-50.7234
-38.6589
-28.9117
-21.0232
-14.6184
-9.39449
-5.1027
-1.53941
1.44394
3.94218
6.05025
7.84734
9.3862
10.7027
11.8331
12.8126
13.6636
14.397
15.0228
15.5597
16.0244
16.4235
16.7612
17.0404
17.2677
17.4528
17.6012
17.7126
17.787
17.8283
17.8426
17.8333
17.8009
17.7451
17.6675
17.5702
17.4552
17.3239
17.177
17.0153
16.8397
16.6509
16.4497
16.2364
16.0115
15.7762
15.5312
15.2769
15.0131
14.7398
14.4577
14.1677
13.8699
13.5647
13.2515
12.931
12.6029
12.2684
11.9274
11.5791
11.2239
10.8622
10.494
10.1195
9.73885
9.35204
8.95914
8.56028
8.15562
7.74502
7.32874
6.9069
6.47947
6.04667
5.60845
5.16524
4.7169
4.26414
3.80678
3.34619
2.88158
2.41693
1.94791
1.48892
1.0201
0.591362
0.112923
-314.073
-315.342
-316.519
-316.763
-316.246
-314.976
-313.67
-313.762
-333.208
-334.724
-335.67
-336.006
-335.684
-334.97
-334.106
-333.757
-348.321
-351.157
-352.673
-353.239
-353.129
-352.819
-352.512
-352.172
-346.898
-350.263
-352.116
-352.862
-352.689
-352.174
-351.696
-351.058
-325.752
-328.652
-330.387
-330.946
-330.605
-329.869
-329.084
-328.157
-289.994
-292.05
-293.341
-293.795
-293.469
-292.521
-291.108
-289.508
-244.964
-246.037
-246.888
-247.289
-247.031
-246.003
-244.217
-242.159
-198.427
-198.458
-198.712
-198.927
-198.648
-197.567
-195.616
-193.372
-156.289
-155.593
-155.331
-155.236
-154.834
-153.718
-151.763
-149.557
-120.786
-119.663
-119.117
-118.845
-118.356
-117.253
-115.405
-113.362
-92.2236
-90.9975
-90.3501
-89.9557
-89.3942
-88.3498
-86.6755
-84.8494
-69.8827
-68.7298
-68.0931
-67.6289
-67.0283
-66.0687
-64.5947
-63.0108
-52.6372
-51.6272
-51.0386
-50.573
-49.9927
-49.1289
-47.8509
-46.4895
-39.3749
-38.5378
-38.0331
-37.602
-37.0666
-36.306
-35.2169
-34.0628
-29.0889
-28.4082
-27.9646
-27.5667
-27.0916
-26.4359
-25.5143
-24.5375
-21.0005
-20.4621
-20.0604
-19.6819
-19.266
-18.7074
-17.9289
-17.0868
-14.5692
-14.1451
-13.7941
-13.4512
-13.0869
-12.6081
-11.9477
-11.191
-9.39798
-9.06235
-8.76545
-8.46801
-8.1492
-7.73589
-7.17342
-6.49517
-5.16188
-4.89621
-4.649
-4.39501
-4.1173
-3.75819
-3.27493
-2.68603
-1.62444
-1.41508
-1.21053
-0.995559
-0.75503
-0.442108
-0.022568
0.488349
1.34884
1.52027
1.69567
1.87702
2.08433
2.35748
2.72401
3.17009
3.84008
3.98696
4.14264
4.29959
4.48138
4.72268
5.04611
5.43931
5.94607
6.07065
6.20612
6.34501
6.50875
6.726
7.01529
7.36596
7.7618
7.86733
7.98371
8.10662
8.25442
8.45082
8.71121
9.02647
9.33869
9.43017
9.53295
9.6433
9.77735
9.95545
10.1907
10.4756
10.6996
10.7864
10.8773
10.977
11.0998
11.2626
11.4765
11.7354
11.8646
11.9521
12.0357
12.1267
12.2396
12.3893
12.5847
12.8214
12.8721
12.9524
13.0293
13.1141
13.2199
13.359
13.5392
13.7572
13.7542
13.8267
13.8969
13.9759
14.0747
14.2043
14.3709
14.5725
14.5248
14.591
14.6563
14.7305
14.8235
14.9446
15.0991
15.2862
15.1937
15.2547
15.3158
15.386
15.4738
15.5875
15.7313
15.9055
15.7688
15.8251
15.8829
15.9496
16.033
16.1401
16.2744
16.4372
16.264
16.3153
16.3693
16.4326
16.5118
16.6129
16.7386
16.8912
16.6873
16.7345
16.7852
16.8453
16.9207
17.0164
17.1344
17.2781
17.0455
17.0902
17.1388
17.1965
17.2686
17.3596
17.4709
17.6066
17.3493
17.3921
17.4388
17.4942
17.5633
17.65
17.7551
17.8835
17.6032
17.6443
17.6893
17.7426
17.809
17.8917
17.991
18.1128
17.8085
17.8483
17.8921
17.9437
18.0076
18.0868
18.1811
18.2968
17.9702
18.0089
18.0514
18.1014
18.1633
18.2392
18.3289
18.4392
18.0942
18.1317
18.1729
18.2216
18.2814
18.3544
18.4398
18.5453
18.1857
18.2218
18.2618
18.309
18.3669
18.4372
18.5186
18.6196
18.2475
18.2824
18.3211
18.3669
18.4229
18.4906
18.5684
18.6653
18.2807
18.3144
18.352
18.3965
18.4509
18.5161
18.5906
18.6837
18.2851
18.3181
18.3551
18.3985
18.4514
18.5145
18.5859
18.6755
18.2623
18.2949
18.3313
18.3739
18.4256
18.4868
18.5553
18.6418
18.2162
18.2481
18.2838
18.3256
18.3761
18.4355
18.5015
18.585
18.1506
18.1817
18.2165
18.2574
18.3065
18.3642
18.4277
18.5086
18.0665
18.0969
18.1311
18.1712
18.2192
18.2752
18.3365
18.4148
17.9643
17.9944
18.0281
18.0674
18.1144
18.1688
18.228
18.304
17.8444
17.8741
17.9073
17.9459
17.9919
18.0449
18.102
18.1758
17.7068
17.7361
17.7688
17.8069
17.852
17.9037
17.9589
18.0307
17.5533
17.5822
17.6145
17.652
17.6962
17.7467
17.8003
17.8703
17.3859
17.4145
17.4464
17.4833
17.5268
17.5761
17.6281
17.6963
17.2063
17.2345
17.266
17.3024
17.3451
17.3933
17.4437
17.5104
17.0145
17.0424
17.0735
17.1095
17.1514
17.1986
17.2476
17.3127
16.8108
16.8384
16.8692
16.9047
16.9459
16.9921
17.0397
17.1034
16.5952
16.6225
16.653
16.688
16.7285
16.7738
16.8201
16.8824
16.3681
16.3952
16.4253
16.4599
16.4998
16.5442
16.5893
16.6504
16.1304
16.1573
16.1871
16.2213
16.2607
16.3043
16.3482
16.4082
15.8836
15.9102
15.9398
15.9735
16.0124
16.0551
16.098
16.1569
15.6279
15.6543
15.6836
15.717
15.7553
15.7973
15.8391
15.897
15.3636
15.3898
15.4188
15.4518
15.4895
15.5308
15.5716
15.6285
15.0904
15.1163
15.1451
15.1777
15.2149
15.2555
15.2954
15.3513
14.8082
14.834
14.8624
14.8947
14.9314
14.9713
15.0103
15.0654
14.5175
14.543
14.5712
14.6031
14.6394
14.6787
14.7169
14.7712
14.2186
14.244
14.2721
14.3037
14.3395
14.3783
14.4156
14.4692
13.9123
13.9375
13.9654
13.9967
14.0322
14.0703
14.107
14.1599
13.5987
13.6238
13.6515
13.6825
13.7175
13.7552
13.7911
13.8433
13.2777
13.3026
13.3301
13.3609
13.3955
13.4327
13.4679
13.5194
12.9493
12.9741
13.0014
13.0319
13.0662
13.1028
13.1374
13.1883
12.6136
12.6383
12.6654
12.6957
12.7297
12.7659
12.7998
12.8502
12.271
12.2956
12.3225
12.3526
12.3862
12.422
12.4553
12.5052
11.9215
11.946
11.9728
12.0028
12.0361
12.0714
12.1043
12.1536
11.5656
11.59
11.6166
11.6463
11.6793
11.7143
11.7466
11.7954
11.203
11.2273
11.2539
11.2834
11.3161
11.3507
11.3825
11.431
10.8339
10.8582
10.8847
10.914
10.9464
10.9806
11.0119
11.0599
10.4584
10.4826
10.509
10.5382
10.5703
10.6043
10.6351
10.6827
10.0766
10.1007
10.127
10.156
10.1879
10.2214
10.2518
10.299
9.6885
9.71261
9.73882
9.76768
9.79938
9.83264
9.86262
9.9095
9.29451
9.31857
9.34468
9.37336
9.4048
9.43772
9.46726
9.51377
8.89447
8.91852
8.94458
8.97314
9.00438
9.03704
9.06622
9.11241
8.48872
8.51273
8.5387
8.56711
8.5981
8.63045
8.65921
8.70505
8.07703
8.10103
8.12696
8.15525
8.18607
8.21819
8.24664
8.29221
7.65974
7.68373
7.70959
7.73776
7.76837
7.80022
7.82838
7.87372
7.23671
7.26069
7.28651
7.31458
7.34502
7.37668
7.40492
7.45072
6.80816
6.83211
6.85785
6.88578
6.91601
6.94735
6.97541
7.02131
6.37404
6.39794
6.4236
6.45142
6.48146
6.51256
6.54034
6.586
5.93454
5.95839
5.98395
6.01162
6.04149
6.07236
6.09985
6.14526
5.48973
5.51349
5.53893
5.56643
5.59607
5.62668
5.65386
5.69894
5.03976
5.06342
5.08875
5.1161
5.14554
5.17596
5.20288
5.24776
4.58469
4.60819
4.63332
4.66042
4.68956
4.71965
4.74618
4.79063
4.12478
4.14812
4.17307
4.19999
4.22892
4.25881
4.28515
4.32951
3.65966
3.68263
3.70721
3.73374
3.76227
3.79178
3.8177
3.86165
3.19013
3.21278
3.23703
3.2632
3.29136
3.32052
3.34611
3.38982
2.71391
2.73547
2.75877
2.78414
2.81163
2.84032
2.86561
2.9092
2.23573
2.25686
2.27966
2.30443
2.33125
2.35925
2.38391
2.42682
1.74347
1.76112
1.78103
1.80359
1.8289
1.85614
1.88071
1.92464
1.26279
1.28122
1.3012
1.32309
1.34702
1.37226
1.39484
1.43516
0.739322
0.746891
0.757982
0.773176
0.792872
0.815953
0.8349
0.883319
0.302164
0.32022
0.336607
0.35174
0.366661
0.383732
0.400924
0.376905
)
;

boundaryField
{
    frontAndBack
    {
        type            empty;
    }
    inlet
    {
        type            zeroGradient;
    }
    outlet
    {
        type            fixedValue;
        value           uniform 0;
    }
    walls
    {
        type            zeroGradient;
    }
}


// ************************************************************************* //
