/*--------------------------------*- C++ -*----------------------------------*\
| =========                 |                                                 |
| \\      /  F ield         | OpenFOAM: The Open Source CFD Toolbox           |
|  \\    /   O peration     | Version:  v2012                                 |
|   \\  /    A nd           | Website:  www.openfoam.com                      |
|    \\/     M anipulation  |                                                 |
\*---------------------------------------------------------------------------*/
FoamFile
{
    version     2.0;
    format      ascii;
    class       volScalarField;
    location    "0.27";
    object      p;
}
// * * * * * * * * * * * * * * * * * * * * * * * * * * * * * * * * * * * * * //

dimensions      [0 2 -2 0 0 0 0];


internalField   nonuniform List<scalar> 
1900
(
-299.623
-300.722
-301.622
-302.283
-302.96
-303.727
-304.532
-305.361
-305.974
-306.578
-300.077
-300.876
-301.704
-302.38
-303.06
-303.821
-304.632
-305.47
-306.23
-307.05
-300.363
-300.928
-301.696
-302.409
-303.106
-303.867
-304.693
-305.577
-306.47
-307.715
-300.547
-300.991
-301.726
-302.468
-303.178
-303.94
-304.784
-305.709
-306.722
-308.095
-300.645
-301.039
-301.753
-302.505
-303.221
-303.986
-304.848
-305.807
-306.888
-308.277
-300.662
-301.061
-301.78
-302.535
-303.254
-304.027
-304.904
-305.889
-307.004
-308.372
-300.597
-301.056
-301.807
-302.557
-303.277
-304.06
-304.951
-305.952
-307.079
-308.403
-300.445
-301.036
-301.83
-302.557
-303.27
-304.065
-304.969
-305.979
-307.11
-308.391
-300.188
-301.03
-301.891
-302.579
-303.277
-304.077
-304.985
-305.995
-307.118
-308.36
-299.754
-300.929
-301.881
-302.562
-303.26
-304.073
-304.992
-306.009
-307.135
-308.357
-305.92
-318.28
-337.562
-339.208
-320.079
-286.053
-243.019
-198.247
-157.319
-122.523
-94.1854
-71.7703
-54.2911
-40.7373
-30.1913
-21.8621
-15.2054
-9.8552
-5.51174
-1.91215
1.11543
3.6593
5.79998
7.62554
9.20954
10.584
11.7618
12.7811
13.668
14.4432
15.1198
15.7047
16.2069
16.634
16.993
17.2966
17.5522
17.7615
17.9273
18.0533
18.1452
18.2074
18.2411
18.2478
18.2278
18.1828
18.1164
18.0315
17.9297
17.8113
17.6755
17.5228
17.3554
17.1751
16.9829
16.7797
16.5654
16.3392
16.1019
15.8548
15.5989
15.3345
15.0619
14.7804
14.4901
14.1913
13.8848
13.5712
13.2503
12.9221
12.5867
12.2442
11.8948
11.5388
11.1762
10.8072
10.4318
10.05
9.66199
9.26798
8.86789
8.46214
8.05046
7.63318
7.21014
6.78158
6.34748
5.90802
5.46329
5.01343
4.55855
4.09882
3.63413
3.16498
2.69015
2.21244
1.72484
1.24263
0.733533
0.279207
-309.337
-321.606
-333.413
-332.127
-313.079
-280.334
-239.751
-197.441
-158.319
-124.587
-96.6767
-74.2506
-56.556
-42.6854
-31.7942
-23.1427
-16.2158
-10.6451
-6.11763
-2.37279
0.750172
3.35852
5.55854
7.43853
9.06
10.4605
11.6586
12.6935
13.5911
14.3731
15.0532
15.6397
16.1391
16.5627
16.9247
17.233
17.4926
17.7056
17.8747
18.004
18.0993
18.1649
18.2004
18.2079
18.1885
18.144
18.0779
17.994
17.8935
17.776
17.6408
17.4884
17.3214
17.1416
16.9499
16.7471
16.5332
16.3075
16.0706
15.8238
15.5682
15.3041
15.0318
14.7504
14.4602
14.1616
13.8555
13.542
13.2213
12.8932
12.5579
12.2155
11.8663
11.5103
11.1478
10.7788
10.4033
10.0216
9.63354
9.23948
8.83938
8.43356
8.02184
7.60449
7.18141
6.75282
6.3187
5.87927
5.43458
4.98481
4.53008
4.07058
3.60637
3.13768
2.6645
2.18742
1.70545
1.22185
0.729548
0.25189
-310.271
-317.92
-326.263
-324.073
-306.103
-275.372
-237.27
-197.131
-159.466
-126.589
-99.0122
-76.5677
-58.6753
-44.5289
-33.3378
-24.4176
-17.2727
-11.5217
-6.83801
-2.96445
0.260163
2.94996
5.22359
7.17337
8.85045
10.288
11.5168
12.5802
13.503
14.3016
14.9904
15.5828
16.0861
16.5114
16.8768
17.1883
17.4496
17.6637
17.8334
17.9631
18.0579
18.1214
18.156
18.1637
18.1451
18.1016
18.0372
17.955
17.8561
17.7403
17.6066
17.4555
17.2898
17.1109
16.9199
16.7172
16.5027
16.2766
16.0397
15.7933
15.5378
15.2739
15.002
14.7209
14.4308
14.1327
13.8269
13.5136
13.1931
12.8651
12.53
12.1876
11.8384
11.4825
11.12
10.751
10.3755
9.99372
9.60569
9.21157
8.81142
8.40549
7.9937
7.57626
7.15313
6.72448
6.29035
5.85091
5.40627
4.95656
4.502
4.0427
3.57898
3.11076
2.63926
2.16289
1.68653
1.20185
0.727115
0.223765
-310.492
-316.294
-321.939
-318.557
-301.089
-271.666
-235.203
-196.611
-160.103
-127.982
-100.759
-78.3695
-60.359
-46.0107
-34.5857
-25.4498
-18.1245
-12.219
-7.40133
-3.42306
-0.121155
2.62862
4.94853
6.93287
8.63571
10.0907
11.3329
12.4085
13.3475
14.1606
14.8616
15.4651
15.9832
16.4275
16.8084
17.1311
17.4011
17.6222
17.7974
17.9316
18.0284
18.0913
18.1259
18.1342
18.1157
18.0723
18.0081
17.926
17.8263
17.7088
17.5737
17.4227
17.2577
17.0793
16.889
16.6868
16.4719
16.2456
16.0093
15.7636
15.5089
15.2451
14.9725
14.691
14.4011
14.1033
13.7979
13.4848
13.1645
12.8366
12.5016
12.1593
11.8102
11.4543
11.0918
10.7228
10.3472
9.96535
9.57721
9.18303
8.78278
8.37672
7.96481
7.54724
7.12406
6.69535
6.26123
5.82177
5.3772
4.92756
4.47319
4.0141
3.55089
3.08316
2.61336
2.13775
1.66708
1.18108
0.723993
0.196
-310.518
-314.805
-318.112
-313.455
-296.276
-267.995
-233.033
-195.922
-160.557
-129.165
-102.29
-79.9701
-61.8659
-47.3423
-35.7153
-26.3919
-18.9066
-12.8634
-7.92407
-3.84761
-0.475999
2.32879
4.69749
6.72244
8.455
9.93108
11.192
12.2834
13.2364
14.062
14.7712
15.3783
15.8966
16.3439
16.7281
17.0518
17.3219
17.5443
17.7221
17.8595
17.9612
18.0305
18.071
18.0848
18.0719
18.0342
17.975
17.8965
17.7986
17.6816
17.5474
17.3978
17.2338
17.0557
16.8657
16.6635
16.4485
16.222
15.9856
15.7398
15.4849
15.2205
14.9464
14.6637
14.3734
14.0753
13.7695
13.456
13.1352
12.8067
12.4714
12.1288
11.7795
11.4235
11.0608
10.6916
10.3159
9.93396
9.54577
9.15159
8.75147
8.34551
7.93365
7.51609
7.09297
6.66429
6.23028
5.79088
5.34647
4.89697
4.44286
3.98405
3.52137
3.05419
2.58603
2.11132
1.6459
1.15932
0.718406
0.171098
-310.4
-313.509
-315.041
-309.398
-292.508
-265.228
-231.494
-195.546
-161.048
-130.184
-103.561
-81.2876
-63.1041
-48.43
-36.6343
-27.1634
-19.5493
-13.3882
-8.34857
-4.19708
-0.772092
2.07828
4.49066
6.54887
8.30115
9.79131
11.0674
12.1739
13.1363
13.9689
14.6829
15.2944
15.8188
16.2726
16.6627
16.9915
17.2637
17.4866
17.6668
17.808
17.9131
17.9842
18.0233
18.0344
18.0206
17.9828
17.9239
17.8452
17.7469
17.6303
17.4972
17.3492
17.1872
17.0114
16.8233
16.6227
16.4095
16.1849
15.95
15.7053
15.4513
15.1876
14.9142
14.6322
14.3421
14.0439
13.7379
13.424
13.1028
12.7738
12.4381
12.0952
11.7456
11.3894
11.0265
10.6572
10.2815
9.89949
9.51143
9.11733
8.71735
8.3114
7.89965
7.48218
7.05922
6.63067
6.19683
5.75758
5.31339
4.8641
4.4103
3.95185
3.48971
3.02319
2.55647
2.08289
1.62172
1.13606
0.707816
0.152308
-310.21
-312.446
-312.668
-306.232
-289.501
-262.955
-230.135
-195.076
-161.267
-130.844
-104.468
-82.2744
-64.0513
-49.2793
-37.368
-27.7913
-20.0807
-13.8213
-8.69932
-4.49656
-1.03288
1.86246
4.3166
6.39652
8.15801
9.66226
10.9581
12.0787
13.0473
13.882
14.6019
15.2221
15.7532
16.211
16.6032
16.9333
17.2091
17.435
17.6165
17.7595
17.8666
17.939
17.9792
17.9916
17.9794
17.9441
17.887
17.809
17.711
17.5946
17.4618
17.3138
17.1514
16.9749
16.7852
16.5833
16.3692
16.1438
15.9078
15.6623
15.4074
15.1432
14.8696
14.5874
14.2971
13.999
13.6933
13.3799
13.0591
12.7307
12.3956
12.0534
11.7044
11.3488
10.9865
10.6176
10.2426
9.86089
9.47338
9.07966
8.68002
8.27433
7.86294
7.44586
7.02324
6.59508
6.16158
5.72269
5.27881
4.82988
4.37645
3.91842
3.45683
2.99099
2.52543
2.05316
1.59469
1.11177
0.690372
0.143277
-310.014
-311.622
-310.914
-303.872
-287.218
-261.199
-229.052
-194.665
-161.387
-131.316
-105.159
-83.0514
-64.8029
-49.9588
-37.9761
-28.3226
-20.5198
-14.1787
-9.00567
-4.76308
-1.24957
1.69094
4.16662
6.25578
8.03357
9.56008
10.8718
11.9962
12.9653
13.8068
14.5368
15.1639
15.6967
16.1533
16.547
16.882
17.1616
17.3887
17.5696
17.7124
17.8212
17.8962
17.9378
17.95
17.9375
17.9024
17.8455
17.7674
17.6692
17.5529
17.42
17.2719
17.1092
16.9325
16.7427
16.5408
16.327
16.1018
15.8656
15.6196
15.3643
15.0998
14.8261
14.5435
14.2527
13.9541
13.6478
13.334
13.0127
12.684
12.3487
12.006
11.6568
11.301
10.9388
10.5699
10.1948
9.81333
9.42603
9.03264
8.63335
8.22817
7.81735
7.40091
6.9789
6.55143
6.11859
5.68038
5.23712
4.78882
4.33596
3.87849
3.41754
2.95242
2.48775
2.01696
1.55963
1.08118
0.660175
0.13864
-309.857
-311.036
-309.718
-302.258
-285.629
-259.948
-228.242
-194.298
-161.364
-131.531
-105.534
-83.4785
-65.2204
-50.3505
-38.3269
-28.6183
-20.765
-14.3908
-9.19115
-4.92007
-1.37808
1.58223
4.06689
6.16477
7.95256
9.48636
10.8015
11.9284
12.901
13.7466
14.4798
15.1085
15.6428
16.1011
16.4972
16.8345
17.1153
17.343
17.5248
17.669
17.7793
17.8556
17.8979
17.9104
17.8986
17.8646
17.8087
17.7313
17.6337
17.518
17.3859
17.2384
17.0763
16.9001
16.7106
16.509
16.2955
16.0706
15.8347
15.5888
15.3338
15.0697
14.7964
14.5143
14.2239
13.9258
13.6203
13.3071
12.9866
12.6587
12.3244
11.9823
11.6336
11.2782
10.9165
10.5482
10.1736
9.79255
9.40551
9.01237
8.6132
8.20797
7.79709
7.38057
6.95854
6.53099
6.09814
5.65988
5.21661
4.76827
4.31543
3.85807
3.39726
2.93226
2.46759
1.99757
1.53981
1.06573
0.639703
0.148963
-309.799
-310.777
-309.167
-301.515
-284.923
-259.448
-228.001
-194.311
-161.573
-131.867
-105.939
-83.9018
-65.6292
-50.7243
-38.6577
-28.9102
-21.0245
-14.6206
-9.39337
-5.10038
-1.54041
1.44174
3.94321
6.05224
7.8457
9.38382
10.7049
11.8373
12.8126
13.6595
14.3947
15.0262
15.5633
16.0233
16.4203
16.759
17.0414
17.2707
17.4537
17.5987
17.7099
17.7872
17.8305
17.844
17.8329
17.7996
17.7444
17.6676
17.5705
17.4554
17.3238
17.1769
17.0152
16.8395
16.6505
16.4493
16.2364
16.0119
15.7765
15.5311
15.2764
15.0126
14.7398
14.4579
14.1679
13.8699
13.5645
13.2513
12.9309
12.6029
12.2684
11.9273
11.5789
11.2237
10.8621
10.494
10.1195
9.73876
9.3519
8.95902
8.56022
8.15558
7.74497
7.32866
6.90682
6.47941
6.04664
5.60844
5.16522
4.71687
4.26412
3.80677
3.34618
2.88158
2.41694
1.94791
1.48892
1.0201
0.591363
0.112924
-314.074
-315.343
-316.519
-316.764
-316.246
-314.976
-313.67
-313.762
-333.208
-334.725
-335.671
-336.006
-335.684
-334.97
-334.107
-333.758
-348.321
-351.158
-352.673
-353.24
-353.129
-352.819
-352.512
-352.172
-346.898
-350.263
-352.116
-352.862
-352.69
-352.175
-351.696
-351.058
-325.752
-328.652
-330.388
-330.946
-330.606
-329.869
-329.085
-328.157
-289.994
-292.05
-293.342
-293.795
-293.469
-292.521
-291.108
-289.508
-244.964
-246.037
-246.887
-247.288
-247.031
-246.002
-244.217
-242.159
-198.429
-198.46
-198.714
-198.928
-198.65
-197.569
-195.618
-193.374
-156.291
-155.595
-155.333
-155.238
-154.835
-153.719
-151.764
-149.558
-120.781
-119.659
-119.113
-118.842
-118.353
-117.25
-115.402
-113.36
-92.2241
-90.9976
-90.35
-89.9556
-89.3942
-88.35
-86.676
-84.8501
-69.8931
-68.7397
-68.1019
-67.6368
-67.0353
-66.075
-64.6004
-63.0161
-52.6337
-51.624
-51.0365
-50.5716
-49.9916
-49.1278
-47.8496
-46.488
-39.3606
-38.5245
-38.021
-37.5909
-37.0564
-36.2967
-35.2083
-34.0547
-29.0918
-28.4106
-27.9658
-27.5669
-27.0914
-26.4358
-25.5145
-24.538
-21.0186
-20.4786
-20.0753
-19.6956
-19.2787
-18.7191
-17.9399
-17.0973
-14.5711
-14.1476
-13.7976
-13.4556
-13.0916
-12.6125
-11.9518
-11.1946
-9.37936
-9.04584
-8.75102
-8.45502
-8.13734
-7.72492
-7.163
-6.48503
-5.15326
-4.88739
-4.63957
-4.38506
-4.1074
-3.74872
-3.266
-2.67765
-1.63933
-1.4276
-1.22081
-1.00431
-0.762721
-0.44909
-0.0292345
0.481711
1.33493
1.5066
1.68188
1.86322
2.07094
2.34468
2.7118
3.15836
3.84702
3.99179
4.14547
4.30108
4.48206
4.72295
5.04633
5.43971
5.96073
6.08447
6.21948
6.35793
6.52106
6.73768
7.02651
7.37688
7.76291
7.87
7.98793
8.11178
8.26002
8.45652
8.71676
9.03173
9.32791
9.42056
9.52425
9.63532
9.77002
9.94864
10.1841
10.4691
10.6939
10.7799
10.87
10.9691
11.0918
11.2548
11.4688
11.728
11.8697
11.9561
12.0388
12.129
12.2415
12.3908
12.5862
12.8229
12.8793
12.9597
13.0367
13.1216
13.2273
13.3662
13.5463
13.7641
13.7557
13.8289
13.8997
13.9791
14.0782
14.2078
14.3744
14.5758
14.5213
14.5878
14.6532
14.7276
14.8207
14.9419
15.0965
15.2836
15.1897
15.2506
15.3116
15.3817
15.4695
15.5832
15.7271
15.9014
15.7676
15.8236
15.8813
15.948
16.0313
16.1384
16.2728
16.4357
16.2662
16.3173
16.3712
16.4344
16.5136
16.6146
16.7403
16.8929
16.6904
16.7376
16.7884
16.8484
16.9237
17.0193
17.1373
17.2809
17.0464
17.0913
17.14
17.1977
17.2698
17.3608
17.472
17.6076
17.3472
17.3901
17.437
17.4925
17.5617
17.6484
17.7535
17.8819
17.6003
17.6413
17.6864
17.7398
17.8062
17.8889
17.9884
18.1102
17.8076
17.8473
17.8909
17.9425
18.0064
18.0856
18.1799
18.2957
17.9718
18.0103
18.0527
18.1027
18.1644
18.2403
18.3299
18.4402
18.0961
18.1336
18.1749
18.2235
18.2832
18.3562
18.4416
18.547
18.1862
18.2225
18.2626
18.3098
18.3677
18.438
18.5194
18.6204
18.2464
18.2814
18.3202
18.366
18.4221
18.4898
18.5677
18.6646
18.2787
18.3125
18.3502
18.3947
18.4491
18.5144
18.589
18.6821
18.2842
18.3171
18.354
18.3974
18.4503
18.5134
18.5848
18.6744
18.2635
18.2959
18.3321
18.3747
18.4262
18.4874
18.5559
18.6424
18.218
18.25
18.2856
18.3274
18.3778
18.4371
18.5031
18.5866
18.1511
18.1824
18.2173
18.2582
18.3075
18.3651
18.4287
18.5095
18.0654
18.096
18.1302
18.1703
18.2184
18.2744
18.3357
18.4141
17.9627
17.9927
18.0263
18.0657
18.1127
18.1672
18.2263
18.3024
17.8436
17.8732
17.9063
17.9449
17.9909
18.0439
18.101
18.1749
17.7074
17.7366
17.7693
17.8073
17.8523
17.904
17.9592
18.0311
17.5544
17.5834
17.6157
17.6531
17.6974
17.7478
17.8013
17.8713
17.3866
17.4152
17.4471
17.4841
17.5275
17.5769
17.6288
17.697
17.2059
17.2342
17.2657
17.3021
17.3448
17.3931
17.4435
17.5102
17.0134
17.0413
17.0725
17.1085
17.1504
17.1977
17.2467
17.3118
16.8098
16.8375
16.8683
16.9037
16.945
16.9912
17.0388
17.1025
16.595
16.6223
16.6527
16.6877
16.7282
16.7735
16.8198
16.8822
16.3686
16.3957
16.4258
16.4603
16.5003
16.5447
16.5897
16.6508
16.1311
16.158
16.1878
16.222
16.2614
16.305
16.3489
16.4089
15.8838
15.9105
15.9401
15.9738
16.0127
16.0554
16.0983
16.1572
15.6275
15.6539
15.6832
15.7166
15.7549
15.797
15.8388
15.8967
15.363
15.3892
15.4182
15.4512
15.4889
15.5302
15.571
15.6279
15.09
15.1159
15.1447
15.1773
15.2145
15.2551
15.295
15.351
14.8083
14.834
14.8625
14.8948
14.9315
14.9714
15.0103
15.0654
14.5178
14.5433
14.5715
14.6034
14.6397
14.679
14.7172
14.7715
14.2189
14.2442
14.2723
14.3039
14.3398
14.3785
14.4158
14.4694
13.9122
13.9375
13.9653
13.9967
14.0321
14.0703
14.107
14.1598
13.5985
13.6236
13.6512
13.6823
13.7173
13.7549
13.7908
13.843
13.2774
13.3023
13.3298
13.3606
13.3952
13.4324
13.4676
13.5192
12.9491
12.9739
13.0012
13.0318
13.066
13.1027
13.1372
13.1882
12.6136
12.6383
12.6654
12.6957
12.7297
12.7659
12.7998
12.8502
12.2711
12.2956
12.3226
12.3527
12.3863
12.422
12.4554
12.5053
11.9215
11.946
11.9729
12.0028
12.0361
12.0714
12.1043
12.1536
11.5655
11.5898
11.6165
11.6462
11.6792
11.7142
11.7465
11.7953
11.2028
11.2271
11.2537
11.2832
11.3159
11.3506
11.3824
11.4308
10.8338
10.858
10.8845
10.9138
10.9462
10.9805
11.0118
11.0598
10.4583
10.4825
10.5089
10.5381
10.5703
10.6042
10.635
10.6826
10.0765
10.1007
10.1269
10.1559
10.1879
10.2214
10.2518
10.299
9.68846
9.71258
9.73879
9.76765
9.79935
9.83261
9.86259
9.90947
9.29444
9.3185
9.34461
9.37329
9.40473
9.43765
9.46719
9.5137
8.89437
8.91842
8.94447
8.97304
9.00428
9.03694
9.06611
9.1123
8.48862
8.51263
8.5386
8.567
8.598
8.63034
8.65911
8.70495
8.07696
8.10096
8.12688
8.15518
8.186
8.21812
8.24657
8.29214
7.6597
7.68369
7.70955
7.73772
7.76833
7.80018
7.82834
7.87369
7.23668
7.26066
7.28648
7.31455
7.34499
7.37665
7.40489
7.45069
6.80812
6.83207
6.85781
6.88575
6.91597
6.94731
6.97537
7.02127
6.37399
6.3979
6.42356
6.45137
6.48142
6.51252
6.54029
6.58595
5.9345
5.95834
5.98391
6.01158
6.04144
6.07231
6.09981
6.14522
5.4897
5.51346
5.5389
5.5664
5.59604
5.62665
5.65383
5.69891
5.03974
5.06341
5.08873
5.11608
5.14553
5.17595
5.20287
5.24774
4.58469
4.60819
4.63331
4.66042
4.68956
4.71965
4.74618
4.79063
4.12478
4.14812
4.17307
4.19998
4.22892
4.25881
4.28515
4.32951
3.65965
3.68262
3.7072
3.73373
3.76227
3.79178
3.8177
3.86165
3.19013
3.21277
3.23702
3.2632
3.29136
3.32051
3.34611
3.38982
2.71391
2.73547
2.75877
2.78414
2.81163
2.84032
2.86561
2.9092
2.23573
2.25687
2.27966
2.30443
2.33125
2.35925
2.38391
2.42682
1.74348
1.76112
1.78104
1.8036
1.82891
1.85614
1.88072
1.92464
1.26279
1.28123
1.3012
1.32309
1.34703
1.37227
1.39484
1.43516
0.739323
0.746892
0.757983
0.773177
0.792873
0.815955
0.834901
0.88332
0.302163
0.32022
0.336606
0.351739
0.36666
0.383731
0.400923
0.376904
)
;

boundaryField
{
    frontAndBack
    {
        type            empty;
    }
    inlet
    {
        type            zeroGradient;
    }
    outlet
    {
        type            fixedValue;
        value           uniform 0;
    }
    walls
    {
        type            zeroGradient;
    }
}


// ************************************************************************* //
