/*--------------------------------*- C++ -*----------------------------------*\
| =========                 |                                                 |
| \\      /  F ield         | OpenFOAM: The Open Source CFD Toolbox           |
|  \\    /   O peration     | Version:  v2012                                 |
|   \\  /    A nd           | Website:  www.openfoam.com                      |
|    \\/     M anipulation  |                                                 |
\*---------------------------------------------------------------------------*/
FoamFile
{
    version     2.0;
    format      ascii;
    class       volScalarField;
    location    "0.106";
    object      p;
}
// * * * * * * * * * * * * * * * * * * * * * * * * * * * * * * * * * * * * * //

dimensions      [0 2 -2 0 0 0 0];


internalField   nonuniform List<scalar> 
1900
(
-299.623
-300.722
-301.622
-302.283
-302.96
-303.727
-304.532
-305.361
-305.974
-306.578
-300.077
-300.876
-301.704
-302.38
-303.06
-303.821
-304.632
-305.47
-306.23
-307.05
-300.363
-300.928
-301.696
-302.409
-303.106
-303.867
-304.693
-305.577
-306.47
-307.715
-300.547
-300.991
-301.726
-302.468
-303.178
-303.94
-304.784
-305.709
-306.722
-308.095
-300.645
-301.039
-301.753
-302.505
-303.221
-303.986
-304.847
-305.807
-306.888
-308.277
-300.662
-301.061
-301.78
-302.535
-303.254
-304.027
-304.904
-305.889
-307.004
-308.371
-300.597
-301.056
-301.807
-302.557
-303.277
-304.06
-304.951
-305.952
-307.079
-308.402
-300.445
-301.036
-301.83
-302.557
-303.27
-304.065
-304.969
-305.979
-307.11
-308.391
-300.188
-301.03
-301.891
-302.579
-303.277
-304.077
-304.985
-305.995
-307.118
-308.36
-299.754
-300.929
-301.881
-302.562
-303.26
-304.073
-304.992
-306.009
-307.135
-308.357
-305.92
-318.28
-337.562
-339.208
-320.079
-286.053
-243.019
-198.245
-157.322
-122.526
-94.1784
-71.7681
-54.3038
-40.7418
-30.1755
-21.8546
-15.2224
-9.8687
-5.49955
-1.89566
1.10944
3.64176
5.79645
7.63674
9.21603
10.578
11.7535
12.7797
13.6717
14.4472
15.1209
15.7023
16.2034
16.6326
16.9948
17.2994
17.5528
17.7594
17.9248
18.0527
18.1464
18.209
18.2413
18.2458
18.2251
18.1818
18.1174
18.033
17.9298
17.8096
17.6732
17.5213
17.3552
17.1757
16.9832
16.7789
16.5636
16.3374
16.1008
15.8545
15.5986
15.3338
15.0605
14.7788
14.4886
14.1901
13.8839
13.5702
13.2491
12.9208
12.5854
12.2431
11.894
11.5381
11.1755
10.8065
10.4311
10.0494
9.66141
9.26735
8.86712
8.46115
8.04926
7.63195
7.2089
6.78046
6.3465
5.90719
5.46266
5.01293
4.55816
4.09848
3.63382
3.16467
2.68981
2.21207
1.72443
1.24225
0.733182
0.279155
-309.337
-321.606
-333.412
-332.127
-313.079
-280.334
-239.751
-197.439
-158.323
-124.589
-96.6689
-74.2509
-56.5679
-42.6861
-31.7797
-23.1407
-16.2323
-10.6525
-6.10408
-2.36167
0.741266
3.34441
5.55811
7.44811
9.06407
10.4546
11.652
12.6926
13.5943
14.3766
15.0541
15.6372
16.1355
16.5618
16.9269
17.2357
17.4927
17.7031
17.8723
18.0036
18.1008
18.1665
18.2002
18.2056
18.1858
18.1431
18.0792
17.9955
17.8933
17.7741
17.6386
17.4871
17.3214
17.1422
16.9501
16.7461
16.5314
16.3058
16.0696
15.8235
15.5678
15.3033
15.0304
14.7489
14.4588
14.1605
13.8546
13.541
13.2201
12.8919
12.5567
12.2144
11.8654
11.5095
11.147
10.778
10.4026
10.0209
9.63296
9.23884
8.83861
8.43259
8.02069
7.60332
7.1802
6.75171
6.31769
5.87839
5.4339
4.98425
4.52967
4.07021
3.60605
3.13739
2.6642
2.18706
1.70504
1.22147
0.729201
0.251827
-310.271
-317.92
-326.263
-324.072
-306.103
-275.372
-237.27
-197.129
-159.47
-126.589
-99.0047
-76.5712
-58.6857
-44.5253
-33.3259
-24.4214
-17.287
-11.5224
-6.82422
-2.9605
0.247486
2.942
5.23021
7.17956
8.84725
10.2815
11.5149
12.5817
13.5051
14.3039
14.9909
15.5802
16.0826
16.5109
16.8794
17.1909
17.4494
17.661
17.831
17.963
18.0596
18.1231
18.1555
18.161
18.1425
18.1012
18.0388
17.9564
17.8555
17.7381
17.6044
17.4545
17.29
17.1115
16.9198
16.716
16.5008
16.275
16.0389
15.793
15.5374
15.273
15.0006
14.7194
14.4295
14.1316
13.826
13.5126
13.1919
12.8638
12.5288
12.1866
11.8375
11.4817
11.1192
10.7502
10.3748
9.99309
9.60511
9.21094
8.81066
8.40456
7.99263
7.57515
7.15196
6.72336
6.28927
5.84994
5.4055
4.95593
4.50153
4.04231
3.57866
3.11049
2.63898
2.16255
1.68612
1.20146
0.726767
0.223683
-310.492
-316.294
-321.939
-318.557
-301.089
-271.666
-235.202
-196.61
-160.107
-127.98
-100.753
-78.3762
-60.3672
-46.0032
-34.5767
-25.4578
-18.1358
-12.2149
-7.38975
-3.4238
-0.133179
2.624
4.95677
6.93822
8.62993
10.0833
11.3328
12.4118
13.3483
14.1612
14.8614
15.4635
15.9818
16.4276
16.8099
17.1323
17.4005
17.6201
17.7958
17.9317
18.0299
18.0929
18.1251
18.1311
18.1131
18.0724
18.01
17.9273
17.8254
17.7064
17.5716
17.4218
17.258
17.08
16.8889
16.6853
16.4699
16.2441
16.0087
15.7633
15.5083
15.244
14.971
14.6895
14.3999
14.1023
13.797
13.4838
13.1633
12.8353
12.5004
12.1583
11.8093
11.4534
11.0909
10.7219
10.3465
9.96471
9.57664
9.18242
8.78206
8.37587
7.96384
7.54621
7.12293
6.69418
6.26006
5.82066
5.37632
4.92684
4.47268
4.01371
3.55059
3.08292
2.61311
2.13743
1.66668
1.18068
0.723644
0.19589
-310.518
-314.805
-318.112
-313.455
-296.276
-267.995
-233.033
-195.923
-160.559
-129.16
-102.287
-79.9788
-61.8701
-47.3324
-35.7098
-26.4031
-18.9154
-12.8546
-7.91477
-3.85446
-0.4872
2.32959
4.70649
6.72462
8.44685
9.92404
11.1935
12.2891
13.2381
14.06
14.7684
15.3762
15.8977
16.3463
16.7289
17.0511
17.3208
17.5432
17.7215
17.8599
17.9618
18.0309
18.0703
18.0826
18.0702
18.0344
17.9762
17.8969
17.7976
17.6798
17.5459
17.397
17.2338
17.0562
16.8655
16.6619
16.4465
16.2208
15.9852
15.7396
15.4842
15.2192
14.9449
14.6624
14.3723
14.0744
13.7686
13.4548
13.1339
12.8055
12.4703
12.1279
11.7786
11.4225
11.0598
10.6906
10.3151
9.93328
9.54519
9.15102
8.75083
8.34478
7.93282
7.51515
7.09188
6.66307
6.22897
5.78959
5.34542
4.89614
4.44229
3.98366
3.5211
3.05401
2.58581
2.11103
1.64553
1.15892
0.718078
0.170948
-310.4
-313.509
-315.041
-309.398
-292.508
-265.228
-231.494
-195.548
-161.048
-130.179
-103.563
-81.2971
-63.1011
-48.4202
-36.6365
-27.1747
-19.5513
-13.3772
-8.34443
-4.20841
-0.780221
2.0849
4.49848
6.54556
8.29229
9.78832
11.0708
12.1771
13.1368
13.9668
14.6803
15.2931
15.8209
16.2753
16.6631
16.989
17.2611
17.4865
17.6687
17.81
17.913
17.982
18.0213
18.0332
18.0203
17.9839
17.9248
17.8447
17.7452
17.6284
17.4961
17.349
17.1874
17.0116
16.8227
16.6211
16.4077
16.1838
15.9496
15.7051
15.4506
15.1862
14.9126
14.6309
14.3411
14.0432
13.737
13.4228
13.1014
12.7726
12.4371
12.0943
11.7447
11.3884
11.0254
10.6561
10.2806
9.89876
9.51086
9.11685
8.71687
8.31087
7.899
7.48135
7.05816
6.62938
6.19535
5.75606
5.3121
4.86313
4.40969
3.95149
3.48951
3.02307
2.55632
2.08267
1.62143
1.1357
0.707563
0.152117
-310.21
-312.446
-312.668
-306.232
-289.501
-262.955
-230.135
-195.077
-161.265
-130.841
-104.472
-82.2796
-64.0447
-49.2726
-37.3767
-27.8006
-20.0735
-13.8117
-8.70542
-4.50746
-1.03079
1.871
4.31562
6.38914
8.15498
9.66398
10.9593
12.0782
13.0468
13.8818
14.6005
15.2208
15.7553
16.2128
16.6022
16.9318
17.2077
17.4349
17.6182
17.761
17.8661
17.9368
17.9774
17.991
17.9799
17.945
17.887
17.8078
17.7093
17.5934
17.4613
17.3139
17.1512
16.9744
16.7844
16.5819
16.3677
16.1427
15.9073
15.6621
15.4066
15.1416
14.868
14.5862
14.2963
13.9984
13.6925
13.3786
13.0576
12.7295
12.3947
12.0525
11.7035
11.3477
10.9853
10.6164
10.2415
9.86009
9.47284
9.0793
8.67975
8.27403
7.86246
7.44512
7.02222
6.59374
6.15994
5.72091
5.27725
4.82875
4.37582
3.91814
3.45672
2.99095
2.52533
2.05301
1.59446
1.11145
0.690216
0.143054
-310.014
-311.622
-310.914
-303.872
-287.218
-261.199
-229.052
-194.666
-161.385
-131.317
-105.165
-83.0482
-64.797
-49.9627
-37.9832
-28.3206
-20.5138
-14.1807
-9.01173
-4.76309
-1.2458
1.68984
4.16204
6.25539
8.03588
9.55846
10.8674
11.9956
12.9686
13.8088
14.5348
15.1604
15.6969
16.156
16.5484
16.8815
17.1593
17.3868
17.5705
17.715
17.8224
17.8942
17.9349
17.9487
17.9379
17.9036
17.8458
17.7665
17.6677
17.5515
17.4193
17.2717
17.1089
16.9322
16.7422
16.5397
16.3255
16.1004
15.8648
15.6196
15.3638
15.0984
14.8244
14.5423
14.2518
13.9535
13.6471
13.3327
13.0112
12.6828
12.3477
12.0052
11.656
11.3
10.9375
10.5685
10.1937
9.81244
9.42548
9.03239
8.63326
8.22809
7.81701
7.40023
6.97791
6.55005
6.11681
5.67839
5.23527
4.78746
4.33531
3.87832
3.41754
2.95245
2.48767
2.01684
1.55943
1.08085
0.660088
0.13845
-309.856
-311.036
-309.718
-302.257
-285.629
-259.948
-228.242
-194.297
-161.364
-131.533
-105.533
-83.4768
-65.2221
-50.3531
-38.3269
-28.6166
-20.7648
-14.3934
-9.1929
-4.91876
-1.37747
1.57943
4.06453
6.16614
7.95384
9.48313
10.7973
11.9289
12.9046
13.7482
14.4774
15.1049
15.6429
16.1043
16.499
16.8336
17.1124
17.341
17.526
17.672
17.7806
17.8532
17.8946
17.9092
17.8994
17.866
17.8089
17.7302
17.632
17.5167
17.3853
17.2384
17.076
16.8997
16.7102
16.5079
16.294
16.0691
15.8338
15.5889
15.3334
15.0681
14.7946
14.513
14.2231
13.9254
13.6196
13.3057
12.985
12.6574
12.3234
11.9815
11.6328
11.2772
10.9152
10.5468
10.1723
9.79162
9.405
9.01222
8.61327
8.20809
7.79691
7.37998
6.95756
6.5296
6.09625
5.6577
5.21451
4.76665
4.31468
3.85791
3.39729
2.93234
2.46753
1.99745
1.53954
1.06525
0.639396
0.148644
-309.799
-310.776
-309.167
-301.515
-284.923
-259.448
-228.001
-194.311
-161.573
-131.867
-105.94
-83.9014
-65.6286
-50.7253
-38.6598
-28.9104
-21.0226
-14.6212
-9.39646
-5.10123
-1.53877
1.44111
3.94017
6.05165
7.84728
9.38228
10.7008
11.8365
12.8158
13.6618
14.3929
15.0225
15.563
16.0262
16.4223
16.7583
17.0387
17.2687
17.4547
17.6015
17.7112
17.785
17.8273
17.8427
17.8336
17.8009
17.7446
17.6664
17.5689
17.4541
17.3232
17.1768
17.0149
16.8389
16.6501
16.4483
16.2349
16.0104
15.7754
15.5312
15.2762
15.0111
14.7379
14.4567
14.1669
13.8695
13.564
13.2498
12.9292
12.6016
12.2674
11.9264
11.5781
11.2227
10.8608
10.4925
10.1182
9.73782
9.35141
8.95894
8.56045
8.1557
7.74478
7.32805
6.90577
6.47793
6.04469
5.60624
5.16307
4.7152
4.26345
3.80672
3.34627
2.88159
2.41692
1.94792
1.48878
1.01976
0.590765
0.112614
-314.073
-315.342
-316.519
-316.764
-316.246
-314.976
-313.67
-313.762
-333.208
-334.725
-335.67
-336.006
-335.684
-334.97
-334.106
-333.757
-348.321
-351.158
-352.673
-353.239
-353.129
-352.819
-352.512
-352.172
-346.898
-350.263
-352.116
-352.862
-352.69
-352.175
-351.696
-351.058
-325.752
-328.652
-330.387
-330.946
-330.606
-329.869
-329.084
-328.157
-289.994
-292.05
-293.342
-293.795
-293.469
-292.522
-291.109
-289.508
-244.964
-246.037
-246.887
-247.288
-247.03
-246.002
-244.217
-242.158
-198.427
-198.458
-198.712
-198.927
-198.648
-197.567
-195.617
-193.373
-156.293
-155.597
-155.335
-155.239
-154.836
-153.721
-151.765
-149.559
-120.785
-119.663
-119.117
-118.845
-118.355
-117.252
-115.404
-113.361
-92.218
-90.9919
-90.3451
-89.9513
-89.3904
-88.3465
-86.6726
-84.8468
-69.8898
-68.7363
-68.0984
-67.6335
-67.0325
-66.0727
-64.5987
-63.0149
-52.6464
-51.6359
-51.0469
-50.5808
-49.9999
-49.1354
-47.8568
-46.4949
-39.3655
-38.5293
-38.0261
-37.5962
-37.0616
-36.3015
-35.2124
-34.0583
-29.0764
-28.3967
-27.9537
-27.5562
-27.0819
-26.427
-25.5062
-24.5299
-21.0101
-20.4704
-20.067
-19.6871
-19.2704
-18.7114
-17.9329
-17.0909
-14.587
-14.1615
-13.8093
-13.4657
-13.1006
-12.6208
-11.9597
-11.2024
-9.39398
-9.05971
-8.76458
-8.4685
-8.15035
-7.73722
-7.17459
-6.49602
-5.14288
-4.87918
-4.63367
-4.38079
-4.10409
-3.74592
-3.26332
-2.67482
-1.62246
-1.4119
-1.20583
-0.98983
-0.748964
-0.436142
-0.0169568
0.493514
1.33103
1.50472
1.68205
1.86472
2.07309
2.34705
2.71404
3.16028
3.83008
3.97632
4.13107
4.28753
4.46936
4.711
5.03488
5.42851
5.95572
6.07813
6.2117
6.34929
6.51213
6.72881
7.01791
7.36864
7.77284
7.8783
7.99493
8.11785
8.26533
8.46129
8.72128
9.03622
9.33504
9.42825
9.53267
9.64408
9.77875
9.95714
10.1924
10.477
10.6891
10.7764
10.8677
10.9677
11.0909
11.2542
11.4683
11.7273
11.8615
11.948
12.0306
12.1209
12.2335
12.3831
12.5787
12.8155
12.8772
12.9568
13.0331
13.1175
13.2229
13.3618
13.5419
13.7599
13.7591
13.8319
13.9025
13.9817
14.0806
14.2101
14.3767
14.5782
14.5252
14.5918
14.6576
14.7321
14.8252
14.9463
15.1008
15.2878
15.191
15.2521
15.3132
15.3834
15.4712
15.5849
15.7287
15.9029
15.7656
15.8218
15.8795
15.9462
16.0296
16.1368
16.2711
16.434
16.2627
16.3138
16.3679
16.4311
16.5104
16.6115
16.7373
16.89
16.6887
16.7358
16.7864
16.8464
16.9217
17.0174
17.1355
17.2791
17.0479
17.0926
17.1411
17.1987
17.2707
17.3616
17.4728
17.6084
17.35
17.3929
17.4397
17.4951
17.5642
17.6508
17.7559
17.8842
17.6012
17.6425
17.6877
17.7411
17.8075
17.8903
17.9897
18.1115
17.8057
17.8456
17.8894
17.9411
18.0051
18.0843
18.1787
18.2945
17.9692
18.0077
18.05
18.1
18.1618
18.2378
18.3275
18.4378
18.0952
18.1325
18.1737
18.2222
18.2819
18.3549
18.4403
18.5457
18.1873
18.2234
18.2634
18.3105
18.3684
18.4386
18.52
18.621
18.248
18.283
18.3218
18.3676
18.4236
18.4913
18.5691
18.6659
18.279
18.3129
18.3507
18.3953
18.4497
18.515
18.5895
18.6825
18.2824
18.3155
18.3525
18.396
18.449
18.5122
18.5836
18.6732
18.2609
18.2933
18.3295
18.3722
18.4238
18.485
18.5536
18.6401
18.2168
18.2486
18.2841
18.3259
18.3762
18.4356
18.5015
18.5851
18.152
18.1831
18.2178
18.2587
18.3078
18.3654
18.4289
18.5098
18.0668
18.0974
18.1317
18.1718
18.2198
18.2758
18.337
18.4153
17.963
17.9931
18.0269
18.0663
18.1133
18.1678
18.2269
18.3029
17.8421
17.8718
17.905
17.9437
17.9897
18.0428
18.0999
18.1737
17.7051
17.7343
17.7669
17.805
17.8501
17.9018
17.9571
18.0289
17.5528
17.5817
17.6139
17.6513
17.6956
17.7461
17.7996
17.8696
17.3863
17.4149
17.4467
17.4836
17.5271
17.5764
17.6283
17.6966
17.2065
17.2348
17.2663
17.3027
17.3454
17.3936
17.444
17.5106
17.0137
17.0417
17.0729
17.1088
17.1508
17.198
17.247
17.3121
16.8091
16.8367
16.8676
16.903
16.9443
16.9905
17.0381
17.1018
16.5932
16.6206
16.651
16.686
16.7266
16.7719
16.8182
16.8806
16.3667
16.3938
16.4239
16.4584
16.4984
16.5428
16.5879
16.649
16.1299
16.1567
16.1865
16.2207
16.2601
16.3036
16.3476
16.4075
15.8834
15.91
15.9396
15.9733
16.0121
16.0549
16.0977
16.1566
15.6273
15.6537
15.6831
15.7165
15.7547
15.7968
15.8386
15.8964
15.3623
15.3885
15.4176
15.4506
15.4883
15.5296
15.5704
15.6273
15.0887
15.1146
15.1434
15.176
15.2132
15.2538
15.2937
15.3497
14.8067
14.8324
14.8608
14.8931
14.9298
14.9697
15.0087
15.0638
14.5163
14.5417
14.57
14.6019
14.6381
14.6775
14.7156
14.77
14.2177
14.2431
14.2711
14.3028
14.3386
14.3773
14.4147
14.4682
13.9114
13.9366
13.9645
13.9958
14.0312
14.0694
14.1061
14.1589
13.5976
13.6227
13.6503
13.6814
13.7164
13.754
13.7899
13.8421
13.2763
13.3012
13.3287
13.3595
13.3941
13.4313
13.4665
13.518
12.9478
12.9726
12.9999
13.0305
13.0647
13.1014
13.1359
13.1869
12.6123
12.637
12.6641
12.6944
12.7284
12.7646
12.7985
12.8489
12.27
12.2945
12.3215
12.3516
12.3852
12.4209
12.4543
12.5042
11.9207
11.9452
11.972
12.0019
12.0352
12.0706
12.1034
12.1528
11.5648
11.5892
11.6159
11.6456
11.6785
11.7135
11.7458
11.7947
11.2021
11.2264
11.253
11.2826
11.3153
11.3499
11.3817
11.4302
10.8331
10.8573
10.8838
10.9131
10.9455
10.9798
11.0111
11.0591
10.4576
10.4818
10.5082
10.5374
10.5695
10.6035
10.6343
10.6819
10.0759
10.1
10.1263
10.1553
10.1872
10.2208
10.2512
10.2984
9.68789
9.71201
9.73824
9.7671
9.79881
9.83207
9.86206
9.90893
9.29383
9.31791
9.34403
9.37273
9.40417
9.4371
9.46664
9.51314
8.89361
8.91767
8.94374
8.97232
9.00356
9.03622
9.06539
9.11157
8.48762
8.51164
8.53761
8.56601
8.59701
8.62935
8.65811
8.70393
8.07574
8.09974
8.12565
8.15395
8.18476
8.21687
8.24531
8.29087
7.65843
7.68239
7.70822
7.73636
7.76695
7.79879
7.82694
7.87229
7.23541
7.25937
7.28515
7.3132
7.34361
7.37525
7.40348
7.44928
6.80699
6.83091
6.85663
6.88454
6.91474
6.94605
6.97409
7.01995
6.37303
6.39693
6.42259
6.45039
6.48044
6.51155
6.53934
6.58499
5.93369
5.95754
5.98311
6.01078
6.04065
6.07152
6.09902
6.14444
5.48909
5.51286
5.53831
5.56581
5.59544
5.62605
5.65321
5.6983
5.03928
5.06298
5.08833
5.1157
5.14518
5.17562
5.20259
5.24751
4.58433
4.60785
4.63299
4.66011
4.68926
4.71936
4.74589
4.79036
4.12445
4.1478
4.17276
4.19968
4.22861
4.25851
4.28485
4.32919
3.65934
3.68232
3.7069
3.73344
3.76197
3.79148
3.81742
3.86137
3.18981
3.21245
3.23669
3.26287
3.29102
3.32018
3.3458
3.38952
2.71355
2.73511
2.75839
2.78375
2.81123
2.83991
2.86522
2.90882
2.23535
2.25647
2.27925
2.30401
2.33082
2.35881
2.38349
2.42641
1.74307
1.7607
1.78061
1.80316
1.82847
1.85569
1.8803
1.92424
1.26241
1.28085
1.30083
1.32271
1.34665
1.37189
1.39449
1.43481
0.738966
0.746532
0.757622
0.772821
0.792528
0.815633
0.834634
0.88309
0.302118
0.320181
0.336573
0.351709
0.366633
0.383707
0.400923
0.376808
)
;

boundaryField
{
    frontAndBack
    {
        type            empty;
    }
    inlet
    {
        type            zeroGradient;
    }
    outlet
    {
        type            fixedValue;
        value           uniform 0;
    }
    walls
    {
        type            zeroGradient;
    }
}


// ************************************************************************* //
