/*--------------------------------*- C++ -*----------------------------------*\
| =========                 |                                                 |
| \\      /  F ield         | OpenFOAM: The Open Source CFD Toolbox           |
|  \\    /   O peration     | Version:  v2012                                 |
|   \\  /    A nd           | Website:  www.openfoam.com                      |
|    \\/     M anipulation  |                                                 |
\*---------------------------------------------------------------------------*/
FoamFile
{
    version     2.0;
    format      ascii;
    class       volScalarField;
    location    "0.172";
    object      p;
}
// * * * * * * * * * * * * * * * * * * * * * * * * * * * * * * * * * * * * * //

dimensions      [0 2 -2 0 0 0 0];


internalField   nonuniform List<scalar> 
5600
(
-0.900146
-1.35835
-1.73888
-2.05738
-2.36806
-2.6783
-2.97971
-3.26163
-3.52435
-3.77507
-4.01129
-4.23576
-4.45075
-4.65614
-4.85735
-5.0522
-5.24534
-5.43494
-5.62154
-5.80771
-5.98849
-6.17022
-6.34737
-6.52397
-6.69954
-6.87217
-7.04537
-7.21488
-7.38729
-7.55669
-7.72665
-7.89622
-8.06356
-8.23238
-8.39777
-8.56606
-8.73081
-8.89712
-9.06218
-9.22608
-9.39113
-9.5519
-9.71636
-9.87595
-10.0385
-10.199
-10.359
-10.5199
-10.6779
-10.8381
-10.9945
-11.153
-11.3102
-11.4673
-11.6243
-11.7792
-11.9357
-12.0904
-12.246
-12.4004
-12.554
-12.7076
-12.86
-13.0131
-13.1652
-13.3179
-13.4696
-13.6216
-13.7719
-13.9228
-14.073
-14.2231
-14.3733
-14.5226
-14.6722
-14.8207
-14.9698
-15.1183
-15.2667
-15.4152
-15.5626
-15.7108
-15.8573
-16.0046
-16.1515
-16.2977
-16.4453
-16.5911
-16.7387
-16.8847
-17.0303
-17.1772
-17.3225
-17.4693
-17.6157
-17.7629
-17.9137
-18.0685
-18.2299
-18.4705
-0.959178
-1.37853
-1.75552
-2.07517
-2.38606
-2.69662
-2.99797
-3.28015
-3.5432
-3.79403
-4.0304
-4.25523
-4.47053
-4.67629
-4.87786
-5.07303
-5.26645
-5.45633
-5.64305
-5.82935
-6.01029
-6.19214
-6.36938
-6.54604
-6.7218
-6.89449
-7.06786
-7.23741
-7.40995
-7.57943
-7.74945
-7.91914
-8.08643
-8.25535
-8.42072
-8.58907
-8.75387
-8.92015
-9.08535
-9.24915
-9.41435
-9.57505
-9.73963
-9.89919
-10.0617
-10.2224
-10.3822
-10.5433
-10.7012
-10.8614
-11.0178
-11.1762
-11.3336
-11.4906
-11.6477
-11.8024
-11.959
-12.1137
-12.2692
-12.4237
-12.5772
-12.7309
-12.8832
-13.0363
-13.1884
-13.341
-13.4929
-13.6447
-13.7951
-13.9459
-14.0962
-14.2462
-14.3965
-14.5457
-14.6953
-14.8438
-14.9929
-15.1414
-15.2897
-15.4383
-15.5858
-15.7339
-15.8805
-16.0277
-16.1746
-16.3208
-16.4683
-16.6143
-16.7616
-16.9079
-17.0532
-17.2003
-17.3455
-17.4926
-17.6383
-17.7869
-17.9348
-18.0937
-18.2496
-18.4832
-0.997423
-1.39115
-1.76829
-2.08851
-2.39728
-2.70531
-3.00562
-3.28735
-3.55023
-3.80066
-4.03675
-4.2618
-4.47692
-4.6829
-4.88426
-5.07961
-5.27304
-5.46281
-5.64973
-5.83582
-6.01694
-6.19872
-6.37621
-6.55289
-6.72852
-6.90124
-7.07446
-7.24407
-7.41647
-7.586
-7.75586
-7.92557
-8.09282
-8.26179
-8.42715
-8.59544
-8.76033
-8.92646
-9.09171
-9.25535
-9.42059
-9.58118
-9.74565
-9.90525
-10.0676
-10.2284
-10.3881
-10.5493
-10.7071
-10.8673
-11.0238
-11.1822
-11.3396
-11.4966
-11.6537
-11.8086
-11.9653
-12.1199
-12.2756
-12.4302
-12.5837
-12.7374
-12.8898
-13.043
-13.1951
-13.3478
-13.4996
-13.6515
-13.802
-13.9528
-14.1031
-14.2532
-14.4035
-14.5528
-14.7024
-14.8509
-15
-15.1485
-15.2969
-15.4455
-15.593
-15.7411
-15.8877
-16.0349
-16.1819
-16.3281
-16.4756
-16.6216
-16.7689
-16.9153
-17.0605
-17.2076
-17.3529
-17.4998
-17.6457
-17.7942
-17.9423
-18.1019
-18.2566
-18.4823
-1.04616
-1.4076
-1.7837
-2.10533
-2.41287
-2.71992
-3.02064
-3.30299
-3.56649
-3.81725
-4.05387
-4.27905
-4.49447
-4.70086
-4.90206
-5.09756
-5.29064
-5.48021
-5.667
-5.85244
-6.03382
-6.2152
-6.39283
-6.5696
-6.74525
-6.91842
-7.09185
-7.26194
-7.43444
-7.60434
-7.77424
-7.94413
-8.11142
-8.28041
-8.44593
-8.61418
-8.77933
-8.94536
-9.11086
-9.27456
-9.43995
-9.60076
-9.76531
-9.92525
-10.0876
-10.2486
-10.4081
-10.5695
-10.7274
-10.8876
-11.0442
-11.2025
-11.3602
-11.517
-11.6743
-11.829
-11.9855
-12.1404
-12.2956
-12.4503
-12.6035
-12.7572
-12.9096
-13.0626
-13.2148
-13.3673
-13.5192
-13.6709
-13.8214
-13.9721
-14.1225
-14.2724
-14.4228
-14.5719
-14.7215
-14.8701
-15.0191
-15.1677
-15.3159
-15.4645
-15.612
-15.76
-15.9068
-16.0539
-16.2009
-16.3471
-16.4944
-16.6407
-16.7877
-16.9341
-17.0796
-17.2263
-17.3721
-17.5184
-17.6647
-17.8127
-17.9612
-18.1189
-18.277
-18.4825
-1.09581
-1.42471
-1.79945
-2.12351
-2.42948
-2.73567
-3.03609
-3.3183
-3.58177
-3.83237
-4.06913
-4.29422
-4.50967
-4.71645
-4.9177
-5.1135
-5.30668
-5.4963
-5.68353
-5.86864
-6.05047
-6.23145
-6.40933
-6.58585
-6.76117
-6.93449
-7.10729
-7.27775
-7.44954
-7.61954
-7.78936
-7.9591
-8.1266
-8.29547
-8.46136
-8.62927
-8.79474
-8.9605
-9.12609
-9.28969
-9.45495
-9.61585
-9.77995
-9.94035
-10.1021
-10.2634
-10.4227
-10.5841
-10.742
-10.9019
-11.0589
-11.2166
-11.3745
-11.531
-11.6884
-11.8433
-11.9998
-12.1548
-12.3101
-12.4649
-12.6182
-12.7721
-12.9246
-13.0777
-13.23
-13.3825
-13.5345
-13.6863
-13.8369
-13.9877
-14.1381
-14.2881
-14.4385
-14.5877
-14.7373
-14.886
-15.0349
-15.1836
-15.3319
-15.4805
-15.628
-15.776
-15.9229
-16.0699
-16.217
-16.3633
-16.5105
-16.6569
-16.8038
-16.9503
-17.096
-17.2423
-17.3884
-17.5345
-17.6809
-17.829
-17.977
-18.1345
-18.2898
-18.4869
-1.14586
-1.44403
-1.81671
-2.14377
-2.44811
-2.75333
-3.05336
-3.33562
-3.59931
-3.85008
-4.0871
-4.31254
-4.52825
-4.73534
-4.93673
-5.13271
-5.32596
-5.51549
-5.70301
-5.88783
-6.06984
-6.25049
-6.42863
-6.60514
-6.78032
-6.95412
-7.1264
-7.29761
-7.46882
-7.63898
-7.80878
-7.97818
-8.14622
-8.31431
-8.48088
-8.64792
-8.81377
-8.97927
-9.14468
-9.30867
-9.47346
-9.6352
-9.79876
-9.95978
-10.1211
-10.2827
-10.442
-10.6033
-10.7617
-10.9212
-11.0789
-11.2362
-11.3945
-11.551
-11.7083
-11.8634
-12.0196
-12.175
-12.3299
-12.4849
-12.6382
-12.7917
-12.9444
-13.0972
-13.2497
-13.4019
-13.5541
-13.7058
-13.8562
-14.007
-14.1574
-14.3074
-14.4577
-14.607
-14.7565
-14.9052
-15.0542
-15.2028
-15.3511
-15.4996
-15.6473
-15.7951
-15.9422
-16.0891
-16.2361
-16.3826
-16.5295
-16.6762
-16.823
-16.9694
-17.1153
-17.2614
-17.4076
-17.5537
-17.6999
-17.848
-17.9958
-18.1519
-18.306
-18.4934
-1.19528
-1.46585
-1.83575
-2.16607
-2.46894
-2.77314
-3.07284
-3.35519
-3.6191
-3.86989
-4.10713
-4.33276
-4.54855
-4.75585
-4.95728
-5.15345
-5.34671
-5.53629
-5.72384
-5.90859
-6.0908
-6.27131
-6.44958
-6.62614
-6.80118
-6.97527
-7.14726
-7.31888
-7.48977
-7.66005
-7.82988
-7.99896
-8.16772
-8.33495
-8.50247
-8.66868
-8.83491
-9.00036
-9.16534
-9.3301
-9.49384
-9.65685
-9.81905
-9.98076
-10.1417
-10.3031
-10.4627
-10.6234
-10.7826
-10.9411
-11.0995
-11.2563
-11.4145
-11.5713
-11.7283
-11.884
-12.0397
-12.1954
-12.3501
-12.5051
-12.6585
-12.8119
-12.965
-13.1176
-13.2703
-13.4225
-13.5747
-13.7263
-13.8769
-14.0276
-14.1781
-14.3281
-14.4784
-14.6278
-14.7772
-14.9261
-15.0749
-15.2236
-15.372
-15.5204
-15.6683
-15.8159
-15.9631
-16.1101
-16.2569
-16.4036
-16.5503
-16.6972
-16.8439
-16.9902
-17.1364
-17.2822
-17.4286
-17.5747
-17.7206
-17.8688
-18.0162
-18.1706
-18.3231
-18.5005
-1.24226
-1.49036
-1.85714
-2.19055
-2.49219
-2.79543
-3.09489
-3.37728
-3.64139
-3.89215
-4.12961
-4.35537
-4.57128
-4.7788
-4.98031
-5.17669
-5.36994
-5.55964
-5.74714
-5.93196
-6.11424
-6.29467
-6.47297
-6.64957
-6.82457
-6.99867
-7.1707
-7.34239
-7.51321
-7.68355
-7.85341
-8.02236
-8.19136
-8.3583
-8.52614
-8.69205
-8.85848
-9.02394
-9.18869
-9.35398
-9.51686
-9.6811
-9.84204
-10.0043
-10.1653
-10.3263
-10.4868
-10.6464
-10.8064
-10.964
-11.1229
-11.2801
-11.4378
-11.595
-11.7513
-11.9076
-12.063
-12.2187
-12.3733
-12.528
-12.6817
-12.8349
-12.9882
-13.1406
-13.2935
-13.4455
-13.5978
-13.7494
-13.9
-14.0507
-14.2012
-14.3512
-14.5014
-14.651
-14.8002
-14.9493
-15.098
-15.2467
-15.3952
-15.5434
-15.6915
-15.8389
-15.9862
-16.1332
-16.2799
-16.4269
-16.5733
-16.7204
-16.8671
-17.0133
-17.1597
-17.3052
-17.4517
-17.5978
-17.7436
-17.8915
-18.0385
-18.1911
-18.3412
-18.5083
-1.28524
-1.51744
-1.88145
-2.21734
-2.51809
-2.82053
-3.11983
-3.4022
-3.66648
-3.91722
-4.15488
-4.38073
-4.59675
-4.80444
-5.00599
-5.20253
-5.39573
-5.58553
-5.77295
-5.95784
-6.14015
-6.32052
-6.49883
-6.67545
-6.85048
-7.02448
-7.19669
-7.3683
-7.5392
-7.70954
-7.87938
-8.04833
-8.21721
-8.38434
-8.55201
-8.71809
-8.88443
-9.04993
-9.21467
-9.37991
-9.54278
-9.707
-9.86793
-10.0303
-10.1914
-10.3522
-10.513
-10.6721
-10.8325
-10.99
-11.1488
-11.3063
-11.4636
-11.6212
-11.7771
-11.9337
-12.089
-12.2445
-12.3993
-12.5538
-12.7077
-12.8607
-13.014
-13.1665
-13.3194
-13.4713
-13.6236
-13.7749
-13.9258
-14.0765
-14.2269
-14.377
-14.527
-14.6767
-14.8257
-14.9749
-15.1236
-15.2723
-15.4208
-15.5689
-15.717
-15.8643
-16.0118
-16.1587
-16.3054
-16.4524
-16.5988
-16.746
-16.8926
-17.0388
-17.1852
-17.3307
-17.4772
-17.6232
-17.769
-17.9164
-18.0629
-18.2136
-18.3606
-18.5168
-1.32242
-1.54664
-1.90927
-2.24661
-2.54683
-2.84885
-3.14809
-3.43039
-3.69478
-3.94551
-4.1833
-4.4092
-4.62526
-4.83306
-5.03461
-5.23127
-5.42442
-5.61432
-5.80167
-5.98663
-6.16898
-6.34928
-6.5276
-6.70422
-6.87929
-7.05318
-7.22555
-7.39708
-7.56806
-7.73838
-7.90819
-8.07718
-8.2459
-8.4133
-8.58072
-8.74706
-8.91322
-9.0788
-9.24356
-9.40861
-9.57179
-9.73552
-9.89701
-10.059
-10.2203
-10.381
-10.5417
-10.7011
-10.8611
-11.019
-11.1775
-11.3352
-11.4925
-11.65
-11.806
-11.9625
-12.1178
-12.2733
-12.4281
-12.5826
-12.7366
-12.8895
-13.0428
-13.1955
-13.3482
-13.5002
-13.6524
-13.8036
-13.9546
-14.1054
-14.2557
-14.4059
-14.5558
-14.7055
-14.8545
-15.0037
-15.1524
-15.3012
-15.4494
-15.5978
-15.7455
-15.8928
-16.0405
-16.1871
-16.3341
-16.4809
-16.6273
-16.7745
-16.9209
-17.0673
-17.2136
-17.3593
-17.5056
-17.6515
-17.7973
-17.9441
-18.0901
-18.2386
-18.3819
-18.5269
-1.34977
-1.57594
-1.93968
-2.27696
-2.57707
-2.87926
-3.17855
-3.4607
-3.72514
-3.97587
-4.21369
-4.43957
-4.65559
-4.86342
-5.06494
-5.26165
-5.45475
-5.6447
-5.832
-6.01699
-6.19938
-6.3796
-6.55792
-6.73451
-6.90962
-7.08344
-7.25587
-7.42738
-7.59841
-7.76872
-7.93849
-8.10752
-8.2761
-8.44371
-8.61097
-8.77745
-8.94353
-9.10913
-9.27393
-9.43881
-9.60224
-9.76559
-9.92751
-10.0893
-10.2506
-10.4114
-10.5719
-10.7316
-10.8912
-11.0494
-11.2077
-11.3655
-11.5229
-11.6802
-11.8364
-11.9927
-12.1482
-12.3036
-12.4584
-12.6128
-12.7668
-12.9199
-13.0732
-13.2258
-13.3785
-13.5306
-13.6827
-13.834
-13.9848
-14.1358
-14.286
-14.4362
-14.5861
-14.7357
-14.8849
-15.0339
-15.1828
-15.3314
-15.4796
-15.6281
-15.7757
-15.9233
-16.0707
-16.2175
-16.3645
-16.5112
-16.6577
-16.8049
-16.9513
-17.0976
-17.2439
-17.3897
-17.5358
-17.6817
-17.8275
-17.9738
-18.119
-18.2652
-18.4051
-18.5401
-1.36456
-1.60259
-1.96972
-2.30542
-2.60585
-2.9088
-3.20827
-3.49018
-3.75462
-4.00535
-4.2431
-4.46888
-4.68481
-4.89259
-5.09402
-5.29073
-5.48377
-5.67373
-5.86099
-6.046
-6.22842
-6.40854
-6.58686
-6.76342
-6.93857
-7.11233
-7.28476
-7.45629
-7.62736
-7.79766
-7.96738
-8.13646
-8.30495
-8.47267
-8.63987
-8.80639
-8.97247
-9.13803
-9.30288
-9.46764
-9.63123
-9.79437
-9.95647
-10.1182
-10.2796
-10.4404
-10.6007
-10.7606
-10.92
-11.0784
-11.2367
-11.3944
-11.552
-11.7091
-11.8653
-12.0216
-12.1771
-12.3325
-12.4872
-12.6418
-12.7957
-12.9488
-13.102
-13.2547
-13.4073
-13.5594
-13.7116
-13.8629
-14.0138
-14.1646
-14.315
-14.4652
-14.6151
-14.7648
-14.9139
-15.063
-15.2118
-15.3605
-15.5088
-15.6571
-15.805
-15.9525
-16.0998
-16.2468
-16.3936
-16.5405
-16.687
-16.8342
-16.9807
-17.1269
-17.2734
-17.4191
-17.5652
-17.7111
-17.8567
-18.0027
-18.1472
-18.2914
-18.4284
-18.5555
-1.36828
-1.62616
-1.99776
-2.33077
-2.63192
-2.93597
-3.2357
-3.51731
-3.78172
-4.03246
-4.27008
-4.49571
-4.7115
-4.91916
-5.12045
-5.31713
-5.51011
-5.70006
-5.88729
-6.07231
-6.25474
-6.43478
-6.61309
-6.78959
-6.96477
-7.13849
-7.31088
-7.48243
-7.65353
-7.82382
-7.99349
-8.16261
-8.33104
-8.4988
-8.66602
-8.83252
-8.99864
-9.16415
-9.32907
-9.49377
-9.65738
-9.82048
-9.98263
-10.1443
-10.3057
-10.4665
-10.6268
-10.7867
-10.946
-11.1045
-11.2627
-11.4205
-11.578
-11.7352
-11.8915
-12.0477
-12.2033
-12.3586
-12.5135
-12.6679
-12.8219
-12.9752
-13.1283
-13.2811
-13.4336
-13.5858
-13.7379
-13.8893
-14.0403
-14.1909
-14.3416
-14.4917
-14.6417
-14.7914
-14.9405
-15.0897
-15.2383
-15.3871
-15.5355
-15.6837
-15.8317
-15.979
-16.1264
-16.2733
-16.4201
-16.567
-16.7134
-16.8604
-17.0068
-17.1531
-17.2996
-17.4454
-17.5915
-17.7374
-17.8831
-18.0287
-18.1727
-18.3155
-18.4501
-18.5715
-1.3632
-1.64749
-2.02372
-2.35342
-2.65562
-2.96096
-3.26097
-3.54222
-3.80658
-4.05731
-4.29477
-4.52021
-4.73586
-4.94336
-5.1445
-5.3411
-5.53401
-5.72394
-5.91112
-6.09618
-6.27859
-6.45856
-6.63685
-6.81332
-6.98851
-7.16222
-7.33453
-7.5061
-7.67722
-7.84749
-8.01715
-8.18626
-8.3547
-8.52242
-8.68968
-8.85613
-9.02228
-9.18772
-9.35264
-9.51743
-9.68093
-9.8441
-10.0063
-10.1679
-10.3294
-10.4901
-10.6506
-10.8103
-10.9698
-11.1283
-11.2864
-11.4444
-11.6018
-11.7592
-11.9154
-12.0717
-12.2274
-12.3826
-12.5376
-12.692
-12.8461
-12.9994
-13.1525
-13.3053
-13.4577
-13.6099
-13.7619
-13.9133
-14.0644
-14.2149
-14.3656
-14.5157
-14.6657
-14.8153
-14.9645
-15.1137
-15.2623
-15.4111
-15.5595
-15.7077
-15.8557
-16.0031
-16.1505
-16.2975
-16.4444
-16.5914
-16.738
-16.885
-17.0315
-17.1777
-17.3239
-17.4698
-17.6159
-17.7617
-17.9072
-18.0526
-18.1959
-18.3375
-18.4702
-18.5876
-1.35187
-1.66695
-2.04735
-2.37365
-2.67716
-2.98386
-3.28427
-3.56515
-3.82943
-4.08012
-4.3174
-4.54255
-4.75802
-4.96534
-5.16634
-5.36282
-5.55563
-5.74552
-5.93266
-6.11772
-6.30009
-6.47999
-6.65822
-6.83471
-7.00982
-7.1836
-7.35576
-7.52744
-7.69854
-7.86878
-8.03844
-8.20747
-8.37607
-8.54368
-8.71105
-8.8775
-9.04366
-9.20919
-9.37414
-9.53898
-9.70237
-9.86572
-10.0279
-10.1897
-10.3512
-10.5119
-10.6726
-10.8321
-10.9918
-11.1503
-11.3084
-11.4663
-11.6237
-11.781
-11.9372
-12.0935
-12.2492
-12.4043
-12.5594
-12.7137
-12.8679
-13.0211
-13.1742
-13.327
-13.4794
-13.6316
-13.7835
-13.935
-14.086
-14.2366
-14.3873
-14.5373
-14.6873
-14.8369
-14.9861
-15.1352
-15.2838
-15.4326
-15.5809
-15.7291
-15.877
-16.0243
-16.1717
-16.3185
-16.4652
-16.612
-16.7584
-16.9054
-17.0518
-17.1982
-17.3445
-17.4904
-17.6366
-17.7823
-17.9279
-18.0732
-18.2166
-18.3575
-18.489
-18.6034
-1.33633
-1.68493
-2.06858
-2.39182
-2.69671
-3.00464
-3.30552
-3.58606
-3.85034
-4.10097
-4.33813
-4.56303
-4.77822
-4.98531
-5.18624
-5.38258
-5.5754
-5.76516
-5.95241
-6.13748
-6.31984
-6.49966
-6.67778
-6.85426
-7.02923
-7.20308
-7.37512
-7.54697
-7.718
-7.88831
-8.05801
-8.22699
-8.39584
-8.56341
-8.73101
-8.8975
-9.06372
-9.22941
-9.39428
-9.55913
-9.72237
-9.88577
-10.0479
-10.2097
-10.3712
-10.5318
-10.6925
-10.852
-11.0117
-11.1701
-11.3283
-11.4862
-11.6436
-11.801
-11.9571
-12.1135
-12.2691
-12.4243
-12.5793
-12.7336
-12.8878
-13.041
-13.1942
-13.347
-13.4994
-13.6516
-13.8035
-13.9551
-14.106
-14.2567
-14.4074
-14.5574
-14.7074
-14.8571
-15.0063
-15.1554
-15.3041
-15.4529
-15.6013
-15.7495
-15.8975
-16.0449
-16.1924
-16.3394
-16.4863
-16.6332
-16.7799
-16.9268
-17.0733
-17.2196
-17.3658
-17.5118
-17.6578
-17.8035
-17.9489
-18.0938
-18.2362
-18.376
-18.5065
-18.6188
-1.3176
-1.70162
-2.08763
-2.40867
-2.71489
-3.02373
-3.32482
-3.60486
-3.86912
-4.11954
-4.35637
-4.58152
-4.79625
-5.00296
-5.20367
-5.39979
-5.5925
-5.78209
-5.96941
-6.15431
-6.33672
-6.51658
-6.69484
-6.87152
-7.04658
-7.22063
-7.39276
-7.56482
-7.73587
-7.90625
-8.07595
-8.24474
-8.41359
-8.58101
-8.74861
-8.915
-9.08116
-9.24681
-9.41158
-9.57643
-9.73962
-9.90301
-10.065
-10.2268
-10.3882
-10.5489
-10.7095
-10.869
-11.0286
-11.187
-11.3452
-11.503
-11.6603
-11.8177
-11.9737
-12.1301
-12.2856
-12.4408
-12.5957
-12.75
-12.9042
-13.0573
-13.2104
-13.3631
-13.5155
-13.6677
-13.8196
-13.9711
-14.1219
-14.2725
-14.4231
-14.5731
-14.7231
-14.8726
-15.0217
-15.1708
-15.3194
-15.4681
-15.6164
-15.7646
-15.9125
-16.0597
-16.2071
-16.3539
-16.5007
-16.6475
-16.7939
-16.9408
-17.0872
-17.2336
-17.3798
-17.5258
-17.6718
-17.8176
-17.9631
-18.1084
-18.2516
-18.3915
-18.5219
-18.6332
-1.29674
-1.71596
-2.10322
-2.42362
-2.73177
-3.04221
-3.34364
-3.62319
-3.88748
-4.13777
-4.37434
-4.59976
-4.81416
-5.02072
-5.22146
-5.41768
-5.6106
-5.80051
-5.98816
-6.17329
-6.35593
-6.53583
-6.71416
-6.89088
-7.06579
-7.23968
-7.41154
-7.58354
-7.75449
-7.92484
-8.09458
-8.26336
-8.43228
-8.59968
-8.76733
-8.93374
-9.09993
-9.26562
-9.43041
-9.59527
-9.75849
-9.92188
-10.0839
-10.2457
-10.4071
-10.5678
-10.7284
-10.8879
-11.0476
-11.2059
-11.3642
-11.522
-11.6795
-11.8368
-11.993
-12.1493
-12.3048
-12.4602
-12.615
-12.7694
-12.9236
-13.0768
-13.23
-13.3827
-13.5351
-13.6874
-13.8393
-13.9908
-14.1418
-14.2924
-14.443
-14.5931
-14.7431
-14.8927
-15.0419
-15.1911
-15.3397
-15.4885
-15.6368
-15.785
-15.933
-16.0804
-16.2278
-16.3748
-16.5217
-16.6685
-16.8151
-16.9619
-17.1085
-17.2548
-17.401
-17.547
-17.693
-17.8387
-17.9841
-18.1288
-18.2713
-18.4101
-18.5394
-18.6492
-1.28214
-1.73053
-2.11546
-2.43316
-2.74212
-3.05435
-3.3563
-3.63531
-3.89977
-4.15004
-4.38651
-4.61154
-4.82576
-5.03221
-5.23284
-5.42895
-5.62175
-5.81153
-5.99907
-6.18401
-6.36635
-6.54584
-6.72395
-6.90048
-7.07526
-7.24904
-7.42069
-7.59259
-7.76345
-7.93373
-8.10339
-8.27207
-8.4409
-8.60823
-8.7758
-8.94213
-9.10826
-9.27387
-9.43859
-9.60339
-9.76655
-9.92989
-10.0919
-10.2536
-10.415
-10.5756
-10.7362
-10.8956
-11.0553
-11.2136
-11.3718
-11.5296
-11.6869
-11.8442
-12.0003
-12.1566
-12.3121
-12.4674
-12.6223
-12.7766
-12.9307
-13.0839
-13.237
-13.3897
-13.5421
-13.6943
-13.8462
-13.9977
-14.1485
-14.2991
-14.4497
-14.5998
-14.7497
-14.8992
-15.0484
-15.1975
-15.3461
-15.4948
-15.6431
-15.7913
-15.9392
-16.0866
-16.234
-16.3808
-16.5277
-16.6744
-16.821
-16.9678
-17.1143
-17.2607
-17.4068
-17.5528
-17.6988
-17.8446
-17.9901
-18.1351
-18.2779
-18.4172
-18.547
-18.6572
-1.25166
-1.74536
-2.13907
-2.45732
-2.76647
-3.07921
-3.38191
-3.65996
-3.92474
-4.17512
-4.41149
-4.63633
-4.85034
-5.0565
-5.25686
-5.45274
-5.64536
-5.83499
-6.02243
-6.2073
-6.38967
-6.56922
-6.7473
-6.92382
-7.09852
-7.27231
-7.44396
-7.61581
-7.78663
-7.95687
-8.12651
-8.29518
-8.46398
-8.63133
-8.79887
-8.96522
-9.13133
-9.29695
-9.46168
-9.62646
-9.78965
-9.95297
-10.115
-10.2767
-10.4381
-10.5987
-10.7593
-10.9188
-11.0784
-11.2367
-11.3949
-11.5527
-11.7101
-11.8674
-12.0235
-12.1798
-12.3353
-12.4906
-12.6454
-12.7998
-12.9539
-13.1071
-13.2602
-13.4129
-13.5653
-13.7175
-13.8694
-14.0209
-14.1718
-14.3224
-14.473
-14.6231
-14.773
-14.9226
-15.0718
-15.2208
-15.3695
-15.5182
-15.6665
-15.8147
-15.9626
-16.11
-16.2574
-16.4043
-16.5511
-16.6979
-16.8445
-16.9913
-17.1378
-17.2842
-17.4303
-17.5764
-17.7223
-17.8681
-18.0135
-18.1584
-18.3012
-18.4401
-18.5697
-18.6795
-18.4443
-18.7797
-19.4624
-19.5689
-19.0076
-17.9223
-16.4668
-14.7819
-13.0428
-11.3446
-9.77379
-8.36017
-7.12627
-6.07441
-5.17633
-4.39706
-3.70035
-3.06095
-2.4663
-1.91471
-1.42175
-0.988053
-0.629283
-0.36511
-0.172687
-0.034084
0.0591141
0.126782
0.181526
0.22655
0.25935
0.271443
0.24596
0.20645
0.164221
0.12761
0.154169
0.264911
0.478058
0.652728
0.715497
0.721968
0.744205
0.777717
0.818658
0.855791
0.908365
0.962629
1.01317
1.04947
1.06629
1.07041
1.07479
1.09338
1.12611
1.16766
1.20679
1.23593
1.25577
1.26555
1.26568
1.25786
1.24382
1.2252
1.20328
1.17894
1.1527
1.12488
1.09591
1.06594
1.03483
1.00238
0.969203
0.935913
0.902154
0.868283
0.835411
0.803297
0.771126
0.738018
0.705296
0.672711
0.640016
0.607291
0.57452
0.541697
0.508839
0.475942
0.443008
0.410023
0.376909
0.34364
0.310117
0.276175
0.241465
0.205649
0.167519
0.127071
0.0795148
0.032957
-18.4919
-18.7027
-19.3566
-19.4791
-18.9313
-17.8659
-16.432
-14.7662
-13.0424
-11.3556
-9.79265
-8.38254
-7.14963
-6.09739
-5.19705
-4.41482
-3.71634
-3.0765
-2.48304
-1.93439
-1.44486
-1.01587
-0.661957
-0.399595
-0.205899
-0.0666125
0.0302484
0.102444
0.158024
0.203751
0.234586
0.237607
0.199095
0.149533
0.101505
0.0605754
0.0886671
0.21143
0.450607
0.646974
0.72239
0.73378
0.757894
0.786938
0.822251
0.854134
0.90116
0.951051
0.997853
1.02993
1.0446
1.04776
1.05293
1.07465
1.10908
1.15234
1.19286
1.22274
1.24281
1.25264
1.25268
1.24478
1.23076
1.21221
1.19038
1.16609
1.13986
1.11205
1.08308
1.05306
1.02184
0.989399
0.956281
0.923053
0.88935
0.855658
0.822768
0.790484
0.758362
0.725341
0.692592
0.660006
0.627298
0.594552
0.561771
0.528942
0.496085
0.463196
0.430276
0.397315
0.364247
0.331057
0.297668
0.263947
0.229615
0.194405
0.157347
0.118423
0.0737873
0.0298029
-18.4866
-18.7044
-19.2837
-19.3876
-18.8456
-17.7974
-16.3856
-14.741
-13.0362
-11.3647
-9.81165
-8.40668
-7.17584
-6.12293
-5.22161
-4.43418
-3.73298
-3.0924
-2.50004
-1.95501
-1.47026
-1.04765
-0.700216
-0.439167
-0.244402
-0.104626
-0.00310973
0.0746804
0.131709
0.177931
0.207287
0.200263
0.145745
0.0846678
0.0305116
-0.0162082
0.0125915
0.149779
0.420217
0.641718
0.731919
0.750113
0.776086
0.799691
0.827705
0.854007
0.894267
0.938851
0.980612
1.00773
1.02005
1.02209
1.02883
1.05361
1.09007
1.13532
1.17757
1.20835
1.22863
1.23847
1.23838
1.23039
1.21635
1.19788
1.17614
1.15189
1.12566
1.09786
1.06889
1.03883
1.00753
0.975053
0.941958
0.90875
0.875169
0.841715
0.808853
0.776408
0.744068
0.711264
0.67856
0.645916
0.613209
0.580447
0.547656
0.514821
0.481965
0.449083
0.41618
0.383245
0.350229
0.317128
0.283888
0.250414
0.216505
0.181971
0.146108
0.108889
0.0674878
0.0263684
-18.5159
-18.7179
-19.223
-19.3043
-18.7585
-17.7229
-16.3314
-14.7109
-13.0263
-11.3722
-9.83077
-8.43253
-7.20451
-6.15
-5.24765
-4.45424
-3.74923
-3.10771
-2.51679
-1.9766
-1.49828
-1.08395
-0.745235
-0.484966
-0.289169
-0.147246
-0.0408306
0.043214
0.104195
0.150346
0.176512
0.159229
0.0868813
0.0125105
-0.0481562
-0.102176
-0.0723038
0.0762618
0.385772
0.638156
0.744887
0.772495
0.799776
0.816976
0.835594
0.855028
0.88775
0.926357
0.961341
0.982412
0.992021
0.993165
1.00227
1.03007
1.06893
1.11649
1.16084
1.19272
1.21316
1.22296
1.22269
1.21455
1.20048
1.18205
1.16039
1.13619
1.10997
1.08216
1.0532
1.0231
0.991731
0.959217
0.926115
0.89289
0.859431
0.82625
0.793468
0.760901
0.728192
0.695665
0.663043
0.630305
0.597602
0.564829
0.532027
0.499186
0.466331
0.433458
0.400574
0.367668
0.33471
0.301708
0.268634
0.235435
0.201997
0.16822
0.133685
0.0983714
0.0605464
0.0226255
-18.5366
-18.7226
-19.1614
-19.2192
-18.6729
-17.6486
-16.2746
-14.6799
-13.0165
-11.3813
-9.85282
-8.46218
-7.23701
-6.18011
-5.27372
-4.47471
-3.76444
-3.1219
-2.53353
-2.00022
-1.53007
-1.12504
-0.79596
-0.538511
-0.340318
-0.192481
-0.0810031
0.00919946
0.0747285
0.120859
0.142127
0.114592
0.0239338
-0.065616
-0.132349
-0.193999
-0.160905
-0.00340283
0.3384
0.636768
0.76307
0.803329
0.82987
0.839929
0.846579
0.85709
0.88151
0.913684
0.940181
0.953814
0.959757
0.960897
0.973064
1.00388
1.04556
1.09584
1.14268
1.17583
1.19637
1.20603
1.20548
1.19713
1.18298
1.16457
1.14298
1.11883
1.09261
1.06481
1.03584
1.0057
0.974268
0.941719
0.908606
0.875363
0.841944
0.809104
0.776377
0.743612
0.710763
0.678443
0.645825
0.613047
0.580333
0.54754
0.514727
0.481878
0.449022
0.416159
0.383295
0.350421
0.317528
0.284637
0.251747
0.218854
0.18594
0.153004
0.119944
0.0867533
0.0528807
0.0185318
-18.555
-18.725
-19.0957
-19.1252
-18.58
-17.5681
-16.2165
-14.6503
-13.0096
-11.3946
-9.87982
-8.49754
-7.27511
-6.21527
-5.30148
-4.49585
-3.77908
-3.13411
-2.54927
-2.02479
-1.56288
-1.1682
-0.847407
-0.59522
-0.397231
-0.24257
-0.123811
-0.0276324
0.0426453
0.0893699
0.104197
0.0663229
-0.0403056
-0.14715
-0.220337
-0.287756
-0.254018
-0.0722857
0.27615
0.631221
0.787756
0.845948
0.867345
0.869506
0.86126
0.860266
0.875258
0.900542
0.918085
0.922148
0.923297
0.925157
0.941022
0.97507
1.02002
1.07347
1.12322
1.15773
1.17826
1.18758
1.18663
1.17799
1.16369
1.14527
1.12374
1.09963
1.07341
1.0456
1.01663
0.986448
0.954957
0.922376
0.889254
0.856018
0.822561
0.790065
0.757326
0.724445
0.691616
0.659354
0.626734
0.593963
0.561224
0.5284
0.495571
0.462712
0.429859
0.397005
0.364163
0.331323
0.298504
0.265735
0.233049
0.200495
0.168161
0.136157
0.104728
0.0738945
0.0443905
0.0140243
-18.5715
-18.7235
-19.0253
-19.0221
-18.4775
-17.4788
-16.1517
-14.6163
-13.0029
-11.4108
-9.91169
-8.53923
-7.31948
-6.25536
-5.33064
-4.51559
-3.79121
-3.14237
-2.55912
-2.04192
-1.59012
-1.21188
-0.90293
-0.656077
-0.458267
-0.29736
-0.169919
-0.0691929
0.00657416
0.0551983
0.0633164
0.0144839
-0.104186
-0.22817
-0.310647
-0.380778
-0.34936
-0.134274
0.222379
0.615745
0.815569
0.900625
0.915563
0.906196
0.880063
0.864874
0.869512
0.887931
0.894535
0.887325
0.882937
0.885954
0.905969
0.944027
0.992547
1.04942
1.10231
1.13828
1.15876
1.16748
1.16598
1.15695
1.14243
1.12394
1.10246
1.07839
1.05217
1.02434
0.995359
0.965139
0.933593
0.900986
0.867861
0.83467
0.801181
0.768877
0.736176
0.703267
0.670449
0.638171
0.605626
0.572839
0.540072
0.507218
0.474376
0.441505
0.40865
0.375805
0.342986
0.31018
0.277442
0.244808
0.212347
0.180166
0.148469
0.117491
0.087862
0.0596293
0.034958
0.00901317
-18.5861
-18.7177
-18.9511
-18.9113
-18.367
-17.3827
-16.081
-14.5773
-12.9932
-11.4255
-9.94357
-8.58231
-7.36551
-6.29416
-5.3558
-4.52823
-3.79497
-3.14287
-2.56461
-2.05697
-1.61918
-1.25863
-0.963155
-0.722814
-0.523435
-0.355271
-0.219062
-0.113647
-0.0336049
0.0158285
0.0186594
-0.0401637
-0.16744
-0.305655
-0.401042
-0.470732
-0.438134
-0.202324
0.182893
0.59799
0.850431
0.965111
0.977151
0.949585
0.902955
0.871975
0.866067
0.875118
0.866926
0.849146
0.839822
0.844434
0.868114
0.91091
0.963528
1.02395
1.07987
1.11729
1.13778
1.14559
1.14336
1.13383
1.11902
1.10041
1.07893
1.05489
1.02865
1.0008
0.971812
0.941553
0.909957
0.877325
0.844195
0.811082
0.777577
0.745306
0.712752
0.679828
0.646985
0.614695
0.58224
0.549419
0.516626
0.483733
0.450879
0.417999
0.385153
0.352323
0.31953
0.28676
0.25411
0.221624
0.189408
0.157635
0.126635
0.0967792
0.0691255
0.0437416
0.0244276
0.00335535
-18.5996
-18.7089
-18.8748
-18.7944
-18.2491
-17.2805
-16.0054
-14.5322
-12.9771
-11.4338
-9.96981
-8.6205
-7.40719
-6.33023
-5.37917
-4.53868
-3.7966
-3.14168
-2.56987
-2.0754
-1.65475
-1.30958
-1.02529
-0.79016
-0.590522
-0.41657
-0.272529
-0.161142
-0.0782116
-0.0292474
-0.0294467
-0.0956095
-0.229394
-0.378888
-0.488872
-0.554001
-0.513891
-0.271615
0.145144
0.587186
0.897337
1.03827
1.04929
0.998897
0.929338
0.882289
0.865736
0.858366
0.835257
0.808702
0.795751
0.801731
0.828724
0.87551
0.932489
0.997183
1.05591
1.0945
1.11515
1.1218
1.11858
1.10843
1.09326
1.07448
1.05297
1.02888
1.00257
0.974698
0.945735
0.915437
0.883803
0.851178
0.818072
0.785085
0.751567
0.719178
0.68681
0.653914
0.621061
0.588747
0.556379
0.523529
0.49072
0.45778
0.424915
0.392005
0.359162
0.326347
0.293583
0.260855
0.228296
0.195966
0.164015
0.132681
0.102435
0.0737905
0.0482924
0.0259928
0.0126388
-0.00313841
-18.6119
-18.6978
-18.7981
-18.6735
-18.1246
-17.1716
-15.9232
-14.4835
-12.9606
-11.4441
-9.99874
-8.66114
-7.4505
-6.36805
-5.40407
-4.55093
-3.79998
-3.14319
-2.57663
-2.09412
-1.69149
-1.36296
-1.09101
-0.860146
-0.659127
-0.479447
-0.328691
-0.212283
-0.127508
-0.078874
-0.0814146
-0.152817
-0.291557
-0.447707
-0.569222
-0.626354
-0.573009
-0.326006
0.112715
0.58158
0.945373
1.11669
1.12481
1.05211
0.958929
0.894635
0.862902
0.836175
0.80194
0.767762
0.751526
0.758794
0.790004
0.84006
0.899481
0.967438
1.02968
1.06945
1.09009
1.09584
1.0916
1.08063
1.06496
1.04588
1.02422
1.00006
0.973744
0.945847
0.91685
0.886509
0.854837
0.822125
0.789019
0.755624
0.722766
0.690179
0.657958
0.625134
0.592295
0.559923
0.527604
0.494724
0.461921
0.42892
0.396008
0.363155
0.330327
0.297526
0.264797
0.232122
0.199661
0.167499
0.135834
0.104969
0.0755335
0.0481799
0.02502
0.00600581
-0.000673456
-0.0108282
-18.6236
-18.6871
-18.7302
-18.5637
-18.0096
-17.0717
-15.8479
-14.4412
-12.9495
-11.4581
-10.0302
-8.70276
-7.49371
-6.40366
-5.42685
-4.56215
-3.80372
-3.14603
-2.58562
-2.11524
-1.72879
-1.41486
-1.1537
-0.926963
-0.724065
-0.539861
-0.384336
-0.264821
-0.179162
-0.131093
-0.137413
-0.212381
-0.351506
-0.509702
-0.63465
-0.681322
-0.611581
-0.35447
0.0925136
0.583229
0.981916
1.18224
1.18994
1.10096
0.986721
0.901243
0.85305
0.812048
0.769181
0.729433
0.710582
0.719721
0.755011
0.808023
0.86911
0.937305
1.00011
1.04242
1.06302
1.06803
1.06317
1.05155
1.03547
1.01614
0.99426
0.96996
0.943581
0.915589
0.886501
0.856236
0.824623
0.791956
0.758863
0.725601
0.692752
0.659924
0.627797
0.595071
0.562306
0.52987
0.49756
0.464641
0.431866
0.398746
0.365822
0.332947
0.300119
0.267329
0.234626
0.20201
0.169634
0.137628
0.106241
0.0758349
0.0471994
0.0211146
0.000328918
-0.0154673
-0.0150115
-0.0197463
-18.6353
-18.6804
-18.6802
-18.4795
-17.9203
-16.995
-15.7917
-14.4097
-12.9415
-11.4697
-10.056
-8.73701
-7.52893
-6.4324
-5.44609
-4.5729
-3.80928
-3.15195
-2.59722
-2.13654
-1.76287
-1.46121
-1.20817
-0.984019
-0.77954
-0.593249
-0.435297
-0.314167
-0.228887
-0.183403
-0.192718
-0.268005
-0.40345
-0.560246
-0.68213
-0.718397
-0.633037
-0.363504
0.0870585
0.589337
1.00302
1.22078
1.23018
1.13205
1.00459
0.899355
0.838858
0.788412
0.739509
0.696993
0.677202
0.687558
0.725279
0.779366
0.841523
0.910177
0.972157
1.01639
1.03709
1.04134
1.03581
1.02367
1.00726
0.987762
0.965756
0.94142
0.915048
0.887022
0.857769
0.827335
0.795479
0.76272
0.729753
0.696624
0.663728
0.630873
0.598761
0.566081
0.5334
0.500912
0.468558
0.43566
0.402675
0.369823
0.336892
0.304043
0.271204
0.238457
0.205752
0.173226
0.140937
0.109075
0.0779454
0.0479544
0.0200374
-0.00493581
-0.0235565
-0.0365961
-0.0292697
-0.0294279
-18.6472
-18.6785
-18.6473
-18.421
-17.8571
-16.9409
-15.7525
-14.3882
-12.9378
-11.4811
-10.0786
-8.76636
-7.55893
-6.45733
-5.46412
-4.58461
-3.81707
-3.16045
-2.61044
-2.1572
-1.79344
-1.50163
-1.2541
-1.03124
-0.826129
-0.639617
-0.480543
-0.358706
-0.274826
-0.231657
-0.241152
-0.314228
-0.445912
-0.600232
-0.717113
-0.743663
-0.645264
-0.365087
0.0888842
0.593382
1.01022
1.2359
1.24822
1.14599
1.01166
0.893992
0.822763
0.765675
0.713217
0.669978
0.649921
0.66095
0.70023
0.753268
0.816513
0.886139
0.948388
0.992431
1.01313
1.017
1.01087
0.99835
0.981605
0.961978
0.939944
0.915714
0.889471
0.861585
0.832411
0.802187
0.770361
0.737539
0.704503
0.671249
0.638275
0.605421
0.57316
0.540536
0.50784
0.475328
0.442824
0.410096
0.37688
0.344018
0.311022
0.278196
0.245323
0.212611
0.179893
0.147408
0.115177
0.0833998
0.0524464
0.0227578
-0.00460246
-0.0287107
-0.0455357
-0.0564643
-0.0430292
-0.0396107
-18.6597
-18.6809
-18.6278
-18.3827
-17.8151
-16.9055
-15.7279
-14.3768
-12.9395
-11.4942
-10.1
-8.79276
-7.58557
-6.48007
-5.48181
-4.59764
-3.82733
-3.17172
-2.62568
-2.17813
-1.82197
-1.53733
-1.29343
-1.07135
-0.866361
-0.680302
-0.520689
-0.398667
-0.315663
-0.272805
-0.281256
-0.352192
-0.481405
-0.633221
-0.745047
-0.76243
-0.653284
-0.364621
0.0922802
0.595202
1.01096
1.24017
1.25621
1.15077
1.01087
0.887221
0.805544
0.743478
0.688881
0.645975
0.626372
0.638111
0.678091
0.729717
0.794908
0.864485
0.926424
0.970173
0.990934
0.994543
0.988097
0.975421
0.958568
0.938913
0.916815
0.89248
0.866038
0.837929
0.808489
0.777981
0.746023
0.713142
0.680082
0.646926
0.613939
0.58111
0.548765
0.516187
0.483435
0.451102
0.418581
0.386022
0.352913
0.320089
0.287116
0.254303
0.221453
0.188762
0.156102
0.123642
0.0915044
0.059858
0.0291096
-0.00027284
-0.0271398
-0.05055
-0.0658757
-0.0753891
-0.0565688
-0.0503286
-18.6726
-18.6866
-18.6182
-18.3598
-17.7894
-16.8847
-15.7153
-14.3738
-12.9462
-11.5092
-10.1214
-8.81769
-7.6104
-6.50183
-5.49971
-4.61205
-3.83978
-3.18529
-2.6426
-2.1993
-1.84884
-1.56891
-1.32745
-1.10635
-0.901536
-0.715612
-0.555823
-0.433001
-0.349585
-0.30615
-0.314174
-0.384453
-0.512074
-0.661265
-0.768641
-0.77786
-0.659244
-0.362692
0.097486
0.599745
1.01382
1.24425
1.26095
1.15061
1.00566
0.878675
0.787581
0.721714
0.665887
0.623713
0.605174
0.617931
0.657378
0.709585
0.77556
0.844826
0.906535
0.950059
0.970628
0.974061
0.967457
0.954782
0.938058
0.918622
0.896786
0.872739
0.846543
0.818598
0.789288
0.758837
0.726944
0.693977
0.660769
0.627483
0.594371
0.561525
0.529079
0.496484
0.463795
0.431112
0.398498
0.365742
0.332594
0.29967
0.266708
0.233853
0.201009
0.168302
0.135618
0.103163
0.0710015
0.0393483
0.00860151
-0.0207001
-0.0473611
-0.070377
-0.0845893
-0.0933905
-0.0699629
-0.0614746
-18.686
-18.695
-18.6161
-18.3486
-17.7765
-16.8757
-15.7123
-14.3778
-12.9572
-11.5262
-10.143
-8.84171
-7.63405
-6.52306
-5.51795
-4.62769
-3.85411
-3.20085
-2.66102
-2.22084
-1.87453
-1.59765
-1.3575
-1.13735
-0.932297
-0.745423
-0.585117
-0.461267
-0.376938
-0.333147
-0.341458
-0.412107
-0.538847
-0.685691
-0.789276
-0.791358
-0.663927
-0.359315
0.10557
0.609052
1.02188
1.25051
1.26396
1.14731
0.999953
0.866543
0.768957
0.700541
0.644426
0.603226
0.585985
0.599493
0.637969
0.692233
0.758472
0.827549
0.888965
0.932151
0.952413
0.955589
0.948629
0.93554
0.918331
0.89842
0.87613
0.851565
0.825076
0.796831
0.767275
0.736623
0.704587
0.671624
0.638433
0.605227
0.572177
0.53942
0.507056
0.4746
0.442106
0.409601
0.377202
0.344575
0.311616
0.278692
0.245798
0.212933
0.180132
0.147432
0.114797
0.0824189
0.0503513
0.018871
-0.0116332
-0.0405976
-0.0667542
-0.0892317
-0.102309
-0.110624
-0.0833478
-0.0729427
-18.6993
-18.7052
-18.6196
-18.3462
-17.7735
-16.8757
-15.7168
-14.3872
-12.9715
-11.5447
-10.1649
-8.86517
-7.65709
-6.54431
-5.53695
-4.64485
-3.87047
-3.21861
-2.68123
-2.24327
-1.89965
-1.62469
-1.38476
-1.16465
-0.958968
-0.770462
-0.608673
-0.484109
-0.399369
-0.355292
-0.361111
-0.435896
-0.562572
-0.707594
-0.807863
-0.803359
-0.667331
-0.354003
0.117157
0.62327
1.03504
1.25874
1.26542
1.14134
0.993607
0.851533
0.749932
0.680172
0.624449
0.584551
0.56906
0.587153
0.621001
0.676885
0.743409
0.812374
0.873473
0.916436
0.936766
0.940215
0.933739
0.921123
0.904533
0.885074
0.863167
0.839034
0.812572
0.784411
0.754912
0.724282
0.69228
0.659277
0.626032
0.592744
0.559585
0.526741
0.494215
0.461543
0.428823
0.39615
0.363582
0.330784
0.297735
0.26475
0.231835
0.198954
0.166134
0.133428
0.100741
0.0683379
0.0361751
0.00461279
-0.0260713
-0.0552044
-0.0816183
-0.10421
-0.117214
-0.125756
-0.0959965
-0.0844505
-18.7141
-18.7176
-18.6276
-18.3506
-17.7776
-16.8822
-15.7263
-14.4001
-12.9875
-11.5634
-10.186
-8.88735
-7.6789
-6.56489
-5.55598
-4.66275
-3.88809
-3.23774
-2.70244
-2.26571
-1.92318
-1.64903
-1.40887
-1.18814
-0.982098
-0.794002
-0.630473
-0.503973
-0.418401
-0.374668
-0.38329
-0.458127
-0.584082
-0.727644
-0.825587
-0.813545
-0.669172
-0.346734
0.132003
0.64184
1.0517
1.26763
1.26442
1.13215
0.985145
0.836018
0.731363
0.661092
0.60561
0.566218
0.550699
0.565776
0.603625
0.660886
0.727761
0.796515
0.85702
0.899142
0.918656
0.92122
0.913607
0.900392
0.883135
0.863186
0.84102
0.816586
0.790066
0.761832
0.732279
0.701601
0.669566
0.636569
0.603333
0.570121
0.537059
0.504287
0.471889
0.439394
0.406869
0.374291
0.341853
0.309158
0.276216
0.243254
0.21037
0.17749
0.144702
0.111988
0.0793773
0.0469927
0.0149586
-0.0164876
-0.0469083
-0.0757533
-0.101575
-0.123726
-0.13556
-0.143813
-0.111253
-0.0984019
-18.7224
-18.7256
-18.6344
-18.3567
-17.7848
-16.8916
-15.7381
-14.4143
-13.0037
-11.5812
-10.205
-8.90658
-7.69752
-6.58261
-5.57285
-4.67932
-3.90513
-3.25635
-2.72263
-2.2858
-1.94225
-1.66707
-1.42544
-1.20265
-0.993886
-0.802091
-0.63961
-0.513341
-0.427796
-0.384564
-0.392172
-0.467665
-0.596052
-0.738908
-0.833216
-0.819928
-0.669704
-0.339739
0.146144
0.659464
1.06635
1.27442
1.26347
1.12711
0.976666
0.824309
0.718733
0.649465
0.5954
0.557299
0.543461
0.561024
0.59759
0.654424
0.721096
0.789672
0.850045
0.892222
0.912111
0.915063
0.908291
0.895079
0.878148
0.85835
0.836254
0.811894
0.785383
0.757151
0.727591
0.696907
0.664865
0.631854
0.598613
0.565345
0.532212
0.499394
0.466922
0.434322
0.40169
0.369057
0.336554
0.303788
0.270802
0.237812
0.20492
0.172036
0.139232
0.10652
0.0738749
0.0414742
0.00937905
-0.022136
-0.0526856
-0.0816876
-0.107791
-0.130167
-0.142444
-0.151132
-0.118458
-0.102641
-18.7444
-18.7473
-18.6554
-18.3779
-17.8074
-16.9162
-15.7645
-14.4421
-13.0325
-11.6108
-10.2349
-8.93614
-7.72653
-6.61115
-5.60134
-4.70816
-3.93456
-3.28668
-2.75345
-2.31565
-1.97028
-1.69349
-1.4505
-1.22662
-1.01724
-0.825794
-0.661895
-0.535062
-0.449531
-0.406684
-0.416874
-0.493395
-0.621087
-0.762726
-0.856684
-0.837839
-0.681812
-0.345153
0.146107
0.660707
1.06298
1.26316
1.24267
1.10628
0.953264
0.800527
0.694665
0.626011
0.572399
0.534691
0.521301
0.537335
0.575001
0.632437
0.699354
0.767879
0.828018
0.869893
0.889266
0.891957
0.88474
0.871488
0.85443
0.834564
0.812434
0.788035
0.761509
0.73327
0.703701
0.673008
0.640958
0.607944
0.574691
0.541438
0.508336
0.47552
0.443067
0.410494
0.377901
0.34528
0.312794
0.280051
0.24708
0.214105
0.181213
0.148329
0.115537
0.0828162
0.0501971
0.0177857
-0.014269
-0.0457653
-0.0762525
-0.105191
-0.131145
-0.153468
-0.16542
-0.174091
-0.140706
-0.131015
-18.6877
-18.6874
-18.7279
-18.7167
-18.6985
-18.6738
-18.6437
-18.611
-18.5792
-18.5501
-18.5244
-18.5025
-18.4851
-18.4753
-18.4745
-18.4684
-19.2469
-19.2245
-19.23
-19.2397
-19.2296
-19.2043
-19.1734
-19.141
-19.1096
-19.081
-19.0563
-19.0362
-19.0208
-19.0093
-19.0018
-18.9869
-19.643
-19.7106
-19.7946
-19.8245
-19.8213
-19.8002
-19.7704
-19.7388
-19.7093
-19.6835
-19.6625
-19.6468
-19.6368
-19.6318
-19.6273
-19.6154
-19.6938
-19.7828
-19.829
-19.8508
-19.8558
-19.8426
-19.8169
-19.787
-19.7584
-19.7336
-19.7133
-19.6979
-19.6872
-19.6809
-19.676
-19.6631
-19.1044
-19.1635
-19.1973
-19.2236
-19.2324
-19.2236
-19.2034
-19.1773
-19.1507
-19.1249
-19.1008
-19.0792
-19.0605
-19.0455
-19.0345
-19.0156
-17.9885
-18.0328
-18.0666
-18.0922
-18.1022
-18.0966
-18.0788
-18.0535
-18.0259
-17.998
-17.9705
-17.9438
-17.9186
-17.8961
-17.8778
-17.8535
-16.5055
-16.5354
-16.5608
-16.5799
-16.5881
-16.5837
-16.5671
-16.5427
-16.515
-16.485
-16.4531
-16.4196
-16.3851
-16.3514
-16.3213
-16.2911
-14.7974
-14.8137
-14.8282
-14.8385
-14.8423
-14.8365
-14.8197
-14.795
-14.7661
-14.7339
-14.6985
-14.6597
-14.6185
-14.5771
-14.5398
-14.5057
-13.0406
-13.0412
-13.0435
-13.0454
-13.0452
-13.0377
-13.0197
-12.9941
-12.9642
-12.9305
-12.8925
-12.8502
-12.8044
-12.7576
-12.7153
-12.6782
-11.3288
-11.3146
-11.3055
-11.2999
-11.2951
-11.2842
-11.2638
-11.237
-11.2063
-11.1716
-11.1323
-11.0884
-11.0405
-10.9915
-10.9471
-10.9087
-9.74804
-9.72292
-9.70582
-9.69505
-9.68659
-9.67256
-9.65009
-9.62248
-9.59137
-9.55629
-9.51667
-9.47241
-9.42428
-9.37509
-9.33048
-9.2921
-8.32959
-8.29806
-8.27576
-8.2611
-8.2491
-8.23179
-8.20735
-8.17899
-8.14767
-8.11273
-8.07362
-8.03027
-7.98343
-7.93577
-7.89257
-7.8551
-7.09451
-7.0608
-7.03606
-7.01885
-7.00373
-6.98332
-6.95709
-6.92812
-6.89676
-6.86226
-6.82414
-6.78233
-6.73754
-6.69227
-6.65123
-6.61512
-6.04311
-6.00915
-5.98302
-5.96297
-5.94302
-5.91803
-5.88942
-5.8594
-5.82761
-5.79329
-5.75601
-5.71571
-5.67304
-5.63024
-5.59149
-5.55679
-5.14794
-5.11554
-5.08898
-5.06621
-5.04147
-5.0125
-4.98176
-4.95035
-4.91768
-4.8831
-4.8462
-4.8069
-4.76574
-4.72481
-4.68786
-4.65441
-4.3716
-4.34034
-4.31267
-4.287
-4.25887
-4.22722
-4.19444
-4.16138
-4.12754
-4.0923
-4.05527
-4.0163
-3.97589
-3.93601
-3.90019
-3.86753
-3.67667
-3.64541
-3.61599
-3.58744
-3.5565
-3.52282
-3.48851
-3.45419
-3.4194
-3.38356
-3.34624
-3.30724
-3.26703
-3.22753
-3.19218
-3.15984
-3.03759
-3.00518
-2.97353
-2.94214
-2.9087
-2.87328
-2.83765
-2.80227
-2.76665
-2.73019
-2.69243
-2.65311
-2.61264
-2.57297
-2.53759
-2.50527
-2.44104
-2.40568
-2.3711
-2.33713
-2.30182
-2.26522
-2.22875
-2.19276
-2.15668
-2.11985
-2.08173
-2.04205
-2.00119
-1.96114
-1.92554
-1.89313
-1.88569
-1.84653
-1.80926
-1.77347
-1.73711
-1.69999
-1.66329
-1.62721
-1.59111
-1.55427
-1.51609
-1.47626
-1.4352
-1.39496
-1.35931
-1.32698
-1.38842
-1.3447
-1.30403
-1.26611
-1.22869
-1.19117
-1.15442
-1.11853
-1.08272
-1.04617
-1.00824
-0.968609
-0.927736
-0.88776
-0.852503
-0.82037
-0.948504
-0.898807
-0.855218
-0.816788
-0.779818
-0.743063
-0.707409
-0.672727
-0.638077
-0.602569
-0.565581
-0.526853
-0.486929
-0.448046
-0.413912
-0.382048
-0.583576
-0.529245
-0.484372
-0.446331
-0.409907
-0.373838
-0.339257
-0.305767
-0.272326
-0.238069
-0.202432
-0.165223
-0.127044
-0.0901158
-0.0578578
-0.0268956
-0.316954
-0.26074
-0.214595
-0.174838
-0.136793
-0.100174
-0.0658238
-0.0329126
-0.000323136
0.0327851
0.0669441
0.102317
0.138308
0.172815
0.202783
0.232218
-0.126254
-0.0712236
-0.0253395
0.0154021
0.0541556
0.0902463
0.123622
0.155451
0.186843
0.218561
0.251065
0.284458
0.318143
0.350146
0.377779
0.405695
0.0106385
0.0625707
0.105682
0.14463
0.181729
0.216081
0.248059
0.278744
0.309027
0.3395
0.370506
0.402094
0.43368
0.463425
0.488946
0.51556
0.0991105
0.145723
0.185846
0.223352
0.259268
0.292643
0.323953
0.354086
0.383745
0.413408
0.443355
0.473613
0.503625
0.531665
0.555562
0.58123
0.161233
0.202604
0.240664
0.277427
0.31224
0.344587
0.375155
0.404712
0.433821
0.462856
0.492027
0.521327
0.550216
0.577052
0.599801
0.624818
0.214532
0.254103
0.291328
0.327199
0.360761
0.392262
0.422379
0.451633
0.480407
0.508984
0.537533
0.566056
0.594065
0.620017
0.641998
0.666651
0.258941
0.29981
0.338294
0.374677
0.408688
0.440739
0.471315
0.500822
0.529625
0.558041
0.586301
0.614478
0.642153
0.667834
0.689633
0.714279
0.295195
0.341693
0.384543
0.423701
0.45961
0.492941
0.524316
0.554315
0.583448
0.612121
0.640618
0.669048
0.697
0.722902
0.744626
0.76905
0.319495
0.379037
0.431164
0.476944
0.517767
0.554842
0.58912
0.621371
0.65222
0.682141
0.711462
0.74032
0.768271
0.793565
0.813721
0.83677
0.311747
0.391596
0.459875
0.518019
0.568299
0.612612
0.652342
0.688555
0.722102
0.753634
0.783582
0.812139
0.839032
0.862568
0.876565
0.900478
0.286748
0.384131
0.4668
0.536435
0.59538
0.645926
0.689957
0.728987
0.764242
0.79663
0.826593
0.853895
0.877583
0.896509
0.911497
0.928342
0.252855
0.358175
0.446572
0.522011
0.586334
0.640839
0.687505
0.7282
0.764276
0.796516
0.82568
0.853838
0.880319
0.901882
0.914958
0.927963
0.221882
0.33089
0.420384
0.4944
0.557135
0.611912
0.660719
0.704851
0.745004
0.781256
0.812779
0.83716
0.854173
0.865165
0.871097
0.881872
0.245943
0.350897
0.437594
0.509612
0.570147
0.621712
0.665882
0.703471
0.734832
0.760156
0.779705
0.793774
0.803191
0.808653
0.811021
0.8214
0.340005
0.425573
0.496914
0.556501
0.606282
0.647642
0.681513
0.708578
0.729488
0.744959
0.75576
0.762784
0.76733
0.7705
0.772643
0.785038
0.517175
0.563388
0.603518
0.637813
0.666583
0.690158
0.708912
0.723086
0.73313
0.73983
0.744347
0.747906
0.751418
0.755327
0.758757
0.773711
0.662002
0.675264
0.688681
0.70109
0.711714
0.720171
0.726811
0.732353
0.737106
0.741201
0.744766
0.748466
0.753319
0.759537
0.764048
0.780602
0.707688
0.702359
0.701473
0.70365
0.707814
0.713094
0.718473
0.723532
0.728506
0.733745
0.739473
0.745798
0.753211
0.762171
0.767022
0.785091
0.708072
0.696826
0.692062
0.691772
0.694493
0.699324
0.705727
0.713132
0.721152
0.729582
0.738319
0.74726
0.756623
0.768818
0.772732
0.792259
0.727785
0.714785
0.709624
0.710035
0.714268
0.721075
0.729575
0.739163
0.749464
0.760274
0.771495
0.783054
0.794917
0.806947
0.813825
0.832722
0.767205
0.760705
0.760764
0.76541
0.77312
0.782646
0.793594
0.805395
0.817425
0.828853
0.839904
0.851297
0.863139
0.875768
0.884707
0.903893
0.815325
0.816501
0.822323
0.831179
0.841404
0.852381
0.86424
0.876898
0.890313
0.904811
0.91993
0.93495
0.949846
0.964278
0.974477
0.993987
0.860664
0.872022
0.886004
0.901406
0.917718
0.934338
0.950989
0.967743
0.984525
1.00132
1.01805
1.03465
1.05103
1.06653
1.0775
1.09716
0.920242
0.939187
0.959278
0.979734
1.00008
1.02004
1.03969
1.05911
1.07817
1.09688
1.11524
1.13323
1.15069
1.16691
1.17817
1.19786
0.980015
1.00481
1.02967
1.05403
1.07754
1.10015
1.12193
1.14297
1.16335
1.18315
1.20241
1.22109
1.23903
1.25555
1.26666
1.28632
1.03538
1.06507
1.09349
1.12045
1.14589
1.1699
1.19262
1.21435
1.23532
1.25558
1.27513
1.29392
1.3118
1.32822
1.33889
1.35853
1.07741
1.11244
1.14436
1.17358
1.20038
1.22513
1.24829
1.27033
1.29144
1.31165
1.33099
1.34938
1.36673
1.38276
1.39269
1.41221
1.09737
1.13614
1.17101
1.20234
1.23055
1.25619
1.27998
1.30243
1.32365
1.34371
1.36267
1.38047
1.39713
1.41275
1.42181
1.44115
1.1028
1.14316
1.1791
1.21112
1.23979
1.26577
1.28983
1.31239
1.33351
1.35329
1.3718
1.389
1.40498
1.42033
1.42857
1.44783
1.10696
1.14788
1.18364
1.21495
1.2431
1.26865
1.2923
1.31438
1.33494
1.35414
1.37203
1.38855
1.40383
1.41893
1.42653
1.44575
1.12053
1.15645
1.19062
1.22147
1.24875
1.27353
1.29647
1.31783
1.33773
1.35631
1.37362
1.38959
1.40431
1.41921
1.42645
1.44564
1.15079
1.18223
1.2116
1.23926
1.26465
1.288
1.30987
1.33032
1.34948
1.36743
1.38421
1.3997
1.414
1.42867
1.43577
1.45492
1.18998
1.2184
1.24476
1.26953
1.29283
1.31473
1.33537
1.35481
1.37312
1.39037
1.40655
1.42156
1.43547
1.44985
1.45692
1.47594
1.2273
1.25383
1.27857
1.30205
1.3243
1.3453
1.36513
1.38385
1.40155
1.41825
1.43395
1.44857
1.46216
1.47632
1.48332
1.50222
1.25552
1.28137
1.30567
1.32865
1.35035
1.37087
1.39028
1.40862
1.42594
1.4423
1.4577
1.47206
1.4854
1.49947
1.50634
1.52518
1.27495
1.30037
1.32445
1.34708
1.36838
1.38857
1.40767
1.42571
1.44277
1.4589
1.47409
1.48826
1.50139
1.51545
1.52214
1.54096
1.28461
1.3099
1.3338
1.35623
1.37737
1.39737
1.41627
1.43414
1.45107
1.4671
1.48219
1.49624
1.50917
1.52327
1.52975
1.54857
1.28483
1.31025
1.33417
1.35656
1.37766
1.39757
1.4164
1.43422
1.45113
1.46714
1.48219
1.49616
1.50887
1.52307
1.5293
1.54813
1.27711
1.30256
1.3265
1.34895
1.37008
1.39
1.40884
1.42669
1.44359
1.45955
1.47454
1.48845
1.50095
1.5153
1.52128
1.54014
1.26306
1.28838
1.31226
1.33479
1.35598
1.37596
1.39486
1.41276
1.42967
1.44558
1.46048
1.47434
1.48659
1.50114
1.50684
1.52575
1.24434
1.26946
1.29326
1.31581
1.33701
1.35701
1.37595
1.39387
1.41075
1.42659
1.44142
1.45527
1.46724
1.48203
1.48747
1.50644
1.22227
1.24735
1.27114
1.29359
1.31475
1.33473
1.35363
1.3715
1.38831
1.40405
1.41878
1.43264
1.4443
1.45934
1.46453
1.48355
1.19783
1.22288
1.24659
1.26886
1.29
1.30999
1.32884
1.34661
1.36332
1.37895
1.39358
1.4075
1.41884
1.43416
1.43908
1.45821
1.17157
1.19647
1.22001
1.24222
1.2633
1.28328
1.30209
1.31978
1.33643
1.35198
1.36647
1.38053
1.39147
1.4071
1.41181
1.43097
1.14373
1.1686
1.19209
1.21427
1.23525
1.25509
1.27381
1.29144
1.30803
1.32352
1.33784
1.35216
1.36263
1.37868
1.38313
1.4024
1.11476
1.13964
1.1631
1.1852
1.20608
1.22579
1.2444
1.26196
1.2785
1.294
1.30801
1.32273
1.33265
1.34921
1.35336
1.37272
1.08494
1.1099
1.13335
1.15544
1.17627
1.1959
1.21437
1.23179
1.24819
1.26383
1.2774
1.29264
1.30225
1.31883
1.32294
1.34232
1.05392
1.07887
1.10235
1.12443
1.14522
1.1648
1.18321
1.20056
1.21686
1.23243
1.24615
1.26105
1.27078
1.28732
1.29144
1.31082
1.02143
1.04635
1.06976
1.09178
1.11254
1.13207
1.15043
1.16777
1.18405
1.19935
1.21334
1.22791
1.23787
1.25429
1.25846
1.27782
0.988136
1.0129
1.03622
1.05821
1.0789
1.09838
1.11674
1.13405
1.15029
1.1656
1.17965
1.19418
1.20419
1.22058
1.22477
1.24413
0.954727
0.979477
1.00279
1.02468
1.04524
1.06461
1.08288
1.10011
1.11637
1.13171
1.14563
1.16025
1.1701
1.18658
1.19074
1.21013
0.920968
0.945797
0.969192
0.991108
1.01161
1.03091
1.04911
1.06634
1.0826
1.09791
1.11173
1.12643
1.13623
1.15274
1.1569
1.17629
0.886899
0.911472
0.93469
0.956703
0.977486
0.996997
1.01534
1.03257
1.04875
1.06406
1.07772
1.09261
1.10237
1.11877
1.12303
1.14241
0.854065
0.878601
0.901652
0.923339
0.943795
0.963137
0.981405
0.99861
1.01476
1.03013
1.04387
1.0585
1.06869
1.08477
1.08922
1.10854
0.822035
0.846559
0.869639
0.89132
0.911715
0.930969
0.949134
0.966223
0.982251
0.997481
1.01137
1.0256
1.03618
1.05194
1.05658
1.07583
0.78976
0.81427
0.837316
0.858966
0.879339
0.898574
0.916737
0.933834
0.949888
0.965041
0.979028
0.993097
1.00382
1.01944
1.02417
1.04337
0.756651
0.781185
0.80424
0.825919
0.846335
0.865597
0.883757
0.90084
0.916924
0.932088
0.946143
0.960175
0.970973
0.986557
0.991308
1.01052
0.723945
0.748373
0.771355
0.792997
0.813394
0.832656
0.850837
0.867931
0.884002
0.899125
0.913196
0.927154
0.938021
0.953538
0.958329
0.977524
0.691341
0.715806
0.738838
0.760516
0.780921
0.80014
0.818252
0.835302
0.85136
0.866485
0.880592
0.894519
0.905443
0.920916
0.925741
0.944922
0.658681
0.683196
0.706265
0.72797
0.748395
0.767658
0.785812
0.802883
0.818928
0.834016
0.848103
0.861989
0.872931
0.888368
0.893207
0.912383
0.625986
0.650539
0.673642
0.695381
0.715836
0.735083
0.753204
0.770259
0.786314
0.801425
0.815537
0.829427
0.840379
0.85581
0.860657
0.879829
0.593229
0.617798
0.640914
0.662664
0.683134
0.70241
0.720557
0.737622
0.753666
0.768757
0.782857
0.796743
0.807697
0.823125
0.827973
0.847142
0.560415
0.584995
0.608121
0.629879
0.650347
0.669602
0.687724
0.704779
0.720831
0.735933
0.750035
0.763924
0.774876
0.790313
0.795157
0.81433
0.527554
0.552132
0.575256
0.597011
0.617485
0.636755
0.654888
0.671943
0.687987
0.70308
0.717181
0.73106
0.742015
0.757435
0.762285
0.781452
0.494648
0.519214
0.542328
0.564074
0.584532
0.603777
0.621887
0.638929
0.654966
0.670053
0.684151
0.698031
0.708989
0.724415
0.729265
0.748436
0.461692
0.48623
0.509318
0.531042
0.551487
0.570723
0.588818
0.605846
0.621873
0.636956
0.651058
0.664921
0.675893
0.691285
0.696151
0.715309
0.428672
0.453163
0.476205
0.497886
0.518287
0.537489
0.555567
0.57258
0.588586
0.603646
0.617729
0.631559
0.642549
0.657921
0.662803
0.681962
0.395492
0.4199
0.442868
0.464483
0.484825
0.50397
0.521991
0.538955
0.554931
0.56997
0.584053
0.597851
0.608876
0.624185
0.6291
0.648237
0.362108
0.386371
0.409209
0.430708
0.450949
0.470007
0.487953
0.504854
0.520775
0.535766
0.549822
0.563544
0.574621
0.589853
0.594818
0.613939
0.328392
0.352408
0.375022
0.39632
0.416381
0.435281
0.453092
0.469881
0.485712
0.500632
0.514656
0.528281
0.539438
0.554513
0.559566
0.578642
0.294129
0.317737
0.339983
0.360952
0.38072
0.399363
0.416955
0.433559
0.449233
0.464026
0.47797
0.491445
0.502696
0.517588
0.522755
0.541786
0.25887
0.281774
0.303382
0.323773
0.343024
0.36121
0.378405
0.394675
0.410072
0.424644
0.438434
0.45168
0.46306
0.477567
0.482948
0.501861
0.222175
0.243965
0.26457
0.284069
0.302533
0.320036
0.336656
0.352451
0.367467
0.381742
0.39532
0.40833
0.41979
0.434029
0.439591
0.458466
0.182482
0.202254
0.220998
0.238786
0.255685
0.271765
0.287115
0.301788
0.31583
0.329288
0.342204
0.354627
0.366006
0.379495
0.385398
0.404028
0.139823
0.156806
0.173066
0.188677
0.2037
0.218203
0.232281
0.246039
0.259509
0.272667
0.285475
0.29786
0.309499
0.322786
0.329082
0.347652
0.0879807
0.0992728
0.110104
0.12052
0.130577
0.140381
0.150113
0.159847
0.169605
0.179447
0.189393
0.199426
0.209407
0.221229
0.227165
0.245456
0.0376655
0.0442901
0.0510825
0.0581117
0.0654291
0.0730705
0.0810933
0.0894778
0.09817
0.107133
0.116306
0.125645
0.135101
0.145134
0.153641
0.165973
)
;

boundaryField
{
    frontAndBack
    {
        type            empty;
    }
    inlet
    {
        type            zeroGradient;
    }
    outlet
    {
        type            fixedValue;
        value           uniform 0;
    }
    walls
    {
        type            zeroGradient;
    }
}


// ************************************************************************* //
