/*--------------------------------*- C++ -*----------------------------------*\
| =========                 |                                                 |
| \\      /  F ield         | OpenFOAM: The Open Source CFD Toolbox           |
|  \\    /   O peration     | Version:  v2012                                 |
|   \\  /    A nd           | Website:  www.openfoam.com                      |
|    \\/     M anipulation  |                                                 |
\*---------------------------------------------------------------------------*/
FoamFile
{
    version     2.0;
    format      ascii;
    class       volScalarField;
    location    "0.196";
    object      p;
}
// * * * * * * * * * * * * * * * * * * * * * * * * * * * * * * * * * * * * * //

dimensions      [0 2 -2 0 0 0 0];


internalField   nonuniform List<scalar> 
5600
(
-0.805271
-1.26332
-1.64381
-1.96211
-2.27342
-2.58342
-2.88488
-3.16659
-3.4292
-3.68043
-3.91606
-4.14121
-4.35556
-4.56127
-4.76274
-4.95667
-5.15072
-5.33969
-5.52681
-5.71269
-5.89365
-6.07564
-6.25193
-6.4291
-6.60448
-6.77733
-6.95033
-7.12021
-7.29262
-7.46123
-7.63184
-7.80104
-7.96896
-8.13725
-8.30363
-8.4711
-8.63611
-8.80226
-8.96671
-9.13103
-9.2951
-9.45739
-9.62053
-9.78164
-9.94306
-10.1038
-10.264
-10.4239
-10.5828
-10.7419
-10.8998
-11.0581
-11.2152
-11.3723
-11.5287
-11.6848
-11.8404
-11.9952
-12.1502
-12.3045
-12.4591
-12.6127
-12.7657
-12.9183
-13.0705
-13.2228
-13.3743
-13.5257
-13.6768
-13.8276
-13.9784
-14.1286
-14.2788
-14.4282
-14.5774
-14.7261
-14.8743
-15.0229
-15.1708
-15.3193
-15.4671
-15.6149
-15.7623
-15.9093
-16.0565
-16.2031
-16.3498
-16.4965
-16.6423
-16.7884
-16.9341
-17.0795
-17.2257
-17.3715
-17.5181
-17.6647
-17.8134
-17.9668
-18.1224
-18.3565
-0.864309
-1.28351
-1.66039
-1.97993
-2.29143
-2.60172
-2.90317
-3.18507
-3.44809
-3.69937
-3.93519
-4.16067
-4.37534
-4.58143
-4.78326
-4.97749
-5.17184
-5.36108
-5.54832
-5.73432
-5.91543
-6.09759
-6.27391
-6.45116
-6.62676
-6.79964
-6.97282
-7.14272
-7.31528
-7.48394
-7.65466
-7.82395
-7.99183
-8.16023
-8.32657
-8.49412
-8.65915
-8.82533
-8.98983
-9.15414
-9.3183
-9.48057
-9.64377
-9.80489
-9.96633
-10.1272
-10.2872
-10.4473
-10.6061
-10.7653
-10.9231
-11.0814
-11.2386
-11.3956
-11.5521
-11.7081
-11.8637
-12.0184
-12.1734
-12.3277
-12.4824
-12.6359
-12.7889
-12.9415
-13.0936
-13.246
-13.3975
-13.5488
-13.7
-13.8507
-14.0016
-14.1517
-14.302
-14.4513
-14.6005
-14.7492
-14.8974
-15.046
-15.1939
-15.3424
-15.4902
-15.6379
-15.7854
-15.9324
-16.0795
-16.2263
-16.3728
-16.5196
-16.6653
-16.8115
-16.9571
-17.1028
-17.2485
-17.395
-17.5405
-17.6888
-17.8346
-17.9919
-18.1423
-18.3693
-0.902557
-1.29615
-1.67311
-1.99331
-2.30266
-2.61039
-2.91085
-3.19223
-3.4552
-3.70591
-3.94162
-4.16718
-4.38173
-4.58809
-4.78955
-4.98419
-5.17831
-5.36764
-5.55499
-5.74078
-5.92211
-6.10413
-6.28077
-6.45799
-6.6335
-6.80637
-6.97943
-7.14939
-7.32181
-7.4905
-7.66107
-7.83042
-7.99821
-8.16666
-8.33299
-8.5005
-8.66556
-8.83163
-8.99619
-9.16038
-9.32453
-9.4867
-9.64984
-9.81091
-9.97223
-10.1331
-10.2932
-10.4532
-10.612
-10.7712
-10.9291
-11.0874
-11.2446
-11.4016
-11.5581
-11.7143
-11.8699
-12.0247
-12.1798
-12.3342
-12.4888
-12.6424
-12.7956
-12.9482
-13.1004
-13.2527
-13.4043
-13.5557
-13.7068
-13.8576
-14.0085
-14.1587
-14.309
-14.4584
-14.6076
-14.7564
-14.9045
-15.0532
-15.2011
-15.3496
-15.4974
-15.6451
-15.7926
-15.9397
-16.0868
-16.2336
-16.3801
-16.5269
-16.6727
-16.8189
-16.9645
-17.1102
-17.2559
-17.4024
-17.5479
-17.6962
-17.8425
-18.0002
-18.1499
-18.3692
-0.951265
-1.31265
-1.68847
-2.01017
-2.31826
-2.62498
-2.9259
-3.20782
-3.47149
-3.72247
-3.95875
-4.18439
-4.39933
-4.60608
-4.80728
-5.00223
-5.19583
-5.3851
-5.5722
-5.75742
-5.93901
-6.12054
-6.29746
-6.47467
-6.65025
-6.82355
-6.99681
-7.16724
-7.33978
-7.50885
-7.67944
-7.849
-8.01679
-8.1853
-8.35174
-8.51928
-8.6845
-8.85059
-9.01536
-9.17959
-9.3439
-9.50624
-9.66955
-9.83084
-9.99232
-10.1532
-10.3133
-10.4734
-10.6323
-10.7915
-10.9495
-11.1078
-11.2651
-11.4222
-11.5786
-11.7347
-11.8902
-12.0449
-12.1999
-12.3542
-12.5088
-12.6623
-12.8153
-12.9678
-13.1199
-13.2723
-13.4238
-13.5751
-13.7263
-13.877
-14.0278
-14.1779
-14.3281
-14.4776
-14.6266
-14.7755
-14.9236
-15.0722
-15.2202
-15.3685
-15.5165
-15.6641
-15.8116
-15.9586
-16.1057
-16.2525
-16.399
-16.5457
-16.6917
-16.8377
-16.9834
-17.1289
-17.2749
-17.421
-17.5669
-17.7144
-17.8614
-18.0169
-18.1713
-18.3703
-1.00087
-1.3298
-1.7042
-2.02838
-2.33485
-2.64073
-2.94135
-3.22313
-3.48678
-3.73758
-3.97403
-4.19954
-4.41451
-4.62175
-4.82285
-5.01825
-5.21179
-5.40125
-5.58869
-5.77363
-5.95568
-6.13672
-6.31407
-6.49086
-6.66622
-6.83957
-7.01227
-7.18303
-7.3548
-7.52418
-7.69452
-7.86399
-8.03195
-8.20041
-8.36702
-8.53438
-8.69993
-8.86569
-9.03063
-9.19474
-9.35895
-9.52127
-9.68433
-9.84571
-10.007
-10.1679
-10.3279
-10.488
-10.6469
-10.8059
-10.964
-11.1221
-11.2793
-11.4362
-11.5927
-11.7489
-11.9045
-12.0594
-12.2144
-12.3688
-12.5235
-12.6771
-12.8303
-12.983
-13.1351
-13.2876
-13.4391
-13.5905
-13.7417
-13.8925
-14.0434
-14.1936
-14.3439
-14.4934
-14.6425
-14.7914
-14.9395
-15.0881
-15.2362
-15.3845
-15.5325
-15.6802
-15.8277
-15.9748
-16.1218
-16.2686
-16.4152
-16.5619
-16.7079
-16.8539
-16.9997
-17.1452
-17.2911
-17.4373
-17.5831
-17.7307
-17.8775
-18.0326
-18.1842
-18.3761
-1.05088
-1.34913
-1.72149
-2.04866
-2.35345
-2.65843
-2.95859
-3.24047
-3.50434
-3.75525
-3.99201
-4.21786
-4.43308
-4.64063
-4.84186
-5.03752
-5.23101
-5.4205
-5.60816
-5.7928
-5.97507
-6.1557
-6.33347
-6.51007
-6.68542
-6.85913
-7.03141
-7.20293
-7.37396
-7.54379
-7.71382
-7.88319
-8.05137
-8.21936
-8.38637
-8.55315
-8.71903
-8.88443
-9.04939
-9.21359
-9.37762
-9.54038
-9.70329
-9.86489
-10.0261
-10.1872
-10.3473
-10.5074
-10.6664
-10.8255
-10.9837
-11.1418
-11.2992
-11.4562
-11.6127
-11.7688
-11.9245
-12.0793
-12.2343
-12.3887
-12.5434
-12.697
-12.8498
-13.0026
-13.1547
-13.307
-13.4587
-13.6099
-13.7611
-13.9118
-14.0627
-14.213
-14.3631
-14.5126
-14.6617
-14.8106
-14.9587
-15.1072
-15.2555
-15.4037
-15.5518
-15.6994
-15.8468
-15.994
-16.141
-16.2878
-16.4344
-16.581
-16.7271
-16.8731
-17.0188
-17.1644
-17.3103
-17.4564
-17.6022
-17.7495
-17.8963
-18.05
-18.2006
-18.3839
-1.10029
-1.37095
-1.74057
-2.07097
-2.37422
-2.67828
-2.97803
-3.26005
-3.52415
-3.77504
-4.01206
-4.23805
-4.45343
-4.66108
-4.86241
-5.05832
-5.25171
-5.44131
-5.629
-5.81359
-5.99599
-6.17649
-6.3545
-6.53105
-6.70631
-6.88026
-7.05227
-7.22423
-7.39484
-7.56501
-7.73479
-7.90412
-8.0726
-8.2402
-8.40773
-8.574
-8.74023
-8.90549
-9.07024
-9.23475
-9.39834
-9.56149
-9.72403
-9.88568
-10.0469
-10.2077
-10.3679
-10.5277
-10.687
-10.8457
-11.004
-11.162
-11.3194
-11.4764
-11.6329
-11.7891
-11.9447
-12.0997
-12.2546
-12.4091
-12.5637
-12.7174
-12.8703
-13.0231
-13.1753
-13.3275
-13.4792
-13.6305
-13.7818
-13.9325
-14.0834
-14.2337
-14.3837
-14.5334
-14.6825
-14.8313
-14.9796
-15.128
-15.2764
-15.4245
-15.5726
-15.7203
-15.8677
-16.0149
-16.1619
-16.3087
-16.4553
-16.6019
-16.7481
-16.894
-17.0397
-17.1854
-17.3312
-17.4774
-17.6232
-17.7701
-17.9168
-18.0689
-18.2179
-18.392
-1.14727
-1.39543
-1.76199
-2.09546
-2.39742
-2.7006
-3.00004
-3.28217
-3.54645
-3.79727
-4.03457
-4.26061
-4.47621
-4.68397
-4.88545
-5.08161
-5.27492
-5.46467
-5.65229
-5.83697
-6.01939
-6.19983
-6.37793
-6.55447
-6.72967
-6.90368
-7.07573
-7.2477
-7.41826
-7.58858
-7.75827
-7.92754
-8.09617
-8.26362
-8.43132
-8.59746
-8.76371
-8.92905
-9.09366
-9.25846
-9.42175
-9.58511
-9.74742
-9.90913
-10.0704
-10.2312
-10.3914
-10.551
-10.7106
-10.8692
-11.0276
-11.1853
-11.3427
-11.4998
-11.6562
-11.8124
-11.968
-12.123
-12.2779
-12.4324
-12.5867
-12.7404
-12.8933
-13.046
-13.1984
-13.3505
-13.5022
-13.6536
-13.8049
-13.9557
-14.1065
-14.257
-14.4068
-14.5564
-14.7056
-14.8544
-15.0028
-15.151
-15.2996
-15.4476
-15.5957
-15.7435
-15.8907
-16.0381
-16.185
-16.3318
-16.4785
-16.6249
-16.7712
-16.9171
-17.0629
-17.2086
-17.3543
-17.5004
-17.6462
-17.7928
-17.9391
-18.0895
-18.2363
-18.4007
-1.19025
-1.42249
-1.78633
-2.12227
-2.42327
-2.72573
-3.02496
-3.30712
-3.57155
-3.82232
-4.05987
-4.28593
-4.50174
-4.70955
-4.91113
-5.1075
-5.30068
-5.49057
-5.67809
-5.86287
-6.04526
-6.22567
-6.40381
-6.58037
-6.75555
-6.92952
-7.10173
-7.27355
-7.44427
-7.61456
-7.78426
-7.95347
-8.12211
-8.28962
-8.45722
-8.62347
-8.78963
-8.95504
-9.11965
-9.2844
-9.44773
-9.61103
-9.77334
-9.93512
-10.0964
-10.2572
-10.4174
-10.5769
-10.7366
-10.8952
-11.0536
-11.2113
-11.3687
-11.5258
-11.6822
-11.8383
-11.9938
-12.149
-12.3039
-12.4584
-12.6125
-12.7663
-12.9192
-13.0718
-13.2243
-13.3762
-13.528
-13.6794
-13.8306
-13.9815
-14.1321
-14.2827
-14.4324
-14.582
-14.7311
-14.8797
-15.0284
-15.1765
-15.3252
-15.4732
-15.6212
-15.769
-15.9162
-16.0637
-16.2105
-16.3573
-16.504
-16.6504
-16.7968
-16.9427
-17.0884
-17.2342
-17.3798
-17.5259
-17.6716
-17.8179
-17.9636
-18.1121
-18.2562
-18.41
-1.22743
-1.45168
-1.81419
-2.15156
-2.45198
-2.75407
-3.0532
-3.33532
-3.59986
-3.85059
-4.08832
-4.31435
-4.5303
-4.73813
-4.93974
-5.13628
-5.32937
-5.51937
-5.70679
-5.89169
-6.07406
-6.25441
-6.43261
-6.60917
-6.78434
-6.95824
-7.1306
-7.30228
-7.47316
-7.6434
-7.81311
-7.98228
-8.15088
-8.31852
-8.48595
-8.65236
-8.81842
-8.98386
-9.14855
-9.31316
-9.47662
-9.63981
-9.80217
-9.96397
-10.1252
-10.286
-10.4463
-10.6058
-10.7653
-10.924
-11.0824
-11.2402
-11.3975
-11.5546
-11.711
-11.8671
-12.0226
-12.1779
-12.3327
-12.4872
-12.6414
-12.7951
-12.948
-13.1007
-13.2531
-13.405
-13.5569
-13.7082
-13.8594
-14.0103
-14.1609
-14.3115
-14.4611
-14.611
-14.7598
-14.9085
-15.0573
-15.2054
-15.3541
-15.5018
-15.6498
-15.7976
-15.9447
-16.0923
-16.2391
-16.3859
-16.5325
-16.6788
-16.8252
-16.9711
-17.1168
-17.2626
-17.4083
-17.5542
-17.6998
-17.8457
-17.9908
-18.1371
-18.278
-18.4209
-1.25478
-1.48097
-1.84461
-2.18192
-2.48219
-2.78447
-3.08365
-3.36564
-3.63022
-3.88093
-4.11874
-4.34468
-4.56066
-4.76847
-4.97005
-5.16669
-5.35969
-5.54976
-5.7371
-5.92208
-6.10444
-6.28471
-6.46294
-6.63948
-6.81467
-6.98848
-7.16094
-7.33254
-7.50351
-7.67374
-7.84343
-8.01259
-8.18114
-8.34889
-8.51621
-8.6827
-8.84873
-9.01416
-9.17892
-9.34342
-9.507
-9.67011
-9.83247
-9.99431
-10.1555
-10.3163
-10.4766
-10.6361
-10.7956
-10.9543
-11.1127
-11.2705
-11.4278
-11.585
-11.7413
-11.8974
-12.053
-12.2082
-12.3631
-12.5175
-12.6717
-12.8253
-12.9784
-13.131
-13.2834
-13.4355
-13.5872
-13.7386
-13.8898
-14.0406
-14.1912
-14.3417
-14.4915
-14.6412
-14.7901
-14.9389
-15.0875
-15.2357
-15.3842
-15.532
-15.6801
-15.8278
-15.975
-16.1226
-16.2695
-16.4162
-16.5629
-16.7092
-16.8556
-17.0014
-17.1472
-17.2929
-17.4386
-17.5844
-17.7299
-17.8754
-18.0198
-18.1639
-18.3016
-18.435
-1.26957
-1.50761
-1.87466
-2.2104
-2.51095
-2.81402
-3.11337
-3.39513
-3.65971
-3.9104
-4.14817
-4.37396
-4.58991
-4.79763
-4.9991
-5.19581
-5.38871
-5.57881
-5.76606
-5.95111
-6.13347
-6.31364
-6.49189
-6.6684
-6.84362
-7.01736
-7.18988
-7.36143
-7.53244
-7.7027
-7.87235
-8.04151
-8.21001
-8.37785
-8.5451
-8.71162
-8.87766
-9.04305
-9.20787
-9.37229
-9.53595
-9.699
-9.86134
-10.0232
-10.1844
-10.3452
-10.5055
-10.6651
-10.8245
-10.9832
-11.1416
-11.2995
-11.4567
-11.6139
-11.7702
-11.9264
-12.0819
-12.2371
-12.3919
-12.5464
-12.7006
-12.8542
-13.0073
-13.1599
-13.3123
-13.4643
-13.6161
-13.7675
-13.9187
-14.0695
-14.2201
-14.3706
-14.5205
-14.6702
-14.8192
-14.968
-15.1166
-15.2648
-15.4133
-15.5613
-15.7092
-15.857
-16.0043
-16.1517
-16.2986
-16.4454
-16.5922
-16.7386
-16.8849
-17.0309
-17.1766
-17.3224
-17.468
-17.6137
-17.7591
-17.9042
-18.048
-18.1902
-18.3251
-18.4513
-1.27328
-1.53118
-1.9027
-2.23576
-2.537
-2.84119
-3.14079
-3.42226
-3.68683
-3.93748
-4.17518
-4.40076
-4.61662
-4.82419
-5.02552
-5.22223
-5.41503
-5.60516
-5.79232
-5.97744
-6.15979
-6.33985
-6.51812
-6.69459
-6.86982
-7.04348
-7.21602
-7.38756
-7.55858
-7.72886
-7.89848
-8.06764
-8.2361
-8.40399
-8.57123
-8.73774
-8.90381
-9.06917
-9.23403
-9.39844
-9.56213
-9.72515
-9.88746
-10.0494
-10.2106
-10.3713
-10.5316
-10.6912
-10.8506
-11.0093
-11.1677
-11.3255
-11.4829
-11.64
-11.7964
-11.9525
-12.1081
-12.2632
-12.4181
-12.5727
-12.7267
-12.8805
-13.0336
-13.1862
-13.3386
-13.4906
-13.6425
-13.7939
-13.9451
-14.096
-14.2466
-14.3972
-14.547
-14.6967
-14.8459
-14.9946
-15.1433
-15.2915
-15.4399
-15.5879
-15.7358
-15.8836
-16.0309
-16.1782
-16.3252
-16.4719
-16.6186
-16.7649
-16.9111
-17.0572
-17.203
-17.3487
-17.4944
-17.6401
-17.7854
-17.9302
-18.0733
-18.2143
-18.3471
-18.4679
-1.2682
-1.55251
-1.92866
-2.25842
-2.5607
-2.86618
-3.16606
-3.44718
-3.71169
-3.96232
-4.19989
-4.42524
-4.64099
-4.84839
-5.04955
-5.24623
-5.43891
-5.62906
-5.81614
-6.00131
-6.18366
-6.36361
-6.54189
-6.71833
-6.89357
-7.06718
-7.23969
-7.41125
-7.58226
-7.75255
-7.92215
-8.09128
-8.25978
-8.4276
-8.59489
-8.76134
-8.92745
-9.09273
-9.25761
-9.42212
-9.58569
-9.74879
-9.91108
-10.073
-10.2342
-10.3949
-10.5553
-10.715
-10.8743
-11.0331
-11.1914
-11.3493
-11.5068
-11.6639
-11.8204
-11.9764
-12.1321
-12.2873
-12.4422
-12.5968
-12.7509
-12.9047
-13.0578
-13.2105
-13.3628
-13.5147
-13.6666
-13.8179
-13.9691
-14.12
-14.2706
-14.4212
-14.571
-14.7207
-14.8699
-15.0186
-15.1673
-15.3155
-15.4639
-15.6119
-15.7598
-15.9077
-16.055
-16.2023
-16.3494
-16.4962
-16.643
-16.7895
-16.9358
-17.0816
-17.2273
-17.373
-17.5187
-17.6643
-17.8095
-17.9542
-18.0971
-18.2364
-18.3675
-18.4845
-1.25687
-1.57196
-1.95229
-2.27865
-2.58224
-2.88907
-3.18935
-3.4701
-3.73454
-3.98513
-4.22252
-4.44757
-4.66316
-4.87037
-5.07137
-5.26797
-5.46053
-5.65065
-5.83766
-6.02285
-6.20518
-6.38502
-6.56328
-6.73969
-6.9149
-7.08856
-7.2609
-7.43259
-7.60355
-7.77386
-7.94342
-8.11253
-8.28114
-8.44884
-8.61629
-8.78267
-8.94884
-9.11419
-9.27913
-9.44367
-9.60715
-9.77043
-9.93273
-10.0947
-10.256
-10.4167
-10.5772
-10.7369
-10.8963
-11.0551
-11.2134
-11.3712
-11.5286
-11.6857
-11.8422
-11.9982
-12.1539
-12.3091
-12.464
-12.6185
-12.7726
-12.9264
-13.0794
-13.2322
-13.3844
-13.5364
-13.6883
-13.8395
-13.9908
-14.1417
-14.2923
-14.4428
-14.5926
-14.7423
-14.8914
-15.0401
-15.1887
-15.3369
-15.4853
-15.6333
-15.7812
-15.9289
-16.0762
-16.2235
-16.3703
-16.517
-16.6635
-16.8099
-16.9561
-17.1022
-17.248
-17.3938
-17.5394
-17.6851
-17.8302
-17.9745
-18.1169
-18.2563
-18.3864
-18.5007
-1.24134
-1.58994
-1.97353
-2.29682
-2.60179
-2.90985
-3.21061
-3.49102
-3.75545
-4.00598
-4.24325
-4.46805
-4.68335
-4.89035
-5.09126
-5.28775
-5.4803
-5.67028
-5.85742
-6.04258
-6.22494
-6.40466
-6.58287
-6.75922
-6.93434
-7.10804
-7.28025
-7.45214
-7.623
-7.79342
-7.96296
-8.1321
-8.30088
-8.46856
-8.63627
-8.80263
-8.96893
-9.13438
-9.29927
-9.46382
-9.62715
-9.7905
-9.95272
-10.1147
-10.276
-10.4367
-10.5972
-10.7568
-10.9162
-11.075
-11.2333
-11.3911
-11.5485
-11.7056
-11.8621
-12.0181
-12.1739
-12.329
-12.4839
-12.6385
-12.7925
-12.9463
-13.0994
-13.2522
-13.4044
-13.5564
-13.7083
-13.8596
-14.0109
-14.1617
-14.3124
-14.4628
-14.6127
-14.7625
-14.9116
-15.0604
-15.209
-15.3573
-15.5057
-15.6537
-15.8016
-15.9494
-16.0968
-16.2442
-16.3912
-16.5381
-16.6849
-16.8314
-16.9777
-17.1236
-17.2693
-17.415
-17.5606
-17.7061
-17.8512
-17.9957
-18.1378
-18.2751
-18.4041
-18.5164
-1.2226
-1.60663
-1.99258
-2.31367
-2.61997
-2.92892
-3.22991
-3.50983
-3.77423
-4.02456
-4.26148
-4.48655
-4.70136
-4.90801
-5.10868
-5.30497
-5.4974
-5.68719
-5.87443
-6.0594
-6.24184
-6.42156
-6.59997
-6.77645
-6.95171
-7.12558
-7.29788
-7.47001
-7.64084
-7.81138
-7.98088
-8.14986
-8.31862
-8.48617
-8.65388
-8.82011
-8.9864
-9.15176
-9.31659
-9.48113
-9.64441
-9.80774
-9.96986
-10.1318
-10.2931
-10.4537
-10.6142
-10.7737
-10.9331
-11.0918
-11.2501
-11.4079
-11.5653
-11.7223
-11.8788
-12.0347
-12.1904
-12.3455
-12.5004
-12.6549
-12.8089
-12.9626
-13.1156
-13.2683
-13.4205
-13.5725
-13.7244
-13.8755
-14.0268
-14.1776
-14.3282
-14.4786
-14.6283
-14.778
-14.9271
-15.0757
-15.2243
-15.3725
-15.5208
-15.6688
-15.8167
-15.9644
-16.1117
-16.2589
-16.4058
-16.5525
-16.699
-16.8453
-16.9916
-17.1375
-17.2833
-17.429
-17.5746
-17.7202
-17.8653
-18.0096
-18.1519
-18.2905
-18.4193
-18.5309
-1.20175
-1.62097
-2.00818
-2.32862
-2.63685
-2.9474
-3.24873
-3.52817
-3.79259
-4.04279
-4.27945
-4.5048
-4.71926
-4.9258
-5.12644
-5.32289
-5.5155
-5.70561
-5.8932
-6.07837
-6.26107
-6.44078
-6.61931
-6.79577
-6.97095
-7.14462
-7.31665
-7.48875
-7.65945
-7.82998
-7.9995
-8.1685
-8.3373
-8.50484
-8.6726
-8.83884
-9.00517
-9.17055
-9.33541
-9.49997
-9.66328
-9.82661
-9.9887
-10.1507
-10.3119
-10.4726
-10.6331
-10.7927
-10.9521
-11.1108
-11.2691
-11.427
-11.5844
-11.7414
-11.898
-12.054
-12.2097
-12.3648
-12.5197
-12.6742
-12.8283
-12.9821
-13.1351
-13.2879
-13.4402
-13.5922
-13.7441
-13.8953
-14.0466
-14.1974
-14.3481
-14.4985
-14.6484
-14.7981
-14.9473
-15.096
-15.2446
-15.3929
-15.5412
-15.6892
-15.8372
-15.9849
-16.1323
-16.2796
-16.4266
-16.5734
-16.7201
-16.8666
-17.0128
-17.1588
-17.3045
-17.4502
-17.5958
-17.7414
-17.8864
-18.0307
-18.1724
-18.3096
-18.4369
-18.547
-1.18715
-1.63554
-2.02042
-2.33816
-2.64721
-2.95953
-3.26139
-3.54028
-3.80487
-4.05507
-4.29161
-4.51659
-4.73084
-4.9373
-5.1378
-5.33415
-5.52665
-5.71663
-5.9041
-6.08909
-6.27149
-6.45079
-6.62912
-6.80537
-6.98042
-7.15398
-7.32581
-7.4978
-7.66841
-7.83887
-8.0083
-8.17721
-8.34593
-8.51339
-8.68108
-8.84724
-9.01349
-9.17881
-9.3436
-9.50809
-9.67134
-9.83462
-9.99667
-10.1586
-10.3198
-10.4804
-10.6408
-10.8004
-10.9598
-11.1184
-11.2767
-11.4345
-11.5919
-11.7489
-11.9054
-12.0613
-12.217
-12.3721
-12.5269
-12.6814
-12.8354
-12.9892
-13.1422
-13.2949
-13.4471
-13.5991
-13.7509
-13.9021
-14.0534
-14.2042
-14.3547
-14.5052
-14.655
-14.8047
-14.9538
-15.1024
-15.251
-15.3992
-15.5475
-15.6955
-15.8434
-15.9912
-16.1385
-16.2857
-16.4327
-16.5794
-16.726
-16.8724
-17.0186
-17.1646
-17.3103
-17.456
-17.6016
-17.7472
-17.8922
-18.0365
-18.1785
-18.3165
-18.4443
-18.555
-1.15667
-1.65037
-2.04403
-2.36231
-2.67156
-2.98438
-3.28701
-3.56493
-3.82984
-4.08015
-4.31658
-4.54138
-4.75542
-4.9616
-5.16182
-5.35794
-5.55026
-5.74009
-5.92747
-6.11237
-6.29482
-6.47416
-6.65247
-6.82871
-7.00369
-7.17725
-7.34907
-7.52103
-7.69158
-7.86201
-8.03143
-8.20031
-8.36901
-8.53648
-8.70414
-8.87033
-9.03656
-9.20189
-9.36668
-9.53117
-9.69444
-9.85771
-10.0198
-10.1817
-10.3429
-10.5036
-10.664
-10.8235
-10.9829
-11.1416
-11.2998
-11.4577
-11.615
-11.772
-11.9285
-12.0845
-12.2402
-12.3953
-12.5501
-12.7046
-12.8586
-13.0124
-13.1654
-13.3182
-13.4704
-13.6223
-13.7742
-13.9254
-14.0767
-14.2275
-14.3781
-14.5285
-14.6783
-14.828
-14.9771
-15.1258
-15.2744
-15.4226
-15.5709
-15.7189
-15.8668
-16.0146
-16.1619
-16.3091
-16.4561
-16.6029
-16.7495
-16.8959
-17.0421
-17.1881
-17.3338
-17.4795
-17.6251
-17.7707
-17.9157
-18.0599
-18.2018
-18.3395
-18.4669
-18.5772
-18.3477
-18.6445
-19.3594
-19.488
-18.9475
-17.8684
-16.4059
-14.6968
-12.9267
-11.1957
-9.5951
-8.15232
-6.88556
-5.78656
-4.83937
-4.02746
-3.33456
-2.73954
-2.22559
-1.77911
-1.3893
-1.04709
-0.742676
-0.472512
-0.232543
-0.0211205
0.158767
0.316512
0.452106
0.557501
0.63729
0.697992
0.745673
0.786671
0.825685
0.863848
0.901362
0.93636
0.964707
0.979683
0.985522
0.987005
0.977704
0.980176
1.00166
1.0512
1.12672
1.15611
1.14072
1.10791
1.09897
1.09264
1.09176
1.09033
1.09871
1.10927
1.11625
1.11716
1.10538
1.07592
1.04363
1.0106
0.981428
0.965047
0.956178
0.954221
0.9573
0.962421
0.965477
0.962468
0.952837
0.937867
0.9187
0.896575
0.872316
0.846419
0.819167
0.790779
0.761443
0.731408
0.700474
0.668573
0.635814
0.602795
0.569794
0.536345
0.503169
0.470575
0.438562
0.405899
0.372958
0.340202
0.307109
0.273671
0.23956
0.204012
0.166101
0.125959
0.0786271
0.0326823
-18.3913
-18.5704
-19.2535
-19.3979
-18.8699
-17.811
-16.3706
-14.6811
-12.9265
-11.2071
-9.61478
-8.17651
-6.91212
-5.81374
-4.86583
-4.05249
-3.35763
-2.76057
-2.24463
-1.79645
-1.40427
-1.06088
-0.755832
-0.485671
-0.246846
-0.0374598
0.140444
0.296301
0.42901
0.532182
0.610877
0.671598
0.720318
0.763408
0.804392
0.843804
0.881999
0.916597
0.942309
0.953208
0.955463
0.95545
0.944803
0.946883
0.970678
1.0272
1.11457
1.15197
1.14248
1.11073
1.10208
1.09233
1.08791
1.084
1.08912
1.0966
1.10115
1.09991
1.08659
1.05686
1.02512
0.992899
0.965198
0.950057
0.942029
0.940797
0.944101
0.949504
0.952521
0.949298
0.939515
0.924551
0.905496
0.88351
0.859368
0.833549
0.80633
0.77794
0.748613
0.718545
0.687524
0.655619
0.6229
0.589956
0.556964
0.523603
0.490511
0.457863
0.425856
0.393258
0.360394
0.327699
0.294755
0.261523
0.227743
0.192823
0.156015
0.117406
0.0730207
0.029565
-18.3851
-18.5755
-19.1798
-19.3059
-18.7828
-17.7412
-16.3234
-14.6558
-12.9205
-11.2169
-9.63503
-8.20334
-6.94313
-5.84588
-4.89696
-4.08171
-3.38417
-2.78436
-2.26586
-1.81604
-1.4214
-1.07618
-0.770462
-0.500282
-0.262706
-0.0555782
0.119557
0.272485
0.401448
0.502059
0.579966
0.641148
0.69134
0.736966
0.780421
0.821646
0.860684
0.894643
0.917351
0.923538
0.921691
0.91995
0.907549
0.908972
0.936034
1.00021
1.10137
1.14812
1.14538
1.11593
1.10678
1.09322
1.08433
1.07726
1.07897
1.08303
1.08434
1.08056
1.06516
1.03563
1.00448
0.973276
0.947259
0.933502
0.926486
0.92607
0.929748
0.935366
0.938294
0.934779
0.924817
0.909863
0.89093
0.86909
0.845069
0.81933
0.792141
0.763743
0.734422
0.70433
0.673255
0.641302
0.6086
0.575685
0.542716
0.509523
0.476552
0.44387
0.4117
0.379218
0.346505
0.313859
0.281074
0.248066
0.214661
0.180451
0.144871
0.107978
0.06685
0.0261744
-18.4122
-18.5927
-19.1187
-19.2219
-18.694
-17.6651
-16.2678
-14.6254
-12.911
-11.2256
-9.65615
-8.2329
-6.97799
-5.88239
-4.93244
-4.11513
-3.41443
-2.81122
-2.28949
-1.83715
-1.44034
-1.09224
-0.786073
-0.515917
-0.279892
-0.075586
0.0961
0.245121
0.369343
0.467111
0.544032
0.606072
0.658481
0.707277
0.753965
0.797646
0.837761
0.870634
0.889655
0.890424
0.884029
0.880407
0.86569
0.866138
0.897196
0.96899
1.08653
1.14492
1.14982
1.12424
1.11335
1.09566
1.08117
1.07008
1.06807
1.0687
1.0658
1.05884
1.0409
1.01176
0.981532
0.951589
0.927428
0.915265
0.909453
0.909972
0.914214
0.919922
0.922732
0.918818
0.908643
0.893692
0.874877
0.85318
0.829279
0.803618
0.776456
0.748044
0.718723
0.688608
0.657485
0.625495
0.592794
0.559876
0.526905
0.493924
0.461099
0.428453
0.396026
0.363616
0.331122
0.298564
0.265916
0.23315
0.200184
0.166769
0.132553
0.0975782
0.0600474
0.0224834
-18.4322
-18.6008
-19.0571
-19.1363
-18.6067
-17.5887
-16.2093
-14.5938
-12.9018
-11.2364
-9.68116
-8.26749
-7.01782
-5.92413
-4.97326
-4.15381
-3.44945
-2.84195
-2.31639
-1.86033
-1.46058
-1.10906
-0.80212
-0.532134
-0.298255
-0.0978367
0.0698582
0.214225
0.332696
0.427297
0.503092
0.566591
0.621976
0.674797
0.725329
0.771373
0.812414
0.844092
0.859239
0.854121
0.842569
0.836885
0.819563
0.818606
0.855046
0.934299
1.06774
1.14259
1.15646
1.13674
1.12202
1.09995
1.07859
1.06243
1.05616
1.05331
1.04579
1.03454
1.01367
0.984799
0.956077
0.927728
0.905532
0.895257
0.89088
0.892504
0.897421
0.903189
0.905798
0.901344
0.890895
0.875922
0.857199
0.835628
0.811838
0.786253
0.759114
0.73068
0.701353
0.671214
0.640045
0.608022
0.57532
0.542399
0.509411
0.476609
0.443942
0.411343
0.37871
0.346381
0.314096
0.281627
0.24915
0.216635
0.18416
0.151629
0.118928
0.0860906
0.0525329
0.0184504
-18.4501
-18.6062
-18.9916
-19.0418
-18.5122
-17.5059
-16.149
-14.5632
-12.8955
-11.2518
-9.71204
-8.30926
-7.06508
-5.97357
-5.02161
-4.19946
-3.49057
-2.87741
-2.34689
-1.88579
-1.48171
-1.12736
-0.818553
-0.548263
-0.317055
-0.121786
0.0420402
0.179595
0.292434
0.38381
0.458191
0.522456
0.581048
0.638638
0.693673
0.742527
0.784567
0.814733
0.826113
0.815053
0.798268
0.78943
0.769685
0.767278
0.811075
0.900242
1.04299
1.13958
1.16575
1.15413
1.13344
1.10625
1.07666
1.05429
1.04304
1.03586
1.02505
1.00775
0.983289
0.954651
0.927939
0.901616
0.881552
0.873307
0.870769
0.873687
0.879336
0.885255
0.887447
0.882312
0.871489
0.856434
0.83775
0.81627
0.792577
0.767062
0.739938
0.71147
0.682133
0.651969
0.62075
0.5887
0.555997
0.52308
0.490089
0.457375
0.424902
0.392285
0.359602
0.327376
0.295213
0.262862
0.23061
0.198364
0.166419
0.134865
0.10384
0.0733773
0.0442111
0.0140129
-18.4664
-18.6079
-18.9218
-18.9379
-18.408
-17.4142
-16.0818
-14.528
-12.8892
-11.2705
-9.74859
-8.35872
-7.12083
-6.03123
-5.07778
-4.25199
-3.53749
-2.91722
-2.38013
-1.91254
-1.50291
-1.14558
-0.834438
-0.563809
-0.33452
-0.14462
0.0139674
0.142805
0.248032
0.33509
0.408309
0.47398
0.536625
0.598818
0.658255
0.710779
0.753867
0.782002
0.789486
0.772986
0.751359
0.738094
0.716451
0.714009
0.763757
0.868163
1.01794
1.13339
1.17646
1.17574
1.1489
1.11445
1.07537
1.04564
1.02884
1.01682
1.00299
0.978161
0.949502
0.92149
0.896965
0.873218
0.855662
0.849154
0.849074
0.853495
0.859945
0.866051
0.867634
0.861647
0.850302
0.835077
0.816357
0.794917
0.771295
0.74584
0.718722
0.690206
0.660859
0.630671
0.599398
0.567327
0.534629
0.501729
0.468761
0.43607
0.403785
0.371144
0.338517
0.306313
0.274262
0.242095
0.210088
0.178158
0.146774
0.116291
0.0871158
0.0592738
0.0349694
0.00907993
-18.4811
-18.6052
-18.8485
-18.8265
-18.2957
-17.3157
-16.0087
-14.4879
-12.8802
-11.2881
-9.78607
-8.41087
-7.18065
-6.09151
-5.13636
-4.30665
-3.58608
-2.95835
-2.41342
-1.9379
-1.5219
-1.16065
-0.847024
-0.577449
-0.352416
-0.168851
-0.0181067
0.102812
0.200466
0.282335
0.35368
0.421374
0.488528
0.555388
0.619579
0.676146
0.71992
0.745803
0.749304
0.728439
0.701877
0.682695
0.659286
0.659112
0.71334
0.835369
0.995184
1.12681
1.18893
1.2004
1.16852
1.12418
1.07454
1.03653
1.01385
0.997688
0.97714
0.94528
0.912483
0.885827
0.863062
0.84252
0.828044
0.822716
0.825681
0.831926
0.839171
0.845483
0.846335
0.839265
0.827217
0.811613
0.792836
0.771373
0.747782
0.722364
0.695241
0.66666
0.637297
0.607089
0.575761
0.543675
0.510976
0.478095
0.445169
0.412514
0.380304
0.347736
0.315157
0.282961
0.251044
0.219063
0.187323
0.15577
0.12501
0.0956802
0.0685376
0.0435693
0.0246654
0.00351001
-18.495
-18.5994
-18.7734
-18.7092
-18.1762
-17.2113
-15.9309
-14.4417
-12.8651
-11.2999
-9.81917
-8.46014
-7.23888
-6.15322
-5.19816
-4.36468
-3.63742
-3.00171
-2.4478
-1.96335
-1.54062
-1.17498
-0.859502
-0.591337
-0.371506
-0.195284
-0.0542116
0.0578247
0.148977
0.2266
0.296901
0.366513
0.437394
0.508638
0.578087
0.638377
0.682665
0.706945
0.7069
0.682507
0.651369
0.624057
0.599975
0.603565
0.663031
0.799429
0.971797
1.12331
1.20427
1.2268
1.19016
1.13495
1.07381
1.02698
0.999265
0.976961
0.9468
0.909534
0.873285
0.847712
0.826528
0.80966
0.798786
0.794564
0.799998
0.808842
0.816802
0.823168
0.82324
0.815034
0.802151
0.786069
0.767041
0.745467
0.721849
0.696407
0.669228
0.640571
0.611239
0.581006
0.549622
0.517558
0.484885
0.452044
0.419224
0.386561
0.354251
0.321832
0.289328
0.257151
0.225353
0.193559
0.162107
0.130961
0.100918
0.0728002
0.0478707
0.0260173
0.0131429
-0.00290052
-18.508
-18.5911
-18.6982
-18.5881
-18.0503
-17.1006
-15.847
-14.3929
-12.851
-11.3149
-9.85635
-8.51358
-7.30071
-6.21998
-5.26513
-4.42708
-3.69246
-3.04841
-2.48482
-1.99119
-1.56191
-1.19191
-0.874773
-0.608223
-0.39286
-0.224301
-0.0930241
0.0100443
0.0945033
0.168361
0.238816
0.310832
0.38502
0.460136
0.534048
0.596895
0.641513
0.664698
0.661443
0.634261
0.60038
0.565235
0.543188
0.551974
0.617952
0.762691
0.949244
1.11931
1.21999
1.25242
1.21121
1.14575
1.0726
1.0175
0.984119
0.951769
0.913591
0.871536
0.833174
0.80714
0.788004
0.774911
0.767637
0.765553
0.771926
0.783577
0.792799
0.798849
0.797812
0.788484
0.774718
0.758065
0.738752
0.717
0.693283
0.667762
0.640516
0.611714
0.582307
0.552054
0.520602
0.48848
0.455818
0.423062
0.390383
0.357734
0.325306
0.293058
0.260664
0.228506
0.196814
0.165202
0.133877
0.103382
0.0741802
0.0473325
0.024789
0.00625232
0.000163617
-0.0105114
-18.5205
-18.5828
-18.6321
-18.4783
-17.9345
-16.9996
-15.7708
-14.3515
-12.8431
-11.3348
-9.89705
-8.56904
-7.36391
-6.28561
-5.32955
-4.48662
-3.74498
-3.09318
-2.52058
-2.01884
-1.58398
-1.21028
-0.891829
-0.627
-0.416477
-0.255544
-0.133043
-0.0376332
0.0409993
0.11197
0.182846
0.257284
0.334308
0.412613
0.489366
0.553617
0.597904
0.619664
0.613935
0.585224
0.54975
0.51203
0.494374
0.510097
0.583734
0.733447
0.930131
1.11223
1.23169
1.27227
1.22853
1.15394
1.06986
1.0082
0.965933
0.92365
0.879748
0.833555
0.793939
0.767359
0.750246
0.740269
0.736497
0.737773
0.745454
0.757326
0.76755
0.773148
0.770686
0.760283
0.745823
0.728794
0.709148
0.687131
0.663331
0.637707
0.610489
0.581777
0.55218
0.521839
0.490776
0.458383
0.425721
0.393024
0.360318
0.327635
0.295165
0.262982
0.230702
0.198546
0.166931
0.135456
0.104366
0.0743604
0.0459989
0.0203925
0.000263075
-0.0150296
-0.0138422
-0.0193641
-18.5329
-18.5782
-18.5837
-18.3946
-17.845
-16.9225
-15.7147
-14.3214
-12.8385
-11.352
-9.93132
-8.61573
-7.41745
-6.34165
-5.38528
-4.53868
-3.79137
-3.13308
-2.55296
-2.04472
-1.60536
-1.22903
-0.910187
-0.647275
-0.44101
-0.286257
-0.170524
-0.080763
-0.00622918
0.0632487
0.134568
0.210508
0.28955
0.369945
0.447433
0.511765
0.555292
0.574988
0.570045
0.542397
0.505024
0.469517
0.456777
0.479118
0.55932
0.713749
0.915755
1.10459
1.23704
1.28402
1.2394
1.15699
1.0648
0.997859
0.945677
0.896158
0.847772
0.799174
0.758662
0.732521
0.717396
0.710311
0.709163
0.71278
0.72147
0.732544
0.742821
0.74783
0.744353
0.733392
0.718272
0.700734
0.680734
0.658567
0.634776
0.609162
0.581907
0.553347
0.523488
0.492947
0.461581
0.429182
0.396559
0.363926
0.331188
0.298624
0.266219
0.234035
0.201876
0.169779
0.138213
0.106993
0.0760664
0.0466082
0.0189707
-0.00555927
-0.0235204
-0.0360693
-0.0279663
-0.0290806
-18.5455
-18.5778
-18.5523
-18.3366
-17.7818
-16.8683
-15.6758
-14.3013
-12.8379
-11.3683
-9.96107
-8.65503
-7.46211
-6.38837
-5.43183
-4.58241
-3.83069
-3.16739
-2.58165
-2.06864
-1.62597
-1.2479
-0.929013
-0.667693
-0.464825
-0.314917
-0.204257
-0.118566
-0.0467187
0.0219933
0.0941222
0.17103
0.251303
0.332934
0.410161
0.473461
0.517677
0.537816
0.533318
0.506809
0.468662
0.436042
0.427368
0.455516
0.541296
0.699926
0.905478
1.09883
1.23842
1.2897
1.244
1.15515
1.05786
0.985989
0.925257
0.870251
0.818327
0.768888
0.728424
0.703491
0.690279
0.685457
0.685275
0.689646
0.698794
0.709992
0.71989
0.724188
0.720147
0.708807
0.693082
0.675133
0.655037
0.632961
0.609184
0.583707
0.556515
0.528035
0.498304
0.467945
0.436685
0.404352
0.371543
0.33869
0.305863
0.273178
0.240666
0.208423
0.176268
0.144113
0.112433
0.0813083
0.0504951
0.0214449
-0.00562191
-0.0293117
-0.0454801
-0.0559852
-0.0418128
-0.0393919
-18.5584
-18.5812
-18.5338
-18.2987
-17.7398
-16.8329
-15.6515
-14.291
-12.842
-11.3852
-9.98796
-8.68889
-7.5
-6.42785
-5.47113
-4.61951
-3.86441
-3.1974
-2.60762
-2.09116
-1.6462
-1.2671
-0.948358
-0.688325
-0.488181
-0.342063
-0.23514
-0.152379
-0.0820317
-0.0136167
0.0594286
0.137366
0.218326
0.300464
0.378043
0.441301
0.486096
0.506945
0.502695
0.476236
0.438579
0.408408
0.403332
0.436589
0.527601
0.690307
0.898985
1.09548
1.23884
1.29196
1.2445
1.14996
1.05072
0.971915
0.904599
0.845467
0.791022
0.741549
0.702212
0.678855
0.667047
0.663547
0.66321
0.668414
0.677934
0.688974
0.698458
0.702286
0.697887
0.686256
0.670256
0.652132
0.631949
0.609789
0.585855
0.56015
0.532765
0.504028
0.47402
0.443339
0.411883
0.379478
0.346736
0.313989
0.281244
0.248659
0.216215
0.184184
0.151992
0.120245
0.0887165
0.0577169
0.0272323
-0.00155559
-0.0281138
-0.0511312
-0.0658192
-0.0749809
-0.055504
-0.0502308
-18.5718
-18.5877
-18.5249
-18.276
-17.7141
-16.8122
-15.6392
-14.289
-12.8504
-11.4032
-10.0133
-8.71917
-7.53316
-6.46209
-5.50514
-4.65178
-3.89406
-3.22428
-2.63161
-2.11263
-1.66608
-1.2864
-0.967887
-0.708935
-0.511011
-0.367858
-0.263884
-0.18297
-0.11309
-0.0444911
0.0292372
0.108442
0.190436
0.273085
0.351253
0.414952
0.459619
0.480938
0.476696
0.450121
0.413345
0.385233
0.383318
0.42109
0.517133
0.684067
0.896096
1.09504
1.2403
1.29323
1.24274
1.14242
1.04348
0.956045
0.883862
0.821663
0.765912
0.716819
0.678911
0.65697
0.646402
0.643796
0.642957
0.64912
0.658742
0.669653
0.678837
0.682293
0.677555
0.665764
0.64977
0.63171
0.611747
0.589879
0.566245
0.540841
0.51364
0.484988
0.455182
0.424534
0.393072
0.360611
0.327739
0.294835
0.261908
0.229197
0.196615
0.164357
0.132031
0.0999806
0.0683382
0.0371358
0.00678078
-0.0220297
-0.0483553
-0.0709867
-0.0845798
-0.0930616
-0.0690662
-0.0614751
-18.5855
-18.5966
-18.5233
-18.265
-17.7012
-16.8031
-15.6364
-14.2936
-12.8627
-11.4223
-10.0378
-8.74699
-7.5628
-6.49232
-5.53507
-4.68035
-3.92059
-3.24877
-2.65406
-2.1333
-1.68569
-1.30575
-0.98759
-0.729681
-0.533594
-0.392773
-0.291049
-0.211014
-0.140485
-0.0710605
0.00352016
0.0838934
0.167074
0.250542
0.328631
0.393
0.43753
0.459082
0.454666
0.428002
0.391923
0.36557
0.366427
0.408305
0.509323
0.68094
0.896787
1.09814
1.24403
1.29468
1.23948
1.13305
1.03487
0.93945
0.863332
0.799054
0.743
0.694772
0.658171
0.637298
0.626948
0.625201
0.625071
0.631824
0.641534
0.652388
0.661211
0.664167
0.658992
0.646738
0.63025
0.611629
0.591206
0.568752
0.54479
0.518961
0.491573
0.462741
0.432722
0.401901
0.370376
0.337981
0.305194
0.2724
0.239636
0.207106
0.174724
0.14273
0.110682
0.0789081
0.0475505
0.0165402
-0.0134418
-0.0419179
-0.0677094
-0.0898164
-0.102307
-0.110337
-0.0825701
-0.0730072
-18.5989
-18.6071
-18.527
-18.2627
-17.6981
-16.8031
-15.6409
-14.3034
-12.8778
-11.4422
-10.0614
-8.77291
-7.58983
-6.51958
-5.56202
-4.70622
-3.94482
-3.27148
-2.67537
-2.1534
-1.70514
-1.32529
-1.00777
-0.750961
-0.556406
-0.417278
-0.316609
-0.236524
-0.16495
-0.0942817
-0.0183028
0.0636869
0.147559
0.231156
0.30953
0.3745
0.419176
0.44055
0.435797
0.408986
0.373437
0.348617
0.352021
0.397813
0.503913
0.680803
0.90105
1.10488
1.24961
1.29542
1.23414
1.12444
1.02225
0.921891
0.843092
0.777863
0.722118
0.675033
0.639742
0.620505
0.616116
0.608946
0.609836
0.616765
0.626549
0.637362
0.646021
0.64889
0.644027
0.632219
0.616291
0.598177
0.578123
0.556221
0.5323
0.506662
0.479288
0.450436
0.420509
0.389764
0.358214
0.325706
0.292802
0.259895
0.226975
0.194261
0.161699
0.129417
0.0971649
0.0651252
0.033598
0.00238799
-0.0278523
-0.0565246
-0.0825939
-0.104832
-0.117259
-0.125538
-0.095334
-0.084586
-18.6138
-18.6198
-18.5351
-18.267
-17.7021
-16.8094
-15.6504
-14.3165
-12.8943
-11.4618
-10.0835
-8.79642
-7.61396
-6.54371
-5.58586
-4.72923
-3.9665
-3.29205
-2.69505
-2.17225
-1.72366
-1.3442
-1.02749
-0.771659
-0.578279
-0.440051
-0.339468
-0.258905
-0.186589
-0.115263
-0.0394788
0.0427438
0.129443
0.213936
0.293459
0.358801
0.403461
0.424438
0.419227
0.392255
0.357289
0.334095
0.340061
0.389602
0.500667
0.683038
0.907821
1.11357
1.2551
1.29366
1.22445
1.11636
1.00691
0.90407
0.823848
0.758319
0.702944
0.656335
0.621244
0.60158
0.592746
0.590361
0.592522
0.599809
0.609499
0.619908
0.627959
0.630084
0.624337
0.611673
0.59507
0.576294
0.556029
0.53376
0.50979
0.484045
0.456659
0.427784
0.397773
0.36695
0.335396
0.302978
0.270179
0.237338
0.204562
0.171959
0.139561
0.107461
0.0753837
0.0435489
0.0121864
-0.0188165
-0.0487387
-0.0771064
-0.102543
-0.124343
-0.135621
-0.143603
-0.110666
-0.0985056
-18.622
-18.6278
-18.5419
-18.273
-17.7091
-16.8187
-15.6622
-14.3307
-12.9107
-11.48
-10.1029
-8.81609
-7.63341
-6.56252
-5.60393
-4.74622
-3.98224
-3.30703
-2.70964
-2.18668
-1.73838
-1.35971
-1.04388
-0.788587
-0.595373
-0.456796
-0.355231
-0.273293
-0.199319
-0.126152
-0.0478849
0.0357447
0.121057
0.206015
0.285489
0.3507
0.395133
0.415744
0.410197
0.383083
0.348266
0.325602
0.332776
0.384632
0.499286
0.686052
0.914353
1.12092
1.25901
1.29219
1.21896
1.10835
0.994974
0.89115
0.811071
0.746492
0.692361
0.646954
0.613072
0.594949
0.589505
0.584966
0.586716
0.593719
0.603292
0.613652
0.621706
0.623971
0.618572
0.606372
0.589992
0.571464
0.551243
0.529078
0.505093
0.479364
0.451967
0.423081
0.393109
0.362295
0.330734
0.298254
0.265393
0.232497
0.19965
0.166967
0.134506
0.102278
0.0701333
0.0381619
0.00673055
-0.024384
-0.0544794
-0.0830148
-0.108755
-0.130788
-0.142507
-0.150934
-0.117886
-0.102854
-18.644
-18.6494
-18.5629
-18.2941
-17.7316
-16.8432
-15.6885
-14.3585
-12.9395
-11.5096
-10.1327
-8.84557
-7.66231
-6.5907
-5.63145
-4.77295
-4.00819
-3.33272
-2.73532
-2.21246
-1.7646
-1.38646
-1.07104
-0.815784
-0.622002
-0.482635
-0.380245
-0.297509
-0.222889
-0.149169
-0.0712494
0.0125189
0.0992854
0.184734
0.264558
0.329861
0.374164
0.394498
0.38866
0.361408
0.326842
0.3051
0.313942
0.368279
0.486233
0.676327
0.906169
1.11127
1.24523
1.27112
1.19782
1.08476
0.970711
0.866651
0.787047
0.723023
0.669275
0.624188
0.590573
0.572453
0.565418
0.561834
0.563836
0.571067
0.580651
0.590894
0.598797
0.600859
0.595221
0.582789
0.566305
0.547663
0.527429
0.50522
0.481234
0.45549
0.428079
0.399194
0.369202
0.338373
0.306805
0.274332
0.24149
0.208607
0.175781
0.143122
0.110675
0.0784944
0.0463552
0.0144484
-0.0169697
-0.0480458
-0.0780617
-0.106537
-0.132114
-0.154097
-0.165501
-0.173897
-0.140165
-0.131051
-18.59
-18.5834
-18.6251
-18.6135
-18.5943
-18.569
-18.5388
-18.5067
-18.4758
-18.4475
-18.4226
-18.4016
-18.3852
-18.3761
-18.3758
-18.3683
-19.1085
-19.0871
-19.0921
-19.1031
-19.0943
-19.0702
-19.0401
-19.0084
-18.9774
-18.949
-18.9244
-18.9044
-18.889
-18.8775
-18.8699
-18.8549
-19.5397
-19.6071
-19.6941
-19.7265
-19.7251
-19.7052
-19.6761
-19.6449
-19.6154
-19.5895
-19.5682
-19.552
-19.5415
-19.5361
-19.5312
-19.5193
-19.6135
-19.7047
-19.7534
-19.7773
-19.7837
-19.7713
-19.746
-19.7165
-19.6882
-19.6637
-19.6438
-19.6286
-19.6182
-19.6122
-19.6075
-19.5947
-19.0458
-19.1064
-19.1415
-19.1691
-19.1786
-19.1702
-19.1501
-19.1239
-19.0971
-19.0712
-19.047
-19.0253
-19.0068
-18.992
-18.981
-18.9623
-17.9358
-17.9813
-18.0159
-18.0421
-18.0522
-18.0465
-18.0283
-18.0028
-17.9749
-17.9467
-17.919
-17.8923
-17.8671
-17.8446
-17.8264
-17.8021
-16.4451
-16.4758
-16.5016
-16.5208
-16.5288
-16.524
-16.5068
-16.4819
-16.4537
-16.4232
-16.391
-16.3571
-16.3222
-16.2882
-16.2579
-16.2274
-14.7126
-14.7295
-14.7444
-14.7549
-14.7586
-14.7524
-14.735
-14.7099
-14.6806
-14.6479
-14.612
-14.5729
-14.5312
-14.4892
-14.4513
-14.4169
-12.9243
-12.925
-12.9275
-12.9293
-12.9287
-12.9211
-12.9028
-12.8769
-12.8467
-12.8125
-12.7741
-12.7313
-12.6848
-12.6373
-12.5943
-12.5567
-11.1798
-11.1658
-11.1568
-11.1508
-11.1455
-11.1342
-11.1134
-11.0862
-11.055
-11.0199
-10.9801
-10.9355
-10.8868
-10.8368
-10.7914
-10.7523
-9.5686
-9.54307
-9.52542
-9.5136
-9.50391
-9.48893
-9.46567
-9.43729
-9.40551
-9.36983
-9.32954
-9.28443
-9.23517
-9.18462
-9.13867
-9.09937
-8.11972
-8.08627
-8.06207
-8.04539
-8.03164
-8.01301
-7.98742
-7.95802
-7.9258
-7.89001
-7.84995
-7.80542
-7.75709
-7.7077
-7.66287
-7.62431
-6.84998
-6.81239
-6.7846
-6.765
-6.74824
-6.72661
-6.69925
-6.66928
-6.63699
-6.60152
-6.56221
-6.51891
-6.47228
-6.42494
-6.38203
-6.34469
-5.75002
-5.71084
-5.68153
-5.65987
-5.63913
-5.61371
-5.58488
-5.5547
-5.52264
-5.48776
-5.44954
-5.40786
-5.3634
-5.3186
-5.27804
-5.24223
-4.80353
-4.76512
-4.73621
-4.71336
-4.68924
-4.66125
-4.6319
-4.60182
-4.57012
-4.53599
-4.49902
-4.45913
-4.41702
-4.37497
-4.33708
-4.30313
-3.99313
-3.95589
-3.92741
-3.90383
-3.8784
-3.84974
-3.82039
-3.79052
-3.7593
-3.72604
-3.69041
-3.65242
-3.61275
-3.57357
-3.53847
-3.50643
-3.30247
-3.26724
-3.23954
-3.21472
-3.18766
-3.15867
-3.12964
-3.10026
-3.06972
-3.03748
-3.0033
-2.96721
-2.92991
-2.89342
-2.86089
-2.83055
-2.71026
-2.67809
-2.65138
-2.62492
-2.59631
-2.56731
-2.53869
-2.5098
-2.47993
-2.44866
-2.41581
-2.38144
-2.34624
-2.3121
-2.28179
-2.25287
-2.19905
-2.16943
-2.1436
-2.11675
-2.08796
-2.05931
-2.03107
-2.00257
-1.97327
-1.94283
-1.91112
-1.87822
-1.84478
-1.8126
-1.78416
-1.7564
-1.75544
-1.72812
-1.70309
-1.67636
-1.64779
-1.61942
-1.5914
-1.56317
-1.53429
-1.5045
-1.4737
-1.44198
-1.40997
-1.37936
-1.3524
-1.32556
-1.36831
-1.34269
-1.31757
-1.29036
-1.26188
-1.23376
-1.20593
-1.17793
-1.14941
-1.12015
-1.09008
-1.05927
-1.02832
-0.998858
-0.973004
-0.94682
-1.02758
-1.0026
-0.976674
-0.948702
-0.920298
-0.892379
-0.864683
-0.836821
-0.808519
-0.779599
-0.74998
-0.719744
-0.689458
-0.66072
-0.635567
-0.609802
-0.724064
-0.699199
-0.67272
-0.644359
-0.615815
-0.587733
-0.559862
-0.531881
-0.503552
-0.474708
-0.44526
-0.415276
-0.385311
-0.356962
-0.332253
-0.306483
-0.453821
-0.428017
-0.40047
-0.371309
-0.342054
-0.313309
-0.28489
-0.256514
-0.227933
-0.198958
-0.169473
-0.139519
-0.109634
-0.0814393
-0.0569747
-0.0309772
-0.212203
-0.184065
-0.154649
-0.124208
-0.0940185
-0.0645694
-0.0356364
-0.00689964
0.0219198
0.0510445
0.0806188
0.110625
0.140534
0.168709
0.193075
0.219111
0.0019917
0.0331521
0.0646737
0.096481
0.127615
0.157752
0.187176
0.216248
0.24528
0.274528
0.304162
0.334186
0.364076
0.392184
0.416416
0.442348
0.184393
0.21857
0.252446
0.285994
0.31848
0.349674
0.379893
0.40953
0.438941
0.468422
0.498177
0.528233
0.558079
0.586059
0.610063
0.635832
0.34464
0.381912
0.418157
0.453326
0.486834
0.518627
0.549146
0.578876
0.608242
0.637589
0.667153
0.696974
0.72654
0.754172
0.77774
0.803222
0.483773
0.524199
0.562658
0.59927
0.633453
0.665449
0.695889
0.725359
0.754344
0.783224
0.812249
0.841463
0.870347
0.897224
0.919971
0.944941
0.591873
0.63504
0.675784
0.71377
0.748652
0.780998
0.811531
0.840866
0.869511
0.897862
0.926173
0.954492
0.98232
1.00803
1.02955
1.05379
0.673866
0.719622
0.761671
0.799893
0.834682
0.86679
0.896924
0.925691
0.953601
0.981047
1.00827
1.03532
1.06174
1.08596
1.10598
1.1294
0.735492
0.782449
0.824484
0.862104
0.896164
0.927488
0.956775
0.984622
1.01152
1.03783
1.06378
1.08941
1.11429
1.13699
1.15547
1.17812
0.781883
0.827329
0.868018
0.904525
0.937628
0.968063
0.996469
1.0234
1.04931
1.07453
1.09926
1.12354
1.147
1.1683
1.18539
1.20739
0.820123
0.862651
0.901132
0.935962
0.967734
0.997043
1.02444
1.05041
1.07534
1.09953
1.12313
1.14619
1.16836
1.18844
1.20435
1.22582
0.856442
0.895903
0.931928
0.964825
0.995066
1.02314
1.0495
1.07454
1.09858
1.12184
1.14445
1.16644
1.18754
1.20663
1.22164
1.24272
0.892787
0.929906
0.96403
0.995474
1.0246
1.05178
1.07737
1.1017
1.12503
1.14756
1.16942
1.19067
1.21107
1.2296
1.24409
1.26497
0.929159
0.965098
0.998501
1.02946
1.05821
1.08506
1.11034
1.13436
1.15741
1.17969
1.20133
1.22241
1.24271
1.26117
1.27531
1.29601
0.965001
1.00231
1.03682
1.06864
1.09809
1.12556
1.15143
1.17605
1.19969
1.22256
1.24475
1.26627
1.28689
1.30546
1.31878
1.33898
0.99703
1.03851
1.0763
1.11073
1.14237
1.17176
1.19936
1.22553
1.25052
1.27448
1.29744
1.31928
1.3399
1.35883
1.36891
1.38942
1.01771
1.06575
1.10889
1.14773
1.18292
1.21505
1.24469
1.27235
1.29839
1.32302
1.34627
1.36794
1.38746
1.40347
1.41478
1.4322
1.02868
1.08288
1.13112
1.1738
1.2116
1.24548
1.27626
1.30454
1.33078
1.35518
1.37759
1.39772
1.41589
1.4325
1.44386
1.45884
1.03229
1.0886
1.13818
1.18211
1.22114
1.25581
1.28693
1.31517
1.34094
1.36458
1.38703
1.40861
1.42749
1.44132
1.44913
1.46276
1.02475
1.08211
1.13181
1.17511
1.21377
1.24908
1.28155
1.31195
1.34051
1.36649
1.3886
1.4059
1.41886
1.42804
1.43329
1.4461
1.02771
1.08533
1.13547
1.17938
1.2183
1.25322
1.28476
1.31262
1.33649
1.35643
1.37233
1.38453
1.39382
1.40056
1.40441
1.41731
1.04602
1.0996
1.14641
1.18743
1.22332
1.25448
1.28108
1.30325
1.32118
1.33529
1.34612
1.35436
1.36093
1.36648
1.37029
1.38454
1.08571
1.12767
1.16455
1.19668
1.22423
1.24744
1.26655
1.28195
1.29408
1.30333
1.31038
1.31625
1.32202
1.32806
1.3326
1.34841
1.14467
1.16777
1.189
1.20797
1.22449
1.23845
1.24981
1.25883
1.26618
1.27261
1.27847
1.28421
1.29071
1.29833
1.30338
1.32037
1.16285
1.17296
1.18322
1.19287
1.20162
1.20978
1.21765
1.22514
1.23208
1.23869
1.24538
1.25251
1.26059
1.27033
1.27539
1.29363
1.13925
1.14025
1.14462
1.15133
1.15923
1.16734
1.17538
1.18353
1.19199
1.2007
1.20962
1.21868
1.22808
1.2403
1.24437
1.26368
1.10607
1.10725
1.11111
1.11706
1.1247
1.13367
1.14348
1.15378
1.16437
1.17515
1.18612
1.19727
1.20869
1.22133
1.22777
1.24665
1.09612
1.09677
1.1014
1.10894
1.11847
1.12931
1.14098
1.15318
1.16573
1.17843
1.19094
1.20271
1.21418
1.22624
1.23403
1.25293
1.09462
1.10078
1.10971
1.12058
1.13269
1.14543
1.15817
1.17033
1.18227
1.19452
1.20713
1.22043
1.23413
1.24759
1.25652
1.2756
1.09819
1.1085
1.11978
1.13194
1.14506
1.15899
1.1737
1.1893
1.20523
1.22087
1.23626
1.25147
1.26645
1.28081
1.29047
1.30968
1.10025
1.11555
1.13239
1.15016
1.16814
1.18607
1.20392
1.22166
1.23919
1.25646
1.27341
1.28996
1.30603
1.32114
1.3312
1.35048
1.11343
1.13443
1.15556
1.17658
1.1973
1.21764
1.23754
1.257
1.27604
1.29464
1.31274
1.33025
1.34704
1.36264
1.37277
1.39207
1.12813
1.15353
1.17806
1.20173
1.22458
1.24662
1.26791
1.28852
1.30852
1.32794
1.3467
1.3647
1.38182
1.39767
1.40756
1.42694
1.13826
1.16711
1.19433
1.2201
1.2446
1.26796
1.29031
1.31176
1.33241
1.35229
1.37132
1.38937
1.40638
1.42222
1.43156
1.45108
1.14211
1.17422
1.20383
1.2313
1.25697
1.28111
1.30393
1.32564
1.34635
1.36612
1.38486
1.40243
1.41886
1.43448
1.44297
1.46247
1.13226
1.16656
1.19799
1.22682
1.25341
1.27804
1.30103
1.32261
1.34296
1.36219
1.38024
1.39697
1.41251
1.42798
1.43533
1.45479
1.10364
1.13918
1.17159
1.20113
1.22817
1.25306
1.27612
1.2976
1.31768
1.33648
1.35399
1.37004
1.38461
1.40038
1.40659
1.42605
1.07057
1.10522
1.13695
1.16593
1.19245
1.21685
1.23944
1.26043
1.27998
1.29821
1.31518
1.3307
1.34403
1.36056
1.36563
1.38526
1.0365
1.07
1.10082
1.12905
1.15483
1.17849
1.20036
1.22074
1.23973
1.25738
1.27382
1.28908
1.30132
1.3182
1.32286
1.34251
1.0053
1.03669
1.0662
1.09389
1.11969
1.14326
1.16478
1.18467
1.2031
1.22018
1.23609
1.25095
1.26302
1.27945
1.28391
1.3037
0.987077
1.01591
1.04293
1.06822
1.09186
1.1142
1.13518
1.15455
1.17255
1.18939
1.20512
1.21974
1.23239
1.2479
1.25326
1.27265
0.977077
1.00456
1.03043
1.05485
1.07804
1.09973
1.11983
1.13867
1.15637
1.17299
1.18854
1.20296
1.21592
1.23072
1.23667
1.25589
0.974118
1.00065
1.02612
1.05046
1.07326
1.09438
1.11419
1.13284
1.15038
1.16686
1.1823
1.19663
1.20972
1.22419
1.23048
1.24954
0.976925
1.00304
1.02802
1.05161
1.07357
1.09433
1.114
1.1325
1.14992
1.16629
1.18165
1.19591
1.209
1.22331
1.22973
1.24871
0.981586
1.00722
1.03177
1.05477
1.07636
1.09695
1.11637
1.13467
1.15191
1.16814
1.18335
1.19749
1.21046
1.2247
1.2311
1.25002
0.98459
1.00991
1.03365
1.05617
1.07779
1.09814
1.11734
1.1355
1.15267
1.16884
1.18399
1.19803
1.21084
1.22508
1.23135
1.25024
0.981827
1.00713
1.03104
1.05372
1.0751
1.09521
1.11424
1.13228
1.14932
1.16538
1.18043
1.19436
1.20694
1.22125
1.22732
1.24621
0.972416
0.998147
1.02228
1.04493
1.06622
1.08631
1.1053
1.12327
1.14021
1.15612
1.17102
1.18484
1.19718
1.21162
1.21746
1.23637
0.957437
0.983173
1.00732
1.02998
1.0513
1.07142
1.09041
1.10833
1.1252
1.14101
1.15582
1.1696
1.18171
1.19634
1.20194
1.22089
0.938123
0.963744
0.987787
1.01035
1.03163
1.05173
1.07073
1.08863
1.10544
1.12115
1.13586
1.14963
1.16148
1.17632
1.18169
1.20069
0.9158
0.941197
0.965107
0.987567
1.00875
1.02879
1.04774
1.06559
1.08233
1.09797
1.1126
1.12641
1.138
1.15308
1.15823
1.17728
0.891367
0.916513
0.940298
0.962737
0.983872
1.00383
1.0227
1.04046
1.0571
1.07263
1.08715
1.101
1.11233
1.12762
1.13256
1.15169
0.865352
0.890308
0.913937
0.93633
0.957475
0.977381
0.996134
1.01378
1.03033
1.04579
1.06023
1.07418
1.08525
1.10074
1.10551
1.12467
0.838037
0.862915
0.88645
0.908745
0.929854
0.949719
0.968381
0.985946
1.00243
1.01781
1.03213
1.04622
1.05697
1.07273
1.07737
1.09656
0.809633
0.83448
0.857978
0.880185
0.901187
0.920984
0.939592
0.957088
0.973516
0.988876
1.00305
1.01735
1.02778
1.04383
1.04825
1.06753
0.780329
0.805196
0.828623
0.850719
0.87158
0.891276
0.909848
0.927301
0.943682
0.959064
0.972971
0.987624
0.997647
1.01401
1.01822
1.03757
0.750355
0.775239
0.798668
0.820772
0.841578
0.86116
0.879623
0.896994
0.913267
0.928799
0.942311
0.957471
0.96701
0.983627
0.987737
1.00712
0.719507
0.744412
0.767854
0.789917
0.810694
0.830225
0.848629
0.86596
0.88212
0.897703
0.911101
0.926328
0.935865
0.952467
0.956564
0.975954
0.687577
0.712444
0.735841
0.757866
0.778588
0.798054
0.816405
0.833712
0.849891
0.865221
0.879075
0.893818
0.903584
0.920103
0.924237
0.943621
0.654733
0.679506
0.702834
0.724809
0.745497
0.764962
0.783338
0.800581
0.816785
0.832107
0.845947
0.860658
0.870453
0.886956
0.891095
0.910476
0.621583
0.646309
0.669601
0.691498
0.712106
0.731506
0.749796
0.767013
0.783209
0.798497
0.812299
0.827045
0.836806
0.853344
0.857469
0.87688
0.588609
0.613342
0.636574
0.658349
0.678893
0.698271
0.716513
0.73373
0.749952
0.76525
0.778889
0.793736
0.803419
0.819892
0.824088
0.843477
0.5551
0.579885
0.603295
0.625172
0.645573
0.66481
0.683067
0.700285
0.716425
0.731735
0.745367
0.760128
0.770088
0.786345
0.790687
0.810031
0.521789
0.546232
0.569255
0.591111
0.611853
0.631359
0.649663
0.666848
0.682969
0.698315
0.711901
0.726456
0.736675
0.75271
0.757161
0.776484
0.489232
0.51371
0.536724
0.558383
0.578855
0.598188
0.61638
0.633493
0.649551
0.664825
0.678754
0.692945
0.703571
0.719302
0.72396
0.743198
0.457148
0.481589
0.504563
0.526161
0.546533
0.565773
0.583904
0.60097
0.616993
0.632073
0.646084
0.660066
0.670852
0.686432
0.691166
0.710391
0.42447
0.448874
0.471826
0.493431
0.513808
0.53303
0.551103
0.568109
0.584144
0.599238
0.613316
0.627206
0.638125
0.653571
0.658394
0.677569
0.39144
0.4157
0.43852
0.460027
0.480343
0.499558
0.517646
0.534642
0.550631
0.56567
0.579741
0.59355
0.604525
0.619897
0.624764
0.643924
0.358538
0.382627
0.405322
0.426704
0.446862
0.465899
0.48385
0.500784
0.516764
0.531811
0.545902
0.559621
0.570701
0.585946
0.59089
0.610023
0.325248
0.349119
0.371624
0.392855
0.412911
0.43187
0.44973
0.466502
0.482281
0.497155
0.511175
0.524779
0.535963
0.551025
0.55608
0.575159
0.291506
0.314981
0.337133
0.358021
0.377698
0.396268
0.413811
0.430404
0.446095
0.460897
0.474861
0.488321
0.499615
0.514495
0.519666
0.538706
0.256898
0.279659
0.301105
0.321349
0.340502
0.358637
0.375796
0.392043
0.407431
0.421994
0.435787
0.449005
0.46042
0.474896
0.480291
0.499202
0.220457
0.242132
0.262617
0.282003
0.300386
0.317853
0.334455
0.35024
0.365257
0.379536
0.393124
0.406126
0.417633
0.431849
0.437431
0.456306
0.180938
0.200545
0.219136
0.236787
0.253582
0.269618
0.284952
0.299622
0.31368
0.327159
0.3401
0.352534
0.36395
0.377442
0.38335
0.401993
0.138569
0.155368
0.171463
0.186934
0.201863
0.216354
0.230471
0.24428
0.257813
0.271028
0.283873
0.296282
0.307982
0.321263
0.327574
0.34614
0.0869092
0.097932
0.108482
0.118623
0.128467
0.138223
0.147993
0.157799
0.167678
0.177633
0.187685
0.197828
0.207915
0.21976
0.225721
0.244029
0.0373413
0.0439302
0.0507181
0.0577667
0.0651277
0.0728753
0.081015
0.0895009
0.0982841
0.107297
0.116499
0.125857
0.135324
0.145348
0.153825
0.166287
)
;

boundaryField
{
    frontAndBack
    {
        type            empty;
    }
    inlet
    {
        type            zeroGradient;
    }
    outlet
    {
        type            fixedValue;
        value           uniform 0;
    }
    walls
    {
        type            zeroGradient;
    }
}


// ************************************************************************* //
