/*--------------------------------*- C++ -*----------------------------------*\
| =========                 |                                                 |
| \\      /  F ield         | OpenFOAM: The Open Source CFD Toolbox           |
|  \\    /   O peration     | Version:  v2012                                 |
|   \\  /    A nd           | Website:  www.openfoam.com                      |
|    \\/     M anipulation  |                                                 |
\*---------------------------------------------------------------------------*/
FoamFile
{
    version     2.0;
    format      ascii;
    class       Cloud<basicKinematicParcel>;
    location    "0.059/lagrangian/kinematicCloud";
    object      coordinates;
}
// * * * * * * * * * * * * * * * * * * * * * * * * * * * * * * * * * * * * * //

62
(
(0.57223 0.157513 0.213885 0.0563719) 210 510 2
(0.586099 0.20695 0.0786194 0.128331) 511 910 1
(0.282641 0.358679 0.0273822 0.331297) 710 1504 2
(0.163655 0.208784 0.418173 0.209389) 309 707 2
(0.0310842 0.484458 0.405715 0.0787426) 909 1702 1
(0.26114 0.0687673 0.36943 0.300663) 708 1501 2
(0.504885 0.16877 0.247558 0.0787876) 102 193 1
(0.929923 0.0134912 0.0350387 0.0215476) 907 1897 2
(0.222272 0.0488419 0.388864 0.340022) 906 1895 2
(0.175406 0.412297 0.310004 0.102293) 406 900 1
(0.0826116 0.313118 0.458694 0.145576) 406 897 1
(0.738122 0.130939 0.0966341 0.034305) 305 696 2
(0.0936372 0.453181 0.232936 0.220246) 92 7620 1
(0.0446089 0.477696 0.0782365 0.399459) 2 7502 2
(0.851228 0.00360028 0.074386 0.0707857) 98 7626 2
(0.444368 0.277816 0.203199 0.074617) 503 1093 1
(0.191425 0.196652 0.207635 0.404288) 202 197 2
(0.28664 0.35668 0.00258891 0.354091) 1002 1887 1
(0.368889 0.0100568 0.305499 0.315556) 201 491 1
(0.272507 0.363746 0.126791 0.236955) 901 1884 2
(0.67675 0.161625 0.0375561 0.124069) 801 1487 1
(0.00419523 0.319918 0.177985 0.497902) 94 184 1
(0.663633 0.168183 0.0223412 0.145842) 800 1684 1
(0.0396044 0.480198 0.297621 0.182577) 19 39 2
(0.26133 0.369335 0.10223 0.267105) 39 79 2
(0.709658 0.000470787 0.145171 0.1447) 79 156 1
(0.41965 0.290175 0.237677 0.0524982) 18 36 2
(0.257786 0.0415359 0.329571 0.371107) 88 157 2
(0.08348 0.45826 0.0704603 0.3878) 5 8 2
(0.516816 0.0764372 0.241592 0.165155) 88 174 1
(0.128834 0.435583 0.404011 0.0315723) 1 7501 2
(0.466118 0.100152 0.266941 0.166788) 6 13 2
(0.277822 0.149226 0.211863 0.361089) 92 182 1
(0.434303 0.184622 0.282849 0.0982266) 56 110 1
(0.316395 0.341803 0.00508832 0.336714) 26 33 1
(0.207155 0.0200705 0.396423 0.376352) 65 131 2
(0.36623 0.316885 0.114645 0.202239) 35 71 1
(0.221884 0.0646778 0.389058 0.32438) 35 68 1
(0.0579513 0.310731 0.471024 0.160293) 64 129 2
(0.475315 0.0112428 0.2511 0.262343) 1 7501 1
(0.134499 0.266034 0.43275 0.166716) 24 46 1
(0.727711 0.0899287 0.0462156 0.136144) 63 126 1
(0.556074 0.221963 0.188554 0.0334088) 13 24 2
(0.0202924 0.489854 0.409321 0.0805325) 13 27 1
(0.044768 0.217346 0.477616 0.26027) 22 45 2
(0.145712 0.427144 0.41005 0.0170937) 62 105 1
(0.354697 0.322652 0.178167 0.144484) 82 162 2
(0.0465399 0.468204 0.00852572 0.47673) 41 82 1
(0.126484 0.249918 0.436758 0.18684) 31 63 2
(0.216003 0.391998 0.00541597 0.386582) 71 143 1
(0.0214416 0.489279 0.227397 0.261882) 1 3 1
(0.203085 0.398458 0.0468143 0.351643) 31 43 1
(0.00996393 0.193684 0.301334 0.495018) 80 160 1
(0.520127 0.239936 0.208244 0.0316928) 0 7500 2
(0.569003 0.106763 0.215499 0.108735) 60 121 2
(0.412441 0.193117 0.293779 0.100662) 60 121 2
(0.0684337 0.463609 0.00217409 0.465783) 90 161 2
(0.00863541 0.495682 0.368029 0.127653) 50 81 1
(0.10898 0.44551 0.283585 0.161925) 30 61 1
(0.155249 0.422376 0.213552 0.208824) 50 81 1
(0.540719 0.102093 0.22964 0.127547) 80 7480 2
(0.309779 0.345111 0.0601177 0.284993) 50 7477 1
)


// ************************************************************************* //
