/*--------------------------------*- C++ -*----------------------------------*\
| =========                 |                                                 |
| \\      /  F ield         | OpenFOAM: The Open Source CFD Toolbox           |
|  \\    /   O peration     | Version:  v2012                                 |
|   \\  /    A nd           | Website:  www.openfoam.com                      |
|    \\/     M anipulation  |                                                 |
\*---------------------------------------------------------------------------*/
FoamFile
{
    version     2.0;
    format      ascii;
    class       volScalarField;
    location    "0.089";
    object      p;
}
// * * * * * * * * * * * * * * * * * * * * * * * * * * * * * * * * * * * * * //

dimensions      [0 2 -2 0 0 0 0];


internalField   nonuniform List<scalar> 
5600
(
-1.07869
-1.53683
-1.91722
-2.23579
-2.54668
-2.85696
-3.15827
-3.43995
-3.70312
-3.95324
-4.1898
-4.41446
-4.62895
-4.83521
-5.03543
-5.23125
-5.42362
-5.6133
-5.80047
-5.98538
-6.16825
-6.34853
-6.52632
-6.70263
-6.87737
-7.05084
-7.22309
-7.39442
-7.56513
-7.73542
-7.90513
-8.07414
-8.24237
-8.41011
-8.5772
-8.74366
-8.90962
-9.07485
-9.2394
-9.40345
-9.56687
-9.72985
-9.89193
-10.0537
-10.2152
-10.3763
-10.5356
-10.6937
-10.8497
-11.0042
-11.1565
-11.3075
-11.4575
-11.6065
-11.755
-11.9032
-12.0503
-12.1981
-12.345
-12.4924
-12.6406
-12.7871
-12.9369
-13.0822
-13.233
-13.3786
-13.5278
-13.6763
-13.8215
-13.9743
-14.1162
-14.2706
-14.4136
-14.5647
-14.7126
-14.8577
-15.0112
-15.1528
-15.3084
-15.4479
-15.604
-15.7469
-15.896
-16.0491
-16.187
-16.3493
-16.4792
-16.6459
-16.7818
-16.9332
-17.0901
-17.2207
-17.3922
-17.5137
-17.6899
-17.8148
-17.9608
-18.1109
-18.2094
-18.2559
-1.13773
-1.55701
-1.93383
-2.25361
-2.56467
-2.87529
-3.17652
-3.45847
-3.72199
-3.97216
-4.20894
-4.43391
-4.64873
-4.85536
-5.05594
-5.25208
-5.44474
-5.63467
-5.82201
-6.007
-6.19006
-6.37046
-6.5483
-6.72473
-6.89961
-7.07321
-7.24554
-7.41696
-7.58777
-7.75815
-7.92794
-8.09702
-8.26527
-8.43305
-8.60018
-8.76667
-8.93266
-9.09792
-9.2625
-9.42658
-9.59003
-9.75305
-9.91515
-10.077
-10.2385
-10.3996
-10.559
-10.7171
-10.8732
-11.0276
-11.1799
-11.3309
-11.4807
-11.6297
-11.7782
-11.9264
-12.0736
-12.2212
-12.3683
-12.5156
-12.6638
-12.8102
-12.9601
-13.1055
-13.256
-13.402
-13.5508
-13.6997
-13.8446
-13.9975
-14.1397
-14.2932
-14.4374
-14.5873
-14.7362
-14.8807
-15.0344
-15.1763
-15.3311
-15.4719
-15.6264
-15.7709
-15.9187
-16.0726
-16.2104
-16.3716
-16.504
-16.6671
-16.807
-16.9555
-17.1138
-17.2446
-17.414
-17.539
-17.7102
-17.8402
-17.9838
-18.1321
-18.2395
-18.2631
-1.17598
-1.56964
-1.94658
-2.26698
-2.57588
-2.884
-3.18414
-3.4657
-3.72897
-3.97882
-4.21533
-4.44038
-4.65524
-4.86185
-5.06245
-5.25861
-5.4513
-5.64123
-5.82857
-6.01359
-6.19665
-6.37707
-6.55511
-6.73153
-6.90637
-7.07992
-7.25222
-7.42361
-7.59434
-7.76466
-7.93439
-8.1034
-8.2717
-8.43948
-8.6066
-8.77309
-8.93906
-9.10428
-9.26883
-9.43285
-9.59624
-9.7592
-9.92125
-10.083
-10.2445
-10.4056
-10.5649
-10.723
-10.8791
-11.0335
-11.1861
-11.3372
-11.4873
-11.6364
-11.785
-11.9332
-12.0805
-12.2281
-12.3752
-12.5224
-12.6707
-12.8171
-12.9668
-13.1124
-13.2627
-13.4089
-13.5575
-13.7066
-13.8514
-14.0042
-14.1467
-14.2998
-14.4444
-14.5939
-14.7432
-14.8874
-15.0411
-15.1832
-15.3376
-15.4789
-15.6329
-15.7779
-15.9253
-16.0793
-16.2172
-16.3779
-16.5111
-16.6731
-16.8143
-16.9612
-17.1205
-17.2515
-17.4197
-17.5472
-17.7151
-17.8486
-17.9874
-18.1427
-18.2421
-18.3029
-1.2247
-1.58612
-1.96196
-2.28383
-2.59145
-2.89864
-3.19914
-3.48134
-3.74523
-3.99542
-4.23249
-4.45756
-4.67288
-4.87971
-5.08034
-5.27645
-5.46897
-5.65867
-5.84571
-6.03041
-6.21331
-6.39365
-6.57172
-6.7482
-6.92319
-7.09701
-7.26969
-7.44139
-7.61238
-7.78291
-7.95282
-8.12196
-8.29028
-8.45813
-8.62533
-8.79191
-8.95796
-9.12328
-9.28794
-9.45207
-9.61559
-9.77869
-9.94088
-10.1028
-10.2644
-10.4257
-10.5852
-10.7435
-10.8997
-11.0544
-11.2067
-11.3576
-11.5073
-11.6563
-11.8048
-11.9528
-12.1001
-12.2476
-12.3948
-12.542
-12.6902
-12.8368
-12.9863
-13.1324
-13.282
-13.429
-13.5769
-13.7263
-13.8714
-14.0233
-14.1672
-14.3185
-14.465
-14.6131
-14.7629
-14.9076
-15.0601
-15.2041
-15.3561
-15.4998
-15.6516
-15.7983
-15.945
-16.0987
-16.2388
-16.3952
-16.5346
-16.6902
-16.8364
-16.9823
-17.1386
-17.2757
-17.4346
-17.5728
-17.7303
-17.8735
-18.0093
-18.1586
-18.2733
-18.3395
-1.27432
-1.60325
-1.9777
-2.30202
-2.60805
-2.9144
-3.2146
-3.49662
-3.76052
-4.01051
-4.24782
-4.47264
-4.68816
-4.89521
-5.09605
-5.29234
-5.48502
-5.67486
-5.86204
-6.04685
-6.22971
-6.41007
-6.58811
-6.76446
-6.93927
-7.11291
-7.28539
-7.45688
-7.62765
-7.79808
-7.96792
-8.13701
-8.30539
-8.47329
-8.64053
-8.80716
-8.97325
-9.13853
-9.30319
-9.46725
-9.63067
-9.79365
-9.95578
-10.1177
-10.2794
-10.4405
-10.6
-10.7581
-10.9142
-11.0685
-11.2209
-11.3723
-11.5224
-11.6717
-11.8202
-11.9683
-12.1159
-12.2632
-12.4105
-12.5576
-12.7058
-12.8526
-13.0016
-13.1483
-13.2972
-13.4449
-13.5923
-13.7418
-13.8873
-14.0382
-14.1836
-14.3333
-14.4811
-14.6284
-14.7785
-14.9235
-15.0748
-15.2205
-15.3706
-15.5164
-15.6663
-15.8144
-15.9604
-16.1134
-16.2553
-16.4084
-16.552
-16.704
-16.8532
-16.9968
-17.1522
-17.2927
-17.446
-17.5915
-17.7421
-17.8896
-18.0279
-18.1711
-18.3007
-18.3768
-1.32435
-1.62257
-1.99499
-2.32228
-2.62667
-2.93206
-3.23188
-3.51393
-3.77806
-4.02823
-4.26579
-4.49096
-4.70675
-4.91407
-5.11511
-5.31152
-5.50428
-5.69416
-5.88136
-6.06622
-6.24887
-6.42924
-6.60734
-6.78373
-6.9586
-7.13231
-7.30483
-7.47634
-7.64716
-7.81745
-7.9873
-8.15635
-8.32469
-8.49248
-8.65959
-8.82612
-8.99214
-9.15735
-9.32206
-9.48607
-9.64946
-9.81255
-9.97476
-10.1367
-10.2985
-10.4597
-10.6195
-10.7779
-10.9343
-11.089
-11.2415
-11.3932
-11.5425
-11.6916
-11.8402
-11.9881
-12.1358
-12.2828
-12.4303
-12.5775
-12.7253
-12.8729
-13.0209
-13.1687
-13.3164
-13.4651
-13.6122
-13.7611
-13.9084
-14.0565
-14.2049
-14.3519
-14.5016
-14.6484
-14.7975
-14.9449
-15.093
-15.2423
-15.3887
-15.5376
-15.6853
-15.8344
-15.9815
-16.1312
-16.2791
-16.4244
-16.5757
-16.7218
-16.8731
-17.0202
-17.169
-17.3195
-17.4607
-17.6172
-17.7604
-17.9107
-18.0522
-18.1881
-18.3313
-18.4228
-1.37376
-1.64439
-2.01406
-2.34457
-2.64749
-2.95185
-3.25137
-3.53351
-3.79782
-4.0481
-4.28578
-4.5112
-4.72706
-4.93454
-5.13571
-5.33221
-5.52504
-5.71495
-5.90219
-6.08707
-6.26971
-6.45011
-6.62828
-6.80469
-6.9796
-7.15331
-7.32585
-7.49737
-7.66828
-7.83849
-8.00834
-8.17741
-8.34577
-8.51356
-8.68067
-8.84719
-9.01323
-9.17836
-9.34307
-9.5071
-9.67041
-9.83346
-9.99565
-10.1575
-10.3193
-10.4803
-10.6402
-10.7982
-10.9549
-11.1093
-11.2621
-11.4132
-11.5636
-11.7124
-11.8614
-12.0091
-12.1569
-12.3039
-12.4513
-12.5988
-12.7461
-12.8943
-13.0414
-13.1903
-13.3372
-13.4861
-13.6335
-13.7814
-13.9305
-14.0763
-14.2269
-14.3727
-14.5226
-14.6699
-14.8177
-14.9668
-15.1128
-15.2644
-15.4088
-15.5596
-15.7059
-15.8553
-16.0033
-16.1503
-16.3024
-16.4432
-16.5983
-16.7423
-16.8941
-17.0415
-17.1876
-17.3414
-17.4791
-17.64
-17.7804
-17.9305
-18.0756
-18.2104
-18.361
-18.4755
-1.42074
-1.66888
-2.03548
-2.36903
-2.67075
-2.97411
-3.27343
-3.55563
-3.82005
-4.07043
-4.3082
-4.53385
-4.74978
-4.95746
-5.15879
-5.3554
-5.54832
-5.73827
-5.92555
-6.11045
-6.29308
-6.47347
-6.65167
-6.82808
-7.00303
-7.17674
-7.34928
-7.52085
-7.69177
-7.862
-8.03182
-8.2009
-8.36926
-8.53705
-8.70418
-8.87071
-9.03672
-9.2019
-9.36656
-9.53063
-9.69401
-9.85697
-10.0192
-10.181
-10.3428
-10.5037
-10.6636
-10.8217
-10.9785
-11.1329
-11.286
-11.4371
-11.5873
-11.736
-11.8849
-12.0328
-12.1805
-12.3276
-12.4749
-12.6225
-12.7696
-12.9181
-13.065
-13.214
-13.3609
-13.5096
-13.6574
-13.8046
-13.9543
-14.1
-14.2505
-14.3967
-14.5459
-14.6938
-14.8411
-14.9904
-15.1366
-15.288
-15.4325
-15.5835
-15.7297
-15.8788
-16.0272
-16.1733
-16.3262
-16.4677
-16.6219
-16.7671
-16.9171
-17.0652
-17.2112
-17.3647
-17.5049
-17.6634
-17.8059
-17.9532
-18.1016
-18.2392
-18.3927
-18.5315
-1.46372
-1.69595
-2.05983
-2.39581
-2.69664
-2.99918
-3.29837
-3.58059
-3.84509
-4.09557
-4.33342
-4.55924
-4.77524
-4.98306
-5.18451
-5.38119
-5.57415
-5.76412
-5.95142
-6.13634
-6.31894
-6.4993
-6.67751
-6.85395
-7.02894
-7.20265
-7.3752
-7.54679
-7.71773
-7.88799
-8.05778
-8.22685
-8.39523
-8.563
-8.73015
-8.89669
-9.06266
-9.22788
-9.39252
-9.55661
-9.72002
-9.88292
-10.0452
-10.207
-10.3688
-10.5297
-10.6895
-10.8476
-11.0042
-11.1588
-11.3115
-11.4629
-11.613
-11.7621
-11.9107
-12.0589
-12.2064
-12.3536
-12.5008
-12.6484
-12.7957
-12.944
-13.0911
-13.2398
-13.3871
-13.5354
-13.6834
-13.8307
-13.9801
-14.1263
-14.2761
-14.4229
-14.5716
-14.7197
-14.8672
-15.0162
-15.163
-15.3134
-15.459
-15.6091
-15.7559
-15.9046
-16.053
-16.1996
-16.3513
-16.4947
-16.6469
-16.7934
-16.9425
-17.091
-17.2377
-17.3896
-17.5324
-17.6877
-17.8328
-17.9794
-18.1299
-18.272
-18.4285
-18.5878
-1.5009
-1.72514
-2.08768
-2.42509
-2.72538
-3.02747
-3.32663
-3.60881
-3.87334
-4.12392
-4.36182
-4.58773
-4.80375
-5.01165
-5.21316
-5.40989
-5.60289
-5.79287
-5.98019
-6.16514
-6.34773
-6.52805
-6.70627
-6.88273
-7.05774
-7.23145
-7.404
-7.57559
-7.74657
-7.91685
-8.08659
-8.25567
-8.42406
-8.59182
-8.75899
-8.92553
-9.09148
-9.25673
-9.42134
-9.58546
-9.74889
-9.91175
-10.074
-10.2359
-10.3977
-10.5586
-10.7182
-10.8764
-11.033
-11.1876
-11.3406
-11.492
-11.642
-11.791
-11.9396
-12.0878
-12.2353
-12.3825
-12.5298
-12.6773
-12.8247
-12.9728
-13.1202
-13.2685
-13.4161
-13.5642
-13.7123
-13.8598
-14.0087
-14.1556
-14.3047
-14.4521
-14.6005
-14.7486
-14.8963
-15.0449
-15.1922
-15.3418
-15.4884
-15.6377
-15.7851
-15.9334
-16.0819
-16.229
-16.3796
-16.5246
-16.6752
-16.8227
-16.9714
-17.12
-17.2671
-17.418
-17.5628
-17.7158
-17.8631
-18.0101
-18.1611
-18.3079
-18.4683
-18.6439
-1.52825
-1.75443
-2.11811
-2.45543
-2.75561
-3.05785
-3.3571
-3.63914
-3.90367
-4.15431
-4.39218
-4.61809
-4.8341
-5.04199
-5.24351
-5.44024
-5.63325
-5.82323
-6.01055
-6.19552
-6.37809
-6.55835
-6.73657
-6.91305
-7.08806
-7.26176
-7.4343
-7.60589
-7.7769
-7.94719
-8.11689
-8.28597
-8.45439
-8.62213
-8.78931
-8.95586
-9.12179
-9.28707
-9.45166
-9.61581
-9.77925
-9.94207
-10.1043
-10.2663
-10.4281
-10.5889
-10.7485
-10.9068
-11.0633
-11.2179
-11.3708
-11.5221
-11.6722
-11.8212
-11.9698
-12.118
-12.2655
-12.4128
-12.56
-12.7076
-12.855
-13.003
-13.1505
-13.2986
-13.4464
-13.5945
-13.7425
-13.8902
-14.0388
-14.1861
-14.3347
-14.4824
-14.6307
-14.7788
-14.9266
-15.075
-15.2227
-15.3718
-15.5189
-15.6677
-15.8154
-15.9636
-16.1121
-16.2595
-16.4093
-16.5554
-16.705
-16.8531
-17.0016
-17.1501
-17.2976
-17.4477
-17.5939
-17.7455
-17.894
-18.0414
-18.1933
-18.345
-18.5095
-18.6972
-1.54304
-1.78107
-2.14817
-2.4839
-2.78439
-3.08738
-3.38681
-3.66865
-3.93313
-4.18381
-4.42159
-4.64741
-4.86333
-5.07113
-5.2726
-5.4693
-5.66229
-5.85226
-6.03954
-6.22455
-6.40709
-6.5873
-6.76549
-6.94198
-7.11699
-7.29068
-7.46322
-7.63479
-7.80584
-7.97612
-8.1458
-8.31488
-8.48333
-8.65105
-8.81824
-8.98479
-9.15069
-9.31601
-9.48057
-9.64477
-9.8082
-9.97098
-10.1332
-10.2952
-10.457
-10.6178
-10.7775
-10.9357
-11.0922
-11.2468
-11.3997
-11.5511
-11.7011
-11.8502
-11.9988
-12.147
-12.2945
-12.4417
-12.5889
-12.7364
-12.8839
-13.0318
-13.1795
-13.3275
-13.4753
-13.6233
-13.7714
-13.9192
-14.0675
-14.2151
-14.3635
-14.5114
-14.6596
-14.8076
-14.9556
-15.1038
-15.2517
-15.4005
-15.5479
-15.6966
-15.8443
-15.9926
-16.1409
-16.2886
-16.4379
-16.5847
-16.7337
-16.8821
-17.0306
-17.1789
-17.3269
-17.4762
-17.6236
-17.7743
-17.9236
-18.0724
-18.2243
-18.38
-18.5478
-18.7438
-1.54675
-1.80464
-2.17621
-2.50925
-2.81045
-3.11454
-3.41423
-3.69579
-3.96022
-4.21093
-4.44857
-4.67424
-4.89003
-5.09769
-5.29904
-5.49569
-5.68864
-5.8786
-6.06583
-6.25088
-6.43338
-6.61353
-6.7917
-6.96817
-7.14317
-7.31685
-7.48937
-7.66091
-7.832
-8.00227
-8.17192
-8.341
-8.50949
-8.67716
-8.84438
-9.01093
-9.17683
-9.34218
-9.50672
-9.67096
-9.83437
-9.99713
-10.1593
-10.3213
-10.483
-10.6439
-10.8036
-10.9619
-11.1184
-11.273
-11.4259
-11.5772
-11.7272
-11.8762
-12.0248
-12.173
-12.3205
-12.4677
-12.615
-12.7624
-12.9099
-13.0578
-13.2055
-13.3534
-13.5013
-13.6493
-13.7973
-13.9452
-14.0934
-14.2412
-14.3894
-14.5375
-14.6856
-14.8336
-14.9817
-15.1297
-15.2779
-15.4263
-15.5741
-15.7225
-15.8703
-16.0187
-16.1667
-16.3149
-16.4635
-16.6111
-16.7595
-16.9081
-17.0567
-17.2047
-17.3532
-17.5018
-17.6504
-17.7999
-17.9502
-18.0987
-18.2519
-18.4108
-18.5815
-18.7829
-1.54168
-1.82597
-2.20218
-2.5319
-2.83416
-3.13952
-3.43951
-3.72072
-3.98507
-4.23579
-4.47325
-4.69873
-4.9144
-5.12189
-5.32309
-5.51965
-5.71254
-5.90248
-6.08965
-6.27477
-6.45722
-6.63731
-6.81545
-6.99192
-7.1669
-7.34056
-7.51306
-7.68457
-7.8557
-8.02593
-8.19558
-8.36466
-8.53317
-8.7008
-8.86802
-9.03455
-9.20045
-9.36575
-9.53038
-9.69461
-9.858
-10.0207
-10.1829
-10.3448
-10.5067
-10.6676
-10.8274
-10.9857
-11.1422
-11.2967
-11.4496
-11.6009
-11.7508
-11.8998
-12.0484
-12.1966
-12.3441
-12.4913
-12.6386
-12.786
-12.9335
-13.0814
-13.2291
-13.377
-13.5249
-13.6729
-13.821
-13.9688
-14.117
-14.2649
-14.413
-14.5611
-14.7091
-14.8573
-15.0053
-15.1532
-15.3016
-15.4497
-15.5979
-15.7459
-15.894
-16.0422
-16.1903
-16.3387
-16.4869
-16.635
-16.7828
-16.932
-17.0801
-17.2284
-17.3769
-17.5253
-17.6746
-17.8233
-17.9748
-18.1229
-18.2785
-18.4371
-18.612
-18.816
-1.53034
-1.84542
-2.22581
-2.55213
-2.85569
-3.1624
-3.46281
-3.74364
-4.00792
-4.25861
-4.49587
-4.72107
-4.93656
-5.14386
-5.34492
-5.54136
-5.73417
-5.92407
-6.11118
-6.29633
-6.47872
-6.65873
-6.83682
-7.01329
-7.18824
-7.36192
-7.53432
-7.70588
-7.87702
-8.04722
-8.21685
-8.38595
-8.55448
-8.72214
-8.88934
-9.05591
-9.22188
-9.38717
-9.55193
-9.71611
-9.87952
-10.0423
-10.2045
-10.3666
-10.5285
-10.6895
-10.8492
-11.0074
-11.1638
-11.3182
-11.4709
-11.6221
-11.772
-11.921
-12.0695
-12.2176
-12.365
-12.5123
-12.6595
-12.807
-12.9545
-13.1024
-13.2501
-13.3981
-13.546
-13.6939
-13.842
-13.9899
-14.1381
-14.2859
-14.434
-14.5822
-14.7301
-14.8784
-15.0262
-15.1745
-15.3226
-15.4707
-15.6191
-15.7668
-15.9152
-16.0631
-16.2115
-16.3596
-16.508
-16.656
-16.8037
-16.9532
-17.1008
-17.2498
-17.3975
-17.5468
-17.6954
-17.8446
-17.9959
-18.1432
-18.3005
-18.459
-18.6391
-18.8433
-1.51481
-1.8634
-2.24705
-2.5703
-2.87524
-3.18319
-3.48406
-3.76454
-4.02884
-4.27946
-4.51661
-4.74154
-4.95676
-5.16384
-5.36481
-5.56114
-5.75393
-5.94372
-6.13092
-6.3161
-6.49845
-6.67838
-6.85639
-7.03283
-7.20771
-7.38135
-7.55372
-7.72539
-7.89651
-8.06674
-8.23639
-8.40554
-8.57417
-8.74196
-8.90925
-9.07594
-9.24199
-9.40731
-9.57208
-9.7362
-9.8996
-10.0624
-10.2246
-10.3866
-10.5485
-10.7094
-10.869
-11.0271
-11.1834
-11.3378
-11.4905
-11.6417
-11.7916
-11.9407
-12.0893
-12.2374
-12.3849
-12.5322
-12.6795
-12.8269
-12.9744
-13.1222
-13.27
-13.4179
-13.5658
-13.7138
-13.8619
-14.0097
-14.1579
-14.3057
-14.4539
-14.602
-14.7499
-14.8983
-15.0459
-15.1945
-15.3422
-15.4907
-15.6388
-15.7867
-15.9351
-16.0828
-16.2315
-16.3792
-16.5281
-16.6756
-16.8239
-16.9727
-17.1207
-17.2699
-17.4171
-17.5671
-17.7148
-17.8651
-18.0156
-18.1659
-18.3221
-18.4803
-18.6625
-18.8664
-1.49607
-1.8801
-2.2661
-2.58715
-2.89342
-3.20228
-3.50336
-3.78334
-4.04762
-4.29803
-4.53484
-4.76003
-4.97479
-5.18148
-5.38224
-5.57835
-5.77102
-5.96066
-6.1479
-6.33295
-6.51532
-6.69531
-6.87345
-7.05007
-7.2251
-7.39884
-7.57141
-7.74322
-7.9144
-8.08467
-8.25428
-8.42332
-8.59189
-8.75963
-8.92682
-9.09345
-9.25941
-9.42466
-9.58936
-9.75346
-9.91687
-10.0796
-10.2418
-10.4037
-10.5655
-10.7263
-10.8857
-11.0437
-11.1999
-11.3541
-11.5067
-11.6577
-11.8075
-11.9564
-12.1049
-12.253
-12.4005
-12.5477
-12.6949
-12.8424
-12.9899
-13.1378
-13.2855
-13.4335
-13.5814
-13.7293
-13.8775
-14.0252
-14.1736
-14.3213
-14.4695
-14.6176
-14.7655
-14.9139
-15.0615
-15.2101
-15.3577
-15.5064
-15.6544
-15.8023
-15.9507
-16.0983
-16.2472
-16.3947
-16.5438
-16.691
-16.8397
-16.9882
-17.1363
-17.2854
-17.4325
-17.5829
-17.7301
-17.8809
-18.0305
-18.1804
-18.3361
-18.4976
-18.6813
-18.8858
-1.47522
-1.89443
-2.28169
-2.6021
-2.91029
-3.22076
-3.52218
-3.80168
-4.06598
-4.31626
-4.55282
-4.77827
-4.9927
-5.19926
-5.40002
-5.59625
-5.78911
-5.9791
-6.16664
-6.35194
-6.53452
-6.71456
-6.89278
-7.06939
-7.24434
-7.41786
-7.59023
-7.76193
-7.93303
-8.10326
-8.27289
-8.44197
-8.61058
-8.77835
-8.94554
-9.11219
-9.27817
-9.44346
-9.60821
-9.77234
-9.93581
-10.0986
-10.2607
-10.4226
-10.5843
-10.7451
-10.9046
-11.0626
-11.2188
-11.3732
-11.5258
-11.677
-11.8269
-11.9759
-12.1245
-12.2726
-12.4202
-12.5675
-12.7147
-12.8622
-13.0097
-13.1575
-13.3052
-13.4531
-13.6011
-13.749
-13.8971
-14.0449
-14.1932
-14.3409
-14.4892
-14.6372
-14.7852
-14.9335
-15.0811
-15.2298
-15.3773
-15.5261
-15.6739
-15.822
-15.9703
-16.118
-16.2669
-16.4143
-16.5635
-16.7106
-16.8595
-17.0076
-17.1562
-17.305
-17.4522
-17.6027
-17.7496
-17.901
-18.0501
-18.2025
-18.3571
-18.5187
-18.7006
-18.9047
-1.46061
-1.90901
-2.29393
-2.61165
-2.92065
-3.2329
-3.53484
-3.81379
-4.07827
-4.32854
-4.56498
-4.79005
-5.0043
-5.21074
-5.41139
-5.60752
-5.80026
-5.99012
-6.17754
-6.36267
-6.54494
-6.72457
-6.90258
-7.07899
-7.25381
-7.42721
-7.59939
-7.77098
-7.94199
-8.11215
-8.2817
-8.45069
-8.6192
-8.78688
-8.95399
-9.12057
-9.28647
-9.45168
-9.61635
-9.78042
-9.94381
-10.1065
-10.2686
-10.4305
-10.5922
-10.7529
-10.9123
-11.0702
-11.2263
-11.3805
-11.5331
-11.6841
-11.8339
-11.9828
-12.1313
-12.2794
-12.427
-12.5742
-12.7214
-12.8689
-13.0164
-13.1642
-13.312
-13.4599
-13.6079
-13.7558
-13.9039
-14.0517
-14.2
-14.3477
-14.496
-14.644
-14.792
-14.9403
-15.0879
-15.2366
-15.3841
-15.5329
-15.6807
-15.8289
-15.9771
-16.1248
-16.2737
-16.4211
-16.5704
-16.7173
-16.8664
-17.0144
-17.1631
-17.3117
-17.459
-17.6095
-17.7563
-17.9079
-18.0565
-18.2085
-18.3626
-18.5259
-18.7087
-18.9144
-1.43014
-1.92384
-2.31754
-2.6358
-2.94499
-3.25776
-3.56045
-3.83845
-4.10323
-4.35362
-4.58996
-4.81484
-5.02889
-5.23503
-5.43542
-5.63131
-5.82387
-6.01358
-6.20091
-6.38596
-6.56826
-6.74794
-6.92593
-7.10233
-7.27709
-7.45048
-7.62265
-7.7942
-7.96516
-8.13528
-8.30481
-8.4738
-8.64229
-8.80997
-8.97706
-9.14364
-9.30954
-9.47476
-9.63944
-9.80351
-9.96692
-10.1296
-10.2917
-10.4536
-10.6153
-10.776
-10.9354
-11.0933
-11.2494
-11.4036
-11.5562
-11.7072
-11.857
-12.006
-12.1545
-12.3026
-12.4502
-12.5974
-12.7447
-12.8921
-13.0396
-13.1875
-13.3352
-13.4831
-13.6311
-13.779
-13.9271
-14.0749
-14.2232
-14.3709
-14.5192
-14.6672
-14.8153
-14.9635
-15.1112
-15.2598
-15.4073
-15.5562
-15.7038
-15.8522
-16.0003
-16.1481
-16.2969
-16.4443
-16.5936
-16.7405
-16.8897
-17.0374
-17.1864
-17.3348
-17.4823
-17.6326
-17.7796
-17.9311
-18.0798
-18.2322
-18.386
-18.5495
-18.7313
-18.9367
-18.3548
-19.5423
-20.6359
-20.85
-20.9753
-20.8218
-20.4103
-19.4493
-17.8403
-15.0191
-11.025
-7.01562
-4.62228
-3.58648
-3.25504
-3.02419
-2.36392
-1.31307
-0.305772
0.458243
1.03446
1.46339
1.77317
1.9915
2.14248
2.24552
2.31639
2.36394
2.39395
2.41064
2.41555
2.41009
2.3968
2.37783
2.35468
2.32654
2.2928
2.25758
2.2209
2.18567
2.15323
2.1216
2.08829
2.05265
2.0182
1.98374
1.94888
1.91395
1.87892
1.8438
1.80864
1.77344
1.73822
1.70299
1.66775
1.63251
1.59727
1.56202
1.52678
1.49154
1.45629
1.42105
1.3858
1.35056
1.31532
1.28008
1.24483
1.20959
1.17434
1.1391
1.10386
1.06862
1.03337
0.998132
0.96289
0.92765
0.892409
0.857166
0.821922
0.786677
0.751433
0.71619
0.680945
0.645697
0.610447
0.575192
0.539931
0.504658
0.469361
0.434022
0.39861
0.363072
0.327316
0.291192
0.25438
0.21651
0.176458
0.133937
0.0843697
0.034664
-18.4264
-19.5056
-20.5411
-20.7781
-20.8836
-20.7453
-20.323
-19.3346
-17.695
-14.878
-11.0071
-7.11792
-4.86438
-3.90982
-3.58695
-3.28931
-2.54099
-1.40301
-0.328006
0.470467
1.05506
1.47937
1.781
1.99204
2.13778
2.23744
2.3061
2.3523
2.38157
2.39788
2.40266
2.39715
2.38377
2.36481
2.34164
2.31327
2.27955
2.24437
2.20808
2.17339
2.1409
2.10886
2.07508
2.04
2.00552
1.97103
1.93617
1.90122
1.86617
1.83104
1.79587
1.76067
1.72545
1.69022
1.65498
1.61974
1.58449
1.54925
1.51401
1.47876
1.44352
1.40828
1.37303
1.33779
1.30254
1.2673
1.23206
1.19681
1.16157
1.12633
1.09109
1.05584
1.0206
0.985358
0.950117
0.914876
0.879635
0.844392
0.809148
0.773904
0.73866
0.703416
0.668172
0.632925
0.597676
0.562423
0.527166
0.491899
0.456613
0.421294
0.385916
0.350439
0.314789
0.278847
0.242359
0.205032
0.165965
0.12492
0.0782313
0.0313382
-18.4777
-19.4633
-20.4414
-20.7114
-20.7768
-20.6344
-20.1912
-19.1732
-17.4919
-14.7285
-10.94
-7.2186
-5.12246
-4.26657
-3.95971
-3.58847
-2.73899
-1.5012
-0.351292
0.485884
1.07956
1.49822
1.79035
1.9931
2.13289
2.2287
2.29487
2.33953
2.36792
2.38379
2.38844
2.38288
2.36941
2.35045
2.32726
2.29865
2.26494
2.22978
2.1938
2.15976
2.12727
2.09479
2.0605
2.026
1.99152
1.95692
1.92209
1.88713
1.85206
1.81692
1.78174
1.74653
1.71131
1.67607
1.64084
1.60559
1.57035
1.53511
1.49986
1.46462
1.42938
1.39413
1.35889
1.32364
1.2884
1.25316
1.21792
1.18267
1.14743
1.11219
1.07694
1.0417
1.00646
0.971215
0.935974
0.900733
0.865492
0.830249
0.795005
0.759761
0.724517
0.689274
0.654031
0.618784
0.583536
0.548286
0.513033
0.477772
0.442499
0.407201
0.371862
0.336453
0.300922
0.265184
0.22906
0.192339
0.154373
0.11498
0.0714922
0.0277083
-18.5375
-19.4396
-20.3695
-20.6438
-20.6615
-20.4893
-20.0116
-18.952
-17.2192
-14.5408
-10.7954
-7.33972
-5.40384
-4.66063
-4.38008
-3.92752
-2.96194
-1.60925
-0.376599
0.50402
1.10791
1.52
1.80131
1.99471
2.12777
2.21925
2.28261
2.3255
2.35287
2.36824
2.37276
2.36716
2.3536
2.33462
2.31138
2.28256
2.24886
2.21366
2.17787
2.14456
2.11222
2.07903
2.0446
2.01055
1.97602
1.94134
1.9065
1.87152
1.83643
1.80127
1.76609
1.73088
1.69565
1.66042
1.62518
1.58994
1.55469
1.51945
1.48421
1.44896
1.41372
1.37847
1.34323
1.30799
1.27274
1.2375
1.20226
1.16701
1.13177
1.09653
1.06128
1.02604
0.990799
0.955557
0.920315
0.885074
0.849833
0.814591
0.779347
0.744103
0.708859
0.673616
0.638373
0.603127
0.567881
0.532633
0.497385
0.462132
0.426872
0.391598
0.356303
0.32097
0.285571
0.250062
0.214342
0.1783
0.141559
0.104012
0.064073
0.0237428
-18.5986
-19.4255
-20.2923
-20.5689
-20.5411
-20.3189
-19.7775
-18.6565
-16.8637
-14.2295
-10.6268
-7.4868
-5.70785
-5.09392
-4.85277
-4.31356
-3.21441
-1.72926
-0.404956
0.524257
1.14007
1.54498
1.81416
1.997
2.12245
2.209
2.2692
2.3101
2.33629
2.35109
2.35548
2.34985
2.33617
2.31717
2.29385
2.26485
2.23115
2.1959
2.16016
2.12757
2.09548
2.06156
2.02722
1.99342
1.95884
1.92413
1.88926
1.85425
1.81914
1.78398
1.74877
1.71355
1.67832
1.64308
1.60784
1.5726
1.53736
1.50211
1.46687
1.43163
1.39638
1.36114
1.32589
1.29065
1.25541
1.22017
1.18492
1.14968
1.11443
1.07919
1.04395
1.00871
0.973464
0.938222
0.902981
0.867739
0.832498
0.797256
0.762012
0.726768
0.691525
0.656282
0.621039
0.585795
0.55055
0.515305
0.480061
0.444817
0.409572
0.374326
0.339078
0.303829
0.268578
0.233323
0.198054
0.162766
0.127385
0.0918943
0.0558795
0.0193968
-18.661
-19.4096
-20.2041
-20.4757
-20.4098
-20.1218
-19.492
-18.2824
-16.4077
-13.7965
-10.4826
-7.63253
-6.02894
-5.56757
-5.38153
-4.75117
-3.4999
-1.86279
-0.435943
0.547437
1.17698
1.5739
1.82931
2.00013
2.11691
2.19787
2.25451
2.29317
2.31805
2.33221
2.33645
2.3308
2.31699
2.29791
2.2745
2.24533
2.21163
2.17637
2.14062
2.10854
2.07674
2.04239
2.00807
1.97437
1.93985
1.90512
1.87017
1.83511
1.79996
1.76469
1.72956
1.69435
1.65912
1.62388
1.58864
1.5534
1.51816
1.48291
1.44767
1.41242
1.37718
1.34194
1.30669
1.27145
1.23621
1.20096
1.16572
1.13048
1.09523
1.05999
1.02475
0.989504
0.954262
0.919019
0.883778
0.848537
0.813296
0.778053
0.74281
0.707566
0.672323
0.63708
0.601838
0.566595
0.531352
0.49611
0.460872
0.425637
0.390409
0.355192
0.319999
0.284843
0.249755
0.214782
0.180012
0.14556
0.111685
0.0784734
0.0467919
0.0146024
-18.7232
-19.3904
-20.1083
-20.3648
-20.2576
-19.8887
-19.1542
-17.8394
-15.8774
-13.3276
-10.3316
-7.75789
-6.36642
-6.09082
-5.97773
-5.24636
-3.8206
-2.01075
-0.468533
0.575093
1.22003
1.60773
1.84729
2.00434
2.11117
2.18576
2.23841
2.27458
2.298
2.31145
2.31553
2.30984
2.29586
2.27665
2.25311
2.2238
2.1901
2.15489
2.11917
2.08722
2.05583
2.02131
1.98688
1.95325
1.91883
1.88407
1.84907
1.81398
1.77882
1.74383
1.70838
1.67314
1.6379
1.60266
1.56742
1.53217
1.49693
1.46169
1.42644
1.3912
1.35595
1.32071
1.28547
1.25022
1.21498
1.17974
1.14449
1.10925
1.07401
1.03876
1.00352
0.968277
0.933035
0.897793
0.862552
0.82731
0.792069
0.756826
0.721583
0.68634
0.651097
0.615855
0.580613
0.545371
0.51013
0.474892
0.439659
0.404434
0.369224
0.33404
0.298903
0.263849
0.228938
0.194272
0.160047
0.126511
0.0942903
0.0635884
0.0366818
0.00927484
-18.7856
-19.3743
-20.009
-20.2391
-20.083
-19.6247
-18.7742
-17.3466
-15.3208
-12.8478
-10.1487
-7.8617
-6.72791
-6.67094
-6.64891
-5.80112
-4.17836
-2.17353
-0.50072
0.608669
1.27061
1.6478
1.86883
2.00995
2.10527
2.17254
2.22071
2.25412
2.27597
2.28866
2.29255
2.28679
2.27256
2.25316
2.22947
2.20001
2.16633
2.13122
2.09561
2.06342
2.03266
1.998
1.96342
1.92986
1.89554
1.86071
1.82562
1.79045
1.75521
1.71961
1.68475
1.64953
1.6143
1.57906
1.54382
1.50858
1.47334
1.43809
1.40285
1.3676
1.33236
1.29712
1.26187
1.22663
1.19139
1.15614
1.1209
1.08566
1.05041
1.01517
0.979926
0.944683
0.909441
0.874199
0.838958
0.803716
0.768475
0.733232
0.697989
0.662746
0.627504
0.592262
0.557021
0.52178
0.486541
0.451308
0.416082
0.380869
0.34568
0.310534
0.275465
0.240526
0.205816
0.171492
0.137868
0.105338
0.074932
0.046977
0.0253349
0.0032505
-18.8458
-19.3606
-19.9106
-20.1031
-19.8947
-19.3425
-18.3714
-16.8259
-14.7338
-12.3407
-9.91827
-7.94452
-7.10852
-7.2965
-7.37714
-6.39609
-4.56726
-2.35451
-0.529098
0.65137
1.32902
1.69471
1.89449
2.01713
2.09913
2.15801
2.20124
2.2316
2.25176
2.26368
2.26738
2.26146
2.24685
2.22718
2.20332
2.17372
2.14007
2.10513
2.06969
2.03707
2.00688
1.97221
1.93747
1.90393
1.86978
1.83494
1.79983
1.76469
1.72947
1.69448
1.65893
1.62367
1.58841
1.55316
1.51791
1.48267
1.44742
1.41218
1.37693
1.34169
1.30645
1.2712
1.23596
1.20071
1.16547
1.13023
1.09499
1.05974
1.0245
0.989255
0.954012
0.91877
0.883528
0.848286
0.813044
0.777803
0.742561
0.707319
0.672076
0.636833
0.601591
0.566349
0.531109
0.495869
0.460633
0.425402
0.390182
0.35498
0.319809
0.284696
0.249688
0.214858
0.180345
0.146369
0.113376
0.0819131
0.0534654
0.0284665
0.0126162
-0.00361066
-18.9026
-19.3497
-19.8166
-19.9634
-19.7002
-19.0514
-17.9535
-16.281
-14.104
-11.79
-9.63294
-8.00477
-7.47886
-7.92788
-8.09696
-6.98442
-4.94784
-2.54772
-0.560034
0.70621
1.39773
1.74796
1.92457
2.02634
2.09289
2.14182
2.17962
2.20693
2.22532
2.23638
2.23976
2.23349
2.21845
2.19848
2.17443
2.14468
2.11104
2.0763
2.04109
2.00822
1.97798
1.94366
1.90878
1.87513
1.84109
1.80611
1.77084
1.73558
1.70024
1.66479
1.62975
1.59453
1.55929
1.52405
1.48881
1.45357
1.41832
1.38308
1.34783
1.31259
1.27735
1.2421
1.20686
1.17161
1.13637
1.10113
1.06589
1.03064
0.995398
0.960155
0.924912
0.889669
0.854428
0.819185
0.783944
0.748702
0.713461
0.678218
0.642976
0.607733
0.572491
0.53725
0.502011
0.466773
0.43154
0.396316
0.361105
0.32592
0.290777
0.255715
0.220794
0.186113
0.151847
0.118282
0.0859973
0.0556967
0.029376
0.00753361
-0.00191912
-0.0117452
-18.953
-19.343
-19.7338
-19.8318
-19.514
-18.7725
-17.5439
-15.7347
-13.4665
-11.221
-9.3211
-8.03067
-7.7847
-8.45322
-8.68633
-7.4871
-5.25218
-2.69944
-0.586171
0.767415
1.47434
1.80183
1.9553
2.03631
2.0872
2.12493
2.15628
2.18074
2.19787
2.20823
2.21112
2.20424
2.1887
2.16829
2.14399
2.11419
2.08057
2.04608
2.01113
1.97829
1.94738
1.91364
1.87879
1.84509
1.81124
1.77636
1.74115
1.70597
1.67082
1.63536
1.59998
1.56469
1.52942
1.49417
1.45892
1.42367
1.38842
1.35318
1.31793
1.28269
1.24745
1.2122
1.17696
1.14171
1.10647
1.07123
1.03599
1.00074
0.965498
0.930255
0.895012
0.859769
0.824527
0.789285
0.754044
0.718802
0.683561
0.648318
0.613076
0.577833
0.542591
0.50735
0.472112
0.436875
0.401642
0.36642
0.331213
0.296034
0.260902
0.225863
0.190989
0.156396
0.122303
0.0890661
0.057413
0.0282013
0.00398187
-0.0147935
-0.0175654
-0.0209564
-18.995
-19.3414
-19.6695
-19.7226
-19.3559
-18.534
-17.1865
-15.2463
-12.8831
-10.6931
-9.02965
-8.01508
-7.98532
-8.77628
-9.07212
-7.83167
-5.45021
-2.77973
-0.585268
0.828389
1.54483
1.85144
1.98261
2.0446
2.08172
2.11013
2.1349
2.15587
2.17162
2.18151
2.18396
2.17654
2.16055
2.13962
2.11503
2.08519
2.05163
2.01733
1.98263
1.94988
1.91818
1.88489
1.85008
1.81611
1.78212
1.74707
1.71165
1.67639
1.64067
1.60572
1.57048
1.53523
1.49998
1.46474
1.42949
1.39425
1.359
1.32376
1.28851
1.25327
1.21803
1.18278
1.14754
1.11229
1.07705
1.04181
1.00657
0.971322
0.936078
0.900835
0.865592
0.83035
0.795108
0.759865
0.724624
0.689382
0.654141
0.618898
0.583656
0.548414
0.513173
0.477932
0.442695
0.40746
0.372232
0.337017
0.301821
0.266663
0.231564
0.196583
0.161808
0.127378
0.0935441
0.0607096
0.0297214
0.00154281
-0.0207192
-0.0368186
-0.0332346
-0.0309009
-19.0294
-19.3436
-19.6226
-19.6383
-19.2308
-18.3423
-16.8967
-14.8378
-12.3856
-10.2501
-8.78938
-7.98075
-8.09858
-8.93315
-9.27712
-8.031
-5.55529
-2.80532
-0.560484
0.880138
1.59742
1.89099
2.00385
2.04963
2.07499
2.09609
2.11597
2.13411
2.14854
2.15771
2.15952
2.15169
2.13525
2.11369
2.08877
2.05898
2.02564
1.99149
1.9571
1.92423
1.89231
1.85929
1.82473
1.7908
1.75694
1.72213
1.68676
1.65157
1.61614
1.58071
1.54533
1.51003
1.47475
1.43949
1.40424
1.36899
1.33375
1.2985
1.26326
1.22801
1.19277
1.15752
1.12228
1.08704
1.05179
1.01655
0.981307
0.946063
0.910819
0.875576
0.840333
0.805091
0.769849
0.734606
0.699365
0.664123
0.628882
0.593639
0.558398
0.523154
0.487914
0.452673
0.417436
0.3822
0.346972
0.311755
0.276559
0.241398
0.206294
0.171314
0.136542
0.102129
0.068355
0.035681
0.00507341
-0.0223945
-0.0430861
-0.0571298
-0.0479013
-0.0410039
-19.0591
-19.3488
-19.59
-19.5768
-19.1355
-18.1935
-16.6687
-14.5072
-11.9776
-9.89672
-8.60562
-7.95745
-8.15259
-9.00112
-9.36099
-8.12263
-5.59032
-2.79815
-0.533664
0.915869
1.63208
1.91627
2.01564
2.04955
2.06609
2.08116
2.09758
2.11405
2.12763
2.13609
2.13729
2.12916
2.11254
2.0907
2.0653
2.03533
2.00211
1.96796
1.93367
1.90052
1.8685
1.83542
1.8007
1.76647
1.73221
1.69725
1.6617
1.62638
1.59114
1.55587
1.52061
1.48535
1.4501
1.41485
1.3796
1.34436
1.30911
1.27387
1.23862
1.20338
1.16813
1.13289
1.09765
1.0624
1.02716
0.991916
0.956673
0.92143
0.886186
0.850943
0.8157
0.780457
0.745215
0.709973
0.674732
0.63949
0.604249
0.569006
0.533764
0.498522
0.463281
0.428041
0.392806
0.357573
0.322347
0.287141
0.251953
0.216819
0.181742
0.146821
0.112149
0.0779001
0.044375
0.0120623
-0.0179882
-0.0446941
-0.0639098
-0.076307
-0.0619699
-0.0515082
-19.085
-19.3568
-19.5697
-19.5346
-19.0678
-18.0857
-16.4978
-14.2508
-11.6538
-9.62498
-8.48074
-7.96485
-8.18282
-9.02654
-9.37478
-8.14153
-5.58625
-2.78078
-0.514941
0.935342
1.6496
1.9272
2.01792
2.04426
2.05502
2.0661
2.08009
2.09512
2.10791
2.11594
2.1169
2.10869
2.09211
2.0703
2.04481
2.01491
1.98178
1.94758
1.91333
1.88026
1.84829
1.8155
1.7811
1.74704
1.71303
1.67824
1.64291
1.60715
1.57177
1.53637
1.50101
1.4657
1.43042
1.39516
1.35991
1.32466
1.28941
1.25417
1.21892
1.18368
1.14844
1.11319
1.07795
1.0427
1.00746
0.972218
0.936976
0.901732
0.866488
0.831245
0.796003
0.76076
0.725518
0.690275
0.655034
0.619792
0.584552
0.549307
0.514068
0.478822
0.443585
0.408341
0.373109
0.33787
0.302649
0.267431
0.232246
0.197091
0.162008
0.127061
0.092354
0.058047
0.0244649
-0.00787769
-0.0378509
-0.0642588
-0.0825157
-0.094022
-0.0751553
-0.0621755
-19.107
-19.3667
-19.5597
-19.5084
-19.0242
-18.0127
-16.3772
-14.0591
-11.4034
-9.42784
-8.41819
-7.99142
-8.2179
-9.03879
-9.36047
-8.12743
-5.56829
-2.76399
-0.50526
0.941078
1.65325
1.9274
2.0136
2.03571
2.04302
2.05161
2.06399
2.07803
2.09027
2.09799
2.09876
2.0904
2.07353
2.05125
2.02542
1.99528
1.96189
1.9275
1.89309
1.85979
1.82755
1.79441
1.75966
1.72513
1.6909
1.6559
1.62087
1.58533
1.55004
1.51474
1.47946
1.44419
1.40893
1.37367
1.33843
1.30318
1.26793
1.23269
1.19744
1.1622
1.12695
1.09171
1.05647
1.02122
0.985981
0.950738
0.915495
0.880252
0.845008
0.809765
0.774522
0.73928
0.704037
0.668795
0.633554
0.598312
0.563071
0.527829
0.492586
0.457345
0.422104
0.386865
0.351629
0.316398
0.281175
0.24597
0.210791
0.17566
0.140614
0.105716
0.0711168
0.0369791
0.0036468
-0.0283216
-0.0577388
-0.0834991
-0.100467
-0.111309
-0.0882403
-0.0732512
-19.1256
-19.3777
-19.5544
-19.4939
-18.9995
-17.968
-16.2983
-13.9221
-11.2175
-9.30035
-8.41094
-8.02687
-8.26082
-9.05504
-9.34679
-8.10447
-5.54703
-2.74746
-0.499041
0.941761
1.6525
1.92479
2.008
2.02704
2.03172
2.0384
2.04964
2.06303
2.07492
2.08248
2.08329
2.07528
2.05892
2.0371
2.01142
1.98135
1.94803
1.91359
1.87909
1.84572
1.81349
1.78072
1.74629
1.71216
1.67796
1.64282
1.60756
1.57188
1.53648
1.5011
1.46576
1.43046
1.39519
1.35993
1.32468
1.28943
1.25419
1.21894
1.1837
1.14845
1.11321
1.07796
1.04272
1.00748
0.972234
0.936992
0.901749
0.866506
0.831262
0.796019
0.760776
0.725533
0.690291
0.655049
0.619807
0.584566
0.549324
0.514082
0.478839
0.443598
0.408357
0.373117
0.337882
0.302646
0.267424
0.23221
0.19703
0.161877
0.126817
0.091878
0.057225
0.022984
-0.0104957
-0.0426463
-0.0722996
-0.0981773
-0.115072
-0.126095
-0.100165
-0.0842594
-19.143
-19.3906
-19.5667
-19.4885
-18.9896
-17.9458
-16.2535
-13.8332
-11.0923
-9.23973
-8.43479
-8.0699
-8.3038
-9.07892
-9.34411
-8.08095
-5.52105
-2.72261
-0.483974
0.950433
1.65714
1.92531
2.00427
2.01962
2.0212
2.02555
2.03523
2.04756
2.05865
2.06549
2.0656
2.05689
2.03982
2.01721
1.99115
1.96077
1.9272
1.89259
1.85801
1.82454
1.79218
1.759
1.72444
1.69003
1.65578
1.62093
1.58583
1.5503
1.51496
1.47964
1.44433
1.40905
1.37379
1.33854
1.30329
1.26804
1.23279
1.19755
1.1623
1.12706
1.09181
1.05657
1.02133
0.986083
0.950839
0.915597
0.880354
0.845111
0.809866
0.774624
0.739381
0.704139
0.668896
0.633654
0.598412
0.563172
0.527928
0.49269
0.457442
0.422207
0.38696
0.351726
0.316487
0.281258
0.246033
0.210832
0.17565
0.140529
0.105476
0.0705886
0.0360144
0.00190293
-0.0313703
-0.0632048
-0.0923571
-0.117688
-0.133373
-0.144086
-0.114798
-0.0985107
-19.1518
-19.3957
-19.5671
-19.4869
-18.9885
-17.9403
-16.2371
-13.7913
-11.0369
-9.24599
-8.47502
-8.10986
-8.34092
-9.10723
-9.34897
-8.06165
-5.4917
-2.68841
-0.457814
0.968149
1.66703
1.92912
2.00386
2.01669
2.0169
2.02048
2.02964
2.04163
2.0526
2.05938
2.05957
2.05108
2.0343
2.01207
1.9858
1.9554
1.92181
1.88716
1.85255
1.81906
1.7867
1.7537
1.71922
1.68491
1.65065
1.61562
1.5804
1.54479
1.50941
1.47406
1.43874
1.40345
1.36818
1.33293
1.29768
1.26243
1.22718
1.19194
1.15669
1.12145
1.0862
1.05096
1.01572
0.980472
0.945229
0.909986
0.874743
0.8395
0.804256
0.769013
0.73377
0.698528
0.663285
0.628043
0.592801
0.557561
0.522317
0.487079
0.45183
0.416596
0.381348
0.346115
0.310874
0.275646
0.240418
0.205215
0.170029
0.134897
0.0998349
0.0649261
0.0303113
-0.0038632
-0.0372417
-0.0692234
-0.0986225
-0.124154
-0.140275
-0.151316
-0.121885
-0.101874
-19.173
-19.4168
-19.5899
-19.503
-19.0068
-17.9599
-16.2571
-13.8074
-11.0585
-9.29564
-8.52955
-8.14902
-8.37901
-9.1406
-9.36336
-8.05557
-5.47549
-2.66486
-0.440852
0.976928
1.66673
1.9208
1.99004
1.99947
1.99771
2.00001
2.00837
2.01993
2.03048
2.03703
2.03692
2.02814
2.01109
1.98858
1.96226
1.93181
1.8982
1.86354
1.82894
1.79545
1.76308
1.73001
1.69548
1.66114
1.62685
1.59189
1.5567
1.52114
1.48576
1.45042
1.41511
1.37982
1.34456
1.3093
1.27405
1.2388
1.20356
1.16831
1.13307
1.09782
1.06258
1.02733
0.99209
0.956846
0.921603
0.88636
0.851117
0.815875
0.78063
0.745388
0.710144
0.674902
0.639659
0.604418
0.569175
0.533935
0.498691
0.463453
0.428204
0.392971
0.357722
0.32249
0.287248
0.252021
0.216794
0.181592
0.146407
0.111281
0.076221
0.0413218
0.00672852
-0.0274231
-0.0607472
-0.0926661
-0.121925
-0.147371
-0.163133
-0.174229
-0.143885
-0.131522
-18.716
-18.6428
-18.7679
-18.814
-18.834
-18.8264
-18.7959
-18.7491
-18.6947
-18.6388
-18.5863
-18.5407
-18.505
-18.4865
-18.49
-18.4964
-19.8132
-19.9548
-20.0842
-20.174
-20.2269
-20.2502
-20.2493
-20.2327
-20.2061
-20.1747
-20.143
-20.1149
-20.093
-20.0774
-20.067
-20.0577
-20.7695
-20.8811
-20.9693
-21.031
-21.0693
-21.089
-21.0954
-21.0938
-21.0865
-21.0762
-21.0652
-21.0558
-21.05
-21.0484
-21.0475
-21.0409
-20.9676
-21.0591
-21.1249
-21.1724
-21.1993
-21.2114
-21.215
-21.213
-21.208
-21.2017
-21.1957
-21.1912
-21.1894
-21.1907
-21.1925
-21.1838
-21.0824
-21.1551
-21.2082
-21.241
-21.2523
-21.2526
-21.2478
-21.2402
-21.2315
-21.2234
-21.2167
-21.2116
-21.2086
-21.2079
-21.2075
-21.1975
-20.9048
-20.964
-21.0013
-21.0161
-21.0108
-20.9966
-20.9804
-20.9634
-20.9471
-20.9317
-20.9179
-20.9072
-20.9007
-20.898
-20.8965
-20.8853
-20.5022
-20.5798
-20.6282
-20.6484
-20.6403
-20.6119
-20.5761
-20.5408
-20.5075
-20.4771
-20.4505
-20.4277
-20.4077
-20.3916
-20.3799
-20.3614
-19.5883
-19.7184
-19.7935
-19.8177
-19.7969
-19.7428
-19.6721
-19.5988
-19.5299
-19.4672
-19.4116
-19.3637
-19.3236
-19.2913
-19.2657
-19.2368
-18.0098
-18.1538
-18.2151
-18.2081
-18.15
-18.0572
-17.9453
-17.8285
-17.7159
-17.6114
-17.5165
-17.4313
-17.3541
-17.2839
-17.2233
-17.1708
-15.2109
-15.3576
-15.3862
-15.3313
-15.2221
-15.0796
-14.9203
-14.758
-14.6025
-14.458
-14.3249
-14.201
-14.0818
-13.964
-13.8562
-13.7698
-11.0318
-10.9979
-10.9124
-10.7878
-10.6399
-10.4758
-10.3012
-10.1265
-9.96255
-9.81377
-9.67596
-9.54135
-9.40182
-9.25211
-9.10477
-8.98693
-6.85252
-6.61529
-6.36902
-6.12776
-5.90028
-5.68879
-5.4955
-5.32211
-5.17124
-5.04441
-4.93203
-4.81577
-4.68486
-4.53444
-4.37792
-4.24894
-4.25758
-3.77043
-3.32593
-2.94731
-2.6346
-2.37866
-2.16982
-2.00011
-1.86473
-1.75953
-1.6706
-1.5777
-1.46863
-1.33925
-1.20289
-1.08968
-3.11443
-2.5124
-1.97814
-1.53241
-1.17669
-0.898949
-0.685306
-0.52378
-0.404926
-0.316735
-0.240106
-0.160274
-0.0719194
0.0275288
0.12842
0.213019
-2.77484
-2.17802
-1.66351
-1.23681
-0.897099
-0.637165
-0.444323
-0.304416
-0.202832
-0.122851
-0.0516416
0.0153889
0.0818107
0.150276
0.214718
0.26976
-2.64094
-2.15638
-1.73029
-1.37007
-1.07612
-0.844601
-0.669304
-0.541338
-0.446004
-0.369342
-0.30507
-0.249697
-0.19965
-0.154211
-0.116613
-0.0833938
-2.10634
-1.77848
-1.48926
-1.24509
-1.04369
-0.87973
-0.748975
-0.646332
-0.565716
-0.502387
-0.452281
-0.411403
-0.376816
-0.34746
-0.331068
-0.305163
-1.18318
-1.02367
-0.886643
-0.776082
-0.68794
-0.614631
-0.550533
-0.490994
-0.435489
-0.386073
-0.343975
-0.308943
-0.279905
-0.256471
-0.240445
-0.222727
-0.274744
-0.236273
-0.197461
-0.163133
-0.133735
-0.106368
-0.0795842
-0.0538164
-0.0300266
-0.00838511
0.0115081
0.0298162
0.0464177
0.0609045
0.0711531
0.0885765
0.440388
0.421248
0.413529
0.412449
0.415235
0.42199
0.432913
0.446574
0.461523
0.476774
0.491682
0.505695
0.518689
0.532324
0.539867
0.558164
1.00504
0.972431
0.952441
0.941563
0.937398
0.938933
0.945338
0.954276
0.963253
0.972535
0.983178
0.994947
1.00738
1.01986
1.02735
1.04555
1.44076
1.41602
1.40113
1.39321
1.39099
1.39348
1.39815
1.40349
1.4116
1.42236
1.43419
1.44671
1.45985
1.47321
1.48275
1.50172
1.76239
1.75153
1.74635
1.74563
1.7487
1.75343
1.75926
1.76799
1.77907
1.7911
1.80365
1.81678
1.83047
1.84422
1.8542
1.87332
1.99136
1.99304
1.99747
2.00406
2.01255
2.02214
2.03305
2.04554
2.05848
2.0716
2.08503
2.09885
2.11306
2.12718
2.13731
2.1566
2.14993
2.16105
2.17342
2.18641
2.19921
2.21269
2.22743
2.24218
2.25666
2.27102
2.28539
2.29986
2.31444
2.32881
2.3388
2.35815
2.2578
2.27492
2.29254
2.31037
2.32766
2.34458
2.36128
2.37739
2.393
2.40826
2.42328
2.43815
2.45292
2.46742
2.47713
2.49642
2.3318
2.35276
2.37349
2.39376
2.41309
2.43163
2.44954
2.4667
2.48317
2.49909
2.51458
2.52973
2.54461
2.55923
2.56864
2.58791
2.38118
2.40421
2.42633
2.44768
2.46819
2.48776
2.50644
2.52422
2.54121
2.55754
2.57335
2.58867
2.60356
2.61823
2.62726
2.64642
2.4122
2.4363
2.45917
2.48118
2.50238
2.52261
2.54178
2.55997
2.57732
2.59393
2.60991
2.62526
2.64002
2.65463
2.66322
2.68225
2.42942
2.4542
2.47771
2.50014
2.52165
2.54221
2.56164
2.58008
2.59761
2.61433
2.63031
2.64553
2.66002
2.67453
2.68265
2.70154
2.43454
2.45966
2.48353
2.50616
2.52781
2.54859
2.56827
2.58687
2.60449
2.62122
2.63711
2.65214
2.66635
2.6808
2.68843
2.70722
2.42917
2.45443
2.47847
2.50126
2.52316
2.54409
2.56386
2.5825
2.60008
2.61671
2.6325
2.64741
2.66135
2.67584
2.68292
2.70168
2.41601
2.44148
2.46568
2.48866
2.51065
2.53151
2.55116
2.56968
2.58711
2.60362
2.61939
2.63425
2.6479
2.66255
2.66902
2.68781
2.39702
2.42246
2.44657
2.46993
2.49204
2.51258
2.53195
2.55021
2.5675
2.58399
2.59977
2.61461
2.62776
2.64267
2.64854
2.66739
2.37389
2.3995
2.42401
2.44711
2.46859
2.4888
2.50791
2.52592
2.543
2.55931
2.57491
2.58966
2.60192
2.61728
2.62245
2.64155
2.34605
2.37168
2.39578
2.41843
2.43989
2.46003
2.47878
2.49654
2.51348
2.52951
2.54465
2.55952
2.5705
2.58689
2.59131
2.61055
2.31226
2.33791
2.36221
2.38492
2.40583
2.42555
2.44431
2.46202
2.4788
2.49469
2.5092
2.52447
2.53425
2.55106
2.55522
2.57458
2.27704
2.30246
2.32601
2.34814
2.36919
2.38906
2.40769
2.42514
2.44163
2.4574
2.47152
2.48613
2.49704
2.51293
2.51744
2.53667
2.23962
2.26427
2.28782
2.31038
2.33195
2.35231
2.37108
2.38834
2.40433
2.41979
2.43412
2.44859
2.45945
2.47528
2.4798
2.49901
2.2037
2.22789
2.25125
2.27329
2.29399
2.31354
2.33231
2.35023
2.36693
2.38254
2.39683
2.41132
2.42182
2.43791
2.44234
2.46159
2.17146
2.19607
2.21928
2.24094
2.26135
2.28048
2.29843
2.31539
2.33143
2.34677
2.36069
2.37545
2.38558
2.40201
2.40621
2.42565
2.14064
2.16564
2.18862
2.21033
2.23075
2.24988
2.26783
2.28467
2.30047
2.31574
2.32927
2.34403
2.35387
2.37001
2.37451
2.39376
2.10739
2.13175
2.15469
2.1764
2.1968
2.21596
2.23399
2.25096
2.26682
2.28221
2.29576
2.3105
2.32063
2.33663
2.3412
2.36043
2.07115
2.09557
2.11865
2.14028
2.16061
2.17976
2.19779
2.21482
2.23072
2.24616
2.25983
2.27452
2.28476
2.30072
2.30533
2.32458
2.03687
2.06132
2.08421
2.10575
2.12605
2.14516
2.16312
2.18011
2.1959
2.21119
2.22486
2.23924
2.24979
2.26545
2.27023
2.28942
2.00235
2.02674
2.0497
2.07132
2.09168
2.11084
2.12886
2.14589
2.16154
2.17677
2.19063
2.20482
2.21555
2.23105
2.23594
2.25507
1.96751
1.99198
2.01501
2.03669
2.05708
2.07628
2.09433
2.11136
2.12733
2.14252
2.15642
2.17053
2.18133
2.19676
2.20167
2.22081
1.93262
1.95715
1.98023
2.00194
2.02238
2.04161
2.0597
2.07674
2.09273
2.10792
2.12184
2.13594
2.14676
2.16218
2.16711
2.18623
1.89762
1.92218
1.94529
1.96704
1.9875
2.00675
2.02486
2.04191
2.05792
2.07311
2.08703
2.10113
2.11195
2.12737
2.1323
2.15142
1.86252
1.88711
1.91024
1.932
1.95248
1.97174
1.98986
2.00693
2.02294
2.03813
2.05206
2.06616
2.07698
2.09241
2.09733
2.11645
1.82737
1.85197
1.87511
1.89689
1.91737
1.93664
1.95477
1.97184
1.98785
2.00305
2.01697
2.03108
2.04189
2.05733
2.06224
2.08137
1.79218
1.81679
1.83994
1.86171
1.8822
1.90148
1.91961
1.93668
1.95269
1.9679
1.98182
1.99593
2.00673
2.02218
2.02709
2.04621
1.75696
1.78157
1.80473
1.82651
1.847
1.86628
1.88441
1.90148
1.9175
1.9327
1.94662
1.96074
1.97154
1.98699
1.99189
2.01102
1.72173
1.74635
1.7695
1.79129
1.81178
1.83106
1.84919
1.86627
1.88228
1.89748
1.9114
1.92552
1.93632
1.95177
1.95667
1.9758
1.6865
1.71111
1.73427
1.75605
1.77655
1.79583
1.81396
1.83103
1.84705
1.86225
1.87617
1.89029
1.90108
1.91654
1.92144
1.94057
1.65126
1.67587
1.69903
1.72081
1.74131
1.76059
1.77872
1.7958
1.81181
1.82702
1.84093
1.85505
1.86585
1.8813
1.8862
1.90533
1.61601
1.64063
1.66379
1.68557
1.70607
1.72535
1.74348
1.76055
1.77657
1.79177
1.80569
1.81981
1.8306
1.84606
1.85096
1.87009
1.58077
1.60539
1.62854
1.65033
1.67082
1.6901
1.70824
1.72531
1.74133
1.75653
1.77045
1.78457
1.79536
1.81082
1.81572
1.83485
1.54553
1.57014
1.5933
1.61509
1.63558
1.65486
1.67299
1.69007
1.70608
1.72129
1.7352
1.74933
1.76012
1.77557
1.78047
1.7996
1.51028
1.5349
1.55806
1.57984
1.60034
1.61962
1.63775
1.65482
1.67084
1.68604
1.69996
1.71408
1.72487
1.74033
1.74523
1.76436
1.47504
1.49966
1.52281
1.5446
1.56509
1.58437
1.60251
1.61958
1.63559
1.6508
1.66471
1.67884
1.68963
1.70508
1.70998
1.72911
1.43979
1.46441
1.48757
1.50935
1.52985
1.54913
1.56726
1.58433
1.60035
1.61555
1.62947
1.64359
1.65438
1.66984
1.67474
1.69387
1.40455
1.42917
1.45232
1.47411
1.4946
1.51388
1.53202
1.54909
1.56511
1.58031
1.59423
1.60835
1.61914
1.63459
1.6395
1.65863
1.36931
1.39392
1.41708
1.43886
1.45936
1.47864
1.49677
1.51385
1.52986
1.54507
1.55898
1.5731
1.5839
1.59935
1.60425
1.62338
1.33406
1.35868
1.38184
1.40362
1.42412
1.4434
1.46153
1.4786
1.49462
1.50982
1.52374
1.53786
1.54865
1.56411
1.56901
1.58814
1.29882
1.32344
1.34659
1.36838
1.38887
1.40815
1.42629
1.44336
1.45938
1.47458
1.4885
1.50262
1.51341
1.52886
1.53377
1.5529
1.26358
1.28819
1.31135
1.33314
1.35363
1.37291
1.39104
1.40812
1.42413
1.43934
1.45325
1.46738
1.47817
1.49362
1.49852
1.51765
1.22833
1.25295
1.27611
1.29789
1.31839
1.33767
1.3558
1.37288
1.38889
1.40409
1.41801
1.43213
1.44292
1.45838
1.46328
1.48241
1.19309
1.21771
1.24086
1.26265
1.28314
1.30242
1.32056
1.33763
1.35365
1.36885
1.38277
1.39689
1.40768
1.42314
1.42804
1.44717
1.15785
1.18246
1.20562
1.22741
1.2479
1.26718
1.28531
1.30239
1.3184
1.33361
1.34752
1.36165
1.37244
1.38789
1.39279
1.41192
1.1226
1.14722
1.17038
1.19216
1.21266
1.23194
1.25007
1.26715
1.28316
1.29836
1.31228
1.3264
1.33719
1.35265
1.35755
1.37668
1.08736
1.11198
1.13514
1.15692
1.17741
1.1967
1.21483
1.2319
1.24792
1.26312
1.27704
1.29116
1.30195
1.31741
1.32231
1.34144
1.05212
1.07674
1.09989
1.12168
1.14217
1.16145
1.17959
1.19666
1.21268
1.22788
1.2418
1.25592
1.26671
1.28217
1.28707
1.3062
1.01688
1.04149
1.06465
1.08644
1.10693
1.12621
1.14434
1.16142
1.17743
1.19264
1.20655
1.22068
1.23147
1.24692
1.25182
1.27095
0.981636
1.00625
1.02941
1.05119
1.07169
1.09097
1.1091
1.12618
1.14219
1.1574
1.17131
1.18543
1.19623
1.21168
1.21658
1.23571
0.946395
0.971011
0.994168
1.01595
1.03645
1.05573
1.07386
1.09093
1.10695
1.12215
1.13607
1.15019
1.16098
1.17644
1.18134
1.20047
0.911154
0.93577
0.958927
0.980712
1.00121
1.02049
1.03862
1.05569
1.07171
1.08691
1.10083
1.11495
1.12574
1.1412
1.1461
1.16523
0.875912
0.900527
0.923684
0.945469
0.965962
0.985243
1.00338
1.02045
1.03647
1.05167
1.06558
1.07971
1.0905
1.10595
1.11085
1.12998
0.840667
0.865283
0.888439
0.910224
0.930717
0.949998
0.968131
0.985205
1.00122
1.01642
1.03034
1.04446
1.05525
1.07071
1.07561
1.09474
0.805423
0.830038
0.853195
0.87498
0.895473
0.914754
0.932887
0.949961
0.965976
0.98118
0.995095
1.00922
1.02001
1.03546
1.04036
1.05949
0.770178
0.794794
0.81795
0.839735
0.860228
0.879508
0.897641
0.914715
0.93073
0.945933
0.959849
0.973973
0.984765
1.00022
1.00512
1.02425
0.734935
0.75955
0.782706
0.80449
0.824983
0.844263
0.862396
0.87947
0.895485
0.910689
0.924604
0.938725
0.949516
0.964969
0.969871
0.989
0.699689
0.724304
0.747459
0.769243
0.789735
0.809015
0.827147
0.844221
0.860235
0.875438
0.889354
0.903476
0.914269
0.929724
0.934626
0.953757
0.664441
0.689054
0.712208
0.733991
0.754483
0.773762
0.791894
0.808966
0.824981
0.840184
0.8541
0.86822
0.879012
0.894464
0.899367
0.918496
0.629188
0.653799
0.676952
0.698733
0.719223
0.738501
0.756631
0.773703
0.789716
0.804917
0.818833
0.832952
0.843747
0.8592
0.864103
0.883233
0.593931
0.618538
0.641687
0.663465
0.683953
0.703228
0.721356
0.738426
0.754439
0.76964
0.783556
0.797672
0.808467
0.823914
0.82882
0.847948
0.558665
0.583266
0.606409
0.628182
0.648665
0.667936
0.686061
0.703128
0.719138
0.734333
0.748249
0.762362
0.773162
0.788609
0.793516
0.812644
0.523383
0.547971
0.571104
0.592867
0.613342
0.632605
0.650724
0.667785
0.68379
0.698982
0.712902
0.727004
0.737807
0.753238
0.758153
0.777276
0.48807
0.512638
0.535753
0.557501
0.577961
0.597213
0.615321
0.632373
0.648372
0.663553
0.677467
0.69156
0.702376
0.717801
0.722721
0.741844
0.452703
0.477236
0.500319
0.522038
0.542474
0.561703
0.579793
0.596828
0.612814
0.627984
0.641906
0.655978
0.666801
0.682199
0.687133
0.706248
0.41724
0.44171
0.464736
0.486404
0.506795
0.525985
0.54404
0.561046
0.577009
0.592146
0.606053
0.620079
0.630938
0.646288
0.651247
0.670349
0.381615
0.405974
0.4289
0.450479
0.470791
0.489911
0.507906
0.524857
0.540778
0.55587
0.569774
0.583735
0.594632
0.60991
0.614913
0.633998
0.345706
0.36987
0.392622
0.414046
0.434219
0.453219
0.471108
0.487967
0.503815
0.518828
0.532718
0.546578
0.557546
0.572699
0.577769
0.596817
0.309316
0.333146
0.355597
0.376753
0.396691
0.415483
0.433192
0.449894
0.465614
0.4805
0.494338
0.508034
0.519082
0.534053
0.53923
0.558231
0.272034
0.295267
0.31718
0.337854
0.357363
0.375776
0.393152
0.409564
0.42504
0.439702
0.453424
0.46687
0.478043
0.492687
0.498035
0.516937
0.233379
0.255619
0.276642
0.296525
0.315335
0.333136
0.349982
0.365938
0.381033
0.395363
0.408864
0.422008
0.433232
0.447542
0.45307
0.471895
0.191896
0.212302
0.231651
0.250013
0.267444
0.283997
0.299718
0.314664
0.32886
0.342389
0.355244
0.367713
0.378876
0.392402
0.39826
0.41684
0.147232
0.164936
0.181877
0.198118
0.213703
0.228674
0.243067
0.256919
0.270295
0.283311
0.295946
0.308273
0.319633
0.332928
0.339134
0.357672
0.0934624
0.105657
0.117439
0.128843
0.139894
0.150616
0.161052
0.171227
0.181133
0.190824
0.200393
0.210039
0.219464
0.231014
0.236776
0.254938
0.0396178
0.0465302
0.0535356
0.0606822
0.0680108
0.0755479
0.0833448
0.0914335
0.0997905
0.108403
0.117273
0.126374
0.135521
0.145444
0.15415
0.165459
)
;

boundaryField
{
    frontAndBack
    {
        type            empty;
    }
    inlet
    {
        type            zeroGradient;
    }
    outlet
    {
        type            fixedValue;
        value           uniform 0;
    }
    walls
    {
        type            zeroGradient;
    }
}


// ************************************************************************* //
