/*--------------------------------*- C++ -*----------------------------------*\
| =========                 |                                                 |
| \\      /  F ield         | OpenFOAM: The Open Source CFD Toolbox           |
|  \\    /   O peration     | Version:  v2012                                 |
|   \\  /    A nd           | Website:  www.openfoam.com                      |
|    \\/     M anipulation  |                                                 |
\*---------------------------------------------------------------------------*/
FoamFile
{
    version     2.0;
    format      ascii;
    class       vectorField;
    location    "0.066/lagrangian/kinematicCloud";
    object      U;
}
// * * * * * * * * * * * * * * * * * * * * * * * * * * * * * * * * * * * * * //


69
(
(5.7421 -0.0834783 0)
(6.69807 -0.0163244 0)
(6.67284 -0.00979185 0)
(6.34974 -0.0133298 0)
(6.58111 -0.000678022 0)
(6.55803 0.00300779 0)
(3.35584 0.125792 0)
(6.4323 0.00660202 0)
(6.34518 0.00740259 0)
(6.26489 0.0668791 0)
(6.22556 0.0738322 0)
(5.73857 0.104587 0)
(0.397355 -1.20571e-05 0)
(0.369783 2.8238e-06 0)
(2.65455 0.00230484 0)
(5.60846 0.118969 0)
(4.46022 0.133827 0)
(5.06021 0.0191622 0)
(4.68297 0.166551 0)
(5.08455 0.0400365 0)
(4.91309 0.0594728 0)
(1.65202 -4.10683e-05 0)
(4.58093 0.0443345 0)
(4.11817 0.106733 0)
(4.34078 0.111225 0)
(4.27015 0.0324627 0)
(3.96487 0.0755132 0)
(4.13395 0.0214826 0)
(2.09966 0.000434194 0)
(3.99978 0.0118856 0)
(0.401203 9.18357e-06 0)
(3.37365 0.0079106 0)
(1.24818 -7.79715e-05 0)
(3.53488 0.0105508 0)
(3.50363 0.0103837 0)
(3.44409 0.00665077 0)
(3.33805 0.00649886 0)
(3.24388 0.00514955 0)
(3.15756 0.00271144 0)
(0.918827 3.78712e-05 0)
(2.96179 0.00176916 0)
(2.86869 0.001178 0)
(2.77172 0.000597338 0)
(2.6764 0.000748656 0)
(2.57974 0.000734916 0)
(2.4826 0.000403924 0)
(2.38572 -4.08509e-06 0)
(2.28772 0.000444652 0)
(2.18867 0.000326591 0)
(2.08999 -2.15219e-05 0)
(1.98967 0.000191523 0)
(1.88881 0.000123921 0)
(1.78765 -0.000131822 0)
(0.672009 4.13597e-05 0)
(1.58509 2.63526e-05 0)
(1.48208 2.22905e-05 0)
(1.37757 -9.57381e-05 0)
(1.27647 -2.94919e-05 0)
(1.17211 -7.92372e-06 0)
(1.06719 -3.90447e-05 0)
(0.961799 -0.000112539 0)
(0.855238 -5.12891e-05 0)
(0.748753 -4.19589e-05 0)
(0.642769 -4.72582e-05 0)
(0.43036 -1.17117e-05 0)
(0.427367 -5.19701e-07 0)
(0.318665 -1.69147e-06 0)
(0.156596 3.29846e-06 0)
(0.0994294 -3.44539e-08 0)
)


// ************************************************************************* //
