/*--------------------------------*- C++ -*----------------------------------*\
| =========                 |                                                 |
| \\      /  F ield         | OpenFOAM: The Open Source CFD Toolbox           |
|  \\    /   O peration     | Version:  v2012                                 |
|   \\  /    A nd           | Website:  www.openfoam.com                      |
|    \\/     M anipulation  |                                                 |
\*---------------------------------------------------------------------------*/
FoamFile
{
    version     2.0;
    format      ascii;
    class       volScalarField;
    location    "0.077";
    object      p;
}
// * * * * * * * * * * * * * * * * * * * * * * * * * * * * * * * * * * * * * //

dimensions      [0 2 -2 0 0 0 0];


internalField   nonuniform List<scalar> 
1900
(
-299.624
-300.724
-301.624
-302.285
-302.961
-303.728
-304.534
-305.363
-305.975
-306.579
-300.078
-300.878
-301.705
-302.381
-303.062
-303.823
-304.633
-305.471
-306.231
-307.051
-300.365
-300.929
-301.697
-302.41
-303.107
-303.869
-304.695
-305.578
-306.471
-307.716
-300.548
-300.992
-301.727
-302.469
-303.179
-303.942
-304.786
-305.71
-306.723
-308.096
-300.646
-301.04
-301.755
-302.507
-303.222
-303.988
-304.849
-305.809
-306.89
-308.278
-300.663
-301.062
-301.782
-302.537
-303.255
-304.028
-304.905
-305.89
-307.005
-308.373
-300.598
-301.058
-301.808
-302.559
-303.278
-304.062
-304.953
-305.953
-307.08
-308.404
-300.446
-301.037
-301.831
-302.558
-303.271
-304.067
-304.97
-305.981
-307.111
-308.392
-300.19
-301.031
-301.892
-302.581
-303.278
-304.079
-304.986
-305.997
-307.119
-308.361
-299.756
-300.93
-301.882
-302.563
-303.261
-304.075
-304.993
-306.01
-307.136
-308.358
-305.921
-318.281
-337.564
-339.209
-320.08
-286.054
-243.02
-198.246
-157.323
-122.527
-94.1798
-71.7695
-54.3044
-40.7428
-30.1775
-21.8558
-15.2225
-9.86987
-5.50219
-1.89723
1.10934
3.64074
5.7939
7.635
9.21617
10.5778
11.7521
12.7786
13.6722
14.4478
15.1204
15.7008
16.2018
16.6304
16.9915
17.2956
17.5497
17.7575
17.9238
18.0521
18.1462
18.2091
18.2415
18.246
18.2253
18.1816
18.1166
18.0316
17.9281
17.8076
17.6711
17.519
17.3528
17.1737
16.9821
16.7785
16.5636
16.3375
16.1008
15.8544
15.5986
15.334
15.061
14.7792
14.4888
14.1901
13.8837
13.5697
13.2483
12.9197
12.5839
12.2413
11.8921
11.5361
11.1735
10.8046
10.4292
10.0476
9.65971
9.26573
8.86578
8.46025
8.04875
7.63167
7.20868
6.78015
6.34594
5.90628
5.46125
5.01125
4.55621
4.09622
3.63144
3.16208
2.68727
2.20962
1.72208
1.24058
0.731524
0.279551
-309.338
-321.607
-333.414
-332.128
-313.08
-280.335
-239.752
-197.44
-158.324
-124.59
-96.6704
-74.2522
-56.5685
-42.6873
-31.7816
-23.1416
-16.2325
-10.654
-6.10655
-2.36282
0.741053
3.34305
5.5557
7.44677
9.06416
10.4541
11.6505
12.6918
13.5948
14.377
15.0534
15.6357
16.134
16.5596
16.9236
17.2321
17.4898
17.7013
17.8712
18.0029
18.1006
18.1665
18.2004
18.2059
18.1861
18.143
18.0784
17.9941
17.8916
17.7722
17.6364
17.4849
17.319
17.1402
16.949
16.7457
16.5314
16.3058
16.0695
15.8234
15.5679
15.3035
15.0309
14.7493
14.459
14.1605
13.8543
13.5405
13.2193
12.8907
12.5551
12.2126
11.8635
11.5076
11.1451
10.7761
10.4008
10.0191
9.63127
9.23725
8.8373
8.43169
8.02014
7.60297
7.17992
6.75134
6.3171
5.87745
5.43246
4.98256
4.52767
4.06793
3.60364
3.13484
2.66176
2.18479
1.70292
1.22005
0.72776
0.252112
-310.272
-317.921
-326.264
-324.074
-306.104
-275.373
-237.271
-197.131
-159.471
-126.59
-99.0063
-76.5723
-58.6863
-44.5267
-33.3276
-24.4221
-17.2875
-11.5243
-6.82635
-2.9611
0.247061
2.93983
5.22796
7.1793
8.84746
10.2799
11.5132
12.5817
13.5056
14.3034
14.99
15.5793
16.0812
16.5084
16.8762
17.1877
17.4468
17.6593
17.8298
17.9621
18.0592
18.1231
18.1557
18.1614
18.1428
18.1011
18.038
17.9549
17.8538
17.7363
17.6024
17.4522
17.2876
17.1095
16.9187
16.7156
16.5008
16.2749
16.0388
15.7929
15.5374
15.2733
15.0011
14.7198
14.4297
14.1316
13.8257
13.5121
13.1911
12.8626
12.5272
12.1848
11.8357
11.4798
11.1173
10.7483
10.373
9.99133
9.60344
9.20937
8.80937
8.40365
7.99202
7.57473
7.15161
6.72295
6.28866
5.84895
5.40406
4.95421
4.49944
4.03997
3.57622
3.10798
2.63667
2.1605
1.68432
1.20039
0.72561
0.223831
-310.494
-316.296
-321.941
-318.559
-301.091
-271.667
-235.204
-196.612
-160.108
-127.981
-100.755
-78.3771
-60.3679
-46.0049
-34.5782
-25.4583
-18.1367
-12.217
-7.39141
-3.42432
-0.133962
2.62178
4.95471
6.93804
8.63028
10.0815
11.3307
12.4124
13.3491
14.1595
14.8596
15.4636
15.9814
16.4248
16.8064
17.1295
17.3981
17.6183
17.7946
17.9308
18.0293
18.0925
18.125
18.1316
18.1136
18.0723
18.0092
17.9258
17.8237
17.7046
17.5696
17.4196
17.2557
17.0781
16.8877
16.6848
16.4698
16.244
16.0084
15.7632
15.5084
15.2444
14.9716
14.6899
14.4
14.1022
13.7968
13.4834
13.1624
12.834
12.4989
12.1565
11.8074
11.4516
11.089
10.7201
10.3447
9.96298
9.575
9.18088
8.78077
8.37492
7.96316
7.5457
7.12249
6.69374
6.25942
5.81967
5.37487
4.92504
4.47049
4.01125
3.54807
3.08046
2.61096
2.13563
1.66531
1.17996
0.722851
0.195886
-310.519
-314.806
-318.113
-313.456
-296.277
-267.996
-233.034
-195.924
-160.56
-129.161
-102.288
-79.9796
-61.871
-47.3342
-35.7111
-26.4035
-18.9165
-12.8568
-7.91594
-3.85469
-0.488631
2.32714
4.70525
6.72468
8.44641
9.92224
11.1919
12.2894
13.2387
14.0589
14.7664
15.3756
15.8973
16.3436
16.7258
17.0493
17.3189
17.5407
17.7193
17.8587
17.9615
18.0308
18.0702
18.0829
18.0705
18.0343
17.9754
17.8956
17.796
17.6781
17.5439
17.3948
17.2316
17.0544
16.8642
16.6612
16.4463
16.2206
15.9849
15.7395
15.4844
15.2197
14.9454
14.6627
14.3724
14.0743
13.7684
13.4545
13.133
12.8041
12.4688
12.1261
11.7768
11.4207
11.058
10.6889
10.3134
9.93162
9.54358
9.14948
8.74954
8.34377
7.93204
7.51453
7.09135
6.6626
6.22832
5.7886
5.34397
4.89425
4.43996
3.98104
3.51847
3.05158
2.58387
2.10954
1.64462
1.15855
0.717835
0.170799
-310.401
-313.51
-315.043
-309.399
-292.509
-265.229
-231.495
-195.549
-161.049
-130.18
-103.564
-81.2978
-63.1024
-48.4219
-36.6374
-27.1754
-19.5528
-13.3792
-8.34525
-4.20867
-0.781974
2.08224
4.49769
6.54626
8.29126
9.78551
11.0699
12.1786
13.1368
13.9644
14.6784
15.2934
15.8209
16.2726
16.6591
16.9867
17.2603
17.4852
17.6664
17.8075
17.9117
17.982
18.0219
18.034
18.0206
17.9835
17.9239
17.8434
17.7439
17.627
17.4943
17.3468
17.1851
17.0097
16.8213
16.6203
16.4073
16.1833
15.9492
15.7051
15.4509
15.1868
14.9132
14.6311
14.3411
14.0431
13.7369
13.4225
13.1006
12.7712
12.4356
12.0926
11.7429
11.3865
11.0236
10.6544
10.2789
9.89721
9.50932
9.11526
8.71548
8.30975
7.8981
7.48062
7.05753
6.62889
6.19471
5.75508
5.31067
4.86115
4.40716
3.94867
3.48672
3.02068
2.55464
2.08153
1.62105
1.1358
0.707956
0.151747
-310.212
-312.447
-312.669
-306.233
-289.502
-262.956
-230.136
-195.078
-161.266
-130.842
-104.473
-82.2804
-64.0463
-49.2742
-37.3771
-27.8016
-20.0757
-13.8131
-8.70545
-4.50873
-1.0334
1.86966
4.31587
6.38836
8.15279
9.66256
10.9597
12.0785
13.0451
13.8799
14.6004
15.221
15.7536
16.2098
16.5997
16.9302
17.2063
17.4331
17.6159
17.7586
17.8644
17.9365
17.9782
17.992
17.9802
17.9446
17.8862
17.8067
17.7081
17.5921
17.4596
17.3116
17.1489
16.9725
16.783
16.5809
16.367
16.1421
15.9069
15.662
15.4071
15.1424
14.8685
14.5863
14.2963
13.9984
13.6924
13.3784
13.0568
12.7281
12.3931
12.0508
11.7017
11.3458
10.9836
10.6148
10.24
9.85865
9.47134
9.07767
8.67822
8.27275
7.86146
7.44432
7.02152
6.59317
6.15929
5.72002
5.27588
4.82672
4.37309
3.91506
3.45377
2.98857
2.52387
2.05225
1.59468
1.11202
0.69129
0.142379
-310.015
-311.624
-310.915
-303.874
-287.219
-261.2
-229.053
-194.667
-161.386
-131.318
-105.166
-83.0496
-64.7984
-49.9636
-37.9841
-28.3223
-20.5152
-14.1814
-9.01285
-4.76492
-1.24716
1.68915
4.16104
6.25377
8.03486
9.55829
10.8666
11.9942
12.9679
13.8085
14.5341
15.1591
15.6953
16.1545
16.5467
16.879
17.1569
17.3852
17.5691
17.713
17.8199
17.8931
17.9357
17.9501
17.9387
17.9035
17.8448
17.765
17.6664
17.5504
17.4178
17.2696
17.1067
16.9303
16.7407
16.5385
16.3246
16.0997
15.8644
15.6195
15.3643
15.0993
14.825
14.5424
14.2518
13.9534
13.6471
13.3325
13.0105
12.6814
12.3461
12.0035
11.6542
11.298
10.9357
10.567
10.1923
9.81114
9.42405
9.03071
8.63161
8.22668
7.81593
7.3994
6.97718
6.54942
6.11616
5.67755
5.23397
4.78542
4.33235
3.87492
3.41435
2.95005
2.48641
2.01641
1.56014
1.08186
0.661895
0.137479
-309.858
-311.038
-309.719
-302.259
-285.63
-259.949
-228.243
-194.298
-161.366
-131.534
-105.534
-83.478
-65.2233
-50.3541
-38.3281
-28.618
-20.766
-14.3944
-9.19431
-4.92028
-1.37847
1.57846
4.06313
6.16484
7.95321
9.48278
10.7961
11.9275
12.9044
13.7478
14.476
15.1036
15.642
16.1032
16.497
16.8307
17.1101
17.3399
17.5246
17.6696
17.7776
17.8519
17.8956
17.9109
17.9002
17.8659
17.8079
17.7286
17.6307
17.5156
17.3839
17.2362
17.0736
16.8977
16.7086
16.5067
16.293
16.0684
15.8334
15.5888
15.3339
15.0692
14.7953
14.513
14.2231
13.9253
13.6197
13.3056
12.9842
12.6559
12.3217
11.9799
11.631
11.2752
10.9134
10.5452
10.171
9.79041
9.40358
9.01047
8.61151
8.20654
7.79574
7.37914
6.95685
6.52894
6.09563
5.65694
5.21331
4.76472
4.31164
3.85425
3.39383
2.92982
2.46646
1.99733
1.54074
1.06651
0.641714
0.147261
-309.8
-310.778
-309.169
-301.516
-284.924
-259.449
-228.003
-194.313
-161.574
-131.868
-105.941
-83.9026
-65.6298
-50.7265
-38.6609
-28.9116
-21.0241
-14.6222
-9.39762
-5.1027
-1.54008
1.44013
3.93908
6.05039
7.8463
9.38187
10.7
11.8351
12.8151
13.6612
14.3917
15.0214
15.5619
16.0249
16.4205
16.7556
17.0364
17.2675
17.4532
17.5992
17.7083
17.7836
17.8284
17.8445
17.8343
17.801
17.7438
17.6648
17.5675
17.453
17.3219
17.1746
17.0124
16.8368
16.6484
16.4472
16.234
16.0096
15.7751
15.5311
15.2765
15.0123
14.7388
14.4568
14.167
13.8693
13.564
13.25
12.9285
12.6002
12.2656
11.9248
11.5763
11.2208
10.8591
10.4909
10.1168
9.73663
9.35002
8.95716
8.55849
8.1541
7.74358
7.32719
6.90506
6.4773
6.04408
5.60549
5.16191
4.71339
4.26043
3.80311
3.34294
2.87881
2.41569
1.94758
1.48986
1.02133
0.593031
0.110739
-314.075
-315.344
-316.52
-316.765
-316.247
-314.978
-313.672
-313.764
-333.209
-334.726
-335.672
-336.007
-335.685
-334.971
-334.108
-333.759
-348.322
-351.159
-352.675
-353.241
-353.13
-352.821
-352.513
-352.173
-346.899
-350.264
-352.117
-352.863
-352.691
-352.176
-351.697
-351.059
-325.753
-328.653
-330.389
-330.947
-330.607
-329.87
-329.086
-328.158
-289.996
-292.051
-293.343
-293.797
-293.471
-292.523
-291.11
-289.509
-244.965
-246.038
-246.888
-247.289
-247.032
-246.003
-244.218
-242.16
-198.428
-198.459
-198.714
-198.928
-198.65
-197.569
-195.618
-193.374
-156.294
-155.598
-155.336
-155.241
-154.838
-153.722
-151.767
-149.56
-120.786
-119.664
-119.118
-118.846
-118.356
-117.253
-115.405
-113.362
-92.2193
-90.9932
-90.3464
-89.9526
-89.3916
-88.3477
-86.6739
-84.848
-69.8913
-68.7377
-68.0999
-67.635
-67.0338
-66.0741
-64.6
-63.0162
-52.647
-51.6365
-51.0477
-50.5816
-50.0007
-49.1362
-47.8576
-46.4958
-39.3665
-38.5302
-38.027
-37.5971
-37.0625
-36.3024
-35.2134
-34.0593
-29.0784
-28.3985
-27.9555
-27.5579
-27.0835
-26.4286
-25.5077
-24.5314
-21.0114
-20.4717
-20.0683
-19.6885
-19.2718
-18.7128
-17.9343
-17.0923
-14.5872
-14.1618
-13.8097
-13.4662
-13.1011
-12.6214
-11.9603
-11.2031
-9.39504
-9.06075
-8.76556
-8.46942
-8.15125
-7.73814
-7.17554
-6.497
-5.14543
-4.88154
-4.63587
-4.38287
-4.10609
-3.74787
-3.26524
-2.67673
-1.62415
-1.41364
-1.20765
-0.99171
-0.750859
-0.438028
-0.0188263
0.49166
1.33078
1.50426
1.68142
1.86398
2.07227
2.34617
2.71312
3.15935
3.82912
3.9754
4.13023
4.28674
4.46858
4.71021
5.03407
5.42769
5.9533
6.07591
6.20965
6.34737
6.5103
6.72706
7.0162
7.36694
7.77105
7.87647
7.99304
8.11592
8.26341
8.4594
8.71943
9.03441
9.33501
9.42801
9.53224
9.64352
9.77811
9.95644
10.1916
10.4764
10.6889
10.7763
10.8676
10.9676
11.0908
11.2541
11.4682
11.7272
11.8602
11.9469
12.0296
12.12
12.2328
12.3824
12.578
12.8149
12.8761
12.9558
13.032
13.1164
13.2218
13.3607
13.5409
13.7589
13.7595
13.8322
13.9026
13.9817
14.0805
14.2099
14.3765
14.578
14.5259
14.5925
14.6582
14.7327
14.8257
14.9468
15.1013
15.2883
15.1906
15.2518
15.313
15.3833
15.4711
15.5848
15.7286
15.9028
15.7642
15.8205
15.8782
15.945
16.0284
16.1355
16.2698
16.4326
16.261
16.3121
16.366
16.4292
16.5084
16.6095
16.7352
16.8879
16.6864
16.7334
16.7841
16.8441
16.9193
17.015
17.133
17.2766
17.0446
17.0894
17.138
17.1956
17.2677
17.3586
17.4698
17.6054
17.3462
17.3892
17.4361
17.4916
17.5607
17.6474
17.7525
17.8808
17.598
17.6392
17.6844
17.7378
17.8043
17.8871
17.9865
18.1083
17.8037
17.8435
17.8873
17.9389
18.0029
18.0822
18.1766
18.2924
17.9682
18.0067
18.049
18.0991
18.1608
18.2369
18.3265
18.437
18.0947
18.1321
18.1732
18.2218
18.2815
18.3546
18.44
18.5454
18.1871
18.2233
18.2633
18.3104
18.3682
18.4385
18.5199
18.6209
18.2481
18.2831
18.3219
18.3676
18.4237
18.4913
18.5691
18.6659
18.2793
18.3132
18.3509
18.3955
18.4499
18.5152
18.5897
18.6827
18.2826
18.3157
18.3527
18.3963
18.4492
18.5124
18.5838
18.6734
18.261
18.2934
18.3296
18.3722
18.4238
18.485
18.5536
18.64
18.2166
18.2484
18.2839
18.3256
18.3759
18.4352
18.5012
18.5847
18.1512
18.1823
18.2171
18.2579
18.307
18.3646
18.4281
18.5089
18.0655
18.0961
18.1304
18.1705
18.2185
18.2745
18.3357
18.414
17.9612
17.9914
18.0251
18.0645
18.1116
18.1661
18.2252
18.3011
17.8401
17.8697
17.903
17.9417
17.9877
18.0408
18.0979
18.1717
17.7029
17.7322
17.7648
17.8029
17.848
17.8997
17.955
18.0268
17.5505
17.5794
17.6117
17.6492
17.6934
17.7439
17.7974
17.8674
17.384
17.4125
17.4444
17.4814
17.5248
17.5742
17.6262
17.6944
17.2045
17.2328
17.2643
17.3007
17.3434
17.3917
17.4421
17.5088
17.0126
17.0405
17.0717
17.1076
17.1496
17.1968
17.2458
17.311
16.8087
16.8363
16.8672
16.9026
16.9439
16.9901
17.0377
17.1015
16.5933
16.6206
16.6511
16.6861
16.7267
16.772
16.8183
16.8807
16.3669
16.394
16.4241
16.4587
16.4986
16.5431
16.5881
16.6492
16.1299
16.1567
16.1866
16.2207
16.2601
16.3036
16.3476
16.4076
15.8833
15.9099
15.9395
15.9732
16.012
16.0547
16.0976
16.1565
15.6273
15.6537
15.683
15.7164
15.7546
15.7967
15.8385
15.8964
15.3625
15.3887
15.4177
15.4507
15.4884
15.5297
15.5705
15.6274
15.0891
15.115
15.1437
15.1763
15.2135
15.2541
15.294
15.35
14.8071
14.8328
14.8612
14.8935
14.9302
14.9701
15.0091
15.0642
14.5165
14.542
14.5702
14.6021
14.6384
14.6777
14.7158
14.7702
14.2177
14.2431
14.2711
14.3027
14.3386
14.3773
14.4146
14.4682
13.9111
13.9363
13.9642
13.9955
14.0309
14.0691
14.1057
14.1586
13.597
13.6221
13.6497
13.6808
13.7158
13.7534
13.7892
13.8414
13.2754
13.3004
13.3278
13.3587
13.3933
13.4304
13.4657
13.5172
12.9467
12.9715
12.9988
13.0294
13.0636
13.1003
13.1348
13.1857
12.6108
12.6355
12.6627
12.693
12.727
12.7632
12.7971
12.8475
12.2681
12.2927
12.3197
12.3498
12.3834
12.4192
12.4525
12.5024
11.9188
11.9433
11.9701
12
12.0333
12.0687
12.1015
12.1509
11.5628
11.5872
11.6139
11.6436
11.6766
11.7116
11.7439
11.7927
11.2001
11.2245
11.2511
11.2806
11.3134
11.348
11.3798
11.4282
10.8312
10.8554
10.8819
10.9112
10.9436
10.9779
11.0092
11.0572
10.4557
10.4799
10.5063
10.5355
10.5677
10.6016
10.6324
10.6801
10.0741
10.0983
10.1245
10.1535
10.1855
10.219
10.2494
10.2966
9.68618
9.71029
9.7365
9.76536
9.79707
9.83035
9.86035
9.90724
9.29219
9.31626
9.34238
9.37107
9.40251
9.43544
9.46499
9.51151
8.89222
8.91627
8.94234
8.97091
9.00215
9.0348
9.06397
9.11016
8.48672
8.51073
8.53669
8.56509
8.59609
8.62844
8.65722
8.70307
8.07524
8.09925
8.12517
8.15347
8.1843
8.21644
8.24492
8.29052
7.65819
7.68219
7.70805
7.73622
7.76683
7.79869
7.82688
7.87224
7.23523
7.25922
7.28503
7.31311
7.34356
7.37522
7.40347
7.44929
6.80671
6.83068
6.85642
6.88437
6.91461
6.94597
6.97402
7.01992
6.37249
6.39642
6.4221
6.44994
6.48002
6.51116
6.53899
6.58461
5.93279
5.95665
5.98221
6.00988
6.03972
6.07056
6.09804
6.14344
5.4877
5.51147
5.53691
5.5644
5.59401
5.62459
5.6517
5.69679
5.0376
5.06128
5.08661
5.11397
5.14342
5.17383
5.20074
5.24557
4.58237
4.60587
4.63098
4.65806
4.68717
4.71725
4.74376
4.78818
4.12221
4.14555
4.1705
4.19739
4.22629
4.25616
4.28246
4.32676
3.65696
3.67992
3.70446
3.73095
3.75943
3.78888
3.81475
3.85864
3.18717
3.20977
3.23398
3.26011
3.28822
3.31732
3.34288
3.38654
2.71093
2.73243
2.75567
2.78097
2.8084
2.83702
2.86227
2.90582
2.2328
2.25388
2.27663
2.30135
2.32813
2.35609
2.38075
2.42367
1.74059
1.75815
1.77802
1.80054
1.82582
1.85303
1.87763
1.92159
1.26067
1.27909
1.29908
1.32097
1.34491
1.37016
1.39278
1.43316
0.737194
0.744727
0.755822
0.771046
0.790793
0.813942
0.833013
0.881573
0.302614
0.320761
0.337212
0.352388
0.367341
0.384434
0.401608
0.377753
)
;

boundaryField
{
    frontAndBack
    {
        type            empty;
    }
    inlet
    {
        type            zeroGradient;
    }
    outlet
    {
        type            fixedValue;
        value           uniform 0;
    }
    walls
    {
        type            zeroGradient;
    }
}


// ************************************************************************* //
