/*--------------------------------*- C++ -*----------------------------------*\
| =========                 |                                                 |
| \\      /  F ield         | OpenFOAM: The Open Source CFD Toolbox           |
|  \\    /   O peration     | Version:  v2012                                 |
|   \\  /    A nd           | Website:  www.openfoam.com                      |
|    \\/     M anipulation  |                                                 |
\*---------------------------------------------------------------------------*/
FoamFile
{
    version     2.0;
    format      ascii;
    class       volScalarField;
    location    "0.316";
    object      p;
}
// * * * * * * * * * * * * * * * * * * * * * * * * * * * * * * * * * * * * * //

dimensions      [0 2 -2 0 0 0 0];


internalField   nonuniform List<scalar> 
1900
(
-299.623
-300.722
-301.622
-302.283
-302.96
-303.727
-304.532
-305.361
-305.974
-306.577
-300.077
-300.876
-301.704
-302.38
-303.06
-303.821
-304.632
-305.47
-306.23
-307.05
-300.363
-300.928
-301.696
-302.409
-303.106
-303.867
-304.693
-305.577
-306.47
-307.715
-300.547
-300.991
-301.726
-302.468
-303.178
-303.94
-304.784
-305.709
-306.721
-308.095
-300.645
-301.039
-301.753
-302.505
-303.221
-303.986
-304.847
-305.807
-306.888
-308.277
-300.662
-301.061
-301.78
-302.535
-303.254
-304.027
-304.904
-305.889
-307.004
-308.371
-300.597
-301.056
-301.807
-302.557
-303.277
-304.06
-304.951
-305.951
-307.078
-308.402
-300.445
-301.036
-301.83
-302.557
-303.269
-304.065
-304.969
-305.979
-307.109
-308.391
-300.188
-301.03
-301.891
-302.579
-303.277
-304.077
-304.985
-305.995
-307.118
-308.36
-299.754
-300.929
-301.881
-302.562
-303.26
-304.073
-304.992
-306.009
-307.135
-308.357
-305.92
-318.28
-337.562
-339.208
-320.079
-286.053
-243.018
-198.246
-157.325
-122.521
-94.1748
-71.7772
-54.308
-40.7282
-30.1681
-21.8686
-15.2333
-9.85651
-5.48359
-1.90068
1.09374
3.63958
5.80867
7.64469
9.211
10.5697
11.7524
12.7855
13.6774
14.4476
15.1168
15.6988
16.2046
16.6364
16.9971
17.2988
17.5507
17.758
17.9254
18.0545
18.1482
18.2093
18.24
18.2449
18.2263
18.1842
18.119
18.033
17.9289
17.8092
17.6742
17.5231
17.3567
17.1764
16.9832
16.7787
16.564
16.3387
16.1024
15.8558
15.5994
15.3343
15.0612
14.7799
14.49
14.1915
13.8852
13.5713
13.2501
12.9218
12.5865
12.2443
11.895
11.5389
11.1762
10.8071
10.4317
10.05
9.66203
9.26802
8.8679
8.46209
8.0504
7.63315
7.21013
6.78158
6.34746
5.90799
5.46325
5.01339
4.55852
4.0988
3.6341
3.16495
2.69012
2.21242
1.72482
1.24263
0.733528
0.279205
-309.337
-321.606
-333.412
-332.126
-313.079
-280.334
-239.749
-197.441
-158.326
-124.583
-96.667
-74.2598
-56.5693
-42.6734
-31.7768
-23.1543
-16.2377
-10.6393
-6.09319
-2.36941
0.729195
3.34543
5.56864
7.45346
9.0591
10.448
11.6515
12.6979
13.5993
14.377
15.0502
15.6337
16.1372
16.5658
16.9288
17.2346
17.4906
17.702
17.8731
18.0056
18.1026
18.1665
18.1987
18.205
18.1873
18.1456
18.0807
17.9952
17.8923
17.7739
17.6397
17.4889
17.3228
17.1429
16.95
16.746
16.532
16.3071
16.0712
15.8247
15.5686
15.3038
15.0312
14.75
14.4601
14.1619
13.8558
13.5421
13.2211
12.8929
12.5578
12.2155
11.8664
11.5104
11.1478
10.7787
10.4033
10.0215
9.63358
9.23951
8.83938
8.43352
8.02179
7.60447
7.1814
6.75281
6.31868
5.87923
5.43454
4.98477
4.53005
4.07055
3.60634
3.13765
2.66447
2.1874
1.70543
1.22184
0.729542
0.251888
-310.271
-317.92
-326.263
-324.072
-306.103
-275.372
-237.268
-197.132
-159.472
-126.582
-99.0054
-76.5795
-58.6833
-44.5141
-33.3279
-24.4332
-17.2866
-11.5094
-6.81946
-2.97078
0.240626
2.94911
5.23764
7.17809
8.84151
10.2796
11.5171
12.5858
13.5076
14.3035
14.9879
15.5776
16.0843
16.5145
16.8812
17.1899
17.4473
17.66
17.8318
17.9649
18.0615
18.1229
18.1537
18.1607
18.1444
18.1038
18.04
17.9556
17.8544
17.7383
17.606
17.4563
17.2912
17.1119
16.9196
16.716
16.5016
16.2765
16.0404
15.7941
15.5381
15.2736
15.0014
14.7205
14.4309
14.1329
13.8272
13.5137
13.1929
12.8648
12.5299
12.1877
11.8386
11.4826
11.12
10.7509
10.3755
9.99372
9.60572
9.21159
8.81141
8.40546
7.99366
7.57624
7.15312
6.72446
6.29033
5.85087
5.40623
4.95653
4.50197
4.04267
3.57895
3.11073
2.63924
2.16287
1.68651
1.20184
0.727108
0.223763
-310.492
-316.294
-321.939
-318.557
-301.089
-271.666
-235.201
-196.613
-160.107
-127.974
-100.757
-78.3832
-60.361
-45.9942
-34.5826
-25.4673
-18.1311
-12.2036
-7.38946
-3.43354
-0.136458
2.63257
4.96288
6.93432
8.62336
10.0834
11.3371
12.4148
13.3484
14.1593
14.86
15.4643
15.984
16.4281
16.8096
17.132
17.3999
17.6199
17.7969
17.9332
18.0311
18.0921
18.123
18.1313
18.1158
18.0751
18.0108
17.9262
17.8242
17.7067
17.5733
17.4237
17.2594
17.0803
16.8884
16.6852
16.471
16.2458
16.0101
15.7642
15.5089
15.2447
14.972
14.6907
14.4012
14.1036
13.7981
13.4848
13.1643
12.8364
12.5015
12.1594
11.8103
11.4544
11.0918
10.7227
10.3472
9.96537
9.57723
9.18303
8.78276
8.37669
7.96479
7.54723
7.12405
6.69532
6.2612
5.82173
5.37717
4.92753
4.47316
4.01407
3.55086
3.08313
2.61334
2.13773
1.66707
1.18107
0.723985
0.195998
-310.518
-314.805
-318.111
-313.455
-296.275
-267.995
-233.032
-195.926
-160.557
-129.156
-102.293
-79.9823
-61.8615
-47.3268
-35.7185
-26.4103
-18.9068
-12.8446
-7.91957
-3.86396
-0.485469
2.33921
4.70982
6.71806
8.44028
9.92701
11.2005
12.2915
13.2351
14.0562
14.7676
15.3787
15.9018
16.3462
16.7265
17.051
17.3215
17.5426
17.7215
17.8613
17.9633
18.0305
18.069
18.0832
18.0722
18.036
17.9766
17.8964
17.7972
17.6803
17.5471
17.3984
17.2351
17.0567
16.865
16.662
16.4477
16.2225
15.9865
15.7403
15.4848
15.22
14.9459
14.6636
14.3735
14.0755
13.7696
13.4559
13.135
12.8066
12.4714
12.1289
11.7795
11.4234
11.0607
10.6916
10.3159
9.93398
9.54576
9.15156
8.75144
8.34549
7.93365
7.51608
7.09295
6.66426
6.23025
5.79085
5.34644
4.89694
4.44283
3.98402
3.52134
3.05416
2.586
2.1113
1.64588
1.1593
0.718397
0.171096
-310.4
-313.509
-315.041
-309.398
-292.508
-265.228
-231.493
-195.55
-161.045
-130.178
-103.57
-81.2949
-63.0915
-48.4216
-36.646
-27.1754
-19.541
-13.3722
-8.35313
-4.21497
-0.77329
2.09345
4.49707
6.53858
8.28885
9.79235
11.0773
12.1783
13.1326
13.963
14.6814
15.2979
15.8244
16.2731
16.6583
16.9884
17.2648
17.4897
17.6683
17.8079
17.9117
17.9821
18.0224
18.0356
18.0221
17.9841
17.9241
17.8442
17.7457
17.6297
17.4976
17.3501
17.1881
17.0118
16.8225
16.6215
16.409
16.1853
15.9508
15.7058
15.4511
15.187
14.9138
14.6321
14.3423
14.0442
13.7379
13.4238
13.1026
12.7737
12.4383
12.0953
11.7456
11.3893
11.0264
10.6572
10.2816
9.89952
9.5114
9.11728
8.71732
8.3114
7.89967
7.48218
7.05918
6.63062
6.19679
5.75756
5.31336
4.86407
4.41027
3.95182
3.48968
3.02316
2.55645
2.08287
1.62171
1.13605
0.707806
0.152306
-310.21
-312.445
-312.667
-306.232
-289.501
-262.955
-230.134
-195.078
-161.264
-130.843
-104.476
-82.2745
-64.0384
-49.2789
-37.3844
-27.794
-20.0638
-13.8153
-8.71446
-4.50562
-1.02156
1.87292
4.30982
6.38593
8.15736
9.66753
10.9612
12.0771
13.0438
13.8816
14.6034
15.2227
15.7558
16.2113
16.5999
16.9324
17.21
17.4367
17.6182
17.7593
17.8644
17.9372
17.9795
17.9935
17.9808
17.9442
17.8861
17.8081
17.7106
17.5949
17.4624
17.3143
17.1515
16.9748
16.7848
16.5825
16.3688
16.1441
15.9085
15.6626
15.4072
15.1426
14.8692
14.5874
14.2975
13.9993
13.6932
13.3796
13.0589
12.7307
12.3958
12.0535
11.7044
11.3486
10.9864
10.6176
10.2427
9.86093
9.47335
9.07959
8.67997
8.27434
7.86297
7.44585
7.0232
6.59503
6.16154
5.72266
5.27879
4.82986
4.37642
3.91838
3.4568
2.99097
2.52541
2.05314
1.59467
1.11176
0.690361
0.143275
-310.014
-311.622
-310.914
-303.872
-287.218
-261.198
-229.052
-194.665
-161.386
-131.321
-105.162
-83.042
-64.7995
-49.9688
-37.981
-28.314
-20.514
-14.1855
-9.01139
-4.7583
-1.24452
1.68717
4.16173
6.2582
8.03621
9.55616
10.867
11.9985
12.9709
13.8076
14.5325
15.1599
15.7002
16.1588
16.5466
16.8783
17.1588
17.3897
17.5735
17.7145
17.8191
17.8927
17.9368
17.9521
17.9396
17.9028
17.8446
17.7665
17.6689
17.553
17.4203
17.2722
17.1094
16.9328
16.7427
16.5402
16.3263
16.1016
15.8662
15.6202
15.3644
15.0993
14.8255
14.5434
14.253
13.9543
13.6479
13.3337
13.0125
12.684
12.3488
12.0061
11.6568
11.3009
10.9387
10.5699
10.1949
9.81339
9.426
9.03256
8.63329
8.22818
7.81738
7.40091
6.97886
6.55137
6.11855
5.68036
5.2371
4.78879
4.33592
3.87845
3.41751
2.95239
2.48773
2.01694
1.55961
1.08117
0.660164
0.138638
-309.856
-311.036
-309.717
-302.257
-285.628
-259.948
-228.241
-194.297
-161.366
-131.532
-105.53
-83.4776
-65.2241
-50.3521
-38.3246
-28.6158
-20.766
-14.394
-9.19095
-4.91678
-1.37815
1.57835
4.06616
6.1683
7.9527
9.48046
10.7978
11.9328
12.9069
13.7459
14.4741
15.1051
15.6474
16.1072
16.4963
16.8295
17.1123
17.3449
17.5294
17.671
17.7766
17.8516
17.8971
17.9132
17.9011
17.8647
17.8074
17.7303
17.6336
17.5184
17.3862
17.2387
17.0764
16.9003
16.7106
16.5085
16.2948
16.0704
15.8352
15.5895
15.3339
15.0691
14.7958
14.5141
14.2243
13.9262
13.6203
13.3069
12.9863
12.6586
12.3245
11.9825
11.6336
11.2781
10.9164
10.5482
10.1737
9.79263
9.40549
9.01229
8.61314
8.20797
7.79713
7.38058
6.9585
6.53093
6.09809
5.65986
5.2166
4.76825
4.3154
3.85803
3.39722
2.93223
2.46756
1.99755
1.53979
1.06571
0.639693
0.148961
-309.799
-310.776
-309.167
-301.515
-284.923
-259.448
-228.001
-194.311
-161.573
-131.867
-105.939
-83.9003
-65.629
-50.7264
-38.6592
-28.9081
-21.022
-14.6228
-9.39641
-5.09868
-1.53758
1.43983
3.94006
6.0537
7.84758
9.38005
10.7003
11.8397
12.8185
13.6603
14.3896
15.0222
15.567
16.0293
16.4202
16.7544
17.0382
17.2721
17.4581
17.6009
17.7074
17.7832
17.8296
17.8466
17.8353
17.7998
17.7431
17.6666
17.5705
17.4557
17.3241
17.177
17.0153
16.8397
16.6505
16.4488
16.2356
16.0117
15.777
15.5318
15.2765
15.0121
14.7392
14.4578
14.1682
13.8702
13.5645
13.2511
12.9307
12.6029
12.2685
11.9275
11.579
11.2236
10.862
10.4939
10.1196
9.73884
9.35189
8.95894
8.56015
8.15558
7.745
7.32868
6.90678
6.47935
6.04659
5.60842
5.16521
4.71685
4.26408
3.80673
3.34615
2.88155
2.41691
1.94789
1.48891
1.02009
0.591353
0.112921
-314.073
-315.342
-316.519
-316.763
-316.246
-314.976
-313.67
-313.762
-333.208
-334.724
-335.67
-336.006
-335.684
-334.97
-334.106
-333.757
-348.321
-351.157
-352.673
-353.239
-353.129
-352.819
-352.512
-352.172
-346.898
-350.263
-352.116
-352.862
-352.689
-352.174
-351.695
-351.058
-325.752
-328.651
-330.387
-330.946
-330.605
-329.869
-329.084
-328.157
-289.994
-292.05
-293.342
-293.795
-293.469
-292.521
-291.108
-289.508
-244.963
-246.036
-246.886
-247.287
-247.03
-246.001
-244.217
-242.158
-198.427
-198.459
-198.713
-198.927
-198.649
-197.568
-195.617
-193.374
-156.297
-155.601
-155.338
-155.242
-154.839
-153.723
-151.767
-149.561
-120.781
-119.66
-119.114
-118.843
-118.353
-117.25
-115.402
-113.359
-92.2133
-90.987
-90.3406
-89.9472
-89.3868
-88.3434
-86.67
-84.8445
-69.899
-68.7449
-68.1058
-67.6399
-67.0381
-66.0779
-64.6036
-63.0197
-52.6508
-51.6401
-51.0514
-50.5853
-50.004
-49.139
-47.8598
-46.4975
-39.3522
-38.517
-38.0154
-37.5867
-37.053
-36.2935
-35.2049
-34.051
-29.0683
-28.389
-27.9459
-27.5483
-27.0743
-26.42
-25.4998
-24.5241
-21.0234
-20.4822
-20.0769
-19.6956
-19.278
-18.7183
-17.9395
-17.0974
-14.5989
-14.1727
-13.8203
-13.4765
-13.111
-12.6305
-11.9687
-11.2109
-9.38321
-9.05072
-8.75758
-8.46294
-8.14566
-7.733
-7.17048
-6.4918
-5.12634
-4.86378
-4.61908
-4.36667
-4.09064
-3.73324
-3.2513
-2.66327
-1.62568
-1.41346
-1.20558
-0.988347
-0.746878
-0.433865
-0.0148017
0.49538
1.31558
1.49072
1.66917
1.85262
2.06179
2.33647
2.70397
3.15049
3.82649
3.97157
4.12504
4.28072
4.46232
4.70405
5.02823
5.42223
5.9669
6.08776
6.22009
6.35677
6.51888
6.73502
7.02387
7.37455
7.7814
7.88727
8.00451
8.1277
8.2751
8.47079
8.73046
9.0451
9.33118
9.42573
9.53134
9.64355
9.77873
9.95739
10.1926
10.4772
10.6809
10.7685
10.8597
10.9598
11.0833
11.2469
11.4612
11.7204
11.8597
11.9455
12.0273
12.1171
12.2295
12.3791
12.5748
12.8118
12.8827
12.9618
13.0376
13.1218
13.2269
13.3655
13.5456
13.7635
13.7648
13.8377
13.9086
13.9879
14.0868
14.2162
14.3826
14.5839
14.526
14.5929
14.659
14.7337
14.8269
14.9481
15.1026
15.2895
15.1873
15.2487
15.31
15.3802
15.4682
15.582
15.7259
15.9001
15.762
15.8181
15.8758
15.9425
16.026
16.1333
16.2677
16.4307
16.2633
16.3141
16.3679
16.431
16.5101
16.6112
16.737
16.8898
16.6924
16.7393
16.7898
16.8497
16.9248
17.0204
17.1384
17.282
17.0506
17.0955
17.1442
17.2018
17.2738
17.3646
17.4758
17.6113
17.3497
17.3928
17.4399
17.4954
17.5646
17.6513
17.7563
17.8846
17.599
17.6403
17.6855
17.739
17.8055
17.8883
17.9878
18.1096
17.8041
17.8439
17.8875
17.9392
18.0032
18.0825
18.1769
18.2927
17.9696
18.0079
18.0502
18.1002
18.1619
18.2379
18.3276
18.438
18.0971
18.1344
18.1755
18.224
18.2837
18.3566
18.442
18.5474
18.1891
18.2253
18.2653
18.3124
18.3702
18.4404
18.5218
18.6227
18.2484
18.2835
18.3224
18.3682
18.4242
18.4919
18.5697
18.6665
18.2778
18.3119
18.3498
18.3945
18.4489
18.5143
18.5888
18.6819
18.2815
18.3145
18.3515
18.3951
18.4481
18.5113
18.5828
18.6724
18.2618
18.294
18.3301
18.3727
18.4242
18.4854
18.554
18.6405
18.2191
18.2508
18.2862
18.3279
18.3781
18.4374
18.5034
18.5869
18.1536
18.1849
18.2198
18.2607
18.3098
18.3674
18.4309
18.5117
18.0671
18.0978
18.1322
18.1723
18.2204
18.2764
18.3377
18.416
17.9621
17.9923
18.026
18.0655
18.1126
18.1671
18.2263
18.3023
17.8415
17.8711
17.9042
17.9429
17.989
18.042
18.0992
18.1731
17.7059
17.735
17.7675
17.8055
17.8506
17.9023
17.9575
18.0294
17.5546
17.5834
17.6156
17.653
17.6972
17.7477
17.8012
17.8712
17.388
17.4166
17.4485
17.4854
17.5288
17.5782
17.6301
17.6983
17.2074
17.2356
17.2672
17.3036
17.3463
17.3945
17.4449
17.5115
17.0137
17.0417
17.0729
17.1089
17.1509
17.1981
17.2471
17.3122
16.8089
16.8365
16.8674
16.9028
16.9441
16.9904
17.038
17.1017
16.5937
16.6209
16.6513
16.6863
16.7269
16.7722
16.8185
16.8809
16.368
16.395
16.4251
16.4596
16.4995
16.5439
16.589
16.6501
16.1315
16.1583
16.1882
16.2223
16.2617
16.3052
16.3491
16.4091
15.8848
15.9114
15.941
15.9748
16.0136
16.0563
16.0992
16.158
15.6282
15.6546
15.6839
15.7173
15.7556
15.7977
15.8395
15.8973
15.3628
15.389
15.4181
15.4511
15.4888
15.5301
15.571
15.6279
15.0893
15.1152
15.144
15.1766
15.2138
15.2544
15.2943
15.3503
14.8078
14.8334
14.8619
14.8941
14.9308
14.9707
15.0097
15.0648
14.5176
14.5431
14.5714
14.6033
14.6395
14.6789
14.717
14.7713
14.2191
14.2445
14.2726
14.3042
14.3401
14.3788
14.4161
14.4697
13.9126
13.9379
13.9657
13.9971
14.0325
14.0707
14.1073
14.1602
13.5986
13.6237
13.6514
13.6824
13.7174
13.7551
13.791
13.8431
13.2772
13.3022
13.3296
13.3605
13.3951
13.4322
13.4675
13.519
12.9488
12.9736
13.0009
13.0315
13.0657
13.1024
13.137
13.1879
12.6134
12.6381
12.6652
12.6955
12.7295
12.7657
12.7996
12.85
12.2711
12.2956
12.3226
12.3527
12.3863
12.422
12.4554
12.5053
11.9217
11.9462
11.973
12.0029
12.0362
12.0716
12.1044
12.1538
11.5656
11.59
11.6167
11.6464
11.6794
11.7143
11.7466
11.7955
11.2028
11.2271
11.2537
11.2833
11.316
11.3506
11.3824
11.4308
10.8337
10.8579
10.8844
10.9137
10.9462
10.9804
11.0117
11.0597
10.4582
10.4824
10.5088
10.5379
10.5701
10.604
10.6349
10.6825
10.0765
10.1006
10.1269
10.1559
10.1878
10.2214
10.2517
10.299
9.68851
9.71263
9.73884
9.7677
9.7994
9.83266
9.86264
9.90952
9.29449
9.31856
9.34467
9.37336
9.40479
9.43772
9.46726
9.51376
8.89437
8.91842
8.94448
8.97305
9.00429
9.03695
9.06612
9.11231
8.48857
8.51258
8.53855
8.56695
8.59794
8.63029
8.65906
8.7049
8.07689
8.1009
8.12681
8.15511
8.18593
8.21805
8.2465
8.29207
7.65967
7.68366
7.70951
7.73768
7.76829
7.80014
7.8283
7.87364
7.23668
7.26066
7.28648
7.31455
7.34499
7.37665
7.40489
7.45069
6.80812
6.83207
6.85781
6.88576
6.91598
6.94732
6.97538
7.02128
6.37398
6.39789
6.42354
6.45136
6.48141
6.51251
6.54028
6.58594
5.93446
5.95831
5.98387
6.01154
6.04141
6.07228
6.09977
6.14518
5.48965
5.51341
5.53885
5.56635
5.59599
5.6266
5.65378
5.69886
5.0397
5.06337
5.08869
5.11604
5.14549
5.17591
5.20283
5.2477
4.58466
4.60816
4.63328
4.66039
4.68953
4.71962
4.74615
4.7906
4.12475
4.14809
4.17305
4.19996
4.22889
4.25879
4.28513
4.32949
3.65963
3.68259
3.70718
3.73371
3.76224
3.79175
3.81767
3.86162
3.1901
3.21274
3.23699
3.26317
3.29132
3.32048
3.34608
3.38978
2.71388
2.73544
2.75874
2.7841
2.8116
2.84029
2.86558
2.90917
2.23571
2.25684
2.27963
2.30441
2.33123
2.35923
2.38389
2.4268
1.74346
1.7611
1.78102
1.80358
1.82889
1.85613
1.8807
1.92463
1.26278
1.28122
1.3012
1.32309
1.34702
1.37226
1.39483
1.43516
0.739319
0.74689
0.757981
0.773175
0.792872
0.815953
0.834899
0.883319
0.302161
0.320218
0.336604
0.351737
0.366658
0.383729
0.400921
0.376902
)
;

boundaryField
{
    frontAndBack
    {
        type            empty;
    }
    inlet
    {
        type            zeroGradient;
    }
    outlet
    {
        type            fixedValue;
        value           uniform 0;
    }
    walls
    {
        type            zeroGradient;
    }
}


// ************************************************************************* //
