/*--------------------------------*- C++ -*----------------------------------*\
| =========                 |                                                 |
| \\      /  F ield         | OpenFOAM: The Open Source CFD Toolbox           |
|  \\    /   O peration     | Version:  v2012                                 |
|   \\  /    A nd           | Website:  www.openfoam.com                      |
|    \\/     M anipulation  |                                                 |
\*---------------------------------------------------------------------------*/
FoamFile
{
    version     2.0;
    format      ascii;
    class       volScalarField;
    location    "0.256";
    object      p;
}
// * * * * * * * * * * * * * * * * * * * * * * * * * * * * * * * * * * * * * //

dimensions      [0 2 -2 0 0 0 0];


internalField   nonuniform List<scalar> 
1900
(
-299.624
-300.723
-301.623
-302.284
-302.961
-303.728
-304.533
-305.362
-305.974
-306.578
-300.078
-300.877
-301.705
-302.381
-303.061
-303.822
-304.633
-305.471
-306.231
-307.051
-300.364
-300.929
-301.697
-302.41
-303.107
-303.868
-304.694
-305.578
-306.471
-307.716
-300.548
-300.992
-301.727
-302.469
-303.179
-303.941
-304.785
-305.71
-306.722
-308.096
-300.646
-301.04
-301.754
-302.506
-303.222
-303.987
-304.848
-305.808
-306.889
-308.278
-300.663
-301.062
-301.781
-302.536
-303.255
-304.028
-304.905
-305.89
-307.005
-308.372
-300.597
-301.057
-301.808
-302.558
-303.278
-304.061
-304.952
-305.952
-307.079
-308.403
-300.446
-301.037
-301.831
-302.558
-303.27
-304.066
-304.97
-305.98
-307.11
-308.392
-300.189
-301.031
-301.892
-302.58
-303.278
-304.078
-304.986
-305.996
-307.119
-308.361
-299.755
-300.93
-301.882
-302.563
-303.26
-304.074
-304.993
-306.01
-307.136
-308.358
-305.92
-318.28
-337.563
-339.209
-320.08
-286.053
-243.02
-198.244
-157.319
-122.53
-94.1807
-71.7604
-54.3001
-40.7527
-30.1803
-21.8415
-15.2127
-9.87921
-5.51184
-1.88853
1.12468
3.64303
5.78565
7.63274
9.22403
10.5854
11.7522
12.7745
13.6697
14.4487
15.1235
15.7041
16.2037
16.6316
16.994
17.3002
17.5549
17.761
17.9249
18.0519
18.1459
18.2095
18.2431
18.2475
18.2255
18.181
18.1168
18.0334
17.9311
17.811
17.674
17.5214
17.355
17.1758
16.9841
16.7802
16.5647
16.3381
16.1012
15.8549
15.5995
15.3351
15.0619
14.78
14.4897
14.1911
13.8851
13.5716
13.2506
12.9222
12.5866
12.2442
11.895
11.5391
11.1765
10.8074
10.4319
10.0501
9.66209
9.26814
8.86805
8.46226
8.05053
7.63322
7.21018
6.78164
6.34753
5.90806
5.4633
5.01342
4.55854
4.09881
3.63412
3.16497
2.69013
2.21242
1.72482
1.24262
0.733529
0.279206
-309.338
-321.606
-333.413
-332.127
-313.08
-280.334
-239.753
-197.437
-158.32
-124.593
-96.6696
-74.2438
-56.5666
-42.6955
-31.7804
-23.1288
-16.2279
-10.6631
-6.11076
-2.35264
0.751945
3.34285
5.55011
7.44708
9.07087
10.4596
11.6506
12.6889
13.5929
14.3775
15.0563
15.639
16.1358
16.5607
16.9261
17.2368
17.4949
17.7046
17.8722
18.0028
18.1003
18.1672
18.2021
18.2073
18.1861
18.1424
18.0786
17.996
17.8946
17.7754
17.6393
17.4872
17.3212
17.1424
16.951
16.7475
16.5326
16.3064
16.0699
15.824
15.5688
15.3046
15.0319
14.7501
14.4598
14.1615
13.8557
13.5424
13.2216
12.8933
12.5579
12.2155
11.8664
11.5105
11.148
10.7789
10.4034
10.0216
9.63366
9.23963
8.83953
8.43367
8.02191
7.60454
7.18146
6.75288
6.31875
5.8793
5.43459
4.98481
4.53008
4.07057
3.60636
3.13767
2.66449
2.1874
1.70543
1.22184
0.729543
0.251889
-310.272
-317.921
-326.264
-324.073
-306.103
-275.372
-237.271
-197.127
-159.468
-126.594
-99.0036
-76.5649
-58.6874
-44.5323
-33.3228
-24.4124
-17.288
-11.5309
-6.82464
-2.95042
0.251617
2.93541
5.22709
7.18626
8.85285
10.2796
11.5118
12.5818
13.5056
14.3033
14.992
15.583
16.0833
16.5092
16.8782
17.1923
17.4521
17.6626
17.8307
17.9621
18.059
18.1239
18.1576
18.1626
18.1425
18.1004
18.0384
17.957
17.8568
17.7394
17.6051
17.4546
17.2898
17.1117
16.9208
16.7174
16.502
16.2756
16.0393
15.7934
15.5383
15.2743
15.002
14.7206
14.4305
14.1326
13.8271
13.514
13.1934
12.8652
12.5299
12.1876
11.8386
11.4828
11.1202
10.7512
10.3756
9.99382
9.60581
9.21172
8.81156
8.4056
7.99378
7.57632
7.15318
6.72453
6.2904
5.85093
5.40627
4.95656
4.50199
4.04269
3.57897
3.11074
2.63925
2.16288
1.68651
1.20184
0.72711
0.223764
-310.493
-316.295
-321.94
-318.558
-301.09
-271.666
-235.204
-196.608
-160.107
-127.984
-100.75
-78.371
-60.3712
-46.008
-34.5714
-25.4518
-18.1392
-12.2199
-7.38707
-3.41704
-0.132458
2.61906
4.95651
6.94491
8.63448
10.08
11.3295
12.415
13.3509
14.158
14.8587
15.4661
15.985
16.4274
16.8086
17.1329
17.4023
17.6214
17.7958
17.9316
18.0295
18.0935
18.1271
18.1325
18.1129
18.0716
18.0098
17.9281
17.8268
17.7076
17.5722
17.4218
17.2578
17.0803
16.89
16.6867
16.471
16.2448
16.009
15.7638
15.5092
15.2454
14.9725
14.6908
14.4009
14.1033
13.7981
13.4851
13.1647
12.8367
12.5016
12.1594
11.8104
11.4546
11.092
10.723
10.3474
9.96548
9.57735
9.18317
8.78291
8.37682
7.96489
7.54732
7.12412
6.6954
6.26127
5.82179
5.37721
4.92757
4.47319
4.01409
3.55088
3.08314
2.61334
2.13774
1.66707
1.18108
0.723987
0.195999
-310.519
-314.806
-318.112
-313.455
-296.276
-267.995
-233.033
-195.921
-160.56
-129.163
-102.282
-79.9763
-61.8752
-47.3351
-35.7038
-26.3986
-18.9199
-12.8582
-7.90961
-3.84944
-0.489244
2.32613
4.70922
6.73038
8.44923
9.92087
11.1909
12.2919
13.2411
14.059
14.766
15.3764
15.8998
16.3467
16.7276
17.0522
17.323
17.5442
17.7212
17.8599
17.9617
18.0313
18.0719
18.0839
18.0703
18.0339
17.9761
17.8975
17.7987
17.6809
17.5465
17.3971
17.2336
17.0565
16.8666
16.6633
16.4476
16.2214
15.9856
15.7401
15.4852
15.2206
14.9463
14.6636
14.3733
14.0753
13.7697
13.4562
13.1354
12.8068
12.4715
12.129
11.7797
11.4237
11.0609
10.6917
10.3161
9.93411
9.54591
9.15171
8.75158
8.3456
7.93374
7.51617
7.09304
6.66433
6.23031
5.7909
5.34648
4.89697
4.44286
3.98404
3.52136
3.05418
2.58601
2.1113
1.64589
1.15931
0.718399
0.171097
-310.401
-313.51
-315.042
-309.399
-292.508
-265.229
-231.494
-195.546
-161.05
-130.179
-103.557
-81.2989
-63.1067
-48.4179
-36.6309
-27.1742
-19.5556
-13.3781
-8.33863
-4.20469
-0.783704
2.08198
4.5027
6.55151
8.29322
9.78446
11.07
12.1805
13.1387
13.9649
14.6783
15.2939
15.8227
16.2762
16.6625
16.9891
17.2626
17.4874
17.6685
17.8103
17.9138
17.9825
18.0223
18.0342
18.0204
17.9834
17.9247
17.8454
17.7466
17.6296
17.4967
17.349
17.1872
17.0119
16.8237
16.6225
16.4089
16.1844
15.9499
15.7055
15.4515
15.1877
14.9141
14.632
14.342
14.044
13.738
13.4242
13.1029
12.7739
12.4382
12.0954
11.7458
11.3895
11.0266
10.6573
10.2817
9.89968
9.5116
9.11744
8.71743
8.31149
7.89975
7.48228
7.05929
6.6307
6.19685
5.7576
5.3134
4.86411
4.4103
3.95184
3.4897
3.02317
2.55646
2.08288
1.62171
1.13605
0.707809
0.152307
-310.211
-312.446
-312.668
-306.232
-289.502
-262.956
-230.135
-195.077
-161.265
-130.839
-104.47
-82.2828
-64.0482
-49.2678
-37.3715
-27.8045
-20.0783
-13.8072
-8.69896
-4.50957
-1.03597
1.87389
4.32256
6.39037
8.1523
9.66309
10.9625
12.0807
13.0449
13.8803
14.6014
15.2217
15.7554
16.2122
16.6026
16.9333
17.2088
17.4349
17.6183
17.7614
17.8668
17.9372
17.9781
17.9921
17.9803
17.9448
17.8868
17.8083
17.7104
17.5946
17.462
17.3139
17.1511
16.9747
16.7854
16.5833
16.3689
16.1434
15.9076
15.6624
15.4076
15.1433
14.8695
14.5872
14.2971
13.9992
13.6935
13.38
13.0591
12.7308
12.3958
12.0536
11.7047
11.3489
10.9866
10.6177
10.2427
9.86109
9.47357
9.07977
8.68009
8.27441
7.86304
7.44596
7.02332
6.59511
6.16159
5.7227
5.27883
4.8299
4.37646
3.91841
3.45682
2.99098
2.52542
2.05315
1.59468
1.11176
0.690364
0.143275
-310.015
-311.623
-310.915
-303.873
-287.218
-261.199
-229.052
-194.667
-161.383
-131.314
-105.167
-83.052
-64.7936
-49.9586
-37.9854
-28.3236
-20.5108
-14.1767
-9.01348
-4.76565
-1.24257
1.69462
4.16142
6.25258
8.03851
9.56393
10.8676
11.9915
12.9665
13.8123
14.5384
15.159
15.6938
16.1554
16.5508
16.8842
17.1598
17.3856
17.57
17.7159
17.8236
17.8948
17.9354
17.9495
17.9385
17.9034
17.8455
17.7668
17.6688
17.553
17.4202
17.2717
17.1087
16.9323
16.743
16.5412
16.3269
16.1012
15.8651
15.6196
15.3647
15.1001
14.826
14.5433
14.2526
13.9542
13.648
13.3341
13.0128
12.6841
12.3488
12.0062
11.6571
11.3012
10.9389
10.57
10.195
9.81355
9.42622
9.03275
8.63341
8.22824
7.81745
7.40102
6.97899
6.55146
6.11859
5.68038
5.23714
4.78884
4.33596
3.87848
3.41752
2.9524
2.48773
2.01695
1.55962
1.08117
0.660167
0.138638
-309.857
-311.037
-309.718
-302.258
-285.629
-259.948
-228.242
-194.297
-161.363
-131.533
-105.534
-83.4747
-65.2205
-50.3547
-38.3278
-28.6146
-20.7624
-14.3934
-9.19479
-4.91793
-1.37331
1.58137
4.06238
6.1654
7.9584
9.48755
10.7954
11.9245
12.9045
13.7528
14.4799
15.1021
15.6398
16.1048
16.502
16.836
17.1123
17.3395
17.5258
17.6734
17.7818
17.8536
17.8947
17.9099
17.9002
17.866
17.8087
17.7304
17.6331
17.5181
17.3861
17.2383
17.0759
16.8999
16.7109
16.5094
16.2954
16.0699
15.8341
15.5889
15.3343
15.07
14.7963
14.5139
14.2238
13.926
13.6205
13.3073
12.9866
12.6587
12.3245
11.9825
11.6338
11.2784
10.9166
10.5483
10.1737
9.79276
9.40572
9.01249
8.61327
8.20803
7.79719
7.38068
6.95863
6.53103
6.09814
5.65988
5.21664
4.7683
4.31544
3.85806
3.39724
2.93224
2.46757
1.99756
1.5398
1.06572
0.639696
0.148961
-309.8
-310.777
-309.168
-301.516
-284.924
-259.448
-228.002
-194.311
-161.572
-131.866
-105.94
-83.9015
-65.6283
-50.7247
-38.659
-28.9102
-21.0223
-14.6198
-9.39602
-5.1015
-1.53711
1.44369
3.9404
6.05073
7.8497
9.38642
10.7007
11.8327
12.8146
13.6655
14.3959
15.0206
15.5598
16.0262
16.4252
16.7609
17.0387
17.2671
17.4544
17.6029
17.7125
17.7854
17.8275
17.8434
17.8344
17.801
17.7443
17.6666
17.57
17.4555
17.3241
17.1768
17.0148
16.8392
16.6507
16.4497
16.2362
16.0112
15.7759
15.5311
15.2769
15.013
14.7397
14.4576
14.1677
13.87
13.5647
13.2515
12.9309
12.603
12.2685
11.9275
11.5792
11.2239
10.8622
10.494
10.1196
9.73896
9.35211
8.95915
8.56027
8.15564
7.74506
7.32878
6.90691
6.47945
6.04664
5.60843
5.16525
4.7169
4.26412
3.80676
3.34616
2.88156
2.41692
1.9479
1.48892
1.02009
0.591356
0.112921
-314.074
-315.343
-316.52
-316.764
-316.247
-314.977
-313.671
-313.763
-333.209
-334.725
-335.671
-336.006
-335.685
-334.97
-334.107
-333.758
-348.322
-351.158
-352.674
-353.24
-353.13
-352.82
-352.512
-352.173
-346.898
-350.263
-352.116
-352.863
-352.69
-352.175
-351.696
-351.058
-325.752
-328.652
-330.388
-330.947
-330.606
-329.869
-329.085
-328.157
-289.994
-292.05
-293.342
-293.796
-293.47
-292.522
-291.109
-289.509
-244.965
-246.038
-246.888
-247.289
-247.031
-246.003
-244.218
-242.159
-198.426
-198.458
-198.712
-198.926
-198.648
-197.567
-195.616
-193.372
-156.29
-155.594
-155.332
-155.237
-154.834
-153.719
-151.764
-149.558
-120.788
-119.665
-119.119
-118.847
-118.357
-117.254
-115.406
-113.363
-92.2213
-90.9956
-90.3486
-89.9544
-89.3931
-88.3488
-86.6745
-84.8484
-69.8818
-68.7287
-68.092
-67.6279
-67.0274
-66.068
-64.5941
-63.0105
-52.6425
-51.6321
-51.0429
-50.5767
-49.9959
-49.1319
-47.8537
-46.4922
-39.3764
-38.5391
-38.0346
-37.6036
-37.0682
-36.3075
-35.2181
-34.0639
-29.0819
-28.4017
-27.959
-27.5617
-27.0872
-26.4318
-25.5105
-24.5337
-20.9974
-20.4591
-20.0574
-19.6787
-19.2629
-18.7044
-17.9261
-17.0842
-14.5764
-14.1516
-13.7996
-13.4559
-13.0911
-12.6119
-11.9513
-11.1946
-9.40338
-9.06746
-8.77044
-8.47303
-8.15412
-7.74061
-7.17794
-6.49951
-5.15589
-4.89111
-4.64493
-4.39173
-4.11453
-3.75576
-3.27264
-2.68372
-1.61684
-1.40787
-1.20353
-0.988689
-0.748379
-0.435726
-0.0164019
0.494371
1.34626
1.51862
1.69505
1.87713
2.08489
2.35829
2.72491
3.17092
3.83267
3.98008
4.13615
4.29341
4.47552
4.71714
5.04077
5.43406
5.94564
6.06941
6.20399
6.34228
6.5057
6.7228
7.01207
7.36282
7.76803
7.87283
7.98858
8.11103
8.25843
8.45451
8.71472
9.02995
9.34209
9.43406
9.53739
9.64809
9.78228
9.96039
10.1956
10.4804
10.6967
10.7843
10.8759
10.976
11.0992
11.2623
11.4763
11.7352
11.8609
11.9482
12.0317
12.1226
12.2355
12.3853
12.5808
12.8175
12.8722
12.952
13.0282
13.1127
13.2182
13.3572
13.5374
13.7553
13.7569
13.8293
13.8994
13.9783
14.0771
14.2065
14.3731
14.5747
14.5267
14.5932
14.6588
14.7333
14.8264
14.9475
15.1021
15.2892
15.1936
15.2547
15.3161
15.3865
15.4744
15.5881
15.732
15.9062
15.7675
15.8237
15.8815
15.9482
16.0316
16.1387
16.2729
16.4357
16.2629
16.314
16.3679
16.4311
16.5102
16.6113
16.737
16.8897
16.6876
16.7346
16.7853
16.8453
16.9206
17.0163
17.1344
17.2781
17.0471
17.0918
17.1404
17.1981
17.2701
17.3611
17.4724
17.608
17.3508
17.3937
17.4405
17.4959
17.565
17.6517
17.7567
17.8851
17.6032
17.6444
17.6895
17.7429
17.8093
17.892
17.9914
18.1131
17.8073
17.8472
17.891
17.9426
18.0066
18.0858
18.1801
18.2958
17.9694
18.0079
18.0503
18.1004
18.1622
18.2382
18.3278
18.4382
18.0945
18.1318
18.173
18.2216
18.2814
18.3544
18.4398
18.5452
18.1866
18.2228
18.2628
18.31
18.3678
18.4381
18.5196
18.6205
18.2485
18.2834
18.3222
18.368
18.424
18.4916
18.5695
18.6663
18.2808
18.3146
18.3523
18.3968
18.4512
18.5164
18.5909
18.684
18.2841
18.3172
18.3542
18.3977
18.4507
18.5138
18.5852
18.6748
18.2612
18.2938
18.3301
18.3728
18.4245
18.4857
18.5543
18.6407
18.2161
18.248
18.2836
18.3253
18.3757
18.4351
18.5011
18.5846
18.1515
18.1825
18.2173
18.2581
18.3072
18.3648
18.4284
18.5092
18.0672
18.0977
18.1319
18.172
18.22
18.276
18.3373
18.4156
17.9642
17.9943
18.028
18.0674
18.1144
18.1689
18.228
18.304
17.8434
17.8731
17.9063
17.945
17.991
18.044
18.1011
18.175
17.7058
17.735
17.7677
17.8057
17.8508
17.9025
17.9578
18.0296
17.5529
17.5818
17.614
17.6515
17.6957
17.7462
17.7997
17.8697
17.3862
17.4148
17.4466
17.4836
17.527
17.5764
17.6283
17.6966
17.2067
17.235
17.2665
17.3029
17.3456
17.3938
17.4442
17.5109
17.0146
17.0425
17.0737
17.1096
17.1516
17.1988
17.2478
17.3129
16.8104
16.838
16.8688
16.9042
16.9455
16.9917
17.0393
17.103
16.5944
16.6217
16.6522
16.6871
16.7277
16.773
16.8193
16.8817
16.3675
16.3945
16.4247
16.4592
16.4992
16.5436
16.5886
16.6498
16.1303
16.1571
16.187
16.2212
16.2606
16.3041
16.3481
16.4081
15.8839
15.9105
15.9401
15.9738
16.0127
16.0554
16.0983
16.1572
15.6282
15.6546
15.6839
15.7173
15.7556
15.7976
15.8394
15.8973
15.3636
15.3898
15.4188
15.4518
15.4896
15.5309
15.5717
15.6286
15.0901
15.116
15.1448
15.1774
15.2146
15.2552
15.2951
15.3511
14.8079
14.8336
14.8621
14.8944
14.9311
14.971
15.01
15.0651
14.5174
14.5428
14.5711
14.603
14.6392
14.6786
14.7167
14.771
14.2187
14.2441
14.2722
14.3038
14.3397
14.3784
14.4157
14.4693
13.9125
13.9377
13.9656
13.997
14.0324
14.0706
14.1072
14.1601
13.5989
13.624
13.6516
13.6827
13.7177
13.7554
13.7913
13.8434
13.2777
13.3027
13.3301
13.3609
13.3956
13.4327
13.4679
13.5195
12.9492
12.974
13.0013
13.0319
13.0661
13.1028
13.1373
13.1883
12.6135
12.6382
12.6653
12.6957
12.7296
12.7658
12.7998
12.8502
12.271
12.2956
12.3226
12.3527
12.3863
12.422
12.4554
12.5052
11.9217
11.9462
11.973
12.0029
12.0362
12.0716
12.1044
12.1538
11.5657
11.5901
11.6168
11.6465
11.6795
11.7144
11.7467
11.7956
11.2031
11.2274
11.254
11.2835
11.3162
11.3509
11.3826
11.4311
10.834
10.8582
10.8847
10.914
10.9464
10.9807
11.012
11.06
10.4584
10.4826
10.509
10.5382
10.5703
10.6042
10.6351
10.6827
10.0766
10.1007
10.127
10.156
10.1879
10.2215
10.2518
10.2991
9.68856
9.71268
9.73889
9.76775
9.79945
9.83271
9.86269
9.90957
9.2946
9.31866
9.34477
9.37345
9.40489
9.43781
9.46735
9.51386
8.89453
8.91859
8.94465
8.97321
9.00445
9.03711
9.06629
9.11248
8.48874
8.51275
8.53872
8.56713
8.59812
8.63047
8.65923
8.70507
8.07702
8.10103
8.12695
8.15525
8.18606
8.21818
8.24663
8.2922
7.65974
7.68373
7.70959
7.73775
7.76836
7.80022
7.82838
7.87372
7.23672
7.26071
7.28652
7.31459
7.34503
7.37669
7.40493
7.45073
6.80818
6.83213
6.85787
6.88581
6.91603
6.94737
6.97543
7.02133
6.37405
6.39796
6.42362
6.45143
6.48148
6.51258
6.54036
6.58602
5.93453
5.95838
5.98394
6.01162
6.04148
6.07235
6.09985
6.14526
5.48971
5.51347
5.53891
5.56641
5.59605
5.62666
5.65383
5.69892
5.03973
5.0634
5.08872
5.11607
5.14552
5.17594
5.20286
5.24773
4.58468
4.60818
4.6333
4.6604
4.68955
4.71963
4.74616
4.79061
4.12477
4.14811
4.17306
4.19998
4.22891
4.2588
4.28514
4.3295
3.65964
3.68261
3.7072
3.73373
3.76226
3.79177
3.81769
3.86164
3.19011
3.21276
3.23701
3.26319
3.29134
3.3205
3.3461
3.3898
2.71389
2.73546
2.75875
2.78412
2.81161
2.8403
2.86559
2.90918
2.23571
2.25685
2.27964
2.30441
2.33123
2.35923
2.3839
2.42681
1.74346
1.7611
1.78102
1.80358
1.82889
1.85612
1.8807
1.92463
1.26278
1.28122
1.3012
1.32309
1.34702
1.37226
1.39483
1.43515
0.73932
0.74689
0.757981
0.773175
0.792871
0.815953
0.834899
0.883318
0.302162
0.320218
0.336605
0.351738
0.366659
0.38373
0.400922
0.376903
)
;

boundaryField
{
    frontAndBack
    {
        type            empty;
    }
    inlet
    {
        type            zeroGradient;
    }
    outlet
    {
        type            fixedValue;
        value           uniform 0;
    }
    walls
    {
        type            zeroGradient;
    }
}


// ************************************************************************* //
