/*--------------------------------*- C++ -*----------------------------------*\
| =========                 |                                                 |
| \\      /  F ield         | OpenFOAM: The Open Source CFD Toolbox           |
|  \\    /   O peration     | Version:  v2012                                 |
|   \\  /    A nd           | Website:  www.openfoam.com                      |
|    \\/     M anipulation  |                                                 |
\*---------------------------------------------------------------------------*/
FoamFile
{
    version     2.0;
    format      ascii;
    class       volScalarField;
    location    "0.219";
    object      p;
}
// * * * * * * * * * * * * * * * * * * * * * * * * * * * * * * * * * * * * * //

dimensions      [0 2 -2 0 0 0 0];


internalField   nonuniform List<scalar> 
5600
(
-0.710879
-1.16899
-1.54924
-1.86774
-2.17913
-2.48896
-2.79057
-3.07201
-3.33499
-3.58605
-3.82144
-4.04694
-4.2609
-4.46717
-4.66803
-4.86235
-5.05669
-5.24468
-5.4327
-5.61774
-5.80019
-5.98109
-6.15798
-6.33518
-6.50895
-6.68326
-6.85531
-7.02633
-7.1978
-7.36708
-7.53746
-7.70615
-7.87433
-8.04241
-8.20929
-8.37627
-8.54183
-8.70773
-8.87218
-9.03655
-9.20024
-9.36325
-9.52568
-9.6874
-9.84872
-10.0092
-10.1696
-10.3292
-10.4885
-10.6473
-10.8054
-10.9633
-11.1208
-11.2777
-11.4342
-11.5902
-11.746
-11.9011
-12.0561
-12.2101
-12.3641
-12.5178
-12.6708
-12.8239
-12.9763
-13.1286
-13.2806
-13.4316
-13.5824
-13.7329
-13.8833
-14.0333
-14.1834
-14.3331
-14.4824
-14.6315
-14.7802
-14.9287
-15.0767
-15.2246
-15.3723
-15.5199
-15.6672
-15.8146
-15.9616
-16.1085
-16.2551
-16.4016
-16.5478
-16.6936
-16.8391
-16.9843
-17.1302
-17.276
-17.4225
-17.5691
-17.7182
-17.8716
-18.028
-18.2661
-0.769915
-1.18918
-1.56583
-1.88559
-2.19711
-2.50727
-2.80886
-3.0905
-3.35389
-3.60497
-3.84058
-4.06639
-4.28068
-4.48732
-4.68855
-4.88316
-5.07783
-5.26604
-5.45421
-5.63939
-5.82197
-6.00304
-6.17996
-6.3573
-6.53117
-6.70563
-6.87777
-7.04885
-7.22045
-7.3898
-7.56028
-7.72903
-7.89723
-8.06535
-8.23225
-8.39929
-8.56486
-8.73081
-8.89528
-9.05969
-9.22341
-9.38644
-9.54893
-9.71064
-9.87201
-10.0325
-10.1929
-10.3525
-10.5118
-10.6706
-10.8287
-10.9867
-11.1441
-11.301
-11.4575
-11.6134
-11.7693
-11.9243
-12.0793
-12.2334
-12.3874
-12.541
-12.694
-12.8471
-12.9995
-13.1518
-13.3037
-13.4547
-13.6056
-13.756
-13.9064
-14.0565
-14.2065
-14.3563
-14.5055
-14.6546
-14.8033
-14.9518
-15.0998
-15.2477
-15.3954
-15.543
-15.6903
-15.8377
-15.9846
-16.1316
-16.2782
-16.4248
-16.5708
-16.7167
-16.862
-17.0075
-17.153
-17.2995
-17.4449
-17.5932
-17.7393
-17.8966
-18.048
-18.2786
-0.808157
-1.20182
-1.57854
-1.89899
-2.20833
-2.51595
-2.81652
-3.09766
-3.36099
-3.61148
-3.84706
-4.07285
-4.28715
-4.49392
-4.69486
-4.88992
-5.0842
-5.2727
-5.4608
-5.64589
-5.82865
-6.00955
-6.18682
-6.36405
-6.538
-6.71229
-6.88446
-7.05551
-7.22699
-7.39631
-7.56671
-7.73542
-7.90366
-8.07179
-8.23868
-8.40569
-8.57125
-8.73716
-8.9016
-9.06595
-9.22962
-9.39259
-9.555
-9.71663
-9.87793
-10.0384
-10.1988
-10.3584
-10.5178
-10.6766
-10.8347
-10.9927
-11.1501
-11.307
-11.4636
-11.6196
-11.7755
-11.9306
-12.0857
-12.2398
-12.3938
-12.5475
-12.7006
-12.8538
-13.0062
-13.1585
-13.3106
-13.4616
-13.6125
-13.7629
-13.9134
-14.0635
-14.2135
-14.3633
-14.5126
-14.6618
-14.8105
-14.959
-15.107
-15.2549
-15.4026
-15.5502
-15.6976
-15.845
-15.9919
-16.139
-16.2855
-16.4321
-16.5782
-16.7242
-16.8694
-17.015
-17.1604
-17.3069
-17.4524
-17.6007
-17.7472
-17.905
-18.0555
-18.2778
-0.856863
-1.21832
-1.5939
-1.91587
-2.2239
-2.53055
-2.83158
-3.11324
-3.37732
-3.62801
-3.86421
-4.09001
-4.30483
-4.51184
-4.71262
-4.90798
-5.10164
-5.29029
-5.47787
-5.66266
-5.84541
-6.02603
-6.20356
-6.38061
-6.5549
-6.72936
-6.90191
-7.07333
-7.245
-7.41459
-7.58512
-7.75401
-7.92226
-8.09042
-8.25741
-8.4245
-8.59016
-8.75614
-8.92073
-9.08517
-9.24899
-9.41212
-9.57471
-9.73655
-9.89802
-10.0585
-10.219
-10.3786
-10.5381
-10.6969
-10.8551
-11.0131
-11.1706
-11.3276
-11.4841
-11.64
-11.7958
-11.9509
-12.1058
-12.2598
-12.4138
-12.5674
-12.7203
-12.8735
-13.0258
-13.1781
-13.33
-13.4809
-13.6319
-13.7822
-13.9326
-14.0827
-14.2327
-14.3825
-14.5317
-14.6808
-14.8296
-14.978
-15.126
-15.2739
-15.4216
-15.5692
-15.7165
-15.8639
-16.0109
-16.1578
-16.3045
-16.4509
-16.5971
-16.7429
-16.8883
-17.0337
-17.1794
-17.3255
-17.4713
-17.6188
-17.7661
-17.9218
-18.077
-18.2781
-0.906468
-1.23546
-1.60965
-1.93409
-2.24047
-2.54631
-2.84704
-3.12852
-3.39263
-3.64311
-3.87952
-4.10509
-4.32007
-4.52747
-4.72815
-4.92409
-5.11751
-5.30657
-5.49421
-5.679
-5.86188
-6.04235
-6.22011
-6.39672
-6.5711
-6.74519
-6.91754
-7.08897
-7.26011
-7.42986
-7.60015
-7.76905
-7.93742
-8.10556
-8.27268
-8.43969
-8.60546
-8.77132
-8.93596
-9.10034
-9.26407
-9.42712
-9.58957
-9.75134
-9.91269
-10.0732
-10.2336
-10.3932
-10.5526
-10.7114
-10.8694
-11.0274
-11.1848
-11.3416
-11.4982
-11.6542
-11.8101
-11.9652
-12.1203
-12.2745
-12.4284
-12.5822
-12.7353
-12.8886
-13.041
-13.1933
-13.3454
-13.4964
-13.6474
-13.7978
-13.9483
-14.0984
-14.2484
-14.3982
-14.5475
-14.6967
-14.8455
-14.9939
-15.142
-15.2899
-15.4377
-15.5852
-15.7326
-15.88
-16.027
-16.1739
-16.3207
-16.4671
-16.6133
-16.7591
-16.9046
-17.05
-17.1957
-17.3418
-17.4876
-17.6351
-17.7821
-17.9375
-18.0898
-18.2833
-0.956482
-1.25478
-1.62696
-1.95436
-2.25906
-2.56401
-2.86428
-3.14587
-3.41016
-3.66078
-3.89753
-4.12341
-4.33862
-4.54638
-4.74717
-4.94335
-5.13668
-5.32594
-5.51354
-5.69832
-5.88111
-6.06141
-6.23948
-6.41589
-6.59052
-6.76457
-6.93688
-7.1086
-7.27948
-7.44934
-7.61946
-7.78839
-7.95674
-8.12468
-8.29186
-8.45856
-8.62446
-8.79009
-8.95477
-9.11911
-9.28283
-9.4461
-9.6086
-9.77046
-9.93187
-10.0925
-10.2529
-10.4126
-10.5721
-10.731
-10.8891
-11.0472
-11.2046
-11.3616
-11.5182
-11.6742
-11.8301
-11.9852
-12.1402
-12.2944
-12.4484
-12.6021
-12.755
-12.9081
-13.0605
-13.2128
-13.3649
-13.5158
-13.6667
-13.8172
-13.9675
-14.1177
-14.2677
-14.4174
-14.5668
-14.7159
-14.8647
-15.0131
-15.1612
-15.3091
-15.4569
-15.6044
-15.7518
-15.8992
-16.0462
-16.1931
-16.3398
-16.4863
-16.6325
-16.7783
-16.9237
-17.0691
-17.2148
-17.3609
-17.5067
-17.654
-17.8009
-17.9549
-18.106
-18.2904
-1.00589
-1.27659
-1.64606
-1.97665
-2.27983
-2.58386
-2.88371
-3.1655
-3.42992
-3.68058
-3.9176
-4.14359
-4.35896
-4.56683
-4.76778
-4.96409
-5.15735
-5.34683
-5.53434
-5.71913
-5.90198
-6.08224
-6.26042
-6.43683
-6.61155
-6.78556
-6.95787
-7.12971
-7.30052
-7.47044
-7.64045
-7.80946
-7.97784
-8.14568
-8.31305
-8.47952
-8.64563
-8.81109
-8.97579
-9.1401
-9.3037
-9.46703
-9.62947
-9.79126
-9.95251
-10.1132
-10.2734
-10.4331
-10.5924
-10.7513
-10.9094
-11.0674
-11.2248
-11.3818
-11.5385
-11.6944
-11.8504
-12.0056
-12.1605
-12.3148
-12.4687
-12.6224
-12.7754
-12.9286
-13.0811
-13.2333
-13.3854
-13.5364
-13.6873
-13.8379
-13.9882
-14.1384
-14.2884
-14.4381
-14.5876
-14.7366
-14.8855
-15.0339
-15.182
-15.33
-15.4777
-15.6253
-15.7727
-15.92
-16.0671
-16.2141
-16.3607
-16.5072
-16.6534
-16.7992
-16.9447
-17.0901
-17.2358
-17.3819
-17.5276
-17.6746
-17.8213
-17.9737
-18.1231
-18.2977
-1.05287
-1.30106
-1.66752
-2.00112
-2.30304
-2.60618
-2.90569
-3.18767
-3.45217
-3.70282
-3.94012
-4.16616
-4.38175
-4.58969
-4.79088
-4.98731
-5.18055
-5.37023
-5.55767
-5.74251
-5.92535
-6.10562
-6.28379
-6.46022
-6.63502
-6.80896
-6.98133
-7.15316
-7.32397
-7.49399
-7.66391
-7.83295
-8.00136
-8.16914
-8.33658
-8.50301
-8.66915
-8.83455
-8.99934
-9.16364
-9.32725
-9.4905
-9.65295
-9.81476
-9.97597
-10.1367
-10.2969
-10.4566
-10.6159
-10.7747
-10.9329
-11.0908
-11.2482
-11.4052
-11.5617
-11.7179
-11.8736
-12.0289
-12.1836
-12.3379
-12.4919
-12.6454
-12.7987
-12.9516
-13.1042
-13.2563
-13.4083
-13.5595
-13.7103
-13.861
-14.0113
-14.1615
-14.3116
-14.4612
-14.6107
-14.7597
-14.9087
-15.0571
-15.2051
-15.3531
-15.5009
-15.6484
-15.7959
-15.9431
-16.0903
-16.2372
-16.3838
-16.5303
-16.6765
-16.8223
-16.9678
-17.1133
-17.2589
-17.4049
-17.5506
-17.6973
-17.8437
-17.9942
-18.1413
-18.3057
-1.09585
-1.32811
-1.69189
-2.02791
-2.32889
-2.63131
-2.93057
-3.21267
-3.47722
-3.72788
-3.96543
-4.19148
-4.40727
-4.61524
-4.81662
-5.01313
-5.20632
-5.39614
-5.58351
-5.76841
-5.95118
-6.13147
-6.30962
-6.48609
-6.66097
-6.83483
-7.00729
-7.17906
-7.34993
-7.52002
-7.68985
-7.8589
-8.02733
-8.1951
-8.36252
-8.52899
-8.69511
-8.8605
-9.02531
-9.1896
-9.35324
-9.51642
-9.67889
-9.84071
-10.0019
-10.1627
-10.3229
-10.4826
-10.6419
-10.8006
-10.9589
-11.1168
-11.2742
-11.4312
-11.5877
-11.7439
-11.8995
-12.0549
-12.2094
-12.3638
-12.5178
-12.6712
-12.8246
-12.9774
-13.13
-13.2821
-13.434
-13.5853
-13.736
-13.8868
-14.037
-14.1872
-14.3374
-14.4868
-14.6363
-14.7853
-14.9341
-15.0826
-15.2306
-15.3786
-15.5263
-15.6738
-15.8214
-15.9686
-16.1158
-16.2628
-16.4093
-16.5558
-16.7021
-16.8478
-16.9933
-17.1388
-17.2844
-17.4304
-17.576
-17.7224
-17.8681
-18.0167
-18.1611
-18.3143
-1.13303
-1.35729
-1.71976
-2.05719
-2.3576
-2.65964
-2.95879
-3.24093
-3.5055
-3.75616
-3.99389
-4.21991
-4.43584
-4.64378
-4.84529
-5.04186
-5.23501
-5.42494
-5.61226
-5.79723
-5.97992
-6.16023
-6.33838
-6.51485
-6.68981
-6.86358
-7.03613
-7.20782
-7.37875
-7.54889
-7.71865
-7.88772
-8.05615
-8.22394
-8.39131
-8.55784
-8.72392
-8.88933
-9.05412
-9.21846
-9.38208
-9.54524
-9.70771
-9.86953
-10.0308
-10.1915
-10.3517
-10.5114
-10.6707
-10.8294
-10.9877
-11.1456
-11.303
-11.4601
-11.6165
-11.7727
-11.9283
-12.0837
-12.2383
-12.3927
-12.5466
-12.7001
-12.8535
-13.0062
-13.1588
-13.311
-13.4628
-13.6142
-13.7648
-13.9157
-14.0658
-14.216
-14.3662
-14.5156
-14.6652
-14.8142
-14.9627
-15.1114
-15.2593
-15.4074
-15.555
-15.7024
-15.85
-15.9972
-16.1443
-16.2913
-16.4378
-16.5842
-16.7305
-16.8763
-17.0218
-17.1673
-17.3128
-17.4587
-17.6042
-17.7501
-17.8952
-18.0417
-18.1827
-18.3248
-1.16038
-1.38657
-1.7502
-2.08755
-2.3878
-2.69004
-2.98923
-3.27128
-3.53583
-3.78651
-4.02431
-4.25023
-4.46622
-4.67409
-4.87564
-5.07225
-5.26532
-5.45534
-5.6426
-5.82764
-6.01025
-6.19054
-6.36869
-6.54514
-6.72016
-6.89386
-7.06646
-7.23808
-7.40907
-7.57926
-7.74895
-7.91802
-8.08647
-8.25427
-8.42161
-8.58817
-8.75423
-8.91965
-9.08441
-9.24883
-9.41241
-9.57556
-9.73801
-9.89983
-10.0611
-10.2218
-10.3821
-10.5417
-10.701
-10.8598
-11.018
-11.176
-11.3333
-11.4904
-11.6469
-11.803
-11.9586
-12.1139
-12.2686
-12.423
-12.5769
-12.7304
-12.8837
-13.0365
-13.1891
-13.3413
-13.4931
-13.6445
-13.7952
-13.946
-14.0961
-14.2463
-14.3964
-14.5459
-14.6954
-14.8445
-14.993
-15.1416
-15.2896
-15.4376
-15.5853
-15.7328
-15.8803
-16.0275
-16.1746
-16.3216
-16.4681
-16.6146
-16.7609
-16.9066
-17.0521
-17.1976
-17.3431
-17.4889
-17.6343
-17.7798
-17.9242
-18.0684
-18.206
-18.3385
-1.17517
-1.41321
-1.78028
-2.11602
-2.41656
-2.71958
-3.01893
-3.30079
-3.5653
-3.81598
-4.05375
-4.27951
-4.49548
-4.70322
-4.90474
-5.10135
-5.29433
-5.48439
-5.67158
-5.85669
-6.03922
-6.21947
-6.39763
-6.57405
-6.74912
-6.92277
-7.0954
-7.26695
-7.438
-7.60823
-7.77784
-7.94693
-8.11538
-8.2832
-8.45051
-8.61709
-8.78316
-8.94856
-9.1133
-9.27778
-9.44132
-9.60446
-9.7669
-9.92873
-10.09
-10.2507
-10.411
-10.5706
-10.7299
-10.8887
-11.0469
-11.2049
-11.3622
-11.5193
-11.6758
-11.8319
-11.9876
-12.1428
-12.2976
-12.4518
-12.6058
-12.7594
-12.9125
-13.0654
-13.2179
-13.3701
-13.522
-13.6734
-13.8242
-13.9749
-14.1251
-14.2753
-14.4253
-14.5749
-14.7244
-14.8735
-15.0222
-15.1707
-15.3188
-15.4668
-15.6145
-15.762
-15.9094
-16.0566
-16.2038
-16.3507
-16.4974
-16.6439
-16.7903
-16.9361
-17.0816
-17.2271
-17.3725
-17.5182
-17.6635
-17.8087
-17.9524
-18.0947
-18.2294
-18.3545
-1.17889
-1.43677
-1.80832
-2.14138
-2.44261
-2.74676
-3.04634
-3.32794
-3.5924
-3.84307
-4.08076
-4.30631
-4.52221
-4.72975
-4.93118
-5.12776
-5.32064
-5.51075
-5.69785
-5.88305
-6.0655
-6.2457
-6.42385
-6.60022
-6.77534
-6.94891
-7.12156
-7.29304
-7.46415
-7.6344
-7.80396
-7.97306
-8.1415
-8.30935
-8.47663
-8.64322
-8.80931
-8.97469
-9.13944
-9.30395
-9.46749
-9.6306
-9.79303
-9.95486
-10.1162
-10.2768
-10.4371
-10.5967
-10.756
-10.9148
-11.073
-11.2309
-11.3883
-11.5455
-11.702
-11.858
-12.0137
-12.169
-12.3238
-12.4781
-12.6321
-12.7857
-12.9389
-13.0918
-13.2443
-13.3965
-13.5484
-13.6998
-13.8507
-14.0013
-14.1517
-14.3018
-14.4518
-14.6015
-14.751
-14.9001
-15.0488
-15.1973
-15.3455
-15.4934
-15.6411
-15.7886
-15.936
-16.0832
-16.2303
-16.3772
-16.5239
-16.6703
-16.8165
-16.9623
-17.108
-17.2535
-17.399
-17.5446
-17.6898
-17.8346
-17.9776
-18.1186
-18.2512
-18.3709
-1.17381
-1.45809
-1.8343
-2.16404
-2.4663
-2.77175
-3.0716
-3.35287
-3.61726
-3.86791
-4.10547
-4.33079
-4.54659
-4.75393
-4.95523
-5.15174
-5.34452
-5.53465
-5.72167
-5.90695
-6.08933
-6.26947
-6.44762
-6.62395
-6.79909
-6.97262
-7.14526
-7.31669
-7.48783
-7.6581
-7.82761
-7.99672
-8.16516
-8.333
-8.50027
-8.66684
-8.83293
-8.99824
-9.16305
-9.32756
-9.49113
-9.65418
-9.81667
-9.97848
-10.1398
-10.3005
-10.4608
-10.6205
-10.7797
-10.9386
-11.0968
-11.2547
-11.4122
-11.5694
-11.726
-11.882
-12.0377
-12.1931
-12.3478
-12.5022
-12.6562
-12.8098
-12.9631
-13.1159
-13.2684
-13.4205
-13.5724
-13.7238
-13.8747
-14.0253
-14.1757
-14.3258
-14.4758
-14.6255
-14.7749
-14.9241
-15.0728
-15.2213
-15.3695
-15.5174
-15.6651
-15.8127
-15.96
-16.1073
-16.2544
-16.4014
-16.5482
-16.6948
-16.8411
-16.9868
-17.1323
-17.2778
-17.4232
-17.5687
-17.7139
-17.8586
-18.0015
-18.1407
-18.2716
-18.3874
-1.16248
-1.47755
-1.85793
-2.18427
-2.48783
-2.79465
-3.09489
-3.37581
-3.64011
-3.89071
-4.1281
-4.35312
-4.56876
-4.77591
-4.97706
-5.17347
-5.36613
-5.55625
-5.74319
-5.9285
-6.11083
-6.29088
-6.469
-6.6453
-6.82045
-6.99398
-7.16649
-7.33803
-7.50912
-7.67942
-7.84886
-8.01799
-8.18647
-8.3543
-8.52161
-8.68819
-8.85433
-9.01966
-9.18461
-9.34906
-9.51267
-9.67575
-9.83835
-10.0002
-10.1616
-10.3223
-10.4826
-10.6425
-10.8017
-10.9606
-11.1188
-11.2766
-11.4341
-11.5912
-11.7478
-11.9038
-12.0595
-12.2148
-12.3696
-12.524
-12.6779
-12.8316
-12.9847
-13.1376
-13.2901
-13.4422
-13.5941
-13.7455
-13.8964
-14.047
-14.1973
-14.3475
-14.4974
-14.6471
-14.7965
-14.9456
-15.0943
-15.2428
-15.3909
-15.5388
-15.6864
-15.8339
-15.9813
-16.1284
-16.2755
-16.4224
-16.569
-16.7152
-16.8615
-17.0074
-17.153
-17.2985
-17.444
-17.5895
-17.7345
-17.8789
-18.0212
-18.1606
-18.2904
-18.4035
-1.14694
-1.49553
-1.87917
-2.20245
-2.50737
-2.81543
-3.11615
-3.39672
-3.66102
-3.91156
-4.14884
-4.3736
-4.58895
-4.79589
-4.99694
-5.19326
-5.38589
-5.57589
-5.76295
-5.94825
-6.13059
-6.31051
-6.4886
-6.6648
-6.83993
-7.01343
-7.18586
-7.35757
-7.52856
-7.69898
-7.8684
-8.03757
-8.20618
-8.37409
-8.54153
-8.70819
-8.87441
-9.03983
-9.20479
-9.36916
-9.53273
-9.69577
-9.85837
-10.0202
-10.1815
-10.3423
-10.5026
-10.6624
-10.8216
-10.9805
-11.1387
-11.2965
-11.4541
-11.6111
-11.7677
-11.9237
-12.0795
-12.2347
-12.3895
-12.5439
-12.6978
-12.8515
-13.0047
-13.1576
-13.3101
-13.4622
-13.6141
-13.7655
-13.9165
-14.0671
-14.2175
-14.3676
-14.5175
-14.6672
-14.8167
-14.9658
-15.1146
-15.2631
-15.4113
-15.5592
-15.7069
-15.8545
-16.0019
-16.1491
-16.2963
-16.4433
-16.5901
-16.7367
-16.883
-17.0288
-17.1743
-17.3197
-17.4651
-17.6106
-17.7556
-17.9001
-18.042
-18.1794
-18.308
-18.4191
-1.1282
-1.51222
-1.89822
-2.21931
-2.52555
-2.8345
-3.13546
-3.41552
-3.67979
-3.93014
-4.16706
-4.39211
-4.60696
-4.81355
-5.01435
-5.2105
-5.40298
-5.59282
-5.77995
-5.96508
-6.14747
-6.3274
-6.50571
-6.682
-6.85734
-7.03094
-7.20352
-7.37543
-7.5464
-7.71695
-7.8863
-8.05535
-8.22389
-8.39173
-8.55912
-8.72569
-8.89185
-9.05722
-9.22212
-9.38644
-9.55001
-9.71299
-9.87552
-10.0373
-10.1986
-10.3593
-10.5195
-10.6793
-10.8385
-10.9973
-11.1555
-11.3133
-11.4708
-11.6278
-11.7844
-11.9403
-12.096
-12.2512
-12.406
-12.5603
-12.7142
-12.8678
-13.0209
-13.1738
-13.3263
-13.4783
-13.6302
-13.7815
-13.9324
-14.0829
-14.2332
-14.3833
-14.5332
-14.6828
-14.8322
-14.9813
-15.1299
-15.2783
-15.4264
-15.5743
-15.7219
-15.8694
-16.0167
-16.1639
-16.3109
-16.4578
-16.6044
-16.7507
-16.8969
-17.0427
-17.1883
-17.3337
-17.4792
-17.6246
-17.7696
-17.914
-18.0562
-18.1947
-18.3233
-18.4336
-1.10734
-1.52656
-1.91381
-2.23426
-2.54242
-2.85298
-3.15428
-3.43385
-3.69816
-3.94837
-4.18503
-4.41036
-4.62486
-4.83134
-5.03211
-5.22842
-5.42105
-5.61126
-5.7987
-5.98406
-6.16669
-6.34662
-6.52507
-6.70131
-6.87659
-7.04996
-7.22231
-7.39416
-7.565
-7.73557
-7.90491
-8.074
-8.24256
-8.41042
-8.57783
-8.74443
-8.91062
-9.07602
-9.24094
-9.40528
-9.56889
-9.73187
-9.89437
-10.0561
-10.2175
-10.3782
-10.5384
-10.6983
-10.8574
-11.0163
-11.1745
-11.3324
-11.4899
-11.6469
-11.8035
-11.9595
-12.1153
-12.2705
-12.4253
-12.5797
-12.7336
-12.8873
-13.0404
-13.1933
-13.3459
-13.4979
-13.6499
-13.8012
-13.9522
-14.1028
-14.2532
-14.4033
-14.5532
-14.7029
-14.8523
-15.0015
-15.1502
-15.2987
-15.4468
-15.5948
-15.7425
-15.89
-16.0373
-16.1846
-16.3317
-16.4786
-16.6254
-16.7719
-16.9181
-17.064
-17.2095
-17.355
-17.5004
-17.6458
-17.7908
-17.935
-18.0767
-18.2138
-18.3409
-18.4497
-1.09273
-1.54114
-1.92605
-2.24381
-2.55278
-2.86511
-3.16695
-3.44596
-3.71045
-3.96064
-4.1972
-4.42214
-4.63645
-4.84284
-5.04348
-5.23969
-5.4322
-5.62228
-5.80961
-5.99479
-6.17712
-6.35662
-6.53487
-6.71091
-6.88607
-7.05931
-7.23147
-7.40321
-7.57395
-7.74446
-7.91371
-8.08271
-8.25119
-8.41896
-8.5863
-8.75282
-8.91894
-9.08428
-9.24912
-9.4134
-9.57695
-9.73987
-9.90234
-10.0641
-10.2253
-10.386
-10.5462
-10.706
-10.8651
-11.024
-11.1821
-11.3399
-11.4974
-11.6544
-11.8109
-11.9669
-12.1226
-12.2778
-12.4325
-12.5869
-12.7407
-12.8944
-13.0475
-13.2003
-13.3528
-13.5048
-13.6567
-13.8081
-13.9589
-14.1095
-14.2598
-14.4099
-14.5598
-14.7094
-14.8588
-15.0079
-15.1566
-15.305
-15.4531
-15.601
-15.7487
-15.8962
-16.0435
-16.1907
-16.3378
-16.4847
-16.6314
-16.7778
-16.924
-17.0698
-17.2153
-17.3608
-17.5062
-17.6516
-17.7966
-17.9409
-18.0828
-18.2207
-18.3482
-18.4577
-1.06226
-1.55597
-1.94966
-2.26796
-2.57713
-2.88996
-3.19257
-3.47061
-3.73542
-3.98572
-4.22218
-4.44693
-4.66103
-4.86713
-5.0675
-5.26349
-5.45581
-5.64574
-5.83297
-6.01807
-6.20044
-6.37999
-6.55823
-6.73423
-6.90935
-7.08258
-7.25473
-7.42644
-7.59712
-7.7676
-7.93683
-8.10581
-8.27428
-8.44205
-8.60938
-8.7759
-8.94201
-9.10736
-9.2722
-9.43649
-9.60004
-9.76297
-9.92544
-10.0872
-10.2485
-10.4091
-10.5693
-10.7291
-10.8882
-11.0471
-11.2052
-11.363
-11.5205
-11.6775
-11.8341
-11.99
-12.1458
-12.301
-12.4557
-12.6101
-12.764
-12.9176
-13.0707
-13.2236
-13.3761
-13.5281
-13.68
-13.8313
-13.9822
-14.1328
-14.2831
-14.4332
-14.5831
-14.7328
-14.8822
-15.0313
-15.18
-15.3284
-15.4765
-15.6244
-15.7721
-15.9196
-16.0669
-16.2141
-16.3612
-16.5081
-16.6548
-16.8013
-16.9475
-17.0933
-17.2388
-17.3843
-17.5297
-17.6751
-17.8201
-17.9643
-18.1061
-18.2436
-18.3709
-18.4799
-18.2515
-18.5293
-19.2551
-19.379
-18.8362
-17.7569
-16.3024
-14.6068
-12.8529
-11.1346
-9.54047
-8.09953
-6.82746
-5.71941
-4.76482
-3.94517
-3.24356
-2.64097
-2.12118
-1.6712
-1.27847
-0.932376
-0.626077
-0.353559
-0.110018
0.107202
0.30201
0.475464
0.628403
0.761809
0.875978
0.97164
1.0488
1.10973
1.15665
1.19013
1.21296
1.22846
1.23968
1.24898
1.25899
1.27135
1.28641
1.30274
1.31895
1.33169
1.33824
1.33912
1.33531
1.32954
1.32424
1.32262
1.32321
1.33325
1.33914
1.32082
1.28731
1.24812
1.22345
1.19941
1.17833
1.15662
1.13879
1.12295
1.10627
1.08657
1.05966
1.02289
0.980879
0.93957
0.89566
0.854353
0.822128
0.791208
0.763992
0.741282
0.722122
0.705073
0.688879
0.671708
0.651387
0.628611
0.603863
0.577799
0.551106
0.523583
0.495125
0.465892
0.435847
0.405285
0.373956
0.341591
0.308321
0.274358
0.239682
0.203871
0.165638
0.125391
0.0786412
0.0313019
-18.2923
-18.4556
-19.1489
-19.2893
-18.7588
-17.6998
-16.2673
-14.5913
-12.8529
-11.146
-9.56016
-8.124
-6.85442
-5.74742
-4.79271
-3.97208
-3.26886
-2.66444
-2.14264
-1.69075
-1.29623
-0.948538
-0.641106
-0.367201
-0.122842
0.0954458
0.290762
0.464245
0.616949
0.749746
0.862226
0.956058
1.03209
1.09184
1.13759
1.1701
1.19232
1.20754
1.21895
1.22886
1.23972
1.25301
1.26888
1.28577
1.30202
1.31408
1.3195
1.31932
1.31498
1.30902
1.30373
1.30308
1.3056
1.31915
1.32978
1.31458
1.28406
1.24455
1.21967
1.19343
1.17033
1.14717
1.12773
1.10972
1.09152
1.07083
1.04291
1.00625
0.964531
0.92412
0.881094
0.840006
0.808313
0.778054
0.751031
0.728362
0.708991
0.691975
0.675723
0.658314
0.637957
0.615248
0.590632
0.564742
0.538162
0.510697
0.48228
0.453073
0.423056
0.392469
0.361168
0.32889
0.29581
0.262152
0.22784
0.192701
0.155667
0.116966
0.0730429
0.0285893
-18.2874
-18.4619
-19.0745
-19.1976
-18.6721
-17.6305
-16.2205
-14.5663
-12.8471
-11.1558
-9.5804
-8.15124
-6.88599
-5.78065
-4.82567
-4.00377
-3.29845
-2.69185
-2.16767
-1.71355
-1.31699
-0.9674
-0.658147
-0.382825
-0.137719
0.0821453
0.278102
0.451611
0.604018
0.735946
0.846687
0.938801
1.01352
1.07186
1.11615
1.14745
1.16885
1.18371
1.19533
1.20603
1.21805
1.23261
1.2496
1.26714
1.28328
1.29451
1.29867
1.29729
1.29236
1.28614
1.28074
1.2812
1.28654
1.30322
1.31967
1.30806
1.28089
1.24169
1.21598
1.18735
1.16174
1.13669
1.1156
1.09549
1.07512
1.05328
1.02422
0.987554
0.946396
0.906973
0.865013
0.824346
0.792951
0.763605
0.736824
0.71423
0.694657
0.677592
0.66119
0.643521
0.623122
0.600487
0.576041
0.550339
0.523864
0.496459
0.468083
0.438894
0.408903
0.378332
0.347052
0.314854
0.281955
0.248618
0.214731
0.180301
0.144644
0.107671
0.0668487
0.0256684
-18.3136
-18.4806
-19.0129
-19.114
-18.5838
-17.555
-16.1656
-14.5363
-12.8378
-11.1644
-9.60148
-8.1813
-6.92171
-5.81854
-4.86343
-4.04016
-3.33252
-2.7236
-2.19701
-1.74027
-1.34118
-0.989221
-0.677651
-0.40049
-0.154054
0.067166
0.263889
0.437349
0.589088
0.720033
0.829211
0.919719
0.992874
1.04947
1.09197
1.12171
1.14196
1.1566
1.16865
1.18042
1.19393
1.21005
1.22835
1.24664
1.26262
1.27292
1.2756
1.27289
1.26724
1.26064
1.25504
1.2567
1.26567
1.28505
1.30847
1.30131
1.27791
1.23983
1.21235
1.18122
1.15254
1.12511
1.10208
1.08023
1.05704
1.0337
1.00334
0.966515
0.926311
0.887962
0.84727
0.807258
0.775904
0.747764
0.721285
0.698774
0.679078
0.661821
0.645176
0.627227
0.60677
0.584219
0.559963
0.534447
0.508076
0.48073
0.45239
0.423214
0.393244
0.362691
0.331445
0.299344
0.266644
0.233645
0.200219
0.16655
0.132449
0.0974105
0.059995
0.0224991
-18.3333
-18.4902
-18.9509
-19.0289
-18.4971
-17.4796
-16.108
-14.5052
-12.8287
-11.1752
-9.62641
-8.21634
-6.96269
-5.8621
-4.90719
-4.0826
-3.37245
-2.76079
-2.23139
-1.77138
-1.36915
-1.01434
-0.700017
-0.420572
-0.172362
0.0500543
0.24762
0.421076
0.572612
0.702402
0.810081
0.898699
0.969855
1.02421
1.06451
1.09252
1.11158
1.12603
1.13863
1.1519
1.16721
1.18514
1.20486
1.22394
1.23982
1.24914
1.25019
1.246
1.23949
1.2324
1.22658
1.22967
1.24283
1.26521
1.29501
1.29421
1.27528
1.23933
1.20873
1.17501
1.14269
1.11235
1.08694
1.06344
1.0375
1.01191
0.98004
0.942881
0.904096
0.866906
0.827719
0.788612
0.75715
0.730347
0.704351
0.681937
0.662149
0.644602
0.627607
0.609353
0.588807
0.566326
0.542259
0.516923
0.490648
0.463352
0.435043
0.405871
0.37592
0.345383
0.314179
0.282178
0.249699
0.217057
0.184143
0.151385
0.118952
0.0860654
0.052413
0.0190193
-18.3511
-18.4971
-18.8853
-18.9349
-18.4035
-17.3981
-16.0489
-14.4754
-12.8226
-11.1905
-9.65724
-8.25847
-7.01139
-5.91394
-4.95933
-4.13325
-3.42004
-2.80464
-2.27141
-1.80729
-1.40127
-1.04313
-0.725546
-0.443329
-0.192989
0.0309702
0.229524
0.403165
0.554748
0.683249
0.78932
0.87603
0.944459
0.995965
1.03358
1.05993
1.07789
1.09202
1.10513
1.11986
1.13731
1.15747
1.17894
1.1989
1.21472
1.22306
1.22242
1.21674
1.20915
1.20129
1.19524
1.2002
1.21832
1.24515
1.27839
1.28601
1.27274
1.24014
1.20534
1.1686
1.13207
1.09829
1.07006
1.04429
1.01684
0.987894
0.954104
0.91652
0.879551
0.843612
0.806202
0.768238
0.737001
0.710954
0.6859
0.663667
0.643759
0.62589
0.608455
0.58984
0.569144
0.546695
0.522794
0.497614
0.471413
0.444158
0.415873
0.386695
0.356752
0.326232
0.295075
0.263179
0.230939
0.198668
0.16633
0.134664
0.103997
0.0734926
0.044021
0.0151357
-18.3672
-18.5003
-18.8155
-18.8316
-18.3003
-17.3079
-15.983
-14.4412
-12.8166
-11.2092
-9.69392
-8.3083
-7.06885
-5.97474
-5.02024
-4.19234
-3.47546
-2.85536
-2.31741
-1.8483
-1.43756
-1.07538
-0.753834
-0.46814
-0.215105
0.0108763
0.210737
0.384696
0.535756
0.663012
0.767117
0.851836
0.917092
0.965325
0.999668
1.02336
1.03983
1.05391
1.06804
1.08435
1.10409
1.12673
1.15028
1.17136
1.18715
1.19458
1.19234
1.18518
1.17639
1.16724
1.16099
1.16796
1.19158
1.22454
1.26001
1.27677
1.27014
1.24155
1.20255
1.16178
1.12054
1.08279
1.0514
1.02276
0.994693
0.961446
0.925281
0.887443
0.852458
0.817885
0.782541
0.745926
0.715436
0.689555
0.665827
0.643891
0.623845
0.605605
0.587665
0.568604
0.547668
0.525195
0.501406
0.476336
0.450181
0.422949
0.394671
0.365474
0.335532
0.30504
0.273939
0.242159
0.210173
0.178306
0.146628
0.116189
0.0874038
0.0595301
0.0347326
0.0107209
-18.382
-18.4989
-18.7425
-18.7208
-18.1892
-17.2111
-15.9114
-14.402
-12.8079
-11.2267
-9.73166
-8.36092
-7.13055
-6.03896
-5.08451
-4.25505
-3.53494
-2.91018
-2.36725
-1.89279
-1.47655
-1.10946
-0.783223
-0.493292
-0.236853
-0.00846798
0.192913
0.367331
0.517537
0.64299
0.744165
0.824896
0.886121
0.930795
0.962111
0.982952
0.99777
1.01185
1.02739
1.04559
1.06756
1.09265
1.11842
1.14064
1.15643
1.16309
1.15964
1.15103
1.14121
1.1303
1.1242
1.13338
1.16171
1.20198
1.24158
1.26723
1.26744
1.24292
1.20006
1.15434
1.10787
1.06573
1.03089
1.00011
0.969526
0.932075
0.893505
0.855893
0.822559
0.789545
0.756533
0.721516
0.691822
0.666537
0.644171
0.622501
0.60231
0.583667
0.565158
0.545569
0.524283
0.501676
0.47792
0.452893
0.42675
0.39951
0.371225
0.341992
0.312031
0.281565
0.250526
0.218871
0.18715
0.155725
0.124799
0.0956949
0.0689284
0.043957
0.0244306
0.00558223
-18.3958
-18.4943
-18.6678
-18.6041
-18.0711
-17.1084
-15.8352
-14.3571
-12.7932
-11.2386
-9.76511
-8.41084
-7.19082
-6.10508
-5.15254
-4.32186
-3.59852
-2.96893
-2.42052
-1.94054
-1.51858
-1.14606
-0.814868
-0.520361
-0.260041
-0.0291785
0.173631
0.348642
0.497898
0.620997
0.719016
0.795339
0.852287
0.892793
0.9206
0.938653
0.951728
0.965859
0.98322
1.00368
1.0279
1.05531
1.0831
1.10639
1.12217
1.12804
1.12352
1.11344
1.1025
1.08994
1.08568
1.09747
1.12948
1.17705
1.22316
1.25685
1.2638
1.24372
1.19674
1.146
1.09387
1.04701
1.00912
0.976343
0.940434
0.899641
0.858802
0.822192
0.789764
0.758553
0.727962
0.694814
0.665966
0.641912
0.620868
0.599329
0.578915
0.559902
0.540746
0.520527
0.49887
0.476049
0.452205
0.427117
0.400917
0.37362
0.345294
0.316002
0.286072
0.255664
0.224697
0.19317
0.161725
0.130773
0.1007
0.0729848
0.0483648
0.026545
0.0130028
-0.000540784
-18.4089
-18.4872
-18.5933
-18.4838
-17.9467
-16.9997
-15.7531
-14.3094
-12.7794
-11.2538
-9.80266
-8.46508
-7.25505
-6.17672
-5.22621
-4.39372
-3.66664
-3.03195
-2.47761
-1.99179
-1.56396
-1.1857
-0.849383
-0.550144
-0.285851
-0.0525773
0.151578
0.32685
0.474682
0.595107
0.68975
0.762179
0.815174
0.851915
0.876356
0.891615
0.902926
0.916901
0.935932
0.958904
0.985606
1.0151
1.04444
1.06872
1.08448
1.08925
1.08353
1.07224
1.05869
1.04694
1.04619
1.06103
1.09681
1.15027
1.20391
1.24479
1.25849
1.24212
1.192
1.13629
1.07817
1.02683
0.98683
0.94918
0.907831
0.86447
0.821759
0.785996
0.754301
0.725063
0.696621
0.665616
0.638102
0.615387
0.595375
0.574234
0.553284
0.53403
0.514332
0.493235
0.471043
0.447996
0.423961
0.398752
0.37251
0.345145
0.316739
0.287302
0.257172
0.226783
0.195972
0.16461
0.133454
0.103019
0.0739643
0.0476336
0.0253442
0.00690574
0.000234929
-0.00806636
-18.4212
-18.4798
-18.5279
-18.375
-17.8323
-16.9005
-15.6786
-14.2692
-12.772
-11.2738
-9.84365
-8.52137
-7.32076
-6.24708
-5.29721
-4.46272
-3.73215
-3.09286
-2.53323
-2.04208
-1.60892
-1.22548
-0.884299
-0.580574
-0.312721
-0.0772137
0.128131
0.303441
0.449664
0.567298
0.658463
0.726985
0.776145
0.809726
0.831693
0.845119
0.855695
0.869801
0.889775
0.914491
0.943233
0.974288
1.00439
1.02918
1.04491
1.04866
1.04226
1.02993
1.01531
1.00631
1.00868
1.02667
1.06619
1.12448
1.18469
1.23136
1.25123
1.23684
1.18569
1.12476
1.06105
1.00705
0.963575
0.919139
0.873914
0.828154
0.784883
0.748949
0.718452
0.691098
0.664319
0.63567
0.609652
0.588061
0.568877
0.548602
0.527331
0.507332
0.486795
0.464676
0.44184
0.418447
0.394271
0.368973
0.342677
0.315227
0.286868
0.257537
0.22744
0.196881
0.166093
0.134799
0.103931
0.0740064
0.0458799
0.0207309
0.000828537
-0.014309
-0.0135225
-0.0171221
-18.4336
-18.4758
-18.4802
-18.292
-17.744
-16.8249
-15.6238
-14.24
-12.7678
-11.2911
-9.87823
-8.56891
-7.37655
-6.30713
-5.35852
-4.52302
-3.78979
-3.14672
-2.58281
-2.08722
-1.6497
-1.26211
-0.916843
-0.609522
-0.338912
-0.101595
0.104623
0.279787
0.424586
0.539862
0.628181
0.693659
0.739693
0.770568
0.790539
0.803013
0.813511
0.828199
0.849045
0.875077
0.905101
0.936979
0.967382
0.991883
1.00758
1.0118
1.00522
0.992174
0.97882
0.971882
0.976517
0.997554
1.04044
1.10255
1.16757
1.21843
1.24282
1.22956
1.17771
1.112
1.04402
0.989272
0.939563
0.889832
0.841745
0.794028
0.750787
0.715093
0.685886
0.660041
0.634457
0.608194
0.583718
0.563097
0.544271
0.52434
0.502929
0.481427
0.459736
0.437362
0.414115
0.390356
0.365935
0.340534
0.31416
0.286668
0.258192
0.228887
0.198839
0.168224
0.13752
0.10652
0.0758745
0.0463626
0.018943
-0.00519298
-0.0229472
-0.0353408
-0.0274675
-0.0272792
-18.4462
-18.4759
-18.4493
-18.2346
-17.6818
-16.7719
-15.586
-14.2207
-12.7675
-11.3076
-9.90828
-8.60902
-7.4231
-6.35706
-5.40947
-4.57321
-3.83794
-3.19191
-2.62473
-2.12576
-1.68497
-1.29422
-0.945869
-0.635936
-0.363298
-0.124658
0.0820936
0.257008
0.40066
0.514099
0.600252
0.663495
0.707271
0.73615
0.754647
0.766522
0.777263
0.79266
0.814421
0.841364
0.871909
0.904232
0.935212
0.960114
0.975784
0.980372
0.973705
0.960917
0.948564
0.943116
0.949952
0.97384
1.01969
1.08493
1.15347
1.20732
1.23457
1.22194
1.16878
1.09877
1.02853
0.97227
0.91609
0.862561
0.81211
0.76361
0.720436
0.685635
0.657656
0.633017
0.608511
0.584523
0.561297
0.541005
0.52173
0.501486
0.479669
0.457235
0.434887
0.412361
0.388785
0.364923
0.340455
0.315214
0.288905
0.261542
0.233081
0.203832
0.17359
0.143078
0.112042
0.0810784
0.0504869
0.0212202
-0.00565756
-0.0289964
-0.0450022
-0.0553286
-0.0413064
-0.0380481
-18.4592
-18.4797
-18.4312
-18.1971
-17.6404
-16.7373
-15.5625
-14.211
-12.7719
-11.3247
-9.93546
-8.6436
-7.4625
-6.39903
-5.45214
-4.61522
-3.87837
-3.23007
-2.66041
-2.15899
-1.71581
-1.32271
-0.972162
-0.660385
-0.38627
-0.146706
0.0603456
0.234996
0.377746
0.489735
0.574177
0.635691
0.677692
0.704876
0.722568
0.734467
0.745557
0.76161
0.784538
0.812548
0.8437
0.876382
0.907506
0.933258
0.949092
0.953322
0.94684
0.934442
0.922939
0.918964
0.927921
0.954429
1.00302
1.07107
1.14244
1.19871
1.22762
1.21472
1.15945
1.08527
1.01533
0.954211
0.893277
0.83692
0.784708
0.736118
0.693489
0.65971
0.63292
0.609555
0.58605
0.563577
0.540839
0.520365
0.500641
0.480104
0.457934
0.435063
0.412317
0.389443
0.365695
0.341714
0.317109
0.291686
0.265216
0.237577
0.20911
0.179602
0.149616
0.118992
0.0882401
0.0574925
0.0271983
-0.0017863
-0.0281655
-0.0508606
-0.0654424
-0.0743029
-0.0551102
-0.0492702
-18.4727
-18.4864
-18.4226
-18.1748
-17.6152
-16.7172
-15.5508
-14.2093
-12.7806
-11.3427
-9.96103
-8.67448
-7.49681
-6.43514
-5.48861
-4.65105
-3.91294
-3.26284
-2.6913
-2.18809
-1.74318
-1.34834
-0.996223
-0.683153
-0.40798
-0.167788
0.0394027
0.213778
0.355787
0.466541
0.54955
0.609682
0.650125
0.676058
0.693734
0.706368
0.71804
0.734687
0.758755
0.787961
0.819859
0.852503
0.883979
0.910214
0.926243
0.930406
0.923998
0.911955
0.901298
0.89873
0.909633
0.938597
0.989877
1.06071
1.13464
1.19309
1.22261
1.20815
1.14987
1.07177
1.003
0.935454
0.87119
0.81272
0.759692
0.711323
0.669581
0.636706
0.610896
0.589179
0.566251
0.544302
0.521756
0.50109
0.481073
0.460314
0.437979
0.414949
0.392154
0.369318
0.345807
0.321955
0.297607
0.272294
0.245927
0.218398
0.189752
0.160236
0.130098
0.0993834
0.0683925
0.0373606
0.00692428
-0.022131
-0.0483972
-0.0707542
-0.0842769
-0.0923525
-0.0687878
-0.0607981
-18.4863
-18.4955
-18.4212
-18.164
-17.6026
-16.7086
-15.5483
-14.2142
-12.793
-11.3619
-9.98563
-8.70274
-7.52728
-6.46672
-5.52022
-4.68206
-3.9429
-3.29137
-2.71841
-2.21389
-1.76772
-1.3716
-1.01834
-0.704336
-0.428426
-0.187878
0.019239
0.193209
0.334453
0.444045
0.52583
0.58491
0.624509
0.650029
0.668121
0.681773
0.694403
0.711801
0.736666
0.766946
0.798991
0.831999
0.864239
0.890758
0.906826
0.910929
0.904572
0.892869
0.883001
0.881713
0.894424
0.925783
0.979831
1.05358
1.12998
1.19025
1.21928
1.20185
1.1394
1.06015
0.988322
0.916589
0.84999
0.790154
0.737047
0.689335
0.648537
0.616491
0.591288
0.569168
0.547286
0.526293
0.504064
0.483282
0.463
0.441853
0.419089
0.395416
0.372124
0.348753
0.324804
0.300701
0.276065
0.250606
0.224194
0.196551
0.167998
0.138415
0.108282
0.0776595
0.0469231
0.0163221
-0.0136906
-0.0422661
-0.0678799
-0.089666
-0.102042
-0.109659
-0.0823331
-0.0725063
-18.4998
-18.5061
-18.4251
-18.1618
-17.5997
-16.7088
-15.5531
-14.2242
-12.8082
-11.3817
-10.0093
-8.72893
-7.55482
-6.49487
-5.5482
-4.70941
-3.96932
-3.31659
-2.74249
-2.23694
-1.78981
-1.39277
-1.03876
-0.724138
-0.447763
-0.207125
-0.000300922
0.17311
0.313527
0.42205
0.502832
0.561333
0.600866
0.626684
0.645382
0.660003
0.67392
0.693501
0.718325
0.748396
0.780795
0.814701
0.847417
0.874071
0.890126
0.894147
0.887827
0.876437
0.867295
0.867206
0.88167
0.915421
0.97233
1.04909
1.12777
1.18882
1.2159
1.19464
1.1274
1.04944
0.97159
0.897601
0.829623
0.769304
0.716584
0.669746
0.629972
0.599043
0.575194
0.555926
0.533377
0.511993
0.48975
0.468883
0.448698
0.427675
0.405207
0.382024
0.358949
0.335844
0.312263
0.288043
0.263554
0.237943
0.21147
0.183797
0.155156
0.125572
0.095406
0.0647022
0.0337264
0.00273063
-0.0275682
-0.0565476
-0.0825871
-0.104579
-0.116978
-0.124901
-0.0951098
-0.084217
-18.5147
-18.5188
-18.4333
-18.1662
-17.6038
-16.7153
-15.5627
-14.2373
-12.8247
-11.4013
-10.0315
-8.75257
-7.57921
-6.51951
-5.57256
-4.73318
-3.99233
-3.33869
-2.76377
-2.25748
-1.80966
-1.41198
-1.05748
-0.742421
-0.465726
-0.225123
-0.0186644
0.154185
0.293873
0.401536
0.481622
0.539901
0.57961
0.605747
0.624782
0.639704
0.653492
0.671094
0.699863
0.730912
0.764702
0.799421
0.832562
0.859388
0.875441
0.87941
0.873175
0.862159
0.853796
0.854937
0.871136
0.907203
0.966873
1.04641
1.12681
1.18718
1.21032
1.18313
1.11577
1.03614
0.954472
0.879139
0.810419
0.749976
0.697561
0.651027
0.611441
0.580375
0.556069
0.533105
0.512569
0.492308
0.470426
0.449492
0.428884
0.407349
0.384325
0.36044
0.337117
0.313719
0.289929
0.265801
0.241223
0.215702
0.18922
0.161536
0.132903
0.103292
0.0731396
0.042476
0.0117222
-0.0189355
-0.0489227
-0.0773896
-0.102726
-0.124237
-0.135396
-0.143047
-0.110438
-0.0981729
-18.5229
-18.5268
-18.4402
-18.1723
-17.6109
-16.7246
-15.5745
-14.2515
-12.841
-11.4194
-10.0508
-8.77221
-7.59866
-6.53841
-5.5905
-4.75
-4.00793
-3.35309
-2.7772
-2.27018
-1.82187
-1.42395
-1.06944
-0.754523
-0.478141
-0.238043
-0.0322071
0.14004
0.279317
0.386773
0.467038
0.525943
0.566487
0.593604
0.613779
0.629991
0.645512
0.666172
0.692202
0.723443
0.757191
0.79194
0.825055
0.851744
0.867603
0.87137
0.865035
0.854067
0.845963
0.847654
0.864801
0.902347
0.963996
1.04551
1.12696
1.18653
1.2072
1.17729
1.10796
1.02491
0.942171
0.866646
0.798321
0.738763
0.687291
0.641728
0.603137
0.573042
0.549677
0.529569
0.508345
0.487627
0.465462
0.444356
0.423765
0.402224
0.379301
0.355672
0.332326
0.30896
0.285159
0.260943
0.236376
0.210797
0.184307
0.156623
0.12798
0.0983711
0.0682106
0.0375089
0.00665814
-0.0242344
-0.0543975
-0.0830798
-0.108802
-0.130575
-0.14224
-0.150364
-0.117636
-0.102617
-18.5449
-18.5485
-18.4611
-18.1933
-17.6333
-16.749
-15.6007
-14.2793
-12.8698
-11.4489
-10.0805
-8.80159
-7.62747
-6.56649
-5.61775
-4.77642
-4.0336
-3.37812
-2.80178
-2.29437
-1.84589
-1.44787
-1.09333
-0.77857
-0.502473
-0.262732
-0.0572669
0.114719
0.253917
0.361572
0.442245
0.501582
0.542529
0.569991
0.590415
0.60686
0.622129
0.642417
0.669657
0.701497
0.735732
0.770855
0.804203
0.83101
0.846895
0.850665
0.84439
0.833644
0.82602
0.828492
0.846727
0.885659
0.94863
1.03075
1.11153
1.16915
1.18581
1.15549
1.0846
1.00096
0.917791
0.842381
0.774485
0.71529
0.66411
0.618795
0.580398
0.550386
0.526974
0.505445
0.484646
0.464036
0.441977
0.42088
0.400217
0.378601
0.355614
0.331874
0.308514
0.285132
0.26133
0.237147
0.21256
0.186995
0.160499
0.132804
0.104162
0.0745402
0.0443805
0.013678
-0.0171557
-0.0479395
-0.0780649
-0.10667
-0.132203
-0.153929
-0.165246
-0.173349
-0.139913
-0.130706
-18.4906
-18.4803
-18.5231
-18.5113
-18.4917
-18.4662
-18.4361
-18.4042
-18.3736
-18.3457
-18.3213
-18.3008
-18.2849
-18.2762
-18.2759
-18.2679
-18.9924
-18.9718
-18.9761
-18.9869
-18.9784
-18.9545
-18.9245
-18.8928
-18.8618
-18.8333
-18.8086
-18.7886
-18.7731
-18.7616
-18.7539
-18.7388
-19.435
-19.5025
-19.5902
-19.6232
-19.6224
-19.6028
-19.5739
-19.5426
-19.513
-19.4869
-19.4653
-19.4487
-19.4379
-19.4321
-19.427
-19.4151
-19.5042
-19.596
-19.6457
-19.6705
-19.6776
-19.6655
-19.6405
-19.6112
-19.5831
-19.5587
-19.5389
-19.5238
-19.5134
-19.5074
-19.5026
-19.4898
-18.9344
-18.9954
-19.0311
-19.0595
-19.0698
-19.0619
-19.0423
-19.0164
-18.9899
-18.9642
-18.9402
-18.9187
-18.9002
-18.8854
-18.8745
-18.8557
-17.8241
-17.8696
-17.9048
-17.9319
-17.9428
-17.9377
-17.9201
-17.895
-17.8676
-17.8397
-17.8124
-17.7859
-17.7608
-17.7384
-17.7203
-17.696
-16.3412
-16.3719
-16.3982
-16.418
-16.4267
-16.4225
-16.406
-16.3816
-16.3537
-16.3236
-16.2916
-16.258
-16.2234
-16.1896
-16.1593
-16.129
-14.6222
-14.6391
-14.6543
-14.6651
-14.6692
-14.6635
-14.6464
-14.6214
-14.5924
-14.56
-14.5243
-14.4854
-14.444
-14.4023
-14.3646
-14.3303
-12.8503
-12.851
-12.8537
-12.8559
-12.8554
-12.8474
-12.8288
-12.8028
-12.7726
-12.7385
-12.7002
-12.6576
-12.6114
-12.5642
-12.5214
-12.4839
-11.1187
-11.1048
-11.096
-11.0903
-11.0848
-11.073
-11.0517
-11.0243
-10.993
-10.9578
-10.9181
-10.8736
-10.8251
-10.7753
-10.73
-10.691
-9.51394
-9.4884
-9.47075
-9.45889
-9.44899
-9.43361
-9.41
-9.3814
-9.34947
-9.31368
-9.27335
-9.22827
-9.1791
-9.12865
-9.08281
-9.04354
-8.06659
-8.03282
-8.00842
-7.99156
-7.9775
-7.95842
-7.93244
-7.90279
-7.87037
-7.83444
-7.79429
-7.74971
-7.70136
-7.65199
-7.60715
-7.56857
-6.7914
-6.75348
-6.72556
-6.70579
-6.68856
-6.66639
-6.63871
-6.60857
-6.57615
-6.54057
-6.50118
-6.4578
-6.41112
-6.36371
-6.32072
-6.28332
-5.68193
-5.64221
-5.61272
-5.59088
-5.56973
-5.54397
-5.51505
-5.48486
-5.45279
-5.41793
-5.37972
-5.33805
-5.29358
-5.24874
-5.20812
-5.17225
-4.72732
-4.68773
-4.65829
-4.63513
-4.61074
-4.5826
-4.55324
-4.52321
-4.49159
-4.45756
-4.42069
-4.3809
-4.33886
-4.29684
-4.25894
-4.22496
-3.90878
-3.87017
-3.84108
-3.81716
-3.79145
-3.76265
-3.73332
-3.70356
-3.67247
-3.63938
-3.60393
-3.5661
-3.52657
-3.48749
-3.45244
-3.42042
-3.20912
-3.17237
-3.1439
-3.11841
-3.09092
-3.06197
-3.03319
-3.00412
-2.97391
-2.94201
-2.90816
-2.87238
-2.83535
-2.79909
-2.76672
-2.73646
-2.60894
-2.57468
-2.54697
-2.51972
-2.49069
-2.46184
-2.43357
-2.4051
-2.37571
-2.34495
-2.31261
-2.27875
-2.24402
-2.21031
-2.18035
-2.15164
-2.09169
-2.05953
-2.03247
-2.00498
-1.97599
-1.94756
-1.91974
-1.89179
-1.86312
-1.83338
-1.8024
-1.77024
-1.73755
-1.70609
-1.67828
-1.6509
-1.64417
-1.6137
-1.58655
-1.55862
-1.52997
-1.50213
-1.47486
-1.44751
-1.41959
-1.39084
-1.36112
-1.33051
-1.29964
-1.27017
-1.24425
-1.21802
-1.25394
-1.22518
-1.19753
-1.16894
-1.14076
-1.11359
-1.08692
-1.06019
-1.03303
-1.0052
-0.976622
-0.947382
-0.918074
-0.890292
-0.865988
-0.840711
-0.910098
-0.882844
-0.8553
-0.826821
-0.799202
-0.772567
-0.746373
-0.72016
-0.693625
-0.666586
-0.63897
-0.610879
-0.582876
-0.556485
-0.533523
-0.509016
-0.605135
-0.579048
-0.552137
-0.524273
-0.497218
-0.47102
-0.445218
-0.419438
-0.393431
-0.367047
-0.340234
-0.313093
-0.286165
-0.260921
-0.239094
-0.215126
-0.334422
-0.308711
-0.281848
-0.254548
-0.228085
-0.202354
-0.176961
-0.151604
-0.12608
-0.100269
-0.0741382
-0.0477882
-0.0217433
0.00255393
0.0234034
0.0471145
-0.0921743
-0.0665135
-0.0395926
-0.0129215
0.0129195
0.0381972
0.0632191
0.0882086
0.113327
0.138667
0.164248
0.189968
0.215319
0.238884
0.258974
0.282463
0.124178
0.149698
0.176476
0.202774
0.228309
0.253365
0.278194
0.302977
0.327848
0.352882
0.378089
0.403372
0.428239
0.451305
0.47089
0.494106
0.31854
0.34388
0.370461
0.396576
0.421987
0.446933
0.471635
0.496265
0.52095
0.545764
0.570713
0.595703
0.620254
0.642996
0.662253
0.685284
0.492119
0.517784
0.54453
0.570709
0.596171
0.621155
0.645866
0.670468
0.695089
0.719804
0.744621
0.769448
0.793811
0.816352
0.835385
0.858292
0.645667
0.672185
0.69931
0.725693
0.751347
0.776513
0.801379
0.826097
0.850791
0.875534
0.900335
0.925107
0.949382
0.971803
0.990676
1.0135
0.780179
0.808036
0.835722
0.862465
0.888446
0.913895
0.938982
0.963862
0.988665
1.01347
1.03829
1.06305
1.08728
1.10962
1.12835
1.1511
0.896612
0.926032
0.954476
0.981796
1.00825
1.03405
1.05938
1.08443
1.10933
1.13418
1.15901
1.18373
1.2079
1.23014
1.2487
1.27136
0.994482
1.02521
1.05456
1.08264
1.10967
1.1359
1.16153
1.18677
1.2118
1.23671
1.26154
1.28622
1.31028
1.33236
1.35069
1.37322
1.07316
1.10541
1.13599
1.16504
1.19282
1.21959
1.24561
1.27111
1.29627
1.32123
1.34601
1.37057
1.39444
1.41629
1.43427
1.45663
1.13568
1.16968
1.2016
1.23164
1.26013
1.28738
1.3137
1.33935
1.36454
1.38942
1.41404
1.43835
1.46193
1.48344
1.50098
1.52312
1.18415
1.21978
1.25288
1.28376
1.3128
1.3404
1.36688
1.39256
1.41766
1.44235
1.4667
1.49066
1.51382
1.53486
1.55182
1.57368
1.21894
1.25598
1.29012
1.32174
1.35128
1.37917
1.40578
1.43143
1.45637
1.48077
1.5047
1.52815
1.55072
1.57113
1.5873
1.60881
1.24261
1.28058
1.3154
1.34748
1.37729
1.40529
1.43184
1.4573
1.48191
1.50585
1.5292
1.55194
1.57373
1.59335
1.60858
1.62968
1.25844
1.29671
1.3317
1.36383
1.39357
1.42138
1.44764
1.47268
1.49676
1.52004
1.54262
1.56449
1.58535
1.6041
1.61829
1.639
1.26938
1.30728
1.34193
1.3737
1.40307
1.43044
1.45619
1.48064
1.50403
1.52653
1.54822
1.56911
1.58898
1.60684
1.61999
1.64035
1.27786
1.31483
1.34873
1.37987
1.40864
1.43542
1.46057
1.48436
1.50703
1.52873
1.54954
1.56946
1.58837
1.60542
1.61763
1.6377
1.28671
1.32237
1.35521
1.38547
1.41348
1.43958
1.46406
1.4872
1.50918
1.53015
1.55015
1.56924
1.58732
1.6037
1.61513
1.63497
1.29789
1.33219
1.36392
1.39325
1.42047
1.44587
1.46972
1.49222
1.51355
1.53385
1.55317
1.57155
1.589
1.60495
1.61575
1.63543
1.31201
1.34526
1.3761
1.40471
1.43132
1.45619
1.47953
1.50154
1.52238
1.54219
1.56103
1.57897
1.59603
1.61183
1.62198
1.64157
1.32776
1.36046
1.3908
1.419
1.44532
1.46995
1.49311
1.51497
1.53572
1.55545
1.57421
1.592
1.60893
1.62491
1.63393
1.65331
1.34373
1.3763
1.40669
1.43502
1.46149
1.48633
1.50973
1.53191
1.55301
1.57312
1.59217
1.60997
1.62663
1.64382
1.64983
1.66997
1.35739
1.39095
1.42218
1.45123
1.47836
1.50381
1.52781
1.55053
1.57208
1.59249
1.61173
1.62961
1.64579
1.66027
1.66934
1.68736
1.36556
1.40104
1.43389
1.46431
1.49253
1.51877
1.54325
1.56619
1.58776
1.60801
1.62682
1.64399
1.65937
1.67365
1.68305
1.69955
1.36798
1.40532
1.4397
1.47118
1.49994
1.52637
1.55087
1.57366
1.59485
1.61442
1.63236
1.64944
1.66559
1.679
1.68694
1.70269
1.36491
1.40287
1.4375
1.46917
1.4982
1.52479
1.54923
1.57178
1.59271
1.6126
1.63154
1.64819
1.66214
1.67337
1.68007
1.69521
1.35932
1.39718
1.43144
1.46253
1.49113
1.51776
1.54272
1.56632
1.58843
1.60828
1.62531
1.63959
1.65151
1.66114
1.66682
1.68156
1.35398
1.39164
1.42579
1.45691
1.48549
1.51195
1.53644
1.55868
1.57844
1.59554
1.60992
1.6219
1.63203
1.64052
1.64564
1.66061
1.351
1.38704
1.41991
1.44993
1.4773
1.50207
1.52416
1.54347
1.56
1.5739
1.58546
1.5952
1.60381
1.61165
1.61666
1.63235
1.34908
1.38195
1.41188
1.43897
1.4632
1.48454
1.50301
1.51876
1.53205
1.54322
1.55264
1.56088
1.56887
1.57697
1.58228
1.59888
1.3537
1.37999
1.40409
1.42583
1.44511
1.46196
1.47652
1.48899
1.49958
1.50875
1.51706
1.52498
1.53326
1.54243
1.54783
1.56529
1.35307
1.37159
1.38899
1.40504
1.41956
1.4324
1.44368
1.45381
1.4632
1.472
1.48043
1.48885
1.49787
1.50857
1.51384
1.53224
1.3303
1.34344
1.35616
1.36815
1.3796
1.39077
1.4015
1.41163
1.42133
1.43092
1.44052
1.45008
1.45974
1.47233
1.47659
1.49585
1.29268
1.30149
1.312
1.32347
1.33498
1.3462
1.3573
1.36839
1.37942
1.39041
1.4014
1.41238
1.42302
1.43602
1.44219
1.46099
1.25456
1.26448
1.27506
1.28635
1.2983
1.31066
1.3232
1.33578
1.34834
1.36087
1.37338
1.38582
1.39777
1.40987
1.41692
1.43584
1.22979
1.24017
1.25204
1.26498
1.27857
1.29251
1.3066
1.32068
1.33447
1.34734
1.35946
1.37147
1.38393
1.39699
1.405
1.42393
1.20889
1.22293
1.2377
1.25282
1.26789
1.28243
1.29619
1.30962
1.3232
1.33735
1.35176
1.36582
1.37964
1.39325
1.40187
1.42085
1.19041
1.20681
1.22265
1.23819
1.25393
1.27012
1.28677
1.3034
1.31964
1.33557
1.35115
1.3663
1.38104
1.39522
1.40422
1.42323
1.17041
1.18928
1.20859
1.22814
1.24738
1.26623
1.28469
1.30275
1.32038
1.33757
1.35424
1.37032
1.38578
1.40044
1.40955
1.42855
1.15551
1.17863
1.20119
1.22303
1.24415
1.2646
1.28444
1.30372
1.32244
1.34058
1.35806
1.37476
1.39066
1.40566
1.41466
1.43361
1.14261
1.16866
1.19343
1.21707
1.2397
1.26142
1.28232
1.30248
1.32195
1.34073
1.3587
1.37572
1.39178
1.407
1.4156
1.43468
1.12783
1.15602
1.18254
1.20757
1.23131
1.25396
1.27566
1.29649
1.3165
1.33563
1.35375
1.3707
1.38654
1.4019
1.40955
1.42896
1.1095
1.13938
1.16734
1.19355
1.21819
1.24147
1.26356
1.2846
1.30464
1.32365
1.34149
1.35793
1.37308
1.38858
1.39546
1.4147
1.08394
1.11514
1.14389
1.17064
1.1957
1.21924
1.2414
1.26225
1.28189
1.30033
1.31756
1.33329
1.34714
1.36315
1.36857
1.388
1.04708
1.07859
1.10787
1.13502
1.16021
1.18365
1.20551
1.22593
1.24499
1.26274
1.27925
1.29454
1.30682
1.32252
1.32821
1.3475
1.00478
1.03586
1.06465
1.09131
1.11602
1.13896
1.16027
1.18007
1.19847
1.21551
1.23123
1.24567
1.2589
1.27376
1.27963
1.29865
0.96217
0.991694
1.0192
1.0448
1.06859
1.0907
1.11125
1.13034
1.14809
1.1647
1.18041
1.19502
1.20807
1.2224
1.22818
1.24709
0.917089
0.945313
0.971857
0.996782
1.0202
1.04226
1.06297
1.08228
1.10023
1.11688
1.13215
1.14607
1.15862
1.17307
1.17867
1.19758
0.875655
0.903841
0.930254
0.954916
0.977857
0.999096
1.0188
1.03722
1.05445
1.07054
1.08556
1.09947
1.11165
1.12684
1.13172
1.15096
0.842314
0.868776
0.89375
0.917244
0.939287
0.959914
0.979205
0.99728
1.01424
1.03016
1.04515
1.05941
1.07068
1.08721
1.09155
1.11105
0.810636
0.836365
0.860727
0.883692
0.905361
0.925864
0.945228
0.963449
0.980548
0.996556
1.01092
1.02643
1.03701
1.05371
1.05808
1.0777
0.783172
0.808633
0.832928
0.856162
0.8782
0.898957
0.918458
0.93671
0.953705
0.96957
0.984403
0.99834
1.01027
1.0254
1.03058
1.04991
0.760517
0.786297
0.810888
0.834151
0.856016
0.876431
0.895623
0.913786
0.930965
0.947123
0.962234
0.976299
0.988722
1.00357
1.00918
1.02832
0.741571
0.767367
0.791885
0.814885
0.836434
0.856979
0.876451
0.894717
0.911863
0.927955
0.943034
0.957053
0.969545
0.984226
0.989983
1.00905
0.724464
0.750348
0.774662
0.797475
0.819276
0.839912
0.859243
0.877393
0.894472
0.91052
0.925564
0.939537
0.951956
0.966604
0.972342
0.991384
0.708208
0.733885
0.758192
0.781196
0.803011
0.823422
0.84259
0.860669
0.877713
0.893723
0.908704
0.922605
0.934864
0.949526
0.955174
0.974192
0.691341
0.716699
0.74076
0.763808
0.785403
0.805641
0.824733
0.842764
0.859729
0.875631
0.890508
0.904351
0.91643
0.931181
0.936696
0.955719
0.671124
0.696908
0.721197
0.744096
0.765561
0.78579
0.804878
0.822847
0.839685
0.855407
0.870113
0.883882
0.895723
0.910601
0.915943
0.93498
0.648224
0.673971
0.698229
0.721022
0.74247
0.762699
0.781759
0.799656
0.816405
0.832041
0.846675
0.860477
0.872091
0.887157
0.892319
0.911388
0.623301
0.648886
0.672955
0.695572
0.716937
0.737115
0.756114
0.773931
0.790581
0.806107
0.820634
0.834476
0.845847
0.86112
0.866097
0.885221
0.597054
0.622539
0.646434
0.668887
0.690088
0.710125
0.729008
0.746725
0.763294
0.778754
0.793209
0.807115
0.818293
0.833716
0.838556
0.857725
0.570164
0.595378
0.619145
0.641535
0.662628
0.682536
0.701289
0.718885
0.735345
0.75071
0.765058
0.77901
0.789993
0.805558
0.810308
0.829493
0.542518
0.567486
0.591156
0.613547
0.634605
0.654402
0.673034
0.690532
0.706927
0.72225
0.736533
0.750564
0.761389
0.777055
0.781715
0.800919
0.514
0.538882
0.562453
0.584766
0.605775
0.625501
0.644057
0.66149
0.677828
0.6931
0.707275
0.721394
0.732017
0.747862
0.752407
0.771643
0.484742
0.509586
0.53307
0.555264
0.576205
0.595882
0.614351
0.631708
0.648004
0.663277
0.677351
0.69163
0.702028
0.718021
0.722473
0.741741
0.454666
0.479445
0.502809
0.524855
0.545661
0.565277
0.583735
0.601052
0.617293
0.632575
0.646441
0.660928
0.67112
0.68727
0.691632
0.710924
0.424146
0.44889
0.472226
0.494208
0.514887
0.534346
0.55268
0.56991
0.586066
0.601412
0.615107
0.629835
0.639763
0.656053
0.660344
0.679666
0.392751
0.417369
0.440581
0.462449
0.483029
0.50241
0.520668
0.537826
0.553742
0.569355
0.58254
0.597592
0.607328
0.623651
0.627925
0.647251
0.360243
0.384716
0.407753
0.429447
0.449845
0.469077
0.487231
0.50435
0.520199
0.535727
0.54899
0.563873
0.573728
0.589952
0.594298
0.613599
0.326635
0.350738
0.373502
0.394969
0.415202
0.434296
0.452301
0.469307
0.485126
0.500461
0.513981
0.52835
0.538615
0.55445
0.55898
0.578253
0.292262
0.315894
0.338192
0.359222
0.379073
0.39784
0.415576
0.432284
0.447988
0.462853
0.476747
0.490512
0.501411
0.516701
0.521587
0.540695
0.257082
0.280015
0.301625
0.321998
0.341227
0.359396
0.376602
0.392921
0.408411
0.423103
0.436948
0.45024
0.461393
0.476115
0.481303
0.500294
0.220266
0.241841
0.262231
0.281583
0.300006
0.31757
0.33432
0.350262
0.365378
0.379672
0.39323
0.406275
0.417677
0.432049
0.437476
0.456416
0.180308
0.199702
0.218093
0.235617
0.252423
0.268575
0.284081
0.298929
0.313115
0.326655
0.339613
0.352062
0.363455
0.376992
0.382848
0.401506
0.137805
0.154331
0.170173
0.185484
0.20041
0.214978
0.229183
0.243022
0.256479
0.269619
0.282463
0.294915
0.306671
0.320036
0.326331
0.344925
0.0868632
0.0976322
0.107776
0.117522
0.127183
0.136861
0.146606
0.156496
0.166519
0.176605
0.186723
0.196889
0.206983
0.218806
0.224752
0.243058
0.035425
0.0415051
0.0480507
0.0551272
0.0627637
0.0708693
0.0793639
0.0881916
0.0972553
0.106476
0.115821
0.125277
0.134815
0.144874
0.153353
0.165916
)
;

boundaryField
{
    frontAndBack
    {
        type            empty;
    }
    inlet
    {
        type            zeroGradient;
    }
    outlet
    {
        type            fixedValue;
        value           uniform 0;
    }
    walls
    {
        type            zeroGradient;
    }
}


// ************************************************************************* //
