/*--------------------------------*- C++ -*----------------------------------*\
| =========                 |                                                 |
| \\      /  F ield         | OpenFOAM: The Open Source CFD Toolbox           |
|  \\    /   O peration     | Version:  v2012                                 |
|   \\  /    A nd           | Website:  www.openfoam.com                      |
|    \\/     M anipulation  |                                                 |
\*---------------------------------------------------------------------------*/
FoamFile
{
    version     2.0;
    format      ascii;
    class       volScalarField;
    location    "0.319";
    object      p;
}
// * * * * * * * * * * * * * * * * * * * * * * * * * * * * * * * * * * * * * //

dimensions      [0 2 -2 0 0 0 0];


internalField   nonuniform List<scalar> 
5600
(
-0.659897
-1.11805
-1.49849
-1.817
-2.12788
-2.43811
-2.73948
-3.02121
-3.28427
-3.53445
-3.77101
-3.99569
-4.21014
-4.41643
-4.61665
-4.81248
-5.00476
-5.19451
-5.38167
-5.56662
-5.74941
-5.92973
-6.10749
-6.28379
-6.45863
-6.63216
-6.80443
-6.97569
-7.14646
-7.3167
-7.48646
-7.6554
-7.8236
-7.99135
-8.15865
-8.32524
-8.49133
-8.65672
-8.82159
-8.98578
-9.14942
-9.31248
-9.4749
-9.63662
-9.79787
-9.95858
-10.1188
-10.2785
-10.4378
-10.5965
-10.7548
-10.9127
-11.0701
-11.227
-11.3835
-11.5396
-11.6953
-11.8505
-12.0053
-12.1596
-12.3136
-12.4672
-12.6205
-12.7733
-12.9258
-13.0778
-13.2296
-13.3809
-13.5321
-13.6828
-13.8332
-13.9834
-14.1332
-14.2828
-14.432
-14.5811
-14.7298
-14.8784
-15.0265
-15.1746
-15.3223
-15.4699
-15.6172
-15.7645
-15.9113
-16.0581
-16.2046
-16.3512
-16.4974
-16.6433
-16.7891
-16.9346
-17.0807
-17.2264
-17.3728
-17.5194
-17.6686
-17.8219
-17.9792
-18.2241
-0.718932
-1.13823
-1.5151
-1.83482
-2.14587
-2.45644
-2.75774
-3.03972
-3.30315
-3.55338
-3.79016
-4.01514
-4.22992
-4.43658
-4.63716
-4.83331
-5.02588
-5.21587
-5.40321
-5.58823
-5.77123
-5.95166
-6.12948
-6.30589
-6.48087
-6.65452
-6.82688
-6.99823
-7.1691
-7.33943
-7.50927
-7.67828
-7.8465
-8.01429
-8.18163
-8.34825
-8.51437
-8.67979
-8.8447
-9.00891
-9.17259
-9.33568
-9.49814
-9.65987
-9.82116
-9.98186
-10.1421
-10.3018
-10.4611
-10.6198
-10.7782
-10.936
-11.0934
-11.2503
-11.4068
-11.5629
-11.7186
-11.8738
-12.0285
-12.1828
-12.3368
-12.4904
-12.6437
-12.7965
-12.949
-13.101
-13.2528
-13.4041
-13.5552
-13.7059
-13.8564
-14.0065
-14.1564
-14.3059
-14.4552
-14.6042
-14.7529
-14.9015
-15.0496
-15.1977
-15.3454
-15.493
-15.6403
-15.7876
-15.9344
-16.0812
-16.2277
-16.3743
-16.5204
-16.6665
-16.812
-16.9579
-17.1035
-17.2498
-17.3951
-17.5435
-17.6897
-17.847
-17.9993
-18.2362
-0.757178
-1.15086
-1.52785
-1.84818
-2.15708
-2.46515
-2.76536
-3.04694
-3.31013
-3.56004
-3.79654
-4.02162
-4.23642
-4.44307
-4.64367
-4.83985
-5.03242
-5.22244
-5.40977
-5.59483
-5.7778
-5.95828
-6.13626
-6.31273
-6.48762
-6.66124
-6.83354
-7.00489
-7.17565
-7.34595
-7.5157
-7.68466
-7.85293
-8.02073
-8.18805
-8.35465
-8.52075
-8.68614
-8.85101
-9.01518
-9.1788
-9.34183
-9.50421
-9.66587
-9.82708
-9.9878
-10.1481
-10.3078
-10.4671
-10.6258
-10.7841
-10.942
-11.0994
-11.2563
-11.4129
-11.569
-11.7248
-11.8801
-12.0349
-12.1893
-12.3433
-12.497
-12.6503
-12.8031
-12.9557
-13.1078
-13.2596
-13.4109
-13.5621
-13.7128
-13.8633
-14.0135
-14.1634
-14.313
-14.4623
-14.6113
-14.7601
-14.9086
-15.0568
-15.2049
-15.3526
-15.5003
-15.6476
-15.7948
-15.9417
-16.0885
-16.235
-16.3816
-16.5278
-16.6739
-16.8194
-16.9653
-17.1109
-17.2573
-17.4026
-17.551
-17.6976
-17.8555
-18.0068
-18.234
-0.805901
-1.16733
-1.54323
-1.86503
-2.17266
-2.47978
-2.78037
-3.06257
-3.3264
-3.57663
-3.8137
-4.03879
-4.25407
-4.46092
-4.66157
-4.85767
-5.05011
-5.23988
-5.42691
-5.61165
-5.79447
-5.97486
-6.15286
-6.32942
-6.50442
-6.67833
-6.851
-7.02269
-7.19369
-7.36421
-7.53413
-7.70324
-7.87151
-8.03939
-8.20677
-8.37347
-8.53965
-8.70514
-8.87012
-9.03441
-9.19816
-9.36136
-9.52392
-9.68578
-9.84717
-10.0079
-10.1682
-10.328
-10.4873
-10.6461
-10.8045
-10.9624
-11.1199
-11.2769
-11.4334
-11.5894
-11.7452
-11.9003
-12.055
-12.2093
-12.3633
-12.5169
-12.6701
-12.8228
-12.9753
-13.1273
-13.2791
-13.4304
-13.5815
-13.7322
-13.8826
-14.0327
-14.1826
-14.3322
-14.4814
-14.6304
-14.7791
-14.9277
-15.0758
-15.2239
-15.3716
-15.5192
-15.6665
-15.8138
-15.9606
-16.1074
-16.2539
-16.4004
-16.5466
-16.6927
-16.8383
-16.984
-17.1298
-17.2759
-17.4216
-17.5691
-17.7164
-17.8722
-18.0283
-18.233
-0.855527
-1.18446
-1.55898
-1.88322
-2.18925
-2.49553
-2.79583
-3.07785
-3.3417
-3.59173
-3.82902
-4.05388
-4.26935
-4.47643
-4.67728
-4.87355
-5.06618
-5.25606
-5.44324
-5.62808
-5.81087
-5.99129
-6.16926
-6.34567
-6.52051
-6.69422
-6.86668
-7.0382
-7.20894
-7.37938
-7.54919
-7.71829
-7.88663
-8.0546
-8.22198
-8.38872
-8.55487
-8.72038
-8.88531
-9.04958
-9.21324
-9.37637
-9.53877
-9.70057
-9.86185
-10.0226
-10.1828
-10.3426
-10.5018
-10.6606
-10.8189
-10.9767
-11.1341
-11.291
-11.4475
-11.6037
-11.7595
-11.9147
-12.0696
-12.2239
-12.378
-12.5316
-12.685
-12.8379
-12.9905
-13.1426
-13.2944
-13.4458
-13.597
-13.7477
-13.8982
-14.0484
-14.1983
-14.3479
-14.4972
-14.6463
-14.7951
-14.9436
-15.0918
-15.2399
-15.3877
-15.5353
-15.6826
-15.8299
-15.9768
-16.1235
-16.2701
-16.4166
-16.5629
-16.7089
-16.8546
-17.0003
-17.1461
-17.2921
-17.4379
-17.5854
-17.7325
-17.8879
-18.0408
-18.2372
-0.905561
-1.20378
-1.57627
-1.90348
-2.20788
-2.51319
-2.81312
-3.09516
-3.35924
-3.60946
-3.84699
-4.07219
-4.28794
-4.49529
-4.69634
-4.89272
-5.08546
-5.27534
-5.46257
-5.64745
-5.83004
-6.01046
-6.1885
-6.36494
-6.53985
-6.71361
-6.88611
-7.05766
-7.22845
-7.39874
-7.56858
-7.73761
-7.90593
-8.07378
-8.24105
-8.4077
-8.57377
-8.73923
-8.9041
-9.06836
-9.232
-9.39534
-9.5578
-9.7197
-9.88104
-10.0419
-10.2022
-10.362
-10.5213
-10.6802
-10.8386
-10.9965
-11.1539
-11.3109
-11.4674
-11.6236
-11.7794
-11.9347
-12.0895
-12.2438
-12.3979
-12.5515
-12.7047
-12.8575
-13.01
-13.1621
-13.3139
-13.4652
-13.6163
-13.7671
-13.9175
-14.0677
-14.2176
-14.3672
-14.5164
-14.6655
-14.8143
-14.9628
-15.111
-15.2591
-15.4069
-15.5545
-15.7018
-15.849
-15.996
-16.1427
-16.2893
-16.4358
-16.582
-16.7281
-16.8738
-17.0195
-17.1653
-17.3113
-17.457
-17.6043
-17.7512
-17.9053
-18.0568
-18.2431
-0.954978
-1.22559
-1.59534
-1.92577
-2.2287
-2.53298
-2.83261
-3.11474
-3.379
-3.62933
-3.86697
-4.09243
-4.30825
-4.51576
-4.71693
-4.91341
-5.10623
-5.29614
-5.4834
-5.66829
-5.85088
-6.03133
-6.20944
-6.3859
-6.56086
-6.7346
-6.90714
-7.07869
-7.24959
-7.41977
-7.58963
-7.75866
-7.92703
-8.09484
-8.26213
-8.42877
-8.59483
-8.76028
-8.92509
-9.08935
-9.25295
-9.41624
-9.57867
-9.74048
-9.90173
-10.0625
-10.2227
-10.3824
-10.5417
-10.7005
-10.8588
-11.0167
-11.1742
-11.3312
-11.4877
-11.6439
-11.7997
-11.955
-12.1098
-12.2642
-12.4182
-12.5718
-12.7251
-12.878
-13.0305
-13.1827
-13.3344
-13.4858
-13.637
-13.7877
-13.9382
-14.0884
-14.2383
-14.3879
-14.5372
-14.6863
-14.8351
-14.9836
-15.1319
-15.2799
-15.4277
-15.5753
-15.7227
-15.8699
-16.0169
-16.1636
-16.3102
-16.4567
-16.603
-16.749
-16.8947
-17.0405
-17.1862
-17.3322
-17.4779
-17.6249
-17.7716
-17.924
-18.0737
-18.2492
-1.00196
-1.25009
-1.61675
-1.95024
-2.25196
-2.55524
-2.85466
-3.13686
-3.40124
-3.65166
-3.8894
-4.11507
-4.33098
-4.53868
-4.74
-4.93661
-5.12951
-5.31946
-5.50675
-5.69167
-5.87427
-6.05468
-6.23283
-6.4093
-6.58428
-6.75802
-6.93058
-7.10216
-7.27307
-7.44328
-7.61311
-7.78215
-7.95053
-8.11834
-8.28563
-8.45227
-8.61833
-8.78378
-8.94859
-9.11291
-9.27656
-9.43968
-9.60214
-9.76395
-9.92523
-10.086
-10.2462
-10.4059
-10.5652
-10.7239
-10.8822
-11.0401
-11.1975
-11.3546
-11.5111
-11.6672
-11.823
-11.9782
-12.133
-12.2873
-12.4414
-12.5949
-12.7482
-12.901
-13.0536
-13.2057
-13.3575
-13.5089
-13.6601
-13.8108
-13.9613
-14.1115
-14.2614
-14.411
-14.5603
-14.7094
-14.8583
-15.0067
-15.155
-15.303
-15.4509
-15.5985
-15.7459
-15.893
-16.04
-16.1868
-16.3333
-16.4798
-16.6261
-16.7721
-16.9179
-17.0636
-17.2093
-17.3552
-17.5009
-17.6475
-17.7939
-17.9444
-18.0917
-18.2561
-1.04493
-1.27716
-1.64108
-1.97702
-2.27785
-2.58032
-2.87959
-3.16182
-3.42628
-3.67679
-3.91462
-4.14046
-4.35645
-4.56428
-4.76572
-4.96239
-5.15534
-5.34531
-5.53262
-5.71754
-5.90014
-6.08051
-6.25868
-6.43517
-6.61019
-6.78393
-6.9565
-7.1281
-7.29903
-7.46928
-7.63905
-7.8081
-7.97649
-8.14431
-8.31159
-8.47824
-8.64429
-8.80974
-8.97456
-9.13888
-9.30252
-9.4656
-9.62809
-9.78992
-9.9512
-10.1119
-10.2722
-10.4319
-10.5912
-10.7499
-10.9082
-11.0661
-11.2235
-11.3806
-11.5371
-11.6932
-11.8489
-12.0041
-12.1589
-12.3133
-12.4673
-12.6208
-12.774
-12.9268
-13.0793
-13.2314
-13.3832
-13.5347
-13.6858
-13.8366
-13.987
-14.1372
-14.287
-14.4366
-14.5859
-14.7349
-14.8837
-15.0323
-15.1805
-15.3285
-15.4764
-15.624
-15.7714
-15.9185
-16.0655
-16.2123
-16.3588
-16.5053
-16.6516
-16.7976
-16.9434
-17.0891
-17.2348
-17.3807
-17.5262
-17.6725
-17.8183
-17.9668
-18.1111
-18.2638
-1.08212
-1.30635
-1.66893
-2.0063
-2.30659
-2.60862
-2.90785
-3.19003
-3.45454
-3.70514
-3.94302
-4.16894
-4.38496
-4.59287
-4.79437
-4.99109
-5.18408
-5.37407
-5.56139
-5.74634
-5.92893
-6.10925
-6.28745
-6.46395
-6.63899
-6.81272
-6.98529
-7.1569
-7.32786
-7.49813
-7.66785
-7.83691
-8.00531
-8.17314
-8.34041
-8.50707
-8.67311
-8.83856
-9.00337
-9.16771
-9.33136
-9.49443
-9.65691
-9.81875
-9.98002
-10.1408
-10.301
-10.4607
-10.62
-10.7787
-10.9371
-11.0949
-11.2523
-11.4094
-11.5659
-11.722
-11.8777
-12.0329
-12.1877
-12.3421
-12.4961
-12.6497
-12.8029
-12.9557
-13.1082
-13.2603
-13.4121
-13.5635
-13.7146
-13.8654
-14.0158
-14.166
-14.3158
-14.4655
-14.6147
-14.7637
-14.9125
-15.061
-15.2092
-15.3572
-15.505
-15.6526
-15.8
-15.9471
-16.094
-16.2408
-16.3873
-16.5337
-16.6801
-16.8261
-16.9719
-17.1176
-17.2633
-17.409
-17.5545
-17.7003
-17.8453
-17.9916
-18.1324
-18.2734
-1.10947
-1.33564
-1.69934
-2.03665
-2.33682
-2.63901
-2.93831
-3.22036
-3.48487
-3.73553
-3.97339
-4.19931
-4.41531
-4.6232
-4.82471
-5.02144
-5.21444
-5.40443
-5.59174
-5.77672
-5.95929
-6.13956
-6.31775
-6.49426
-6.6693
-6.84302
-7.01559
-7.18719
-7.3582
-7.52847
-7.69815
-7.8672
-8.03563
-8.20347
-8.37073
-8.53739
-8.70343
-8.86888
-9.03368
-9.19805
-9.3617
-9.52475
-9.68722
-9.84907
-10.0103
-10.1711
-10.3313
-10.491
-10.6503
-10.8091
-10.9674
-11.1253
-11.2826
-11.4397
-11.5962
-11.7523
-11.908
-12.0632
-12.2181
-12.3724
-12.5264
-12.68
-12.8332
-12.986
-13.1385
-13.2906
-13.4424
-13.5939
-13.7449
-13.8957
-14.0461
-14.1963
-14.3462
-14.4957
-14.645
-14.794
-14.9428
-15.0913
-15.2395
-15.3875
-15.5353
-15.6829
-15.8303
-15.9774
-16.1244
-16.2711
-16.4177
-16.5641
-16.7104
-16.8564
-17.0022
-17.1479
-17.2936
-17.4392
-17.5846
-17.73
-17.8742
-18.0182
-18.1554
-18.2866
-1.12426
-1.36229
-1.7294
-2.06511
-2.3656
-2.66855
-2.96802
-3.24986
-3.51434
-3.76502
-4.0028
-4.22862
-4.44455
-4.65234
-4.85381
-5.0505
-5.24348
-5.43346
-5.62074
-5.80575
-5.98829
-6.1685
-6.34668
-6.52319
-6.69824
-6.87195
-7.0445
-7.21608
-7.38714
-7.55741
-7.72706
-7.89611
-8.06455
-8.23239
-8.39965
-8.5663
-8.73234
-8.8978
-9.06256
-9.22698
-9.39062
-9.55365
-9.71611
-9.87796
-10.0392
-10.2
-10.3602
-10.52
-10.6792
-10.838
-10.9963
-11.1542
-11.3115
-11.4687
-11.6252
-11.7813
-11.9369
-12.0921
-12.247
-12.4013
-12.5553
-12.7089
-12.8621
-13.0149
-13.1674
-13.3195
-13.4713
-13.6227
-13.7739
-13.9246
-14.0751
-14.2253
-14.3752
-14.5247
-14.674
-14.823
-14.9719
-15.1204
-15.2686
-15.4167
-15.5645
-15.7121
-15.8594
-16.0066
-16.1536
-16.3003
-16.4469
-16.5934
-16.7398
-16.8858
-17.0317
-17.1774
-17.323
-17.4685
-17.6138
-17.7588
-17.9023
-18.0443
-18.1785
-18.3021
-1.12797
-1.38586
-1.75744
-2.09046
-2.39165
-2.69572
-2.99544
-3.277
-3.54143
-3.79214
-4.02979
-4.25543
-4.47125
-4.67889
-4.88025
-5.07689
-5.26982
-5.45979
-5.64704
-5.83208
-6.01459
-6.19473
-6.37288
-6.54939
-6.72443
-6.89811
-7.07064
-7.24218
-7.4133
-7.58356
-7.75319
-7.92223
-8.09068
-8.25852
-8.42578
-8.59244
-8.75848
-8.92394
-9.0887
-9.25316
-9.41678
-9.57979
-9.74225
-9.90409
-10.0654
-10.2261
-10.3863
-10.5461
-10.7053
-10.864
-11.0224
-11.1802
-11.3377
-11.4948
-11.6513
-11.8074
-11.9631
-12.1183
-12.2731
-12.4275
-12.5815
-12.7351
-12.8884
-13.0412
-13.1937
-13.3458
-13.4977
-13.6491
-13.8003
-13.9511
-14.1016
-14.2519
-14.4017
-14.5513
-14.7006
-14.8497
-14.9985
-15.147
-15.2953
-15.4433
-15.5911
-15.7387
-15.886
-16.0331
-16.1801
-16.3268
-16.4734
-16.6198
-16.766
-16.912
-17.058
-17.2037
-17.3494
-17.4949
-17.6401
-17.7847
-17.9275
-18.0682
-18.2002
-18.3183
-1.1229
-1.40719
-1.78341
-2.11312
-2.41536
-2.7207
-3.02071
-3.30193
-3.56628
-3.817
-4.05448
-4.27993
-4.49562
-4.70309
-4.90431
-5.10085
-5.29373
-5.48368
-5.67087
-5.85596
-6.03843
-6.21851
-6.39663
-6.57314
-6.74817
-6.92182
-7.09433
-7.26583
-7.437
-7.60724
-7.77685
-7.94588
-8.11434
-8.28216
-8.44942
-8.61605
-8.7821
-8.94749
-9.1123
-9.27678
-9.4404
-9.6034
-9.76586
-9.92772
-10.089
-10.2498
-10.41
-10.5698
-10.7291
-10.8878
-11.0462
-11.204
-11.3616
-11.5187
-11.6753
-11.8314
-11.9871
-12.1424
-12.2972
-12.4517
-12.6057
-12.7593
-12.9126
-13.0654
-13.2178
-13.3699
-13.5217
-13.6732
-13.8243
-13.9751
-14.1256
-14.2758
-14.4257
-14.5753
-14.7246
-14.8736
-15.0225
-15.171
-15.3193
-15.4673
-15.6151
-15.7627
-15.9101
-16.0572
-16.2043
-16.3511
-16.4978
-16.6444
-16.7907
-16.9367
-17.0824
-17.2281
-17.3736
-17.5191
-17.6641
-17.8087
-17.9514
-18.0902
-18.2204
-18.3345
-1.11156
-1.42664
-1.80704
-2.13334
-2.43689
-2.7436
-3.044
-3.32485
-3.58913
-3.83981
-4.0771
-4.30226
-4.51778
-4.72506
-4.92614
-5.12257
-5.31535
-5.50526
-5.69239
-5.87752
-6.05993
-6.23993
-6.418
-6.59451
-6.76951
-6.94318
-7.11559
-7.28713
-7.45833
-7.62853
-7.79812
-7.96715
-8.13564
-8.30348
-8.47076
-8.63741
-8.80351
-8.9689
-9.13386
-9.29829
-9.46192
-9.625
-9.78752
-9.94944
-10.1108
-10.2716
-10.4319
-10.5917
-10.751
-10.9098
-11.0681
-11.2259
-11.3834
-11.5405
-11.6971
-11.8532
-12.0089
-12.1641
-12.319
-12.4734
-12.6274
-12.781
-12.9342
-13.0871
-13.2395
-13.3916
-13.5434
-13.6949
-13.846
-13.9967
-14.1473
-14.2975
-14.4473
-14.5969
-14.7462
-14.8952
-15.0439
-15.1924
-15.3407
-15.4887
-15.6364
-15.784
-15.9313
-16.0784
-16.2253
-16.3719
-16.5184
-16.6647
-16.811
-16.9571
-17.1029
-17.2487
-17.3944
-17.5399
-17.6848
-17.829
-17.9711
-18.1101
-18.2391
-18.3504
-1.09603
-1.44462
-1.82827
-2.15152
-2.45644
-2.76438
-3.06526
-3.34577
-3.61004
-3.86066
-4.09784
-4.32274
-4.53798
-4.74504
-4.94603
-5.14234
-5.33511
-5.52492
-5.71213
-5.89728
-6.07966
-6.25959
-6.43757
-6.61404
-6.78898
-6.96262
-7.13499
-7.30663
-7.47781
-7.64806
-7.81766
-7.98674
-8.15533
-8.32329
-8.49067
-8.65742
-8.82358
-8.98907
-9.15404
-9.31839
-9.48197
-9.64503
-9.80754
-9.96944
-10.1308
-10.2916
-10.4519
-10.6116
-10.7709
-10.9297
-11.088
-11.2458
-11.4034
-11.5604
-11.717
-11.8731
-12.0288
-12.1841
-12.3389
-12.4933
-12.6474
-12.801
-12.9542
-13.1071
-13.2595
-13.4116
-13.5634
-13.7149
-13.866
-14.0168
-14.1674
-14.3176
-14.4674
-14.617
-14.7663
-14.9154
-15.0642
-15.2128
-15.361
-15.5091
-15.6569
-15.8045
-15.9519
-16.0991
-16.2461
-16.393
-16.5397
-16.6862
-16.8325
-16.9786
-17.1243
-17.27
-17.4155
-17.561
-17.7059
-17.8501
-17.9918
-18.1288
-18.2567
-18.366
-1.07729
-1.46132
-1.84733
-2.16837
-2.47462
-2.78347
-3.08456
-3.36457
-3.62882
-3.87923
-4.11607
-4.34123
-4.55601
-4.76269
-4.96346
-5.15956
-5.3522
-5.54185
-5.72912
-5.91413
-6.09652
-6.27652
-6.45463
-6.63127
-6.80638
-6.98012
-7.15267
-7.32445
-7.49568
-7.666
-7.83557
-8.00453
-8.17304
-8.34094
-8.50824
-8.67493
-8.84103
-9.00646
-9.17137
-9.33567
-9.49925
-9.66226
-9.82469
-9.98654
-10.1478
-10.3086
-10.4688
-10.6286
-10.7878
-10.9466
-11.1049
-11.2626
-11.4201
-11.5771
-11.7336
-11.8897
-12.0453
-12.2006
-12.3554
-12.5097
-12.6637
-12.8173
-12.9705
-13.1232
-13.2756
-13.4277
-13.5794
-13.7309
-13.8819
-14.0327
-14.1831
-14.3333
-14.4831
-14.6326
-14.7818
-14.9308
-15.0795
-15.228
-15.3762
-15.5242
-15.6719
-15.8194
-15.9667
-16.1138
-16.2607
-16.4074
-16.5539
-16.7002
-16.8464
-16.9925
-17.1383
-17.284
-17.4296
-17.575
-17.7199
-17.864
-18.006
-18.1441
-18.2719
-18.3805
-1.05644
-1.47565
-1.86291
-2.18332
-2.49149
-2.80195
-3.10337
-3.38291
-3.64718
-3.89746
-4.13405
-4.35947
-4.57392
-4.78046
-4.98124
-5.17746
-5.37029
-5.56029
-5.74787
-5.93313
-6.11572
-6.29577
-6.47397
-6.6506
-6.82562
-6.99914
-7.17148
-7.34316
-7.51431
-7.6846
-7.85418
-8.02318
-8.19171
-8.35963
-8.52695
-8.69367
-8.85979
-9.02526
-9.19019
-9.35451
-9.51812
-9.68113
-9.84354
-10.0054
-10.1667
-10.3275
-10.4877
-10.6475
-10.8068
-10.9656
-11.1239
-11.2817
-11.4392
-11.5963
-11.7528
-11.9089
-12.0646
-12.2199
-12.3747
-12.5291
-12.6831
-12.8368
-12.99
-13.1428
-13.2953
-13.4474
-13.5992
-13.7506
-13.9018
-14.0525
-14.2031
-14.3533
-14.5031
-14.6527
-14.802
-14.951
-15.0998
-15.2483
-15.3966
-15.5446
-15.6924
-15.84
-15.9874
-16.1345
-16.2815
-16.4283
-16.5749
-16.7214
-16.8677
-17.0137
-17.1596
-17.3052
-17.4508
-17.5962
-17.741
-17.8851
-18.0265
-18.1631
-18.2895
-18.3965
-1.04183
-1.49023
-1.87515
-2.19286
-2.50185
-2.81409
-3.11603
-3.39502
-3.65947
-3.90974
-4.14622
-4.37125
-4.58552
-4.79195
-4.99261
-5.18873
-5.38144
-5.57131
-5.75877
-5.94386
-6.12614
-6.30578
-6.48377
-6.6602
-6.83509
-7.0085
-7.18064
-7.3522
-7.52327
-7.69349
-7.86299
-8.03189
-8.20034
-8.36817
-8.53542
-8.70206
-8.86811
-9.03351
-9.19837
-9.36264
-9.52618
-9.68914
-9.85151
-10.0133
-10.1746
-10.3353
-10.4955
-10.6552
-10.8145
-10.9732
-11.1315
-11.2892
-11.4467
-11.6037
-11.7602
-11.9163
-12.0719
-12.2271
-12.3819
-12.5363
-12.6903
-12.8438
-12.997
-13.1498
-13.3022
-13.4543
-13.606
-13.7574
-13.9085
-14.0593
-14.2097
-14.3599
-14.5097
-14.6592
-14.8085
-14.9575
-15.1062
-15.2547
-15.4029
-15.5509
-15.6987
-15.8462
-15.9935
-16.1407
-16.2876
-16.4343
-16.5809
-16.7273
-16.8735
-17.0196
-17.1654
-17.311
-17.4566
-17.602
-17.7468
-17.891
-18.0326
-18.1701
-18.2968
-18.4044
-1.01136
-1.50506
-1.89877
-2.21702
-2.5262
-2.83895
-3.14165
-3.41967
-3.68444
-3.93482
-4.1712
-4.39604
-4.6101
-4.81624
-5.01663
-5.21252
-5.40505
-5.59477
-5.78214
-5.96715
-6.14946
-6.32915
-6.50712
-6.68353
-6.85837
-7.03176
-7.2039
-7.37543
-7.54645
-7.71663
-7.8861
-8.05499
-8.22343
-8.39126
-8.5585
-8.72514
-8.89119
-9.0566
-9.22145
-9.38572
-9.54927
-9.71223
-9.8746
-10.0364
-10.1977
-10.3584
-10.5186
-10.6784
-10.8376
-10.9963
-11.1546
-11.3124
-11.4698
-11.6269
-11.7834
-11.9395
-12.0951
-12.2503
-12.4051
-12.5595
-12.7135
-12.8671
-13.0203
-13.173
-13.3255
-13.4775
-13.6293
-13.7807
-13.9318
-14.0826
-14.2331
-14.3832
-14.533
-14.6826
-14.8318
-14.9808
-15.1296
-15.2781
-15.4263
-15.5743
-15.7221
-15.8696
-16.017
-16.1641
-16.311
-16.4578
-16.6043
-16.7507
-16.897
-17.043
-17.1888
-17.3345
-17.4801
-17.6255
-17.7703
-17.9144
-18.0559
-18.193
-18.3195
-18.4266
-18.1919
-18.4571
-19.1957
-19.3206
-18.7792
-17.6961
-16.2365
-14.533
-12.7725
-11.0503
-9.4568
-8.01998
-6.75597
-5.65941
-4.71685
-3.90843
-3.21665
-2.62173
-2.10816
-1.66397
-1.27752
-0.938949
-0.641458
-0.378991
-0.146209
0.0615085
0.246898
0.412296
0.560492
0.693714
0.81418
0.922445
1.01822
1.10322
1.17866
1.24535
1.30408
1.35554
1.40032
1.43896
1.47197
1.49978
1.52284
1.54155
1.55621
1.56716
1.57482
1.57922
1.58072
1.57957
1.57593
1.56985
1.56153
1.55107
1.53854
1.52405
1.5077
1.4895
1.46953
1.44787
1.42445
1.39957
1.37336
1.34562
1.3164
1.286
1.25454
1.22228
1.18933
1.15594
1.12208
1.08809
1.0539
1.01979
0.985543
0.951393
0.917097
0.882788
0.848344
0.813989
0.779401
0.744718
0.709578
0.674315
0.638709
0.603132
0.567592
0.53198
0.4963
0.460329
0.423755
0.386477
0.347975
0.308864
0.268322
0.229158
0.18524
0.141077
0.0790198
0.0494834
-18.2342
-18.3834
-19.0892
-19.2311
-18.7017
-17.6389
-16.2015
-14.5177
-12.7728
-11.062
-9.47693
-8.04479
-6.78325
-5.68771
-4.74496
-3.93564
-3.24232
-2.64565
-2.13033
-1.68445
-1.2965
-0.956682
-0.658089
-0.394538
-0.160898
0.0474373
0.233267
0.399112
0.547474
0.680742
0.800413
0.9085
1.0044
1.08946
1.16498
1.23176
1.29056
1.34209
1.38693
1.42563
1.45869
1.48654
1.50964
1.5284
1.54311
1.5541
1.56175
1.56622
1.56775
1.56662
1.56299
1.5569
1.54857
1.53809
1.52552
1.51099
1.49458
1.47631
1.45626
1.4345
1.41099
1.38603
1.35973
1.33192
1.30266
1.27223
1.24075
1.20849
1.17554
1.14216
1.10833
1.07438
1.04025
1.00621
0.97205
0.937994
0.903787
0.869575
0.835229
0.800976
0.766457
0.731834
0.696748
0.661557
0.626029
0.59052
0.555056
0.519525
0.483953
0.448123
0.411709
0.37462
0.336383
0.297546
0.257186
0.218629
0.175559
0.13247
0.0739344
0.044918
-18.2296
-18.391
-19.0143
-19.1395
-18.6148
-17.5696
-16.1547
-14.4929
-12.7674
-11.0723
-9.49771
-8.07258
-6.81538
-5.7214
-4.77827
-3.96769
-3.27245
-2.67374
-2.15646
-1.70867
-1.31904
-0.977716
-0.677779
-0.412971
-0.178265
0.0309419
0.217446
0.384073
0.532942
0.66678
0.785882
0.893094
0.988949
1.07413
1.14976
1.21664
1.27554
1.32716
1.37209
1.41086
1.44398
1.47189
1.49505
1.51386
1.52861
1.53966
1.54731
1.55184
1.55341
1.55235
1.54871
1.54262
1.53428
1.52378
1.51117
1.49657
1.4801
1.46174
1.44159
1.41972
1.39612
1.37106
1.34465
1.31676
1.28745
1.25697
1.22548
1.19319
1.16025
1.12688
1.0931
1.05921
1.02515
0.991192
0.957126
0.923181
0.889067
0.854965
0.820728
0.786581
0.752139
0.717581
0.682561
0.647436
0.611995
0.576561
0.541182
0.505738
0.470284
0.434614
0.398382
0.361496
0.323555
0.285019
0.244969
0.206998
0.164885
0.122917
0.068529
0.0396882
-18.2556
-18.4113
-18.9522
-19.0558
-18.5261
-17.4941
-16.0997
-14.4632
-12.7586
-11.0817
-9.51956
-8.10343
-6.85183
-5.75993
-4.81649
-4.00455
-3.3073
-2.70664
-2.18741
-1.73738
-1.34565
-1.00243
-0.700803
-0.434516
-0.198526
0.0117725
0.199143
0.366641
0.516136
0.650635
0.769637
0.875869
0.971655
1.05701
1.1328
1.19982
1.25884
1.31059
1.35562
1.39448
1.42769
1.45567
1.47891
1.49777
1.51259
1.5237
1.5314
1.53598
1.53759
1.5366
1.53294
1.52688
1.51856
1.508
1.49534
1.48069
1.46412
1.44566
1.4254
1.40341
1.37969
1.3545
1.32797
1.29998
1.2706
1.24007
1.20854
1.17625
1.14331
1.10997
1.07623
1.04242
1.00843
0.97457
0.940614
0.90679
0.872776
0.838801
0.804686
0.770652
0.736299
0.701815
0.666875
0.631808
0.596462
0.561112
0.52583
0.490499
0.455165
0.419636
0.383628
0.346973
0.309358
0.271145
0.23158
0.194092
0.153106
0.112362
0.062673
0.0338791
-18.2757
-18.4225
-18.8898
-18.9705
-18.439
-17.4185
-16.042
-14.4325
-12.7502
-11.0934
-9.54559
-8.1396
-6.89374
-5.8043
-4.86092
-4.04766
-3.34826
-2.74533
-2.22376
-1.77103
-1.37675
-1.03127
-0.727661
-0.459682
-0.222241
-0.0107373
0.177596
0.345905
0.496038
0.631002
0.750309
0.856291
0.952259
1.03787
1.11386
1.18107
1.24026
1.29217
1.33733
1.37632
1.40963
1.43771
1.46103
1.47997
1.49486
1.50605
1.51384
1.51847
1.52014
1.51918
1.51554
1.50951
1.50121
1.49059
1.4779
1.46321
1.44653
1.42793
1.40752
1.38539
1.36153
1.33618
1.3095
1.2814
1.25194
1.22134
1.18977
1.15749
1.12457
1.09126
1.05757
1.02383
0.989915
0.956174
0.922335
0.888638
0.854743
0.820909
0.786936
0.753023
0.71878
0.684375
0.649536
0.614519
0.579268
0.544017
0.50884
0.473669
0.43849
0.403037
0.367235
0.330896
0.293646
0.255785
0.216906
0.179716
0.140106
0.100722
0.0562741
0.02749
-18.2938
-18.4309
-18.8239
-18.8763
-18.345
-17.3368
-15.9829
-14.403
-12.745
-11.1099
-9.57784
-8.18334
-6.9438
-5.85728
-4.9141
-4.09926
-3.39715
-2.79095
-2.26617
-1.81029
-1.41309
-1.06508
-0.759232
-0.48933
-0.250251
-0.037396
0.152048
0.321222
0.472142
0.607555
0.727594
0.834125
0.930454
1.01637
1.09265
1.16012
1.21953
1.27164
1.31698
1.35612
1.38957
1.41777
1.4412
1.46025
1.47524
1.48653
1.49442
1.49914
1.50088
1.49996
1.49635
1.49034
1.48202
1.47139
1.45866
1.44391
1.4271
1.40835
1.3878
1.36549
1.34143
1.31591
1.28906
1.26083
1.23126
1.2006
1.16903
1.13672
1.1038
1.07051
1.03688
1.00322
0.969418
0.935809
0.902091
0.86853
0.834779
0.8011
0.767297
0.73351
0.699403
0.665085
0.630368
0.595386
0.560243
0.525104
0.490036
0.455028
0.420036
0.384693
0.349101
0.313103
0.276256
0.238785
0.200775
0.16372
0.125745
0.0878669
0.0492291
0.0204763
-18.3103
-18.4354
-18.7539
-18.7727
-18.2414
-17.2463
-15.9169
-14.3693
-12.74
-11.13
-9.61628
-8.23528
-7.00323
-5.91978
-4.97671
-4.15993
-3.45447
-2.8443
-2.31551
-1.8559
-1.45527
-1.1043
-0.795842
-0.523697
-0.282694
-0.0682905
0.122502
0.292756
0.444712
0.580793
0.701738
0.809103
0.90588
0.992189
1.06886
1.13666
1.19637
1.24874
1.29431
1.33365
1.36727
1.39562
1.4192
1.43836
1.45348
1.46491
1.47292
1.47775
1.47959
1.47872
1.47517
1.46918
1.46085
1.4502
1.43741
1.42256
1.40563
1.38674
1.36602
1.34349
1.3192
1.29346
1.26647
1.23809
1.2084
1.17764
1.146
1.11369
1.08077
1.04751
1.01395
0.980406
0.946727
0.913246
0.879666
0.846251
0.81268
0.779166
0.745566
0.711915
0.677975
0.643756
0.609154
0.574207
0.539206
0.504185
0.469226
0.434359
0.39955
0.364418
0.329116
0.293424
0.257009
0.21996
0.18292
0.146022
0.109861
0.0736411
0.0414112
0.0127685
-18.3254
-18.4354
-18.6807
-18.6615
-18.1299
-17.1492
-15.8453
-14.3308
-12.7325
-11.1493
-9.65611
-8.29035
-7.06741
-5.98641
-5.04346
-4.22524
-3.51692
-2.90311
-2.37036
-1.90684
-1.50245
-1.14813
-0.836648
-0.561955
-0.31876
-0.102922
0.0892623
0.260736
0.413857
0.550768
0.672638
0.78093
0.87826
0.965082
1.04223
1.11045
1.17051
1.22318
1.26902
1.30859
1.34243
1.37097
1.39472
1.41404
1.42932
1.44092
1.4491
1.45407
1.45603
1.45524
1.45177
1.4458
1.43748
1.42681
1.41395
1.39898
1.38192
1.36285
1.34197
1.31919
1.29466
1.26867
1.24141
1.21283
1.18302
1.15219
1.12046
1.08814
1.05523
1.02204
0.988556
0.95513
0.921589
0.888238
0.854827
0.821571
0.788221
0.754884
0.721525
0.688023
0.654285
0.620159
0.585628
0.55081
0.515958
0.481047
0.4462
0.41149
0.376866
0.342008
0.307005
0.271649
0.235705
0.199117
0.163011
0.126544
0.0921916
0.0579302
0.0326895
0.00425477
-18.3394
-18.432
-18.6061
-18.5445
-18.0113
-17.0462
-15.7692
-14.2865
-12.7191
-11.1632
-9.69191
-8.34299
-7.13052
-6.05503
-5.11398
-4.29486
-3.58374
-2.96624
-2.42949
-1.96212
-1.55409
-1.19652
-0.882109
-0.60489
-0.359478
-0.141834
0.0519774
0.224904
0.379337
0.517272
0.640152
0.749465
0.847469
0.93489
1.01258
1.08124
1.14167
1.19468
1.24082
1.28068
1.31476
1.34354
1.36751
1.38702
1.4025
1.41433
1.42272
1.42787
1.42999
1.42933
1.42595
1.42004
1.41173
1.40106
1.38812
1.37303
1.35579
1.33649
1.31529
1.29218
1.26739
1.24115
1.2136
1.18481
1.15485
1.12393
1.09215
1.05982
1.02694
0.993797
0.960433
0.927119
0.893744
0.860533
0.827329
0.794248
0.761163
0.728023
0.69495
0.661602
0.628092
0.593973
0.559605
0.525002
0.490266
0.455463
0.420736
0.386209
0.351786
0.317226
0.282537
0.247567
0.212126
0.176053
0.140736
0.105063
0.0724189
0.0406199
0.0228962
-0.00528383
-18.3526
-18.4258
-18.5317
-18.4238
-17.8864
-16.9372
-15.6872
-14.2396
-12.7068
-11.1804
-9.73199
-8.40007
-7.19773
-6.12919
-5.1901
-4.36958
-3.65518
-3.03359
-2.49253
-2.02103
-1.60917
-1.24818
-0.930793
-0.651032
-0.403496
-0.183744
0.0116262
0.18578
0.34129
0.480131
0.603927
0.714203
0.812877
0.900877
0.979118
1.04827
1.10915
1.16259
1.20913
1.24934
1.28375
1.31284
1.33709
1.35685
1.37259
1.3847
1.39336
1.39875
1.40106
1.40055
1.39728
1.39144
1.38316
1.37247
1.35946
1.34424
1.32683
1.30725
1.28566
1.26221
1.2371
1.21057
1.18275
1.15374
1.12362
1.0926
1.06077
1.02843
0.995595
0.9625
0.929281
0.896099
0.862928
0.829882
0.796921
0.764049
0.731276
0.698342
0.665619
0.632362
0.599009
0.565044
0.530942
0.496512
0.461875
0.427196
0.392604
0.358291
0.324082
0.289859
0.255501
0.220973
0.18606
0.150542
0.115865
0.0811922
0.0502416
0.0214627
0.0117931
-0.0162319
-18.365
-18.4192
-18.4665
-18.3145
-17.7716
-16.8377
-15.6128
-14.2001
-12.7008
-11.2024
-9.77543
-8.45904
-7.2661
-6.20203
-5.2636
-4.44147
-3.72408
-3.09887
-2.55397
-2.0788
-1.66351
-1.2994
-0.979281
-0.697136
-0.447598
-0.226048
-0.0291517
0.146198
0.302703
0.44232
0.566862
0.677887
0.777073
0.865442
0.944037
1.01353
1.07477
1.12863
1.17557
1.21615
1.25091
1.28034
1.30492
1.32494
1.34096
1.3534
1.36236
1.36801
1.37055
1.3702
1.36707
1.3613
1.35306
1.34234
1.32924
1.31387
1.29624
1.2764
1.25448
1.23069
1.20523
1.17836
1.15024
1.12099
1.0907
1.05957
1.0277
0.995363
0.96261
0.929586
0.896549
0.863536
0.830602
0.797748
0.765069
0.732444
0.700019
0.667271
0.634702
0.601717
0.568527
0.534896
0.500967
0.466661
0.432138
0.397601
0.36316
0.329094
0.295108
0.261256
0.227227
0.193185
0.158781
0.123768
0.0896347
0.0558769
0.0265864
0.00103739
-0.000377509
-0.0285673
-18.3774
-18.4157
-18.419
-18.2313
-17.683
-16.762
-15.5581
-14.1715
-12.6978
-11.2214
-9.81205
-8.50879
-7.32405
-6.26413
-5.32699
-4.50415
-3.78458
-3.15647
-2.60843
-2.13026
-1.71217
-1.34553
-1.0232
-0.7392
-0.488103
-0.265207
-0.0670296
0.109354
0.266733
0.407013
0.532215
0.643826
0.743629
0.832792
0.911886
0.98167
1.04315
1.09726
1.14446
1.18529
1.22027
1.24992
1.27476
1.29495
1.31117
1.32387
1.33308
1.33893
1.34164
1.34142
1.33839
1.33269
1.32444
1.31368
1.30047
1.28492
1.26708
1.24694
1.2247
1.20054
1.17473
1.14752
1.11913
1.08966
1.05922
1.02802
0.996164
0.963869
0.931223
0.898308
0.865491
0.832681
0.799994
0.767389
0.734982
0.702619
0.67027
0.63785
0.605404
0.572789
0.539856
0.506405
0.472599
0.438405
0.404012
0.369618
0.335342
0.301533
0.267772
0.234297
0.200549
0.167001
0.132988
0.0983625
0.0645405
0.0314808
0.00393332
-0.019202
-0.0130277
-0.0414229
-18.39
-18.4162
-18.3882
-18.1737
-17.6205
-16.7089
-15.5204
-14.1528
-12.6984
-11.2392
-9.84369
-8.5506
-7.37228
-6.31565
-5.37953
-4.55613
-3.8349
-3.20453
-2.65403
-2.17355
-1.7533
-1.3847
-1.06065
-0.775213
-0.52285
-0.298922
-0.0999445
0.0771148
0.235048
0.375731
0.50135
0.613338
0.713527
0.80338
0.882954
0.953216
1.01516
1.06955
1.11699
1.15802
1.19316
1.22296
1.248
1.2683
1.28464
1.29753
1.30691
1.31289
1.31571
1.31556
1.31257
1.30687
1.29858
1.28773
1.27439
1.25866
1.24059
1.22017
1.1976
1.1731
1.14697
1.11948
1.09084
1.06121
1.03071
0.999494
0.967693
0.935501
0.902999
0.870199
0.837613
0.805044
0.772611
0.740263
0.708082
0.675752
0.643567
0.611509
0.579364
0.546954
0.51419
0.480866
0.447188
0.413096
0.378832
0.344566
0.310468
0.276914
0.243378
0.210264
0.176734
0.143634
0.109814
0.0754351
0.0415847
0.00912886
-0.0164282
-0.0388291
-0.0261003
-0.0540662
-18.403
-18.4202
-18.3702
-18.1361
-17.5789
-16.6742
-15.497
-14.1434
-12.7035
-11.2572
-9.87207
-8.58644
-7.41295
-6.35878
-5.42338
-4.59946
-3.87692
-3.24478
-2.69239
-2.21018
-1.7883
-1.41822
-1.09289
-0.806377
-0.553065
-0.328288
-0.128666
0.0490017
0.20742
0.348425
0.474378
0.586743
0.687124
0.777042
0.856975
0.92777
0.9902
1.04484
1.0925
1.13372
1.16903
1.19894
1.22409
1.24447
1.26091
1.27394
1.28343
1.28949
1.29236
1.29224
1.28924
1.28351
1.27514
1.26417
1.25067
1.23474
1.21644
1.19575
1.17287
1.14806
1.12167
1.09394
1.06514
1.03543
1.00492
0.973738
0.942027
0.910003
0.877733
0.8451
0.812667
0.780362
0.748183
0.715967
0.683917
0.651706
0.619881
0.588064
0.55613
0.523858
0.491247
0.458031
0.424476
0.390461
0.356325
0.322171
0.288254
0.254933
0.221621
0.188851
0.155507
0.122717
0.0889144
0.0544732
0.0204248
-0.0111687
-0.03533
-0.0580007
-0.0397783
-0.0664047
-18.4165
-18.4271
-18.3617
-18.1137
-17.5535
-16.654
-15.4853
-14.142
-12.7127
-11.2761
-9.89853
-8.61822
-7.44818
-6.39569
-5.46069
-4.63623
-3.91259
-3.27903
-2.72515
-2.2416
-1.81849
-1.44727
-1.12097
-0.833677
-0.579689
-0.354285
-0.154178
0.0240476
0.183123
0.324519
0.450777
0.563449
0.664043
0.754124
0.834304
0.905346
0.967973
1.02277
1.07058
1.11194
1.14742
1.17784
1.20283
1.22314
1.23959
1.25271
1.26229
1.2684
1.27128
1.27115
1.26812
1.26232
1.25384
1.24273
1.22905
1.21292
1.19439
1.17343
1.15029
1.12523
1.09862
1.07073
1.04186
1.01214
0.981657
0.950538
0.918921
0.887043
0.855034
0.822864
0.790532
0.758381
0.726253
0.694212
0.66234
0.630456
0.598842
0.567174
0.53542
0.503266
0.470793
0.437656
0.404207
0.370243
0.336221
0.302145
0.268389
0.23524
0.202088
0.169567
0.136365
0.103812
0.0698475
0.0350893
0.00117658
-0.0299929
-0.0534335
-0.0765559
-0.0539692
-0.0784261
-18.4301
-18.4363
-18.3604
-18.1028
-17.5409
-16.6454
-15.483
-14.1471
-12.7254
-11.2958
-9.92377
-8.64711
-7.47929
-6.42778
-5.49285
-4.66784
-3.94326
-3.30852
-2.75343
-2.26882
-1.84472
-1.47252
-1.14531
-0.857313
-0.602774
-0.376967
-0.176791
0.00144114
0.161294
0.303333
0.43006
0.543012
0.643829
0.73405
0.814442
0.885583
0.94828
1.00317
1.05103
1.09236
1.12761
1.15743
1.18281
1.20372
1.22038
1.23366
1.2433
1.24942
1.25229
1.25211
1.249
1.24309
1.23448
1.22321
1.20934
1.193
1.17426
1.15309
1.12973
1.1045
1.07776
1.04984
1.02097
0.991308
0.960919
0.929903
0.898365
0.866472
0.83415
0.80167
0.77054
0.738629
0.706694
0.674992
0.643373
0.611699
0.580235
0.548698
0.517101
0.48504
0.452692
0.419605
0.386247
0.352308
0.318388
0.284355
0.250735
0.21767
0.184526
0.151954
0.118354
0.0860355
0.0521692
0.0172018
-0.0162341
-0.0478463
-0.0706762
-0.0942515
-0.0683932
-0.0901888
-18.4436
-18.447
-18.3644
-18.1006
-17.5379
-16.6455
-15.4877
-14.1572
-12.7408
-11.316
-9.9479
-8.67369
-7.50723
-6.45622
-5.52113
-4.69551
-3.97007
-3.33429
-2.77815
-2.29262
-1.86765
-1.49455
-1.16636
-0.877469
-0.621945
-0.394986
-0.193846
-0.0151438
0.14376
0.285853
0.412549
0.525704
0.626692
0.716978
0.797537
0.868843
0.931699
0.986809
1.03498
1.07666
1.11251
1.14339
1.16836
1.18797
1.20408
1.21709
1.22652
1.23245
1.23515
1.23481
1.23154
1.22546
1.21667
1.20521
1.19115
1.17462
1.1557
1.13437
1.11088
1.08557
1.05883
1.03099
1.00226
0.972817
0.942716
0.912089
0.8811
0.850095
0.818997
0.787614
0.754654
0.722278
0.69039
0.658682
0.627082
0.595465
0.56406
0.532579
0.501084
0.469088
0.436858
0.403833
0.370591
0.336721
0.302965
0.269082
0.235788
0.203101
0.170425
0.138506
0.10551
0.0706504
0.0363367
0.00120696
-0.0324395
-0.0646416
-0.0869448
-0.11092
-0.0828401
-0.102062
-18.4585
-18.4597
-18.3726
-18.105
-17.5421
-16.652
-15.4974
-14.1704
-12.7575
-11.3359
-9.97028
-8.69753
-7.53181
-6.48097
-5.54561
-4.71943
-3.9933
-3.35677
-2.79993
-2.31391
-1.8886
-1.51534
-1.18711
-0.898428
-0.643314
-0.416717
-0.21559
-0.0360347
0.123969
0.266543
0.393382
0.506807
0.607921
0.698259
0.778793
0.850015
0.912737
0.967636
1.01542
1.0568
1.09213
1.1221
1.14765
1.16873
1.18539
1.19876
1.20853
1.21467
1.21751
1.21724
1.21398
1.20786
1.199
1.18743
1.17325
1.15657
1.1375
1.11601
1.09238
1.06695
1.04011
1.01217
0.983326
0.953735
0.923431
0.892516
0.861049
0.829204
0.797183
0.765683
0.734111
0.70272
0.671326
0.639987
0.608708
0.57734
0.546138
0.514799
0.483425
0.451454
0.419238
0.38612
0.352815
0.318767
0.284876
0.250691
0.217081
0.18397
0.150815
0.118001
0.0859238
0.0523563
0.0184219
-0.0166528
-0.0503154
-0.0825968
-0.104307
-0.12832
-0.0985268
-0.115236
-18.4667
-18.4678
-18.3794
-18.111
-17.5491
-16.6613
-15.5092
-14.1847
-12.7739
-11.3541
-9.98968
-8.71717
-7.55123
-6.49974
-5.5634
-4.73603
-4.00862
-3.37076
-2.81264
-2.32551
-1.89913
-1.52471
-1.19561
-0.906053
-0.650125
-0.423052
-0.221559
-0.0426765
0.117128
0.25966
0.386581
0.500004
0.601199
0.691601
0.772245
0.843617
0.906479
0.961574
1.00964
1.05115
1.0867
1.11699
1.14205
1.16222
1.17852
1.19141
1.20077
1.20655
1.20906
1.20848
1.20495
1.1986
1.18952
1.17778
1.16347
1.14671
1.12763
1.10617
1.08265
1.05741
1.03082
1.00317
0.97468
0.945485
0.91563
0.885201
0.854371
0.823366
0.792043
0.760472
0.728689
0.696848
0.665287
0.633837
0.602487
0.571073
0.539835
0.508465
0.47714
0.445182
0.413066
0.379969
0.346749
0.31276
0.279016
0.245017
0.21156
0.178749
0.145738
0.112699
0.0794939
0.0454036
0.0106799
-0.0247566
-0.058727
-0.0912496
-0.11299
-0.137137
-0.107221
-0.119558
-18.4888
-18.4895
-18.4004
-18.1321
-17.5716
-16.6858
-15.5355
-14.2124
-12.8026
-11.3836
-10.0194
-8.74645
-7.57991
-6.52766
-5.59048
-4.76229
-4.03414
-3.39564
-2.83699
-2.34955
-1.92291
-1.54843
-1.21905
-0.929499
-0.673617
-0.446498
-0.244939
-0.0657395
0.0941953
0.23679
0.363726
0.477167
0.578357
0.66873
0.749346
0.820673
0.883462
0.938463
0.986367
1.02782
1.06329
1.09341
1.1186
1.13894
1.15532
1.16826
1.17764
1.18342
1.18591
1.18529
1.18171
1.17531
1.16618
1.15441
1.14007
1.12328
1.10419
1.08275
1.05925
1.03405
1.0075
0.979889
0.951419
0.922236
0.89237
0.861926
0.83094
0.799704
0.768345
0.736829
0.705171
0.673548
0.642128
0.610785
0.579531
0.548191
0.517017
0.485687
0.454409
0.422444
0.3903
0.357148
0.323859
0.289784
0.255941
0.221832
0.188227
0.155234
0.121971
0.0889592
0.0559994
0.0219221
-0.0126965
-0.0481165
-0.0820323
-0.114519
-0.136106
-0.16009
-0.129938
-0.148794
-18.4342
-18.4273
-18.4636
-18.4499
-18.4302
-18.4048
-18.3749
-18.3434
-18.3132
-18.2858
-18.2618
-18.2418
-18.2263
-18.2178
-18.2174
-18.2092
-18.9235
-18.901
-18.9038
-18.9145
-18.9061
-18.8824
-18.8525
-18.8209
-18.7899
-18.7613
-18.7366
-18.7165
-18.7011
-18.6895
-18.6819
-18.6667
-19.3755
-19.4434
-19.5318
-19.5652
-19.5648
-19.5452
-19.5162
-19.4849
-19.455
-19.4287
-19.4067
-19.3899
-19.3788
-19.3728
-19.3675
-19.3556
-19.4457
-19.5378
-19.588
-19.6133
-19.6205
-19.6085
-19.5834
-19.554
-19.5259
-19.5015
-19.4816
-19.4664
-19.456
-19.4499
-19.4452
-19.4324
-18.8776
-18.9387
-18.9746
-19.0032
-19.0136
-19.0057
-18.986
-18.9599
-18.9333
-18.9074
-18.8833
-18.8616
-18.843
-18.8281
-18.8171
-18.7983
-17.7633
-17.8091
-17.8444
-17.8716
-17.8825
-17.8773
-17.8596
-17.8344
-17.8069
-17.7789
-17.7514
-17.7248
-17.6996
-17.677
-17.6587
-17.6344
-16.2753
-16.306
-16.3323
-16.352
-16.3607
-16.3565
-16.3399
-16.3154
-16.2873
-16.2571
-16.2249
-16.1911
-16.1562
-16.1222
-16.0917
-16.0612
-14.5483
-14.5649
-14.58
-14.5909
-14.595
-14.5893
-14.5722
-14.5472
-14.518
-14.4856
-14.4497
-14.4106
-14.369
-14.327
-14.2891
-14.2546
-12.7697
-12.7703
-12.773
-12.7753
-12.775
-12.7671
-12.7486
-12.7226
-12.6924
-12.6583
-12.62
-12.5773
-12.5308
-12.4834
-12.4404
-12.4028
-11.0341
-11.02
-11.0113
-11.0058
-11.0007
-10.9892
-10.9681
-10.9409
-10.9098
-10.8746
-10.8349
-10.7903
-10.7417
-10.6918
-10.6465
-10.6075
-9.42976
-9.40404
-9.3866
-9.37519
-9.36576
-9.35073
-9.3274
-9.29906
-9.26734
-9.23169
-9.19144
-9.14641
-9.09726
-9.04682
-9.00098
-8.96172
-7.9867
-7.95291
-7.92885
-7.91253
-7.89901
-7.88032
-7.85468
-7.82536
-7.79322
-7.7575
-7.71752
-7.67308
-7.62486
-7.57561
-7.53088
-7.49237
-6.71963
-6.68184
-6.65439
-6.63519
-6.61828
-6.5963
-6.56895
-6.53918
-6.50707
-6.47176
-6.4326
-6.38946
-6.34301
-6.29584
-6.25306
-6.21579
-5.62167
-5.58216
-5.55318
-5.53178
-5.51073
-5.48508
-5.45645
-5.42657
-5.39478
-5.36018
-5.32223
-5.28086
-5.23671
-5.19221
-5.15189
-5.11622
-4.67912
-4.63974
-4.61076
-4.58797
-4.56379
-4.53588
-4.5068
-4.47703
-4.44565
-4.41188
-4.37529
-4.33582
-4.29415
-4.25253
-4.21499
-4.18125
-3.87175
-3.8333
-3.80456
-3.78082
-3.75517
-3.72657
-3.69752
-3.66802
-3.63721
-3.6044
-3.56926
-3.53179
-3.49267
-3.45404
-3.41938
-3.38762
-3.18186
-3.14521
-3.11696
-3.09139
-3.06384
-3.03512
-3.00666
-2.97789
-2.94799
-2.91641
-2.88292
-2.84754
-2.81096
-2.77516
-2.74321
-2.71322
-2.58922
-2.55489
-2.52728
-2.49995
-2.47094
-2.44236
-2.41443
-2.38629
-2.35724
-2.32685
-2.29493
-2.26152
-2.22728
-2.19409
-2.16459
-2.13615
-2.07795
-2.0455
-2.01845
-1.99103
-1.96224
-1.93415
-1.9067
-1.87913
-1.85087
-1.82157
-1.79107
-1.75945
-1.72735
-1.6965
-1.66923
-1.64218
-1.63608
-1.60511
-1.57747
-1.54937
-1.52106
-1.49375
-1.46702
-1.44021
-1.41286
-1.3847
-1.35561
-1.3257
-1.29556
-1.26684
-1.24159
-1.21575
-1.25177
-1.22222
-1.19386
-1.16497
-1.13714
-1.11053
-1.08447
-1.0584
-1.03194
-1.00486
-0.977087
-0.948711
-0.920315
-0.893449
-0.86997
-0.845152
-0.914829
-0.886189
-0.858029
-0.829514
-0.802265
-0.776177
-0.750635
-0.72516
-0.699445
-0.673306
-0.646675
-0.619649
-0.592773
-0.567517
-0.545595
-0.521644
-0.618674
-0.590392
-0.562363
-0.534421
-0.507786
-0.48222
-0.457188
-0.432295
-0.407285
-0.382009
-0.356417
-0.330604
-0.30508
-0.281241
-0.260709
-0.237506
-0.357416
-0.328769
-0.300416
-0.2731
-0.247181
-0.222217
-0.197754
-0.173476
-0.149172
-0.124722
-0.100094
-0.0753779
-0.0510569
-0.0284787
-0.00924412
0.0135145
-0.125613
-0.0968782
-0.0684098
-0.0415616
-0.0161556
0.00834253
0.0323266
0.0560636
0.0797352
0.103441
0.127202
0.150938
0.174199
0.195679
0.213745
0.236165
0.0814656
0.109717
0.137661
0.164025
0.189046
0.213191
0.236792
0.26008
0.283214
0.306277
0.329285
0.352165
0.374505
0.395055
0.41215
0.434105
0.266467
0.294335
0.321807
0.347754
0.372424
0.396232
0.419471
0.442341
0.464982
0.487462
0.509791
0.531904
0.553426
0.573162
0.589404
0.610946
0.43192
0.45999
0.486985
0.512434
0.53671
0.560168
0.583045
0.605514
0.627695
0.649642
0.671357
0.692785
0.713583
0.732604
0.748079
0.769267
0.580339
0.608626
0.635283
0.660345
0.684282
0.707413
0.729943
0.752028
0.773773
0.795223
0.816376
0.837183
0.857334
0.875728
0.890511
0.911398
0.713736
0.741612
0.767881
0.792689
0.816415
0.83932
0.861591
0.883371
0.904756
0.925784
0.946452
0.966719
0.986306
1.00416
1.01832
1.03896
0.834758
0.86199
0.887696
0.912127
0.935545
0.958153
0.980119
1.00157
1.02259
1.04321
1.06342
1.08318
1.10225
1.11963
1.13323
1.15364
0.942794
0.969613
0.994972
1.01911
1.04225
1.06458
1.08627
1.10742
1.12811
1.14836
1.16816
1.18748
1.2061
1.22306
1.23616
1.25639
1.03841
1.06506
1.09028
1.11426
1.13724
1.1594
1.18089
1.20181
1.22222
1.24216
1.26161
1.28054
1.29877
1.31537
1.32802
1.34809
1.12332
1.14985
1.17495
1.19883
1.22169
1.24372
1.26504
1.28575
1.30593
1.3256
1.34473
1.36331
1.38119
1.39748
1.40972
1.42966
1.19866
1.22505
1.25004
1.27382
1.29658
1.31848
1.33965
1.36019
1.38015
1.39957
1.41842
1.43669
1.45425
1.47026
1.48213
1.50196
1.26525
1.29152
1.31641
1.3401
1.36275
1.38454
1.40558
1.42595
1.44573
1.46491
1.4835
1.50149
1.51876
1.53454
1.54606
1.56579
1.32388
1.35004
1.37483
1.39843
1.421
1.44268
1.46359
1.48381
1.50341
1.52238
1.54074
1.55846
1.57547
1.59103
1.60224
1.62188
1.37525
1.4013
1.426
1.44952
1.472
1.49358
1.51437
1.53445
1.55388
1.57266
1.5908
1.60828
1.62506
1.64043
1.65134
1.67091
1.41994
1.44589
1.47051
1.49395
1.51635
1.53783
1.55851
1.57846
1.59774
1.61634
1.63428
1.65155
1.6681
1.6833
1.69395
1.71345
1.45851
1.48437
1.50891
1.53228
1.55459
1.57599
1.59657
1.6164
1.63553
1.65398
1.67173
1.68879
1.70514
1.7202
1.7306
1.75004
1.49145
1.51723
1.54171
1.565
1.58725
1.60856
1.62905
1.64876
1.66777
1.68606
1.70364
1.72053
1.7367
1.75162
1.76179
1.78119
1.51922
1.54493
1.56934
1.59257
1.61476
1.636
1.65639
1.67601
1.69489
1.71305
1.73048
1.7472
1.7632
1.77802
1.78798
1.80733
1.54222
1.56786
1.59221
1.61539
1.63751
1.65869
1.679
1.69853
1.7173
1.73534
1.75263
1.7692
1.78505
1.79977
1.80955
1.82886
1.56086
1.58644
1.61074
1.63387
1.65594
1.67705
1.6973
1.71674
1.73541
1.75334
1.77051
1.78694
1.80266
1.8173
1.82691
1.84619
1.57548
1.60101
1.62526
1.64835
1.67037
1.69143
1.71161
1.73097
1.74956
1.76739
1.78445
1.80075
1.81635
1.83092
1.84038
1.85964
1.58638
1.61185
1.63605
1.65909
1.68107
1.70208
1.7222
1.74149
1.76001
1.77775
1.79471
1.81091
1.82641
1.84091
1.85025
1.86948
1.59398
1.61938
1.64352
1.6665
1.68843
1.70939
1.72945
1.74869
1.76713
1.7848
1.80167
1.81778
1.83318
1.84764
1.85687
1.87608
1.59833
1.62369
1.64779
1.67074
1.69263
1.71354
1.73356
1.75275
1.77113
1.78874
1.80555
1.82158
1.83691
1.85132
1.86047
1.87966
1.59981
1.62512
1.64919
1.67211
1.69396
1.71485
1.73483
1.75397
1.77231
1.78986
1.80662
1.82259
1.83785
1.85224
1.86132
1.8805
1.59863
1.62393
1.64799
1.67089
1.69273
1.71359
1.73355
1.75267
1.77098
1.7885
1.80521
1.82114
1.83636
1.85072
1.85975
1.87892
1.59499
1.62027
1.64432
1.66723
1.68906
1.70992
1.72988
1.74898
1.76727
1.78477
1.80146
1.81736
1.83254
1.84689
1.85588
1.87503
1.58891
1.61421
1.63827
1.66118
1.68303
1.70389
1.72385
1.74295
1.76124
1.77873
1.7954
1.81128
1.82644
1.84077
1.84973
1.86888
1.58061
1.60592
1.63001
1.65294
1.6748
1.69568
1.71565
1.73476
1.75305
1.77054
1.78721
1.80307
1.81821
1.83254
1.84148
1.86062
1.57018
1.59554
1.61966
1.64262
1.66452
1.68542
1.70541
1.72453
1.74284
1.76034
1.77702
1.79288
1.80801
1.82234
1.83126
1.85039
1.5577
1.58312
1.60729
1.63031
1.65225
1.67319
1.69321
1.71237
1.7307
1.74822
1.76491
1.78077
1.7959
1.81024
1.81913
1.83825
1.54328
1.56879
1.59304
1.61611
1.63811
1.6591
1.67917
1.69836
1.71672
1.73427
1.75098
1.76685
1.78198
1.79633
1.8052
1.82431
1.52701
1.55262
1.57696
1.60011
1.62217
1.64322
1.66333
1.68256
1.70096
1.71853
1.73527
1.75115
1.76627
1.78063
1.78946
1.80856
1.50892
1.53464
1.55908
1.58232
1.60446
1.62557
1.64574
1.66502
1.68346
1.70106
1.71782
1.73371
1.74882
1.76319
1.77197
1.79107
1.48906
1.51493
1.53948
1.56282
1.58503
1.60621
1.62644
1.64576
1.66424
1.68187
1.69864
1.71452
1.72963
1.744
1.75272
1.7718
1.46752
1.49353
1.51821
1.54165
1.56395
1.5852
1.60549
1.62486
1.64338
1.66104
1.67782
1.6937
1.70878
1.72317
1.73179
1.75086
1.44422
1.47037
1.49516
1.51869
1.54106
1.56237
1.5827
1.60211
1.62064
1.6383
1.65507
1.67092
1.68594
1.70032
1.70882
1.72787
1.41947
1.44576
1.47067
1.4943
1.51675
1.53812
1.55849
1.57792
1.59645
1.61409
1.63082
1.64659
1.66154
1.67589
1.68425
1.70327
1.39338
1.41983
1.44486
1.46858
1.49112
1.51255
1.53297
1.55243
1.57098
1.58863
1.60534
1.62108
1.63597
1.65035
1.65855
1.67756
1.36574
1.39229
1.41742
1.44122
1.4638
1.48528
1.50572
1.5252
1.54375
1.56139
1.57808
1.59376
1.60857
1.62301
1.631
1.65007
1.33658
1.3632
1.38837
1.4122
1.43481
1.45628
1.4767
1.49614
1.51464
1.5322
1.54879
1.56434
1.579
1.59347
1.60116
1.62028
1.30621
1.33286
1.35805
1.38187
1.40445
1.42588
1.44624
1.4656
1.48399
1.50144
1.51789
1.53326
1.54772
1.56222
1.56956
1.58867
1.27477
1.30144
1.32663
1.35045
1.37301
1.3944
1.41471
1.434
1.4523
1.46964
1.48596
1.50117
1.51542
1.52999
1.53698
1.55609
1.24252
1.26919
1.29436
1.31815
1.34067
1.36201
1.38225
1.40145
1.41966
1.43688
1.45308
1.46812
1.48212
1.49686
1.50338
1.52256
1.20956
1.2362
1.26135
1.28511
1.30758
1.32887
1.34904
1.36816
1.38626
1.40337
1.41945
1.43433
1.44799
1.46301
1.46904
1.48823
1.17614
1.20274
1.22783
1.25153
1.27394
1.29515
1.31523
1.33423
1.35221
1.36917
1.38511
1.39982
1.41296
1.42855
1.43375
1.45307
1.14224
1.16877
1.1938
1.21743
1.23975
1.26087
1.28084
1.29972
1.31753
1.33432
1.35013
1.36479
1.37712
1.39309
1.39796
1.41727
1.10818
1.13462
1.15955
1.18307
1.20528
1.22627
1.24611
1.26485
1.28249
1.29906
1.31468
1.32962
1.34074
1.35747
1.36167
1.3811
1.07392
1.10026
1.12509
1.14851
1.17062
1.19149
1.2112
1.22979
1.24728
1.26368
1.279
1.29347
1.30573
1.32069
1.32604
1.34502
1.03972
1.06593
1.09063
1.11392
1.1359
1.15664
1.1762
1.19463
1.21195
1.22819
1.24332
1.25726
1.26986
1.2844
1.28981
1.30864
1.00536
1.03144
1.05602
1.07919
1.10105
1.12165
1.14107
1.15933
1.17646
1.19247
1.20737
1.22125
1.23397
1.24794
1.25353
1.27221
0.971084
0.997008
1.02143
1.04445
1.06614
1.08658
1.10581
1.12388
1.1408
1.15661
1.1715
1.18531
1.19786
1.21154
1.21719
1.23577
0.936658
0.962416
0.986689
1.00956
1.03111
1.0514
1.07047
1.08836
1.10515
1.121
1.1358
1.14936
1.16182
1.17526
1.18096
1.19946
0.902211
0.927798
0.951907
0.974614
0.995993
1.01611
1.03502
1.05284
1.06968
1.0854
1.09993
1.11331
1.12569
1.13895
1.14466
1.16309
0.867625
0.893037
0.917001
0.939578
0.960841
0.980875
0.999812
1.01764
1.03427
1.04972
1.06408
1.07734
1.08963
1.10276
1.10846
1.12685
0.833116
0.858341
0.88215
0.904605
0.925797
0.945803
0.964579
0.982123
0.998518
1.01382
1.02805
1.04118
1.05337
1.0664
1.07206
1.09043
0.798422
0.82349
0.847168
0.869538
0.890626
0.910429
0.928993
0.946386
0.962655
0.977835
0.991938
1.00495
1.01705
1.03003
1.03566
1.05404
0.763646
0.788584
0.812109
0.834266
0.85511
0.874704
0.893097
0.910327
0.92643
0.941444
0.955393
0.968273
0.980256
0.993206
0.998782
1.01718
0.72843
0.753233
0.776594
0.798595
0.819299
0.838759
0.857015
0.874104
0.890065
0.904943
0.918772
0.931552
0.943448
0.95645
0.961965
0.980425
0.693039
0.71766
0.740854
0.762694
0.783239
0.802537
0.820627
0.837548
0.853342
0.868063
0.881755
0.894421
0.906203
0.919318
0.924765
0.943316
0.657329
0.681826
0.704899
0.726616
0.747032
0.766194
0.784143
0.800916
0.816561
0.831145
0.844731
0.857319
0.868991
0.8823
0.887629
0.906297
0.621649
0.646005
0.668938
0.690515
0.710786
0.729795
0.74758
0.764183
0.779663
0.794105
0.807592
0.820119
0.831676
0.845294
0.850488
0.869291
0.585992
0.610197
0.632983
0.654407
0.674515
0.693346
0.710939
0.727347
0.742645
0.75694
0.770343
0.782825
0.794163
0.808262
0.813195
0.832195
0.55026
0.574301
0.596923
0.618174
0.638097
0.656732
0.674132
0.690364
0.705517
0.71972
0.733119
0.745688
0.756814
0.771429
0.776155
0.795308
0.514419
0.538246
0.560653
0.58168
0.601367
0.619767
0.636948
0.652994
0.667993
0.682081
0.695469
0.708205
0.718721
0.734367
0.738599
0.758056
0.478244
0.50179
0.52391
0.54465
0.564063
0.582217
0.599197
0.6151
0.630036
0.644111
0.657548
0.670744
0.681203
0.696819
0.701409
0.720749
0.441433
0.464651
0.486463
0.506921
0.526093
0.544039
0.560864
0.576681
0.591593
0.605682
0.619045
0.632551
0.643623
0.65833
0.66364
0.682772
0.403874
0.426716
0.448182
0.468305
0.487185
0.504958
0.521704
0.537521
0.552514
0.566775
0.580366
0.593352
0.605179
0.619406
0.624977
0.644056
0.364992
0.387321
0.408375
0.428287
0.447072
0.464781
0.481527
0.497406
0.512507
0.526926
0.540729
0.553732
0.565559
0.579527
0.585443
0.604399
0.32553
0.347539
0.368325
0.387939
0.406517
0.424161
0.440952
0.456966
0.472261
0.486812
0.500507
0.513462
0.525656
0.539606
0.54569
0.564634
0.284756
0.306345
0.326791
0.346224
0.364723
0.382356
0.399156
0.415051
0.429941
0.444046
0.457673
0.470738
0.483031
0.496774
0.503008
0.521831
0.24468
0.26524
0.284817
0.303449
0.321148
0.337965
0.35403
0.369496
0.384526
0.399075
0.413004
0.426229
0.438702
0.452472
0.458864
0.477652
0.199538
0.218384
0.236195
0.253141
0.269449
0.285189
0.300382
0.315098
0.329408
0.343301
0.356739
0.369611
0.381869
0.395352
0.401746
0.420499
0.153679
0.170613
0.187113
0.20322
0.218906
0.234294
0.249436
0.264253
0.278662
0.292607
0.306028
0.318832
0.331046
0.34401
0.350705
0.369052
0.0868504
0.0972876
0.107579
0.11795
0.128504
0.139249
0.150166
0.161294
0.172646
0.184173
0.195756
0.207215
0.218521
0.231049
0.237228
0.255781
0.0559035
0.0651375
0.0745016
0.0838289
0.0930602
0.102162
0.11113
0.119994
0.128784
0.137528
0.146255
0.154987
0.163798
0.173098
0.181566
0.192772
)
;

boundaryField
{
    frontAndBack
    {
        type            empty;
    }
    inlet
    {
        type            zeroGradient;
    }
    outlet
    {
        type            fixedValue;
        value           uniform 0;
    }
    walls
    {
        type            zeroGradient;
    }
}


// ************************************************************************* //
