/*--------------------------------*- C++ -*----------------------------------*\
| =========                 |                                                 |
| \\      /  F ield         | OpenFOAM: The Open Source CFD Toolbox           |
|  \\    /   O peration     | Version:  v2012                                 |
|   \\  /    A nd           | Website:  www.openfoam.com                      |
|    \\/     M anipulation  |                                                 |
\*---------------------------------------------------------------------------*/
FoamFile
{
    version     2.0;
    format      ascii;
    class       volScalarField;
    location    "0.242";
    object      p;
}
// * * * * * * * * * * * * * * * * * * * * * * * * * * * * * * * * * * * * * //

dimensions      [0 2 -2 0 0 0 0];


internalField   nonuniform List<scalar> 
1900
(
-299.622
-300.722
-301.622
-302.283
-302.96
-303.727
-304.532
-305.361
-305.973
-306.577
-300.077
-300.876
-301.703
-302.379
-303.06
-303.821
-304.631
-305.469
-306.229
-307.05
-300.363
-300.928
-301.695
-302.409
-303.106
-303.867
-304.693
-305.576
-306.469
-307.715
-300.547
-300.991
-301.725
-302.468
-303.177
-303.94
-304.784
-305.708
-306.721
-308.095
-300.645
-301.039
-301.753
-302.505
-303.22
-303.986
-304.847
-305.807
-306.888
-308.277
-300.662
-301.06
-301.78
-302.535
-303.253
-304.027
-304.904
-305.889
-307.003
-308.371
-300.596
-301.056
-301.806
-302.557
-303.276
-304.06
-304.951
-305.951
-307.078
-308.402
-300.445
-301.036
-301.83
-302.556
-303.269
-304.065
-304.968
-305.979
-307.109
-308.391
-300.188
-301.029
-301.891
-302.579
-303.276
-304.077
-304.985
-305.995
-307.117
-308.36
-299.754
-300.929
-301.881
-302.561
-303.259
-304.073
-304.991
-306.008
-307.134
-308.356
-305.919
-318.279
-337.562
-339.208
-320.078
-286.053
-243.019
-198.242
-157.324
-122.527
-94.1706
-71.767
-54.315
-40.7438
-30.1599
-21.8479
-15.237
-9.87965
-5.48725
-1.8791
1.10582
3.62646
5.79324
7.64855
9.22484
10.5736
11.7447
12.7775
13.6767
14.4523
15.1217
15.6991
16.2006
16.6335
16.9978
17.3016
17.5531
17.7582
17.9236
18.0525
18.148
18.2114
18.2424
18.245
18.2242
18.1824
18.1192
18.0348
17.9307
17.8096
17.6732
17.5219
17.3564
17.1772
16.9846
16.7797
16.564
16.338
16.1019
15.8559
15.6001
15.335
15.0615
14.7798
14.4897
14.1914
13.8854
13.5717
13.2505
12.922
12.5865
12.2442
11.8951
11.5391
11.1765
10.8073
10.4318
10.0501
9.66211
9.26815
8.86804
8.46222
8.05048
7.63321
7.21019
6.78166
6.34754
5.90806
5.46331
5.01344
4.55856
4.09884
3.63414
3.16498
2.69014
2.21244
1.72483
1.24263
0.733536
0.279208
-309.336
-321.605
-333.412
-332.126
-313.079
-280.334
-239.75
-197.437
-158.326
-124.589
-96.6608
-74.252
-56.5781
-42.6848
-31.7658
-23.1388
-16.246
-10.658
-6.0906
-2.34995
0.734895
3.33223
5.55792
7.4587
9.07035
10.45
11.6446
12.6913
13.5988
14.381
15.0547
15.634
16.1328
16.5631
16.9302
17.2377
17.4926
17.7018
17.8711
18.0037
18.1026
18.169
18.2011
18.2047
18.1851
18.144
18.0812
17.9972
17.894
17.7741
17.6387
17.4879
17.3226
17.1437
16.9514
16.7469
16.5318
16.3064
16.0707
15.825
15.5693
15.3045
15.0314
14.7499
14.4599
14.1618
13.856
13.5425
13.2215
12.8931
12.5578
12.2155
11.8665
11.5106
11.148
10.7788
10.4034
10.0216
9.63367
9.23964
8.83952
8.43363
8.02187
7.60453
7.18147
6.75289
6.31876
5.8793
5.4346
4.98482
4.5301
4.0706
3.60638
3.13768
2.6645
2.18741
1.70545
1.22185
0.729549
0.25189
-310.271
-317.92
-326.263
-324.072
-306.102
-275.371
-237.269
-197.128
-159.473
-126.587
-98.9974
-76.5748
-58.6941
-44.5202
-33.3147
-24.4243
-17.2987
-11.5218
-6.81068
-2.95488
0.237209
2.93509
5.23703
7.18815
8.84629
10.2749
11.5119
12.5838
13.5085
14.3058
14.9913
15.5782
16.0798
16.5119
16.8827
17.1932
17.4494
17.6596
17.8297
17.963
18.0616
18.1258
18.1561
18.1598
18.1419
18.1025
18.0409
17.9579
17.8558
17.738
17.6048
17.4555
17.2913
17.113
16.921
16.7166
16.5012
16.2758
16.0402
15.7944
15.5388
15.2742
15.0016
14.7204
14.4307
14.1329
13.8274
13.514
13.1932
12.865
12.5299
12.1877
11.8387
11.4828
11.1202
10.7511
10.3756
9.99381
9.60582
9.21172
8.81154
8.40556
7.99375
7.57631
7.15319
6.72454
6.29041
5.85094
5.40628
4.95658
4.50201
4.04271
3.57899
3.11076
2.63926
2.16289
1.68653
1.20185
0.727115
0.223765
-310.492
-316.294
-321.939
-318.557
-301.089
-271.666
-235.201
-196.61
-160.11
-127.976
-100.747
-78.3824
-60.3732
-45.995
-34.5683
-25.4643
-18.1449
-12.21
-7.37809
-3.42252
-0.143247
2.62035
4.96545
6.94605
8.62674
10.0752
11.3321
12.4169
13.3502
14.159
14.8604
15.4645
15.9821
16.4284
16.8107
17.1331
17.4007
17.6196
17.7955
17.9322
18.0316
18.0949
18.1251
18.1297
18.113
18.0742
18.0123
17.9286
17.8255
17.7061
17.5719
17.4229
17.2595
17.0817
16.8899
16.6856
16.4703
16.2451
16.01
15.7647
15.5096
15.2452
14.9721
14.6906
14.4011
14.1036
13.7984
13.4852
13.1646
12.8365
12.5015
12.1594
11.8104
11.4546
11.0919
10.7229
10.3473
9.96547
9.57735
9.18316
8.78288
8.37679
7.96487
7.54731
7.12413
6.6954
6.26127
5.82179
5.37722
4.92758
4.47321
4.01411
3.5509
3.08316
2.61336
2.13775
1.66708
1.18108
0.723992
0.196
-310.518
-314.805
-318.111
-313.454
-296.275
-267.994
-233.031
-195.924
-160.56
-129.154
-102.284
-79.9865
-61.8722
-47.3225
-35.7047
-26.4124
-18.922
-12.8453
-7.90462
-3.85883
-0.497162
2.33093
4.71721
6.72947
8.44018
9.91578
11.1957
12.2968
13.241
14.0558
14.764
15.3764
15.9002
16.3487
16.7299
17.0509
17.3208
17.5426
17.7208
17.8603
17.9637
18.0329
18.0702
18.0817
18.0705
18.0358
17.9778
17.898
17.798
17.68
17.5462
17.3979
17.2351
17.0579
16.8666
16.6621
16.447
16.2219
15.9867
15.741
15.4854
15.2203
14.9459
14.6634
14.3735
14.0757
13.7699
13.4562
13.1351
12.8066
12.4715
12.129
11.7797
11.4236
11.0609
10.6917
10.3161
9.9341
9.5459
9.15168
8.75154
8.34557
7.93373
7.51617
7.09304
6.66433
6.23031
5.7909
5.3465
4.89699
4.44288
3.98406
3.52137
3.05419
2.58603
2.11132
1.6459
1.15932
0.718403
0.171098
-310.399
-313.509
-315.041
-309.398
-292.507
-265.228
-231.493
-195.549
-161.047
-130.173
-103.565
-81.3047
-63.0968
-48.4109
-36.6382
-27.1841
-19.5517
-13.3659
-8.33905
-4.21714
-0.787151
2.09134
4.5086
6.54618
8.28409
9.78227
11.0757
12.1853
13.1369
13.9604
14.6767
15.2957
15.8257
16.2772
16.6611
16.9863
17.2617
17.489
17.6706
17.8099
17.9121
17.9821
18.0215
18.034
18.0219
17.9853
17.9255
17.845
17.7456
17.629
17.4969
17.3501
17.1886
17.0129
16.8235
16.6215
16.4084
16.1849
15.9509
15.7064
15.4518
15.1873
14.9137
14.6319
14.3423
14.0444
13.7383
13.4241
13.1027
12.7737
12.4383
12.0955
11.7459
11.3895
11.0265
10.6572
10.2817
9.89967
9.51156
9.1174
8.71739
8.31148
7.89976
7.48228
7.05928
6.6307
6.19685
5.75761
5.31342
4.86412
4.41032
3.95186
3.48972
3.02319
2.55647
2.08289
1.62173
1.13606
0.707812
0.152308
-310.21
-312.445
-312.667
-306.231
-289.501
-262.955
-230.134
-195.078
-161.263
-130.838
-104.476
-82.2829
-64.0378
-49.2665
-37.3839
-27.8077
-20.0661
-13.8017
-8.70888
-4.51682
-1.0289
1.88103
4.31864
6.38368
8.15055
9.66582
10.9639
12.08
13.0442
13.8783
14.6011
15.2238
15.756
16.2129
16.6024
16.9306
17.208
17.4369
17.6195
17.7611
17.865
17.9363
17.9782
17.9928
17.9816
17.9456
17.8868
17.808
17.7102
17.5946
17.4624
17.3147
17.152
16.9754
16.7854
16.5826
16.3685
16.1437
15.9087
15.6633
15.4078
15.1428
14.869
14.5872
14.2975
13.9996
13.6936
13.3799
13.0589
12.7307
12.3959
12.0537
11.7047
11.3488
10.9865
10.6177
10.2428
9.8611
9.47353
9.07971
8.68004
8.2744
7.86306
7.44597
7.0233
6.5951
6.16159
5.72271
5.27885
4.82992
4.37647
3.91842
3.45683
2.99099
2.52544
2.05316
1.59469
1.11177
0.690367
0.143276
-310.013
-311.622
-310.914
-303.872
-287.217
-261.198
-229.052
-194.666
-161.382
-131.318
-105.169
-83.0441
-64.7912
-49.9657
-37.9887
-28.3178
-20.5072
-14.181
-9.0163
-4.76221
-1.24074
1.69109
4.15942
6.25575
8.03925
9.55847
10.864
11.9945
12.9721
13.8114
14.5328
15.1573
15.6964
16.1598
16.5519
16.8797
17.1561
17.387
17.5735
17.7174
17.8215
17.8923
17.9348
17.9506
17.9403
17.9044
17.8455
17.7665
17.6686
17.5529
17.4203
17.2724
17.1097
16.9332
16.7433
16.5407
16.3262
16.1012
15.866
15.6206
15.3651
15.0998
14.8255
14.5432
14.2529
13.9546
13.6482
13.334
13.0126
12.684
12.3489
12.0063
11.6571
11.3011
10.9387
10.5699
10.195
9.81356
9.42618
9.03268
8.63335
8.22824
7.81747
7.40103
6.97897
6.55145
6.11859
5.6804
5.23716
4.78885
4.33597
3.87849
3.41754
2.95242
2.48775
2.01696
1.55963
1.08118
0.660169
0.138639
-309.856
-311.036
-309.717
-302.257
-285.628
-259.947
-228.241
-194.296
-161.365
-131.533
-105.531
-83.4746
-65.2232
-50.3546
-38.3258
-28.6141
-20.7636
-14.3945
-9.19347
-4.9163
-1.37512
1.57853
4.06349
6.16872
7.95674
9.48132
10.7931
11.9291
12.9096
13.7504
14.4736
15.1011
15.6438
16.1091
16.5021
16.8309
17.1087
17.3417
17.5299
17.6745
17.7792
17.8508
17.8945
17.9117
17.9021
17.8667
17.8083
17.73
17.6331
17.5182
17.3864
17.2389
17.0767
16.9007
16.7112
16.5089
16.2948
16.07
15.835
15.5899
15.3346
15.0696
14.7957
14.5138
14.2242
13.9264
13.6207
13.3071
12.9864
12.6586
12.3246
11.9827
11.6339
11.2783
10.9165
10.5482
10.1738
9.79279
9.40568
9.01241
8.6132
8.20802
7.79721
7.38069
6.95861
6.53101
6.09814
5.6599
5.21666
4.76831
4.31545
3.85807
3.39726
2.93226
2.46759
1.99757
1.53981
1.06572
0.639698
0.148962
-309.799
-310.776
-309.167
-301.515
-284.923
-259.447
-228.001
-194.311
-161.572
-131.867
-105.94
-83.9002
-65.6274
-50.7257
-38.6607
-28.9094
-21.0199
-14.6204
-9.39806
-5.10086
-1.5358
1.44234
3.93891
6.05225
7.84997
9.38216
10.6974
11.8355
12.8197
13.6645
14.3903
15.0188
15.5631
16.0306
16.4257
16.7563
17.035
17.2689
17.4583
17.6042
17.7101
17.7826
17.8271
17.8451
17.8363
17.8017
17.7439
17.6663
17.57
17.4557
17.3243
17.1773
17.0156
16.84
16.6511
16.4493
16.2357
16.0113
15.7768
15.5321
15.2773
15.0126
14.7392
14.4575
14.1681
13.8705
13.5649
13.2514
12.9307
12.6029
12.2686
11.9276
11.5792
11.2238
10.8621
10.494
10.1197
9.73899
9.35208
8.95907
8.56021
8.15563
7.74508
7.32879
6.90689
6.47943
6.04664
5.60845
5.16527
4.71691
4.26414
3.80677
3.34618
2.88158
2.41694
1.94791
1.48893
1.0201
0.591358
0.112923
-314.073
-315.342
-316.519
-316.763
-316.246
-314.976
-313.67
-313.762
-333.208
-334.724
-335.67
-336.005
-335.684
-334.969
-334.106
-333.757
-348.321
-351.157
-352.673
-353.239
-353.129
-352.819
-352.511
-352.171
-346.897
-350.262
-352.115
-352.862
-352.689
-352.174
-351.695
-351.057
-325.751
-328.651
-330.387
-330.946
-330.605
-329.868
-329.084
-328.157
-289.994
-292.05
-293.342
-293.795
-293.469
-292.521
-291.108
-289.508
-244.964
-246.036
-246.887
-247.288
-247.03
-246.001
-244.216
-242.158
-198.425
-198.456
-198.71
-198.925
-198.647
-197.566
-195.615
-193.372
-156.295
-155.599
-155.336
-155.241
-154.838
-153.722
-151.767
-149.56
-120.787
-119.665
-119.119
-118.847
-118.357
-117.254
-115.405
-113.362
-92.2111
-90.9858
-90.3396
-89.9463
-89.3859
-88.3423
-86.6686
-84.8429
-69.8875
-68.7335
-68.0955
-67.6308
-67.03
-66.0707
-64.5971
-63.0137
-52.6575
-51.6462
-51.056
-50.5889
-50.0071
-49.1419
-47.8628
-46.5006
-39.3679
-38.5316
-38.0289
-37.5993
-37.0646
-36.304
-35.2146
-34.06
-29.0611
-28.3827
-27.9413
-27.5451
-27.0717
-26.4176
-25.4973
-24.5213
-21.0023
-20.463
-20.0593
-19.6792
-19.2627
-18.7041
-17.9262
-17.0847
-14.6008
-14.1735
-13.8194
-13.4743
-13.1082
-12.6278
-11.9663
-11.209
-9.40599
-9.07111
-8.77572
-8.47957
-8.161
-7.74722
-7.18394
-6.50483
-5.13215
-4.87037
-4.62693
-4.37548
-4.09965
-3.74196
-3.25948
-2.67086
-1.60555
-1.39608
-1.19071
-0.975207
-0.735027
-0.422965
-0.00440664
0.505623
1.32918
1.50461
1.68374
1.86757
2.07651
2.35063
2.71749
3.16344
3.81538
3.96305
4.11888
4.27616
4.45881
4.70117
5.02552
5.41939
5.95126
6.07257
6.20492
6.34182
6.50447
6.72126
7.01065
7.36173
7.7834
7.88725
8.00256
8.12452
8.27125
8.46669
8.72644
9.04137
9.34431
9.43783
9.54275
9.65434
9.78887
9.96697
10.2019
10.4863
10.6859
10.7746
10.8671
10.9679
11.0917
11.2552
11.4694
11.7282
11.8528
11.9397
12.0224
12.1129
12.2259
12.3758
12.5716
12.8085
12.8744
12.9534
13.0288
13.1128
13.2179
13.3568
13.537
13.7551
13.7636
13.8358
13.906
13.9849
14.0835
14.2128
14.3793
14.5808
14.5304
14.597
14.6631
14.7377
14.8308
14.9519
15.1063
15.2932
15.192
15.2535
15.315
15.3854
15.4733
15.587
15.7308
15.9049
15.7628
15.8192
15.877
15.9438
16.0273
16.1345
16.2689
16.4318
16.2597
16.3107
16.3647
16.4279
16.5072
16.6084
16.7343
16.8871
16.6892
16.7359
16.7864
16.8462
16.9215
17.0171
17.1352
17.2789
17.0509
17.0955
17.1439
17.2014
17.2733
17.3642
17.4753
17.6109
17.3525
17.3956
17.4425
17.4979
17.567
17.6536
17.7586
17.8868
17.6017
17.6431
17.6884
17.7419
17.8084
17.8911
17.9905
18.1122
17.8046
17.8445
17.8883
17.94
18.0041
18.0834
18.1777
18.2935
17.9679
18.0063
18.0486
18.0987
18.1605
18.2365
18.3262
18.4366
18.095
18.1323
18.1734
18.2219
18.2816
18.3546
18.44
18.5455
18.1887
18.2248
18.2647
18.3118
18.3696
18.4398
18.5212
18.6222
18.2504
18.2853
18.324
18.3697
18.4257
18.4933
18.571
18.6678
18.2803
18.3143
18.3522
18.3968
18.4512
18.5165
18.5909
18.684
18.2818
18.3151
18.3522
18.3959
18.449
18.5122
18.5836
18.6733
18.26
18.2924
18.3286
18.3713
18.423
18.4842
18.5529
18.6394
18.2173
18.2489
18.2843
18.3259
18.3762
18.4356
18.5016
18.5851
18.1537
18.1847
18.2194
18.2602
18.3093
18.3668
18.4303
18.5112
18.0687
18.0994
18.1337
18.1738
18.2218
18.2777
18.339
18.4173
17.964
17.9942
18.0281
18.0675
18.1146
18.169
18.2282
18.3041
17.8421
17.8718
17.9051
17.9438
17.9899
18.0429
18.1001
18.1739
17.705
17.7341
17.7668
17.8048
17.8499
17.9016
17.9569
18.0288
17.5533
17.5821
17.6143
17.6517
17.696
17.7464
17.8
17.87
17.3876
17.4161
17.448
17.4849
17.5283
17.5776
17.6295
17.6978
17.2081
17.2364
17.2679
17.3043
17.3469
17.3952
17.4455
17.5122
17.0151
17.0431
17.0743
17.1102
17.1522
17.1994
17.2483
17.3135
16.8099
16.8376
16.8684
16.9039
16.9452
16.9914
17.039
17.1027
16.5937
16.621
16.6515
16.6865
16.7271
16.7724
16.8187
16.8811
16.3673
16.3943
16.4244
16.4589
16.4989
16.5433
16.5884
16.6496
16.1309
16.1577
16.1875
16.2217
16.261
16.3046
16.3485
16.4085
15.8848
15.9115
15.941
15.9748
16.0135
16.0563
16.0991
16.158
15.6289
15.6553
15.6846
15.718
15.7563
15.7983
15.8401
15.898
15.3636
15.3898
15.4189
15.4519
15.4897
15.531
15.5718
15.6287
15.0897
15.1156
15.1444
15.177
15.2142
15.2548
15.2947
15.3507
14.8076
14.8333
14.8618
14.894
14.9307
14.9706
15.0096
15.0647
14.5173
14.5428
14.571
14.603
14.6392
14.6786
14.7167
14.7711
14.219
14.2444
14.2725
14.3041
14.3399
14.3786
14.416
14.4696
13.9128
13.9381
13.9659
13.9973
14.0327
14.0709
14.1075
14.1604
13.599
13.6241
13.6518
13.6829
13.7179
13.7555
13.7914
13.8435
13.2776
13.3026
13.33
13.3608
13.3955
13.4326
13.4678
13.5194
12.949
12.9738
13.0011
13.0317
13.0659
13.1026
13.1371
13.1881
12.6134
12.6381
12.6652
12.6955
12.7295
12.7657
12.7997
12.8501
12.271
12.2956
12.3226
12.3527
12.3862
12.422
12.4554
12.5052
11.9218
11.9462
11.9731
12.003
12.0363
12.0716
12.1045
12.1539
11.5658
11.5902
11.6169
11.6466
11.6796
11.7145
11.7468
11.7957
11.2031
11.2274
11.254
11.2835
11.3162
11.3508
11.3826
11.4311
10.8339
10.8581
10.8846
10.9139
10.9464
10.9806
11.0119
11.0599
10.4583
10.4825
10.5089
10.538
10.5702
10.6041
10.635
10.6826
10.0765
10.1007
10.127
10.1559
10.1879
10.2214
10.2518
10.299
9.68858
9.71269
9.73891
9.76776
9.79946
9.83272
9.8627
9.90958
9.29462
9.31869
9.3448
9.37348
9.40492
9.43784
9.46738
9.51389
8.89452
8.91858
8.94464
8.97321
9.00445
9.03711
9.06628
9.11247
8.4887
8.51271
8.53868
8.56709
8.59808
8.63043
8.65919
8.70503
8.07698
8.10098
8.1269
8.1552
8.18602
8.21814
8.24659
8.29216
7.65973
7.68371
7.70957
7.73773
7.76834
7.8002
7.82835
7.8737
7.23673
7.26072
7.28653
7.3146
7.34504
7.3767
7.40494
7.45074
6.8082
6.83215
6.85789
6.88583
6.91605
6.9474
6.97545
7.02135
6.37406
6.39797
6.42363
6.45144
6.48149
6.51259
6.54037
6.58603
5.93454
5.95838
5.98395
6.01162
6.04148
6.07236
6.09985
6.14526
5.48971
5.51347
5.53891
5.56641
5.59605
5.62666
5.65383
5.69892
5.03975
5.06341
5.08873
5.11608
5.14553
5.17595
5.20287
5.24774
4.5847
4.6082
4.63332
4.66042
4.68957
4.71966
4.74619
4.79064
4.12479
4.14813
4.17309
4.2
4.22893
4.25883
4.28517
4.32953
3.65967
3.68264
3.70722
3.73375
3.76228
3.79179
3.81771
3.86166
3.19013
3.21278
3.23703
3.2632
3.29136
3.32052
3.34611
3.38982
2.7139
2.73547
2.75877
2.78413
2.81162
2.84031
2.8656
2.90919
2.23572
2.25686
2.27965
2.30442
2.33124
2.35924
2.38391
2.42682
1.74347
1.76111
1.78103
1.80359
1.8289
1.85614
1.88071
1.92464
1.26279
1.28123
1.30121
1.3231
1.34703
1.37227
1.39484
1.43516
0.739327
0.746897
0.757988
0.773182
0.792879
0.81596
0.834906
0.883325
0.302164
0.32022
0.336607
0.35174
0.366661
0.383732
0.400924
0.376905
)
;

boundaryField
{
    frontAndBack
    {
        type            empty;
    }
    inlet
    {
        type            zeroGradient;
    }
    outlet
    {
        type            fixedValue;
        value           uniform 0;
    }
    walls
    {
        type            zeroGradient;
    }
}


// ************************************************************************* //
