/*--------------------------------*- C++ -*----------------------------------*\
| =========                 |                                                 |
| \\      /  F ield         | OpenFOAM: The Open Source CFD Toolbox           |
|  \\    /   O peration     | Version:  v2012                                 |
|   \\  /    A nd           | Website:  www.openfoam.com                      |
|    \\/     M anipulation  |                                                 |
\*---------------------------------------------------------------------------*/
FoamFile
{
    version     2.0;
    format      ascii;
    class       volScalarField;
    location    "0.072";
    object      p;
}
// * * * * * * * * * * * * * * * * * * * * * * * * * * * * * * * * * * * * * //

dimensions      [0 2 -2 0 0 0 0];


internalField   nonuniform List<scalar> 
5600
(
-13.8937
-14.8595
-15.8126
-16.8035
-17.8625
-18.9633
-20.0676
-21.1368
-22.1546
-23.1163
-24.0296
-24.8881
-25.6916
-26.4479
-27.1634
-27.8523
-28.5168
-29.1678
-29.8074
-30.4461
-31.0801
-31.7132
-32.3426
-32.9703
-33.594
-34.2111
-34.8274
-35.4407
-36.0529
-36.6596
-37.2705
-37.8746
-38.4865
-39.0913
-39.6985
-40.3066
-40.9061
-41.5132
-42.1094
-42.7132
-43.3097
-43.9084
-44.5053
-45.0963
-45.6939
-46.2769
-46.873
-47.4557
-48.0456
-48.629
-49.2094
-49.7961
-50.3663
-50.954
-51.5214
-52.1061
-52.6779
-53.2498
-53.8262
-54.3805
-54.9646
-55.5198
-56.0995
-56.6567
-57.2206
-57.7833
-58.3356
-58.9079
-59.4519
-60.0206
-60.5681
-61.1285
-61.6839
-62.2327
-62.7959
-63.3379
-63.9057
-64.4551
-65.0187
-65.5762
-66.1259
-66.6883
-67.2332
-67.7913
-68.3378
-68.888
-69.4368
-69.9784
-70.5295
-71.0697
-71.6109
-72.1662
-72.692
-73.2557
-73.7864
-74.3292
-74.902
-75.4333
-76.0447
-76.8715
-13.9923
-14.8833
-15.8304
-16.8165
-17.8724
-18.9725
-20.0768
-21.1454
-22.1641
-23.1266
-24.0389
-24.8967
-25.7002
-26.4571
-27.1737
-27.8641
-28.53
-29.1826
-29.8233
-30.4626
-31.0975
-31.7313
-32.3615
-32.9891
-33.6134
-34.2305
-34.8472
-35.4606
-36.0731
-36.6798
-37.2909
-37.8953
-38.5073
-39.1123
-39.7198
-40.3281
-40.9275
-41.5349
-42.131
-42.7351
-43.3317
-43.9302
-44.5275
-45.1182
-45.7161
-46.2989
-46.8953
-47.4779
-48.0675
-48.6516
-49.2314
-49.8187
-50.3884
-50.9766
-51.5437
-52.1282
-52.7008
-53.2717
-53.8492
-54.4021
-54.9874
-55.5419
-56.1215
-56.6799
-57.2419
-57.8065
-58.357
-58.9307
-59.474
-60.0425
-60.5912
-61.1496
-61.7071
-62.2541
-62.8183
-63.3604
-63.9272
-64.4787
-65.04
-65.5995
-66.148
-66.7107
-67.2563
-67.8128
-68.3614
-68.9094
-69.4598
-70.0011
-70.5508
-71.0937
-71.632
-72.1892
-72.7156
-73.2757
-73.8107
-74.3525
-74.9176
-75.4686
-76.0479
-76.8745
-14.0739
-14.9044
-15.8585
-16.8449
-17.8947
-18.9891
-20.0884
-21.154
-22.1686
-23.13
-24.0407
-24.8974
-25.7007
-26.4575
-27.1742
-27.865
-28.5316
-29.1841
-29.8251
-30.4652
-31.1003
-31.7347
-32.3645
-32.9929
-33.6175
-34.2358
-34.8526
-35.4667
-36.0793
-36.6868
-37.2981
-37.9025
-38.5146
-39.1195
-39.727
-40.3354
-40.9347
-41.5423
-42.1384
-42.7423
-43.3392
-43.9372
-44.5349
-45.1254
-45.7235
-46.3061
-46.9024
-47.4854
-48.0746
-48.6592
-49.2384
-49.8262
-50.3956
-50.9838
-51.5512
-52.1352
-52.7084
-53.2789
-53.8568
-54.4101
-54.9949
-55.5501
-56.1289
-56.6884
-57.2497
-57.815
-58.3652
-58.9392
-59.4829
-60.0506
-60.6006
-61.1576
-61.7162
-62.2627
-62.8269
-63.3694
-63.935
-64.4876
-65.0477
-65.6079
-66.1558
-66.7185
-67.2644
-67.8204
-68.37
-68.9175
-69.4683
-70.0096
-70.5589
-71.1027
-71.6404
-72.1973
-72.725
-73.2823
-73.8207
-74.3607
-74.9248
-75.4823
-76.0518
-76.8558
-14.165
-14.9345
-15.887
-16.8719
-17.9143
-19.0033
-20.0999
-21.1655
-22.1777
-23.1402
-24.052
-24.9098
-25.7147
-26.4725
-27.1909
-27.8811
-28.5487
-29.2011
-29.8422
-30.4809
-31.1151
-31.748
-32.3765
-33.004
-33.6278
-34.2464
-34.8626
-35.4773
-36.0903
-36.6993
-37.3108
-37.9163
-38.5284
-39.134
-39.7418
-40.3503
-40.9497
-41.5572
-42.1539
-42.7575
-43.3549
-43.9527
-44.5507
-45.1413
-45.7395
-46.3227
-46.9188
-47.5025
-48.0911
-48.6764
-49.2553
-49.8434
-50.4131
-51.0011
-51.5693
-52.1525
-52.7268
-53.2963
-53.875
-54.4271
-55.0127
-55.5682
-56.1458
-56.7072
-57.2657
-57.8335
-58.3818
-58.9563
-59.5005
-60.0665
-60.6191
-61.1733
-61.7341
-62.2794
-62.8434
-63.3877
-63.9508
-64.5068
-65.0642
-65.6264
-66.1745
-66.7354
-67.2846
-67.8371
-68.3892
-68.9348
-69.4858
-70.0286
-70.5754
-71.1214
-71.6584
-72.2131
-72.7465
-73.2958
-73.8414
-74.3782
-74.9381
-75.5017
-76.064
-76.8238
-14.2573
-14.9654
-15.9127
-16.8992
-17.9356
-19.0197
-20.114
-21.1778
-22.1894
-23.1519
-24.0635
-24.921
-25.7264
-26.4845
-27.2044
-27.894
-28.5628
-29.2159
-29.8582
-30.4969
-31.132
-31.7649
-32.394
-33.0216
-33.6452
-34.2636
-34.8792
-35.4934
-36.1054
-36.7147
-37.3241
-37.9304
-38.5406
-39.1462
-39.7545
-40.3627
-40.9632
-41.5701
-42.1682
-42.7711
-43.3691
-43.9668
-44.5649
-45.1562
-45.7539
-46.3384
-46.9333
-47.5183
-48.1057
-48.6919
-49.2702
-49.8582
-50.4287
-51.0155
-51.5855
-52.1663
-52.7424
-53.3109
-53.8898
-54.4421
-55.0267
-55.5849
-56.1596
-56.7237
-57.2802
-57.8495
-58.3976
-58.9712
-59.5179
-60.0809
-60.6368
-61.1883
-61.7506
-62.296
-62.8584
-63.4055
-63.9653
-64.5242
-65.0797
-65.6424
-66.1909
-66.7503
-67.3016
-67.8524
-68.406
-68.9514
-69.5019
-70.0463
-70.5913
-71.1386
-71.6762
-72.2279
-72.766
-73.3103
-73.8588
-74.397
-74.9494
-75.5202
-76.0751
-76.7931
-14.3482
-14.9982
-15.9389
-16.9291
-17.9599
-19.0384
-20.1299
-21.1919
-22.2031
-23.1651
-24.0766
-24.9343
-25.7402
-26.4993
-27.2202
-27.9108
-28.5806
-29.2343
-29.8773
-30.5159
-31.1514
-31.7838
-32.4133
-33.0405
-33.6639
-34.2823
-34.8981
-35.5127
-36.1244
-36.7349
-37.3429
-37.9509
-38.5597
-39.1652
-39.7738
-40.3804
-40.9828
-41.5866
-42.1865
-42.7873
-43.3853
-43.9826
-44.5796
-45.1725
-45.7681
-46.3556
-46.9485
-47.5353
-48.1215
-48.7082
-49.2871
-49.8739
-50.4472
-51.0313
-51.6044
-52.1824
-52.7601
-53.3284
-53.906
-54.4606
-55.0427
-55.6057
-56.1752
-56.7425
-57.2969
-57.8671
-58.4161
-58.9867
-59.5386
-60.0961
-60.6564
-61.2051
-61.768
-62.3153
-62.8738
-63.426
-63.9812
-64.5441
-65.0978
-65.6604
-66.2117
-66.7674
-67.3227
-67.8708
-68.4251
-68.9715
-69.5199
-70.0671
-70.6096
-71.1577
-71.6971
-72.2443
-72.7883
-73.3279
-73.8771
-74.4192
-74.963
-75.5379
-76.089
-76.7648
-14.4346
-15.0332
-15.9661
-16.9604
-17.9859
-19.0589
-20.148
-21.2086
-22.2193
-23.1809
-24.0922
-24.9502
-25.7567
-26.5166
-27.2382
-27.9297
-28.6
-29.2541
-29.8976
-30.5364
-31.172
-31.8043
-32.434
-33.0609
-33.6843
-34.303
-34.919
-35.5336
-36.1451
-36.756
-37.3636
-37.9722
-38.5804
-39.1864
-39.7953
-40.4005
-41.0056
-41.6065
-42.2082
-42.8074
-43.4078
-44.0046
-44.5993
-45.1951
-45.7869
-46.3784
-46.9674
-47.5561
-48.1411
-48.7266
-49.3076
-49.8902
-50.4696
-51.0473
-51.6241
-52.2
-52.7776
-53.348
-53.9217
-54.4816
-55.0586
-55.6283
-56.1922
-56.7621
-57.3161
-57.8842
-58.4382
-59.003
-59.5624
-60.1129
-60.677
-61.2249
-61.7856
-62.3381
-62.8901
-63.4485
-63.9989
-64.5642
-65.1188
-65.6785
-66.2344
-66.786
-67.3447
-67.891
-68.4454
-68.9939
-69.5397
-70.0896
-70.6303
-71.1781
-71.7207
-72.2628
-72.8118
-73.3487
-73.896
-74.4433
-74.9799
-75.5538
-76.1028
-76.7415
-14.5125
-15.0699
-15.9945
-16.9926
-18.0137
-19.0818
-20.1688
-21.2282
-22.2385
-23.1998
-24.111
-24.9692
-25.7761
-26.5367
-27.2589
-27.9512
-28.6218
-29.2764
-29.9205
-30.5595
-31.1951
-31.8275
-32.4573
-33.0841
-33.7073
-34.3263
-34.9423
-35.5568
-36.1683
-36.7792
-37.3871
-37.9956
-38.6036
-39.21
-39.8186
-40.4235
-41.029
-41.6294
-42.2314
-42.8302
-43.4315
-44.028
-44.6222
-45.2194
-45.8092
-46.4033
-46.9897
-47.5798
-48.1643
-48.7495
-49.3329
-49.9104
-50.4955
-51.0682
-51.6476
-52.2227
-52.7994
-53.372
-53.9406
-54.512
-55.078
-55.652
-56.2113
-56.7827
-57.34
-57.9025
-58.465
-59.0203
-59.5874
-60.132
-60.6968
-61.2479
-61.8033
-62.3631
-62.908
-63.4713
-64.0195
-64.5848
-65.1426
-65.699
-66.2583
-66.8076
-67.3677
-67.9147
-68.468
-69.0183
-69.5621
-70.1134
-70.654
-71.2005
-71.7462
-72.2847
-72.8356
-73.3731
-73.9172
-74.4675
-75.0009
-75.569
-76.1152
-76.7223
-14.5783
-15.1066
-16.0242
-17.0254
-18.0431
-19.1073
-20.1928
-21.2514
-22.2613
-23.2223
-24.1334
-24.9918
-25.799
-26.5601
-27.2828
-27.9756
-28.6466
-29.3016
-29.9461
-30.5852
-31.2208
-31.8533
-32.483
-33.1098
-33.7329
-34.3521
-34.9681
-35.5824
-36.1942
-36.8048
-37.4131
-38.0213
-38.6294
-39.2362
-39.8442
-40.4494
-41.0545
-41.6555
-42.2572
-42.8564
-43.4571
-44.0538
-44.6484
-45.2448
-45.8352
-46.4288
-47.0156
-47.6055
-48.1901
-48.775
-49.3588
-49.9358
-50.5209
-51.0934
-51.6741
-52.2491
-52.8249
-53.3981
-53.9647
-54.542
-55.1025
-55.6781
-56.2362
-56.808
-57.3669
-57.9254
-58.4946
-59.0433
-59.6134
-60.1589
-60.7214
-61.2751
-61.8255
-62.3893
-62.9325
-63.4965
-64.0462
-64.6084
-65.1685
-65.7225
-66.2826
-66.8326
-67.3915
-67.9411
-68.4927
-69.0438
-69.5879
-70.1381
-70.6809
-71.2256
-71.7728
-72.311
-72.8607
-73.4
-73.9424
-74.4918
-75.0257
-75.5853
-76.1259
-76.703
-14.6275
-15.1411
-16.0551
-17.058
-18.0739
-19.1358
-20.2205
-21.2786
-22.2883
-23.2492
-24.1602
-25.0187
-25.826
-26.5874
-27.3103
-28.0036
-28.6747
-29.3299
-29.9746
-30.6139
-31.2495
-31.8821
-32.5117
-33.1384
-33.7616
-34.3808
-34.9968
-35.611
-36.223
-36.8334
-37.442
-38.0501
-38.6582
-39.2653
-39.8728
-40.4782
-41.0829
-41.6846
-42.2859
-42.8856
-43.4855
-44.0826
-44.6774
-45.2731
-45.8645
-46.4569
-47.0449
-47.6339
-48.2191
-48.8037
-49.3872
-49.9655
-50.5485
-51.1231
-51.7026
-52.2781
-52.8531
-53.4264
-53.9941
-54.569
-55.1319
-55.7056
-56.2665
-56.8355
-57.3953
-57.9541
-58.5222
-59.0729
-59.6399
-60.1897
-60.7493
-61.3041
-61.8548
-62.4169
-62.963
-63.5243
-64.0765
-64.6362
-65.1977
-65.7512
-66.3105
-66.8622
-67.4193
-67.9709
-68.5212
-69.072
-69.6174
-70.1662
-70.7101
-71.2544
-71.8011
-72.3404
-72.8887
-73.4289
-73.9715
-74.5178
-75.0525
-75.6039
-76.1361
-76.6814
-14.6524
-15.1695
-16.0856
-17.0883
-18.1039
-19.166
-20.251
-21.3091
-22.3188
-23.2797
-24.1907
-25.0492
-25.8564
-26.6178
-27.3406
-28.034
-28.7051
-29.3601
-30.005
-30.6442
-31.2799
-31.9125
-32.5421
-33.1687
-33.7919
-34.4112
-35.0272
-35.6413
-36.2532
-36.8636
-37.4723
-38.0804
-38.6884
-39.2959
-39.903
-40.5084
-41.113
-41.715
-42.3162
-42.9161
-43.5157
-44.1129
-44.708
-45.3031
-45.895
-46.4869
-47.0757
-47.664
-48.2495
-48.834
-49.4172
-49.9964
-50.578
-51.1542
-51.7325
-52.3085
-52.8833
-53.4566
-54.0251
-54.5984
-55.1639
-55.7346
-56.2978
-56.8646
-57.4261
-57.9855
-58.551
-59.1054
-59.6683
-60.2213
-60.779
-61.3341
-61.8868
-62.4454
-62.9945
-63.5534
-64.1076
-64.6667
-65.227
-65.7822
-66.34
-66.8932
-67.4498
-68.0011
-68.5519
-69.1016
-69.6479
-70.1963
-70.7401
-71.2854
-71.8307
-72.3717
-72.9179
-73.4593
-74.0018
-74.5451
-75.0808
-75.623
-76.1472
-76.6602
-14.6503
-15.189
-16.1127
-17.1133
-18.1303
-19.1951
-20.2812
-21.3399
-22.3499
-23.3109
-24.2219
-25.0804
-25.8873
-26.6483
-27.3706
-28.0639
-28.7347
-29.3894
-30.0341
-30.6732
-31.309
-31.9417
-32.5713
-33.1977
-33.821
-34.4403
-35.0563
-35.6702
-36.2822
-36.8925
-37.5013
-38.1094
-38.7173
-39.3251
-39.932
-40.5375
-41.1419
-41.744
-42.3453
-42.9453
-43.5447
-44.1418
-44.7373
-45.332
-45.9242
-46.5157
-47.1048
-47.6928
-48.2785
-48.8631
-49.4459
-50.0258
-50.6065
-51.1836
-51.7614
-52.3375
-52.9125
-53.4855
-54.0549
-54.6271
-55.1938
-55.7627
-56.3273
-56.8935
-57.4554
-58.0153
-58.579
-59.1356
-59.6958
-60.2512
-60.8076
-61.3628
-61.9166
-62.4728
-63.0243
-63.581
-64.1376
-64.6953
-65.2558
-65.8119
-66.3687
-66.9235
-67.478
-68.031
-68.5807
-69.1302
-69.678
-70.2241
-70.7706
-71.3134
-71.8592
-72.4014
-72.9453
-73.4892
-74.0286
-74.573
-75.107
-75.642
-76.1595
-76.6445
-14.6266
-15.2014
-16.1356
-17.1325
-18.1525
-19.2215
-20.3096
-21.3691
-22.3797
-23.3409
-24.252
-25.1103
-25.9168
-26.6772
-27.3988
-28.0917
-28.7619
-29.4162
-30.0607
-30.6996
-31.3354
-31.9681
-32.5978
-33.2241
-33.8475
-34.4667
-35.0827
-35.6965
-36.3085
-36.9188
-37.5275
-38.1356
-38.7435
-39.3516
-39.9581
-40.5638
-41.1681
-41.7703
-42.3716
-42.9716
-43.571
-44.168
-44.7637
-45.3583
-45.9506
-46.542
-47.1313
-47.7191
-48.3049
-48.8896
-49.4721
-50.0524
-50.6326
-51.2102
-51.7875
-52.3637
-52.9385
-53.5113
-54.0815
-54.6532
-55.2204
-55.7883
-56.354
-56.9189
-57.482
-58.0418
-58.6051
-59.1628
-59.7218
-60.2791
-60.8341
-61.3903
-61.9435
-62.4996
-63.0528
-63.6076
-64.1666
-64.7225
-65.2842
-65.8396
-66.3964
-66.9519
-67.5045
-68.0589
-68.6069
-69.1575
-69.7048
-70.2496
-70.7979
-71.3385
-71.8859
-72.4273
-72.9709
-73.5155
-74.0533
-74.5986
-75.1298
-75.6627
-76.1706
-76.6366
-14.5862
-15.2096
-16.1548
-17.1472
-18.1714
-19.2457
-20.3361
-21.3966
-22.4079
-23.3694
-24.2806
-25.1387
-25.9446
-26.7044
-27.4251
-28.1176
-28.7871
-29.4408
-30.085
-30.7237
-31.3595
-31.9922
-32.6219
-33.2482
-33.8716
-34.4907
-35.1066
-35.7205
-36.3324
-36.9426
-37.5513
-38.1594
-38.7671
-39.3757
-39.982
-40.5876
-41.192
-41.7941
-42.3956
-42.9956
-43.5947
-44.192
-44.7873
-45.3819
-45.9743
-46.5658
-47.1551
-47.7426
-48.3288
-48.9128
-49.496
-50.0759
-50.6564
-51.2344
-51.8115
-52.3884
-52.9624
-53.5359
-54.1063
-54.6782
-55.2457
-55.8135
-56.3799
-56.9441
-57.5085
-58.0677
-58.6315
-59.1892
-59.7479
-60.306
-60.86
-61.4169
-61.9688
-62.5257
-63.0785
-63.6334
-64.1924
-64.7475
-65.3095
-65.8638
-66.4213
-66.976
-67.5288
-68.083
-68.6304
-69.1815
-69.728
-70.2735
-70.8211
-71.3622
-71.9097
-72.4505
-72.9948
-73.5381
-74.0773
-74.6208
-75.1511
-75.6823
-76.1816
-76.6358
-14.5335
-15.2152
-16.1706
-17.1583
-18.1875
-19.2676
-20.3608
-21.4227
-22.4347
-23.3964
-24.3078
-25.1655
-25.9708
-26.7297
-27.4493
-28.1413
-28.8102
-29.4632
-30.107
-30.7455
-31.3813
-32.014
-32.6437
-33.27
-33.8935
-34.5123
-35.1282
-35.742
-36.354
-36.9641
-37.5728
-38.1808
-38.7885
-39.3972
-40.0035
-40.6086
-41.2135
-41.8151
-42.4169
-43.0169
-43.6158
-44.2138
-44.8085
-45.404
-45.9961
-46.588
-47.1777
-47.7653
-48.3522
-48.9359
-49.5202
-50.0997
-50.6808
-51.259
-51.8361
-52.4131
-52.9866
-53.5602
-54.1299
-54.702
-55.2692
-55.837
-56.4033
-56.9673
-57.532
-58.0907
-58.6547
-59.212
-59.7711
-60.3289
-60.8831
-61.4402
-61.9915
-62.5491
-63.1013
-63.6569
-64.2152
-64.7705
-65.3321
-65.8859
-66.4439
-66.9975
-67.551
-68.1046
-68.6521
-69.2032
-69.749
-70.2953
-70.842
-71.384
-71.9306
-72.4718
-73.0163
-73.5586
-74.099
-74.6407
-75.1713
-75.6994
-76.1943
-76.6399
-14.4732
-15.219
-16.1829
-17.1667
-18.2014
-19.2871
-20.3834
-21.4471
-22.4599
-23.422
-24.3336
-25.191
-25.9956
-26.7537
-27.4721
-28.1634
-28.8312
-29.4835
-30.1269
-30.7653
-31.4011
-32.0338
-32.6633
-33.29
-33.9135
-34.5322
-35.1476
-35.7613
-36.3729
-36.9831
-37.5917
-38.1997
-38.8079
-39.4166
-40.0233
-40.6283
-41.2342
-41.8361
-42.4386
-43.039
-43.6382
-44.2369
-44.8313
-45.4275
-46.0188
-46.6105
-47.2
-47.7874
-48.3743
-48.9576
-49.5421
-50.121
-50.7024
-51.2802
-51.8574
-52.4342
-53.0077
-53.5814
-54.1509
-54.7233
-55.2901
-55.8582
-56.4242
-56.9884
-57.553
-58.1116
-58.6756
-59.2325
-59.792
-60.3495
-60.904
-61.4608
-62.0121
-62.5698
-63.1215
-63.6778
-64.2352
-64.7911
-65.3518
-65.9059
-66.4638
-67.0167
-67.5709
-68.1237
-68.6716
-69.2226
-69.768
-70.3148
-70.8608
-71.4036
-71.9494
-72.4912
-73.0355
-73.5774
-74.1185
-74.6587
-75.19
-75.7154
-76.2078
-76.6469
-14.4086
-15.2214
-16.1919
-17.174
-18.215
-19.3053
-20.404
-21.4691
-22.4826
-23.4447
-24.3568
-25.2138
-26.0182
-26.7749
-27.4933
-28.1837
-28.8505
-29.502
-30.1447
-30.7826
-31.4181
-32.0506
-32.6798
-33.3069
-33.9303
-34.5496
-35.1657
-35.7802
-36.3922
-37.0032
-37.6126
-38.2214
-38.8301
-39.4387
-40.0454
-40.6498
-41.2556
-41.8571
-42.4595
-43.0596
-43.6585
-44.2572
-44.8511
-45.4472
-46.0381
-46.6298
-47.2193
-47.8066
-48.3935
-48.9767
-49.5611
-50.1399
-50.7215
-51.299
-51.8764
-52.4528
-53.0265
-53.6001
-54.1695
-54.742
-55.3085
-55.8768
-56.4425
-57.0068
-57.5712
-58.1299
-58.6938
-59.2504
-59.8102
-60.3673
-60.922
-61.4785
-62.0299
-62.5874
-63.1391
-63.6958
-64.2526
-64.8092
-65.3692
-65.9236
-66.4814
-67.0339
-67.5885
-68.1407
-68.6891
-69.2397
-69.7851
-70.3321
-70.8775
-71.4208
-71.9661
-72.5084
-73.0523
-73.5942
-74.1355
-74.675
-75.207
-75.7303
-76.2215
-76.656
-14.342
-15.2216
-16.1947
-17.1778
-18.228
-19.3239
-20.4252
-21.492
-22.5059
-23.4674
-24.3791
-25.2349
-26.0385
-26.7935
-27.5119
-28.2011
-28.8674
-29.519
-30.1621
-30.8006
-31.4373
-32.0713
-32.7019
-33.3299
-33.9533
-34.5731
-35.1892
-35.8031
-36.4139
-37.0241
-37.6329
-38.2413
-38.8496
-39.4579
-40.0645
-40.6687
-41.2745
-41.8759
-42.4783
-43.0783
-43.6772
-44.2758
-44.8697
-45.4656
-46.0563
-46.6479
-47.2373
-47.8246
-48.4114
-48.9947
-49.579
-50.1579
-50.7394
-51.3168
-51.8943
-52.4706
-53.0444
-53.618
-54.1875
-54.7599
-55.3264
-55.8948
-56.4603
-57.0249
-57.5891
-58.1481
-58.7118
-59.2686
-59.8284
-60.3854
-60.9406
-61.4966
-62.0485
-62.6055
-63.1573
-63.7139
-64.2702
-64.8273
-65.3864
-65.9414
-66.4989
-67.0514
-67.6061
-68.1578
-68.7068
-69.2569
-69.8027
-70.3496
-70.8949
-71.4387
-71.9833
-72.5264
-73.0696
-73.6119
-74.1531
-74.6919
-75.2243
-75.7456
-76.236
-76.667
-14.2828
-15.2276
-16.1936
-17.1726
-18.2286
-19.3296
-20.4361
-21.5081
-22.5232
-23.4864
-24.3997
-25.2559
-26.0593
-26.8141
-27.5319
-28.2204
-28.8862
-29.5373
-30.1801
-30.8184
-31.4548
-32.0887
-32.719
-33.3463
-33.9684
-34.5875
-35.203
-35.8165
-36.4268
-37.0365
-37.645
-38.2533
-38.8615
-39.4697
-40.0762
-40.6803
-41.2859
-41.8872
-42.4895
-43.0894
-43.6882
-44.2867
-44.8806
-45.4764
-46.067
-46.6586
-47.2478
-47.8352
-48.4217
-49.005
-49.5892
-50.168
-50.7495
-51.3268
-51.9043
-52.4804
-53.0543
-53.6276
-54.1971
-54.7694
-55.3358
-55.9042
-56.4696
-57.0342
-57.5982
-58.1572
-58.7208
-59.2774
-59.8372
-60.3941
-60.9493
-61.5052
-62.0571
-62.6142
-63.166
-63.7228
-64.2792
-64.8364
-65.3955
-65.9507
-66.508
-67.0605
-67.6152
-68.1667
-68.7159
-69.2657
-69.8116
-70.3584
-70.9036
-71.4475
-71.9919
-72.5351
-73.0782
-73.6206
-74.1617
-74.7007
-75.2332
-75.7544
-76.2451
-76.6753
-14.2068
-15.2342
-16.2137
-17.2003
-18.2603
-19.3612
-20.4685
-21.5413
-22.5543
-23.5183
-24.433
-25.2901
-26.0936
-26.8481
-27.5649
-28.2522
-28.9167
-29.5665
-30.208
-30.8452
-31.4806
-32.1139
-32.7437
-33.3708
-33.9929
-34.6118
-35.2273
-35.8405
-36.4508
-37.0603
-37.6687
-38.2767
-38.8848
-39.4927
-40.0992
-40.7032
-41.3087
-41.91
-42.5122
-43.1121
-43.7108
-44.3093
-44.9032
-45.4989
-46.0896
-46.6811
-47.2703
-47.8577
-48.4442
-49.0276
-49.6117
-50.1906
-50.7719
-51.3492
-51.9268
-52.5028
-53.0768
-53.6501
-54.2197
-54.7919
-55.3583
-55.9268
-56.492
-57.0568
-57.6206
-58.1799
-58.7431
-59.3001
-59.8597
-60.4165
-60.9721
-61.5276
-62.0798
-62.6367
-63.1886
-63.7454
-64.3016
-64.859
-65.4177
-65.9732
-66.5302
-67.083
-67.6376
-68.189
-68.7385
-69.2879
-69.8341
-70.3806
-70.9261
-71.4699
-72.0142
-72.5577
-73.1003
-73.6431
-74.184
-74.723
-75.2554
-75.776
-76.2667
-76.6957
-76.6733
-78.8503
-81.0177
-81.0887
-78.6729
-74.6319
-69.8593
-64.2988
-57.8837
-50.7048
-42.9934
-35.5293
-28.9182
-23.7073
-20.0052
-17.3105
-15.2651
-13.4624
-11.8232
-10.3466
-8.97385
-7.88386
-7.30348
-7.79937
-8.885
-9.98274
-10.6092
-10.002
-7.91992
-5.1461
-3.20253
-2.17052
-1.53624
-1.01331
-0.479579
0.110817
0.698181
1.35137
2.07061
2.76417
3.3819
3.9068
4.29495
4.5626
4.75029
4.88116
4.97321
5.03281
5.0633
5.0682
5.05402
5.02308
4.97564
4.91564
4.84594
4.76862
4.68657
4.5964
4.49313
4.38393
4.27524
4.16174
4.05009
3.95063
3.85669
3.76253
3.65687
3.55256
3.44969
3.34452
3.23876
3.13246
3.0257
2.9186
2.81127
2.70378
2.5962
2.48856
2.38087
2.27317
2.16544
2.05771
1.94997
1.84222
1.73448
1.62672
1.51896
1.41118
1.30338
1.19553
1.08761
0.97956
0.871273
0.762599
0.653212
0.542718
0.429997
0.314735
0.192568
0.0703411
-76.8434
-78.4171
-80.5789
-80.7138
-78.3516
-74.3827
-69.669
-64.1719
-57.8063
-50.6728
-43.0071
-35.578
-28.9876
-23.7711
-20.0597
-17.3279
-15.2472
-13.4206
-11.7878
-10.3289
-9.00429
-7.99776
-7.56059
-8.23901
-9.46531
-10.6295
-11.2774
-10.6276
-8.37879
-5.32957
-3.20049
-2.06858
-1.38734
-0.863617
-0.363791
0.18749
0.740702
1.36439
2.06271
2.74321
3.34605
3.86766
4.25719
4.53105
4.72563
4.86217
4.95765
5.01867
5.04959
5.05464
5.04042
5.00954
4.96233
4.90235
4.83255
4.75535
4.67368
4.58279
4.47947
4.36995
4.26164
4.14873
4.03826
3.9387
3.8434
3.74941
3.64437
3.54013
3.43729
3.33208
3.2262
3.11982
3.01301
2.90588
2.79853
2.69103
2.58344
2.47579
2.3681
2.26039
2.15267
2.04494
1.9372
1.82945
1.72171
1.61395
1.5062
1.39842
1.29063
1.18281
1.07492
0.966932
0.858755
0.75027
0.641215
0.531276
0.419558
0.305804
0.186518
0.0671268
-76.8184
-78.336
-80.2818
-80.3437
-77.9944
-74.0926
-69.4293
-63.9803
-57.6882
-50.6168
-43.0106
-35.6308
-29.0667
-23.8441
-20.1045
-17.3515
-15.2029
-13.3541
-11.7322
-10.2761
-9.0423
-8.11098
-7.85314
-8.7101
-10.1015
-11.337
-12.0182
-11.3232
-8.91961
-5.5345
-3.18663
-1.93825
-1.19981
-0.676714
-0.219629
0.283112
0.79524
1.38278
2.0556
2.72218
3.3053
3.82165
4.21388
4.49628
4.69862
4.8418
4.94095
5.00345
5.03473
5.0398
5.02544
4.99461
4.94767
4.88774
4.81785
4.74081
4.65938
4.56787
4.46439
4.35459
4.2463
4.13444
4.02547
3.92583
3.82959
3.7339
3.63026
3.52664
3.42339
3.31825
3.2123
3.10584
2.99897
2.89179
2.78442
2.6769
2.56931
2.46165
2.35397
2.24625
2.13853
2.03079
1.92306
1.81531
1.70757
1.59982
1.49206
1.3843
1.27652
1.16872
1.06087
0.952953
0.844899
0.736625
0.627942
0.518624
0.408026
0.29596
0.179872
0.0636339
-76.9371
-78.2727
-80.0218
-80.0055
-77.6403
-73.7861
-69.1559
-63.7456
-57.5334
-50.5335
-42.999
-35.6927
-29.1634
-23.9373
-20.1382
-17.3694
-15.1212
-13.2505
-11.6407
-10.2034
-9.07282
-8.20691
-8.16691
-9.20661
-10.7848
-12.0936
-12.8114
-12.0449
-9.59101
-5.77605
-3.1455
-1.77443
-0.965752
-0.44325
-0.0406316
0.401118
0.86347
1.40674
2.05655
2.69603
3.2575
3.76883
4.1655
4.45832
4.66925
4.81986
4.92297
4.98701
5.01856
5.02351
5.00895
4.97816
4.93154
4.8717
4.80173
4.72488
4.64358
4.55151
4.44764
4.33766
4.22929
4.1187
4.01139
3.91174
3.81495
3.71648
3.61446
3.51184
3.40798
3.30285
3.19688
3.09034
2.98341
2.8762
2.7688
2.66126
2.55366
2.446
2.33831
2.2306
2.12287
2.01514
1.9074
1.79966
1.69191
1.58417
1.47642
1.36866
1.2609
1.15312
1.04532
0.937477
0.82956
0.721522
0.613254
0.504631
0.395279
0.285101
0.172557
0.0598309
-77.0003
-78.186
-79.7407
-79.6511
-77.3002
-73.4938
-68.8622
-63.4872
-57.3456
-50.4044
-42.9744
-35.7704
-29.2889
-24.0707
-20.1883
-17.3559
-15.0013
-13.1022
-11.4841
-10.1268
-9.0507
-8.28996
-8.49082
-9.72999
-11.5002
-12.8763
-13.6318
-12.7724
-10.2652
-6.14443
-3.08302
-1.55397
-0.678352
-0.152362
0.181974
0.54655
0.947072
1.44009
2.06881
2.65955
3.20181
3.70935
4.11265
4.4161
4.6373
4.79598
4.90343
4.96913
5.0009
5.00563
4.99079
4.96002
4.91378
4.85409
4.78406
4.70739
4.62616
4.53366
4.42925
4.31917
4.21046
4.10105
3.99552
3.89636
3.79827
3.69759
3.59728
3.49544
3.39104
3.28581
3.17978
3.07317
2.96618
2.85893
2.7515
2.64395
2.53634
2.42867
2.32098
2.21327
2.10554
1.9978
1.89006
1.78232
1.67458
1.56684
1.45909
1.35135
1.2436
1.13585
1.0281
0.920344
0.81258
0.704805
0.596999
0.489148
0.381181
0.273104
0.164482
0.0556704
-77.0531
-78.0906
-79.4281
-79.2546
-76.9344
-73.1763
-68.5543
-63.2119
-57.1244
-50.2257
-42.9426
-35.8485
-29.432
-24.2359
-20.2836
-17.2984
-14.8382
-12.8884
-11.2389
-9.98033
-8.97984
-8.40874
-8.82427
-10.266
-12.2187
-13.6664
-14.4499
-13.5498
-10.7742
-6.61255
-3.04566
-1.25673
-0.31613
0.204153
0.458053
0.726201
1.05107
1.49889
2.08047
2.61359
3.13954
3.64411
4.0565
4.36926
4.60247
4.76977
4.88204
4.9496
4.98157
4.98601
4.97082
4.94006
4.89425
4.83476
4.76466
4.68815
4.60691
4.51412
4.40936
4.29918
4.18969
4.08079
3.97777
3.87919
3.77928
3.67756
3.57849
3.47696
3.37239
3.26708
3.16091
3.05417
2.9471
2.8398
2.73234
2.62478
2.51715
2.40948
2.30179
2.19407
2.08634
1.97861
1.87087
1.76313
1.65539
1.54765
1.43991
1.33217
1.22445
1.11673
1.00903
0.901372
0.793777
0.686292
0.578997
0.472001
0.365565
0.259817
0.15553
0.0510841
-77.082
-77.9765
-79.0856
-78.8191
-76.5305
-72.8101
-68.2079
-62.8934
-56.8429
-50.0198
-42.8888
-35.8986
-29.5788
-24.3967
-20.385
-17.2098
-14.6335
-12.6053
-10.9514
-9.75827
-8.91418
-8.57224
-9.15369
-10.787
-12.8931
-14.4525
-15.2416
-14.3374
-11.2321
-6.96146
-3.03741
-0.911716
0.159593
0.628672
0.794242
0.946679
1.18906
1.59059
2.08674
2.56681
3.07229
3.57251
3.9934
4.31768
4.56413
4.74082
4.85856
4.92824
4.96044
4.96452
4.94891
4.91814
4.87279
4.81352
4.74329
4.66691
4.58568
4.49266
4.3876
4.27737
4.16732
4.05807
3.95776
3.85934
3.75841
3.65627
3.55759
3.4562
3.35187
3.24642
3.14007
3.03318
2.92601
2.81864
2.71115
2.60356
2.49593
2.38825
2.28055
2.17283
2.0651
1.95736
1.84963
1.74189
1.63415
1.52641
1.41868
1.31096
1.20325
1.09556
0.987926
0.880372
0.772963
0.665798
0.559064
0.453008
0.348258
0.245076
0.145574
0.0459907
-77.0881
-77.8438
-78.7176
-78.3479
-76.0873
-72.4021
-67.8224
-62.5227
-56.4979
-49.7842
-42.7885
-35.9322
-29.7232
-24.5409
-20.4412
-17.0886
-14.388
-12.2852
-10.6363
-9.51936
-8.85711
-8.72124
-9.45692
-11.2637
-13.502
-15.2068
-15.9809
-15.051
-11.7256
-7.16055
-2.99142
-0.494743
0.749124
1.1353
1.19222
1.21665
1.38002
1.69061
2.08148
2.51221
2.99452
3.49351
3.92184
4.2613
4.52197
4.70896
4.83288
4.90492
4.93735
4.94104
4.92499
4.89411
4.8492
4.79012
4.71982
4.64337
4.56217
4.46899
4.36371
4.2535
4.14318
4.03355
3.93458
3.83686
3.7355
3.63316
3.53435
3.43331
3.3291
3.22346
3.11695
3.00993
2.90266
2.79521
2.68767
2.58005
2.4724
2.36472
2.25702
2.14929
2.04156
1.93383
1.82609
1.71835
1.61061
1.50288
1.39516
1.28745
1.17976
1.07211
0.96454
0.857101
0.749895
0.643079
0.536957
0.431925
0.329021
0.228642
0.134427
0.0402407
-77.0788
-77.6971
-78.3298
-77.8418
-75.601
-71.9541
-67.3945
-62.0947
-56.0936
-49.4814
-42.6265
-35.9328
-29.8472
-24.6835
-20.4642
-16.9416
-14.1123
-11.9346
-10.2902
-9.26151
-8.78849
-8.85554
-9.73563
-11.6615
-14.0265
-15.8723
-16.6308
-15.6489
-12.1875
-7.31133
-2.85082
0.0250177
1.41462
1.72872
1.6523
1.54654
1.60265
1.78296
2.0763
2.45119
2.91043
3.40793
3.846
4.20132
4.47661
4.6744
4.805
4.87965
4.9123
4.91551
4.89892
4.86782
4.82319
4.76424
4.69385
4.6173
4.5362
4.44288
4.33735
4.22725
4.11691
4.00732
3.90803
3.81198
3.71009
3.60773
3.5086
3.408
3.30385
3.198
3.09134
2.98419
2.87682
2.7693
2.66172
2.55407
2.4464
2.33871
2.23099
2.12327
2.01553
1.90779
1.80006
1.69232
1.58459
1.47686
1.36914
1.26144
1.15378
1.04617
0.938669
0.831354
0.724367
0.617925
0.512464
0.408534
0.307635
0.210286
0.121921
0.0336784
-77.0559
-77.5392
-77.9331
-77.3118
-75.0801
-71.4693
-66.9203
-61.6291
-55.6656
-49.1565
-42.4601
-35.9356
-29.9796
-24.8243
-20.4655
-16.7649
-13.8082
-11.563
-9.93879
-9.02032
-8.73957
-8.98975
-9.98551
-11.9602
-14.4322
-16.4057
-17.149
-16.0887
-12.5277
-7.39886
-2.64988
0.565796
2.10025
2.3626
2.15696
1.91684
1.80646
1.86752
2.07781
2.39544
2.8329
3.32611
3.77041
4.13873
4.42931
4.63859
4.77558
4.85244
4.88514
4.88788
4.87083
4.83935
4.79459
4.73565
4.66517
4.58842
4.50737
4.41412
4.3083
4.19834
4.08814
3.97889
3.87866
3.78379
3.68209
3.57959
3.48013
3.37989
3.27581
3.16974
3.06291
2.9556
2.84814
2.74055
2.63293
2.52524
2.41757
2.30986
2.20214
2.09441
1.98667
1.87893
1.7712
1.66346
1.55573
1.448
1.34029
1.23261
1.12497
1.01741
0.90998
0.802797
0.696041
0.589998
0.48524
0.382479
0.283739
0.189607
0.10773
0.0259551
-77.0235
-77.3855
-77.567
-76.8157
-74.5824
-71.0043
-66.465
-61.188
-55.2716
-48.8685
-42.323
-35.9598
-30.1113
-24.9367
-20.4338
-16.5733
-13.5147
-11.2209
-9.63334
-8.84299
-8.7344
-9.11808
-10.1842
-12.1683
-14.6945
-16.7589
-17.4656
-16.3175
-12.6773
-7.39045
-2.42434
1.02797
2.66743
2.91725
2.61524
2.23413
1.95352
1.93499
2.07815
2.34827
2.7668
3.25702
3.70468
4.08011
4.38172
4.60407
4.74803
4.82641
4.85807
4.85952
4.84153
4.80919
4.76425
4.70582
4.63534
4.55812
4.47708
4.38376
4.27782
4.16795
4.05805
3.94938
3.84877
3.75301
3.65258
3.55015
3.45041
3.35028
3.24631
3.14006
3.03308
2.92562
2.81806
2.7104
2.60273
2.49503
2.38732
2.27959
2.17186
2.06413
1.95639
1.84865
1.74091
1.63317
1.52545
1.41773
1.31002
1.20236
1.09474
0.987219
0.879862
0.772809
0.666283
0.560631
0.456569
0.354957
0.258394
0.167418
0.0923971
0.0171428
-76.9923
-77.2579
-77.2748
-76.4154
-74.1725
-70.6216
-66.0938
-60.8216
-54.9366
-48.6185
-42.1945
-35.9621
-30.1985
-25.0007
-20.3755
-16.4085
-13.2836
-10.9559
-9.41056
-8.73707
-8.76035
-9.24616
-10.3389
-12.3175
-14.8249
-16.9218
-17.5805
-16.3478
-12.6529
-7.29867
-2.21629
1.35375
3.04609
3.29245
2.93584
2.46945
2.05635
1.98032
2.07884
2.31636
2.72173
3.20709
3.64961
4.03257
4.34272
4.57376
4.72267
4.80273
4.8339
4.83415
4.81489
4.78194
4.73646
4.67789
4.60662
4.52854
4.44765
4.35464
4.24908
4.1391
4.02954
3.92162
3.82029
3.72376
3.62441
3.52223
3.42227
3.32207
3.21812
3.11172
3.00458
2.89698
2.78935
2.68163
2.57394
2.46621
2.35848
2.25074
2.14301
2.03527
1.92753
1.81979
1.71205
1.60432
1.49659
1.38887
1.28118
1.17352
1.06592
0.958444
0.851148
0.74421
0.637885
0.532576
0.429128
0.328515
0.23392
0.145654
0.0772194
0.00768813
-76.9675
-77.1628
-77.062
-76.1183
-73.8653
-70.332
-65.8112
-60.5425
-54.6803
-48.4278
-42.0962
-35.9611
-30.2546
-25.0274
-20.3091
-16.2789
-13.1099
-10.7653
-9.26494
-8.6841
-8.81131
-9.37561
-10.4804
-12.424
-14.8827
-16.9619
-17.5765
-16.2631
-12.5334
-7.16541
-2.04726
1.55817
3.26762
3.50841
3.12667
2.61957
2.13741
2.01013
2.0815
2.30027
2.70168
3.16883
3.60803
3.99791
4.31391
4.54833
4.69972
4.7809
4.81219
4.81168
4.79133
4.75793
4.71197
4.65319
4.58198
4.50355
4.42124
4.32838
4.22314
4.11308
4.00385
3.8968
3.7939
3.69781
3.599
3.49708
3.39691
3.29656
3.19263
3.08617
2.97894
2.87122
2.76349
2.65569
2.54796
2.44022
2.33247
2.22473
2.11699
2.00925
1.9015
1.79376
1.68602
1.57829
1.47056
1.36285
1.25516
1.14751
1.03994
0.932485
0.825239
0.71839
0.612231
0.5072
0.404256
0.304452
0.211529
0.125397
0.0629856
-0.00195939
-76.95
-77.0961
-76.9114
-75.9048
-73.643
-70.1205
-65.6047
-60.3387
-54.4931
-48.2886
-42.0248
-35.9664
-30.2962
-25.0371
-20.2566
-16.183
-12.982
-10.636
-9.18212
-8.68164
-8.89351
-9.50096
-10.6142
-12.5103
-14.9178
-16.9541
-17.5029
-16.134
-12.3794
-7.02404
-1.91888
1.67684
3.38663
3.62363
3.23239
2.70767
2.20619
2.02984
2.08191
2.29071
2.68248
3.13615
3.58009
3.97271
4.28971
4.5256
4.67896
4.76078
4.79194
4.79074
4.76966
4.73568
4.68955
4.63086
4.56056
4.48256
4.39879
4.30555
4.20043
4.09039
3.98113
3.87423
3.77049
3.67434
3.57583
3.47419
3.37381
3.2732
3.16926
3.06277
2.95542
2.84772
2.73993
2.63218
2.5244
2.41668
2.3089
2.20118
2.09342
1.9857
1.87793
1.7702
1.66245
1.55473
1.447
1.33929
1.23161
1.12396
1.01641
0.908968
0.801781
0.694995
0.58898
0.484173
0.381637
0.282474
0.190958
0.106337
0.049407
-0.011884
-76.9402
-77.0523
-76.8081
-75.7569
-73.4877
-69.9725
-65.4609
-60.1964
-54.3635
-48.1949
-41.9818
-35.9833
-30.3354
-25.0467
-20.2239
-16.1139
-12.8957
-10.5617
-9.15332
-8.72441
-8.98792
-9.6211
-10.729
-12.5893
-14.9551
-16.9427
-17.4554
-16.006
-12.2269
-6.89037
-1.82138
1.74663
3.45487
3.69476
3.29764
2.75962
2.25902
2.0407
2.07777
2.28093
2.6634
3.11324
3.55855
3.95095
4.26845
4.50519
4.65952
4.74167
4.77299
4.77179
4.7507
4.71672
4.67067
4.61197
4.54145
4.46294
4.37877
4.28562
4.18088
4.07053
3.96068
3.85355
3.74984
3.65298
3.55456
3.45307
3.35245
3.25182
3.14811
3.04188
2.93436
2.82664
2.71876
2.61105
2.50325
2.39555
2.28776
2.18005
2.07228
1.96456
1.8568
1.74907
1.64132
1.5336
1.42587
1.31817
1.21048
1.10284
0.995297
0.887863
0.780718
0.673969
0.568053
0.463399
0.361152
0.262444
0.172044
0.0882591
0.0361718
-0.0223778
-76.9374
-77.0265
-76.7413
-75.6599
-73.3858
-69.8766
-65.3691
-60.106
-54.2832
-48.1406
-41.9662
-36.0116
-30.3765
-25.0642
-20.2079
-16.0667
-12.8478
-10.5342
-9.16774
-8.79362
-9.08196
-9.72491
-10.8247
-12.6669
-15.0024
-16.9434
-17.4171
-15.8945
-12.084
-6.76056
-1.7284
1.81309
3.51668
3.7546
3.34551
2.79144
2.29448
2.04416
2.06986
2.27019
2.64402
3.09607
3.54042
3.93253
4.25053
4.48748
4.64206
4.72453
4.7561
4.75505
4.73403
4.70005
4.65396
4.59513
4.52446
4.44566
4.3609
4.26726
4.16219
4.05149
3.94141
3.83411
3.7303
3.63307
3.5348
3.43342
3.33254
3.23173
3.12778
3.02172
2.91439
2.80686
2.69905
2.59136
2.48359
2.3759
2.26812
2.16041
2.05265
1.94493
1.83717
1.72944
1.62169
1.51397
1.40624
1.29854
1.19086
1.08323
0.975685
0.868292
0.761157
0.654485
0.548661
0.44418
0.342212
0.2439
0.154419
0.0710755
0.0229729
-0.0331
-76.9402
-77.0143
-76.7023
-75.602
-73.3255
-69.822
-65.3185
-60.057
-54.2419
-48.1177
-41.9725
-36.048
-30.4204
-25.091
-20.2047
-16.0409
-12.8358
-10.5461
-9.2139
-8.86975
-9.16706
-9.80733
-10.9058
-12.7444
-15.0596
-16.9601
-17.3905
-15.7999
-11.9458
-6.62069
-1.61152
1.90517
3.59078
3.8121
3.38288
2.81017
2.31568
2.04233
2.05959
2.25911
2.62636
3.08162
3.52525
3.91737
4.23563
4.47245
4.62684
4.70937
4.74096
4.73992
4.71894
4.68497
4.6389
4.58005
4.50929
4.43017
4.34492
4.25103
4.14602
4.03527
3.92508
3.81768
3.7139
3.61654
3.51849
3.41745
3.31691
3.21626
3.11312
3.0066
2.89883
2.79109
2.68321
2.57546
2.46769
2.35995
2.25219
2.14446
2.03671
1.92897
1.82122
1.71348
1.60574
1.49802
1.39028
1.28259
1.1749
1.06728
0.959718
0.852335
0.745168
0.638518
0.532663
0.42818
0.326206
0.227966
0.138816
0.0554952
0.00987433
-0.0435706
-76.9474
-77.0124
-76.6841
-75.5732
-73.2969
-69.7988
-65.2991
-60.0398
-54.2307
-48.1195
-41.9958
-36.0904
-30.4664
-25.124
-20.2136
-16.0392
-12.8562
-10.5919
-9.27729
-8.9414
-9.23446
-9.8704
-10.9749
-12.8187
-15.1231
-16.9904
-17.3757
-15.7177
-11.8071
-6.46141
-1.46142
2.02643
3.67795
3.86864
3.41254
2.81746
2.3258
2.03676
2.04805
2.24764
2.60942
3.06873
3.51277
3.90498
4.22318
4.45952
4.61325
4.69525
4.72617
4.72448
4.70293
4.66843
4.62192
4.56272
4.49176
4.41247
4.327
4.23288
4.12768
4.01677
3.90649
3.79904
3.69519
3.59757
3.49933
3.39801
3.29705
3.19606
3.09239
2.98659
2.87927
2.77169
2.66395
2.55621
2.44849
2.34075
2.23302
2.12528
2.01754
1.9098
1.80205
1.69431
1.58657
1.47885
1.37112
1.26343
1.15575
1.04812
0.940585
0.83321
0.726097
0.619498
0.51376
0.409424
0.307782
0.209855
0.121574
0.038419
-0.00359825
-0.0629887
-76.9548
-77.0158
-76.6807
-75.5668
-73.2937
-69.8019
-65.307
-60.052
-54.2492
-48.1481
-42.0385
-36.1414
-30.5163
-25.1625
-20.237
-16.0668
-12.9091
-10.6636
-9.34541
-8.9996
-9.28299
-9.91772
-11.032
-12.8852
-15.1854
-17.0269
-17.3672
-15.6483
-11.6768
-6.298
-1.29843
2.15808
3.76574
3.91712
3.43239
2.82182
2.32725
2.02923
2.03805
2.2398
2.60233
3.06167
3.50588
3.89812
4.21619
4.45218
4.60563
4.68765
4.71894
4.71735
4.69595
4.66157
4.61514
4.55596
4.48494
4.40552
4.31983
4.22566
4.12058
4.00977
3.89949
3.79205
3.68829
3.59066
3.49249
3.39134
3.29063
3.18969
3.08614
2.97991
2.87233
2.76462
2.65681
2.54904
2.4413
2.33355
2.22581
2.11806
2.01032
1.90258
1.79484
1.6871
1.57936
1.47163
1.3639
1.2562
1.14852
1.04089
0.93335
0.825969
0.718835
0.612202
0.506415
0.402
0.300216
0.202146
0.11355
0.0300254
-0.0132257
-0.0449173
-76.9751
-77.0348
-76.6986
-75.5866
-73.3187
-69.8336
-65.3445
-60.0957
-54.2997
-48.206
-42.1018
-36.2038
-30.5746
-25.2128
-20.2839
-16.127
-12.9887
-10.7488
-9.4144
-9.0504
-9.32675
-9.96414
-11.0883
-12.9487
-15.2438
-17.0643
-17.3723
-15.6056
-11.5829
-6.17069
-1.17009
2.25622
3.82169
3.93908
3.4298
2.80694
2.3088
2.00805
2.01637
2.22004
2.57877
3.04334
3.48803
3.88045
4.19815
4.43342
4.58615
4.66747
4.69783
4.69588
4.67412
4.63947
4.59284
4.53351
4.46243
4.38298
4.29725
4.20299
4.0978
3.98691
3.87661
3.76915
3.66539
3.56768
3.46946
3.36826
3.26744
3.16636
3.06281
2.95668
2.84921
2.74152
2.63375
2.52597
2.41825
2.3105
2.20276
2.09502
1.98728
1.87954
1.77179
1.66405
1.55631
1.44858
1.34086
1.23316
1.12548
1.01785
0.910319
0.802932
0.695818
0.589195
0.483441
0.379064
0.277378
0.179358
0.0910375
0.00755162
-0.034001
-0.119768
-77.5985
-77.7897
-78.0469
-78.132
-78.1459
-78.1165
-78.0499
-77.9553
-77.8514
-77.7536
-77.6661
-77.5911
-77.5303
-77.4899
-77.4957
-77.5546
-80.6758
-80.7482
-80.8625
-80.9777
-81.0003
-80.9569
-80.8851
-80.8047
-80.725
-80.6536
-80.5955
-80.5539
-80.5313
-80.5263
-80.5291
-80.5329
-81.7735
-82.1727
-82.537
-82.704
-82.7431
-82.7156
-82.6556
-82.5893
-82.5306
-82.4858
-82.4582
-82.4497
-82.461
-82.4892
-82.5217
-82.5393
-81.6262
-82.0439
-82.2872
-82.4354
-82.5199
-82.5328
-82.4954
-82.44
-82.3857
-82.3414
-82.3106
-82.2943
-82.2927
-82.3039
-82.3193
-82.3219
-79.0865
-79.3768
-79.5753
-79.7487
-79.8544
-79.8907
-79.8827
-79.8515
-79.8135
-79.7747
-79.7383
-79.7069
-79.6823
-79.6655
-79.6538
-79.6338
-74.9351
-75.1812
-75.3971
-75.5792
-75.6913
-75.7395
-75.7409
-75.7129
-75.6728
-75.6279
-75.5815
-75.5355
-75.4913
-75.4513
-75.417
-75.3791
-70.0776
-70.2754
-70.4439
-70.5722
-70.6461
-70.6689
-70.649
-70.6027
-70.5444
-70.4789
-70.4073
-70.3303
-70.2488
-70.167
-70.0928
-70.0278
-64.4392
-64.5806
-64.6811
-64.7394
-64.7592
-64.7413
-64.6864
-64.608
-64.5189
-64.4225
-64.3181
-64.2051
-64.0839
-63.9601
-63.8483
-63.7609
-57.9706
-58.0465
-58.0797
-58.0818
-58.0636
-58.0195
-57.9397
-57.8357
-57.7217
-57.5991
-57.4655
-57.3191
-57.1601
-56.9957
-56.8472
-56.7381
-50.7307
-50.7317
-50.7068
-50.6721
-50.6345
-50.5765
-50.4836
-50.3685
-50.2433
-50.1066
-49.9547
-49.7852
-49.5987
-49.4041
-49.2274
-49.0999
-42.9667
-42.9212
-42.8748
-42.8426
-42.8212
-42.7789
-42.7003
-42.5998
-42.4851
-42.3533
-42.2004
-42.0248
-41.8281
-41.6204
-41.4303
-41.2937
-35.4589
-35.3795
-35.3311
-35.3221
-35.3321
-35.3171
-35.2637
-35.1872
-35.092
-34.9742
-34.8312
-34.6628
-34.4717
-34.2685
-34.0817
-33.9469
-28.8276
-28.753
-28.7333
-28.7604
-28.7975
-28.8017
-28.7696
-28.7154
-28.6398
-28.5393
-28.413
-28.262
-28.0898
-27.9064
-27.7369
-27.6134
-23.6259
-23.5727
-23.5765
-23.6175
-23.6507
-23.6489
-23.6206
-23.575
-23.5096
-23.4218
-23.3114
-23.1802
-23.0314
-22.8735
-22.7274
-22.6198
-19.935
-19.8959
-19.9006
-19.9247
-19.9299
-19.9053
-19.8653
-19.8135
-19.7466
-19.6624
-19.5608
-19.4431
-19.3121
-19.1751
-19.0495
-18.9564
-17.2896
-17.2803
-17.2893
-17.3
-17.2843
-17.2434
-17.1916
-17.1304
-17.0569
-16.97
-16.8697
-16.7573
-16.6351
-16.5094
-16.3954
-16.3104
-15.2794
-15.2944
-15.3063
-15.3046
-15.2741
-15.2213
-15.1573
-15.083
-14.9973
-14.9002
-14.7924
-14.675
-14.55
-14.4233
-14.3094
-14.2245
-13.5097
-13.5432
-13.5513
-13.5335
-13.484
-13.412
-13.3276
-13.233
-13.1287
-13.0151
-12.8928
-12.7625
-12.6257
-12.4881
-12.3647
-12.2733
-11.86
-11.8701
-11.849
-11.7991
-11.717
-11.6122
-11.4962
-11.3737
-11.2455
-11.1115
-10.9712
-10.824
-10.6704
-10.5158
-10.3769
-10.274
-10.3393
-10.2792
-10.189
-10.0798
-9.94964
-9.80451
-9.65465
-9.50517
-9.35564
-9.20393
-9.0476
-8.88434
-8.7134
-8.54031
-8.38382
-8.26424
-8.91866
-8.79039
-8.63092
-8.45994
-8.28373
-8.10594
-7.93074
-7.76065
-7.59392
-7.42726
-7.25674
-7.0785
-6.89073
-6.69907
-6.52403
-6.38763
-7.71894
-7.49028
-7.25546
-7.03247
-6.82607
-6.62963
-6.43725
-6.24984
-6.06902
-5.89125
-5.71069
-5.52148
-5.32029
-5.11243
-4.9202
-4.77043
-6.95072
-6.52743
-6.16255
-5.8602
-5.61688
-5.41503
-5.227
-5.04433
-4.86991
-4.69922
-4.52447
-4.33799
-4.13523
-3.92122
-3.71979
-3.56238
-7.16336
-6.41329
-5.81225
-5.35675
-5.03011
-4.7908
-4.58928
-4.40377
-4.2329
-4.07146
-3.9093
-3.73697
-3.54932
-3.35175
-3.16743
-3.02527
-8.05556
-7.06406
-6.25645
-5.64101
-5.19759
-4.87467
-4.61517
-4.39624
-4.21195
-4.0507
-3.89987
-3.74999
-3.59712
-3.44682
-3.31577
-3.21764
-9.04655
-7.92532
-7.01012
-6.29778
-5.77376
-5.38177
-5.07227
-4.82771
-4.63407
-4.47578
-4.34069
-4.22115
-4.11467
-4.0252
-3.95942
-3.91215
-9.65541
-8.55794
-7.70339
-7.04971
-6.54011
-6.12281
-5.77747
-5.49989
-5.28166
-5.10993
-4.97307
-4.86098
-4.76334
-4.68546
-4.63772
-4.6124
-9.11846
-8.13579
-7.38884
-6.82564
-6.38615
-6.03984
-5.76921
-5.55232
-5.37167
-5.22017
-5.09608
-5.00123
-4.94168
-4.91271
-4.90608
-4.90889
-7.28619
-6.59821
-6.06691
-5.65555
-5.32804
-5.06829
-4.86445
-4.70515
-4.58231
-4.49081
-4.4271
-4.38819
-4.37082
-4.3711
-4.38623
-4.4022
-4.8915
-4.61155
-4.38083
-4.19197
-4.03926
-3.91854
-3.82537
-3.75645
-3.70952
-3.68255
-3.67335
-3.67911
-3.69566
-3.71754
-3.74026
-3.75356
-3.19799
-3.1807
-3.15116
-3.12055
-3.09476
-3.07629
-3.06675
-3.06656
-3.07518
-3.09131
-3.11318
-3.13871
-3.16561
-3.19054
-3.20924
-3.21359
-2.29913
-2.4257
-2.5102
-2.56646
-2.60367
-2.62989
-2.65114
-2.67119
-2.69193
-2.7139
-2.73652
-2.75843
-2.77777
-2.79275
-2.80132
-2.79652
-1.72861
-1.92448
-2.06226
-2.15781
-2.22362
-2.26918
-2.30143
-2.32519
-2.34363
-2.35868
-2.3713
-2.38162
-2.38921
-2.39355
-2.39415
-2.38278
-1.2077
-1.40621
-1.54687
-1.64459
-1.7112
-1.75567
-1.78475
-1.80332
-1.81481
-1.82142
-1.8244
-1.8242
-1.82059
-1.81375
-1.8124
-1.79193
-0.629859
-0.782342
-0.889772
-0.963396
-1.01233
-1.04361
-1.06189
-1.07002
-1.07158
-1.06838
-1.06267
-1.05799
-1.05314
-1.04528
-1.03504
-1.01411
0.0117945
-0.0862034
-0.153319
-0.197625
-0.225725
-0.243719
-0.254764
-0.25935
-0.258421
-0.253115
-0.24345
-0.227256
-0.206529
-0.185531
-0.165568
-0.140114
0.644218
0.593094
0.563107
0.550894
0.551398
0.560681
0.574776
0.591625
0.61106
0.632651
0.656326
0.68227
0.709905
0.737278
0.762356
0.790388
1.33777
1.33417
1.34266
1.35991
1.38254
1.4077
1.43406
1.46177
1.49089
1.52116
1.55259
1.58527
1.61855
1.65019
1.67772
1.7065
2.08374
2.10979
2.14202
2.17687
2.21218
2.24614
2.27887
2.31172
2.3451
2.37883
2.41314
2.44821
2.48323
2.51567
2.54299
2.57117
2.79682
2.84358
2.89038
2.9349
2.97587
3.01288
3.04732
3.0815
3.11595
3.15039
3.18509
3.22013
3.2545
3.28563
3.31122
3.33826
3.434
3.498
3.5533
3.60179
3.64394
3.68059
3.71439
3.74783
3.78104
3.81371
3.84628
3.8788
3.91023
3.93826
3.9611
3.98665
3.96125
4.02798
4.08465
4.13345
4.17517
4.21103
4.24402
4.27613
4.30716
4.33714
4.36657
4.3955
4.42309
4.4475
4.46723
4.49102
4.34725
4.41091
4.46525
4.51045
4.54924
4.58315
4.61467
4.6449
4.67355
4.70098
4.72766
4.75354
4.77796
4.79947
4.81646
4.83867
4.60773
4.6641
4.71345
4.75512
4.79151
4.82407
4.8544
4.88286
4.90945
4.93471
4.95898
4.98225
5.00403
5.02323
5.038
5.05908
4.78611
4.83224
4.87458
4.91259
4.94626
4.97685
5.00534
5.03168
5.05623
5.07951
5.10176
5.12294
5.14271
5.16026
5.17342
5.19377
4.90968
4.94876
4.98559
5.01935
5.04969
5.0775
5.10335
5.12735
5.14994
5.17146
5.19203
5.21157
5.22985
5.24625
5.25829
5.27815
4.99663
5.02976
5.0625
5.09257
5.11968
5.14488
5.16846
5.19064
5.21171
5.23186
5.25115
5.26949
5.28671
5.30231
5.31359
5.33312
5.05402
5.08353
5.11271
5.13974
5.16465
5.18819
5.2104
5.23141
5.25141
5.27057
5.28893
5.30643
5.32292
5.33799
5.34871
5.36799
5.0838
5.11163
5.13878
5.1645
5.18867
5.21147
5.23292
5.25318
5.27246
5.29094
5.30871
5.32567
5.34165
5.35634
5.36659
5.38563
5.08845
5.1155
5.14257
5.16858
5.19252
5.21497
5.23601
5.25587
5.27479
5.29296
5.31044
5.32708
5.34272
5.35711
5.36688
5.3857
5.07428
5.10102
5.12744
5.1529
5.1768
5.19917
5.2201
5.23989
5.25889
5.2772
5.29468
5.31112
5.32644
5.34056
5.34981
5.36844
5.04319
5.06982
5.09504
5.11948
5.14337
5.16574
5.18672
5.20673
5.22611
5.24483
5.2625
5.27879
5.29375
5.30763
5.31632
5.3348
4.99535
5.02165
5.04675
5.07134
5.0949
5.11714
5.1383
5.15857
5.17812
5.1969
5.21454
5.2306
5.24516
5.25888
5.267
5.28538
4.93532
4.96155
4.98711
5.01155
5.03448
5.0565
5.07771
5.09809
5.11757
5.13609
5.15346
5.16917
5.18331
5.19697
5.20452
5.22289
4.86579
4.89227
4.91782
4.94162
4.96431
4.98608
5.00703
5.02722
5.04648
5.06478
5.08185
5.09718
5.11086
5.12463
5.13151
5.15003
4.7883
4.81455
4.83972
4.86348
4.88603
4.90736
4.92771
4.94736
4.9663
4.98437
5.00111
5.01607
5.02919
5.04331
5.04949
5.06826
4.70566
4.73151
4.75627
4.77986
4.80193
4.82286
4.8429
4.86201
4.88046
4.89809
4.91433
4.92906
4.9412
4.95647
4.96189
4.98073
4.61639
4.64236
4.66689
4.6903
4.71232
4.73294
4.7526
4.77131
4.78927
4.80636
4.82199
4.83616
4.84826
4.86307
4.86849
4.8873
4.51321
4.53984
4.56523
4.58861
4.61038
4.6312
4.65081
4.66932
4.68704
4.70384
4.71912
4.7332
4.74596
4.75989
4.76553
4.78426
4.40455
4.43113
4.45523
4.47798
4.49986
4.52048
4.53982
4.55822
4.5758
4.59236
4.60777
4.62199
4.63458
4.64836
4.65427
4.67286
4.29475
4.32023
4.34479
4.36787
4.38931
4.40924
4.42801
4.44604
4.46332
4.4796
4.49474
4.50873
4.52119
4.53506
4.54081
4.55947
4.18118
4.20741
4.23245
4.25652
4.27863
4.29853
4.31684
4.33453
4.35151
4.36771
4.38291
4.39671
4.40895
4.423
4.4287
4.44741
4.06822
4.09347
4.11753
4.14067
4.16304
4.18483
4.205
4.22335
4.24048
4.25644
4.2713
4.285
4.29695
4.3113
4.31685
4.33568
3.96889
3.99349
4.01641
4.03809
4.05826
4.07726
4.09551
4.11317
4.13006
4.14597
4.16084
4.17485
4.1866
4.20182
4.20683
4.22608
3.87603
3.90021
3.92317
3.94479
3.96492
3.98358
4.00115
4.01816
4.03442
4.04966
4.0639
4.07762
4.08915
4.10332
4.10928
4.12807
3.78076
3.80483
3.82769
3.84906
3.8691
3.88784
3.90551
3.92252
3.93874
3.95385
3.96803
3.98142
3.99331
4.00722
4.01335
4.03199
3.67529
3.69982
3.72278
3.74425
3.76444
3.78342
3.80137
3.81859
3.83498
3.85027
3.86464
3.87818
3.89016
3.90417
3.91027
3.92897
3.57097
3.59493
3.6174
3.63866
3.65873
3.67762
3.6955
3.71261
3.72892
3.74416
3.75851
3.77204
3.78409
3.79807
3.80422
3.82293
3.46778
3.49155
3.51403
3.53525
3.55525
3.57409
3.59189
3.60885
3.62497
3.64008
3.65431
3.66772
3.67981
3.69367
3.69988
3.71857
3.36279
3.38688
3.40958
3.43095
3.4511
3.47008
3.48798
3.50494
3.521
3.53607
3.55028
3.56368
3.57578
3.58954
3.5958
3.61446
3.25719
3.28144
3.30428
3.32579
3.34605
3.36513
3.38312
3.40014
3.41622
3.43131
3.44552
3.45888
3.47098
3.48476
3.49102
3.50968
3.15099
3.17536
3.19831
3.21992
3.24026
3.25942
3.27746
3.29448
3.31054
3.32562
3.33983
3.3532
3.36531
3.3791
3.38535
3.40401
3.04431
3.06876
3.09179
3.11346
3.13386
3.15306
3.17114
3.18819
3.20426
3.21935
3.23357
3.24696
3.25904
3.27285
3.27908
3.29774
2.93726
2.96178
2.98485
3.00657
3.02701
3.04624
3.06434
3.08139
3.09744
3.11254
3.12675
3.14015
3.15224
3.16606
3.17228
3.19095
2.82996
2.85452
2.87763
2.89937
2.91983
2.93909
2.95721
2.97427
2.99032
3.00542
3.01962
3.03302
3.04509
3.05892
3.06512
3.08379
2.7225
2.74708
2.77021
2.79197
2.81244
2.8317
2.84983
2.86688
2.88294
2.89804
2.91226
2.92566
2.93773
2.95158
2.95777
2.97644
2.61493
2.63953
2.66267
2.68444
2.70492
2.7242
2.74233
2.75939
2.77544
2.79054
2.80475
2.81815
2.83021
2.84406
2.85025
2.86892
2.50729
2.5319
2.55504
2.57682
2.59731
2.61658
2.63471
2.65177
2.66782
2.68292
2.69714
2.71055
2.72261
2.73647
2.74265
2.76133
2.39962
2.42422
2.44738
2.46916
2.48965
2.50893
2.52706
2.54413
2.56018
2.57527
2.58948
2.60289
2.61495
2.6288
2.63498
2.65366
2.29191
2.31652
2.33967
2.36146
2.38195
2.40123
2.41936
2.43642
2.45248
2.46757
2.48179
2.4952
2.50726
2.52111
2.5273
2.54597
2.18419
2.2088
2.23195
2.25374
2.27423
2.29351
2.31165
2.32871
2.34476
2.35986
2.37407
2.38748
2.39954
2.41339
2.41957
2.43825
2.07645
2.10107
2.12422
2.14601
2.1665
2.18578
2.20391
2.22098
2.23703
2.25212
2.26634
2.27975
2.29181
2.30566
2.31185
2.33052
1.96871
1.99333
2.01648
2.03826
2.05876
2.07803
2.09617
2.11323
2.12928
2.14438
2.1586
2.172
2.18406
2.19792
2.2041
2.22277
1.86097
1.88558
1.90873
1.93052
1.95101
1.97029
1.98842
2.00548
2.02153
2.03663
2.05084
2.06425
2.07631
2.09016
2.09635
2.11502
1.75322
1.77783
1.80098
1.82276
1.84325
1.86253
1.88066
1.89772
1.91377
1.92887
1.94308
1.95649
1.96855
1.9824
1.98858
2.00726
1.64546
1.67007
1.69321
1.71499
1.73548
1.75475
1.77288
1.78994
1.80599
1.82109
1.8353
1.8487
1.86076
1.87462
1.8808
1.89947
1.53769
1.56229
1.58543
1.60721
1.62769
1.64696
1.66508
1.68214
1.69818
1.71328
1.72749
1.7409
1.75296
1.76681
1.77299
1.79166
1.42991
1.45449
1.47762
1.49938
1.51986
1.53912
1.55724
1.57429
1.59034
1.60543
1.61963
1.63303
1.64509
1.65894
1.66512
1.6838
1.32209
1.34665
1.36976
1.39151
1.41197
1.43122
1.44932
1.46636
1.48239
1.49747
1.51168
1.52508
1.53715
1.55099
1.55718
1.57585
1.21421
1.23874
1.26182
1.28353
1.30396
1.32319
1.34128
1.35831
1.37434
1.38941
1.4036
1.41698
1.42903
1.44286
1.44906
1.46773
1.10624
1.1307
1.15372
1.17539
1.19578
1.21496
1.23302
1.25
1.26599
1.28103
1.29521
1.3086
1.32066
1.33446
1.34067
1.35933
0.998095
1.02244
1.04536
1.06693
1.08724
1.10635
1.12434
1.14128
1.15723
1.17224
1.18639
1.19973
1.21179
1.22557
1.2318
1.25045
0.889648
0.913795
0.936531
0.95794
0.978101
0.997088
1.01497
1.03181
1.04768
1.06263
1.07673
1.09004
1.1021
1.11581
1.12207
1.1407
0.780701
0.804503
0.826929
0.848063
0.86798
0.886753
0.904449
0.921131
0.936861
0.951703
0.965716
0.97895
0.991003
1.00463
1.01094
1.02955
0.670833
0.694023
0.715898
0.736538
0.756017
0.774401
0.791756
0.808144
0.823629
0.838273
0.852133
0.865243
0.877274
0.890723
0.897126
0.915672
0.559535
0.581709
0.602673
0.622504
0.641268
0.659029
0.675843
0.691767
0.70687
0.721209
0.734834
0.747761
0.759746
0.772993
0.779518
0.797999
0.445357
0.465664
0.484923
0.503202
0.520557
0.537041
0.552703
0.567595
0.581791
0.595364
0.608368
0.62081
0.632552
0.645358
0.652029
0.670441
0.327908
0.345454
0.362248
0.37835
0.393809
0.408664
0.42295
0.43675
0.450189
0.463296
0.476035
0.48835
0.500174
0.512698
0.519784
0.537778
0.201528
0.213556
0.225167
0.236395
0.247258
0.257782
0.267979
0.277897
0.287687
0.297513
0.307424
0.317379
0.32742
0.339478
0.344148
0.363812
0.0751495
0.0818772
0.0887262
0.0957611
0.103032
0.110608
0.118523
0.126765
0.135283
0.144092
0.153241
0.162597
0.17178
0.180907
0.200741
0.179868
)
;

boundaryField
{
    frontAndBack
    {
        type            empty;
    }
    inlet
    {
        type            zeroGradient;
    }
    outlet
    {
        type            fixedValue;
        value           uniform 0;
    }
    walls
    {
        type            zeroGradient;
    }
}


// ************************************************************************* //
