/*--------------------------------*- C++ -*----------------------------------*\
| =========                 |                                                 |
| \\      /  F ield         | OpenFOAM: The Open Source CFD Toolbox           |
|  \\    /   O peration     | Version:  v2012                                 |
|   \\  /    A nd           | Website:  www.openfoam.com                      |
|    \\/     M anipulation  |                                                 |
\*---------------------------------------------------------------------------*/
FoamFile
{
    version     2.0;
    format      ascii;
    class       volScalarField;
    location    "0.111";
    object      p;
}
// * * * * * * * * * * * * * * * * * * * * * * * * * * * * * * * * * * * * * //

dimensions      [0 2 -2 0 0 0 0];


internalField   nonuniform List<scalar> 
5600
(
-12.9052
-13.871
-14.8242
-15.8154
-16.8742
-17.9746
-19.0793
-20.148
-21.167
-22.1281
-23.0408
-23.9009
-24.7024
-25.4603
-26.175
-26.8633
-27.5307
-28.1755
-28.8225
-29.4553
-30.0917
-30.726
-31.3536
-31.9831
-32.6026
-33.2249
-33.8376
-34.4524
-35.0651
-35.6698
-36.2818
-36.8863
-37.4953
-38.1039
-38.7092
-39.3157
-39.9185
-40.5221
-41.1222
-41.724
-42.321
-42.9189
-43.5137
-44.1072
-44.6988
-45.2896
-45.8789
-46.4664
-47.052
-47.6353
-48.2188
-48.7994
-49.3801
-49.9579
-50.5337
-51.1098
-51.6837
-52.2579
-52.8296
-53.3981
-53.9662
-54.5308
-55.0949
-55.6583
-56.2198
-56.7819
-57.3421
-57.9007
-58.4593
-59.0161
-59.5724
-60.1278
-60.6819
-61.2351
-61.786
-62.3368
-62.8868
-63.4358
-63.9832
-64.5301
-65.0748
-65.6186
-66.1609
-66.7037
-67.2446
-67.7871
-68.3273
-68.8684
-69.4063
-69.9441
-70.4822
-71.0169
-71.5546
-72.0876
-72.6252
-73.1631
-73.7079
-74.2684
-74.8303
-75.6887
-13.0037
-13.8948
-14.842
-15.8285
-16.8842
-17.9838
-19.0884
-20.1565
-21.1765
-22.1383
-23.0502
-23.9095
-24.711
-25.4695
-26.1852
-26.8751
-27.5439
-28.1903
-28.8384
-29.4719
-30.109
-30.7443
-31.3721
-32.0024
-32.6217
-33.2445
-33.8572
-34.4724
-35.0852
-35.6899
-36.3023
-36.9068
-37.5162
-38.1248
-38.7305
-39.3372
-39.9399
-40.5438
-41.1439
-41.7458
-42.3428
-42.9409
-43.5357
-44.1293
-44.7209
-45.3117
-45.9011
-46.4886
-47.0743
-47.6575
-48.2411
-48.8217
-49.4024
-49.9802
-50.5561
-51.1323
-51.706
-52.2803
-52.8519
-53.4203
-53.9886
-54.553
-55.1172
-55.6806
-56.242
-56.8041
-57.3643
-57.9229
-58.4817
-59.0383
-59.5947
-60.1499
-60.7041
-61.2573
-61.8082
-62.359
-62.909
-63.4579
-64.0055
-64.5522
-65.0971
-65.6408
-66.1831
-66.7259
-67.2668
-67.8093
-68.3495
-68.8906
-69.4284
-69.9666
-70.504
-71.0398
-71.5757
-72.1115
-72.6451
-73.1892
-73.7236
-74.2993
-74.8404
-75.6857
-13.0854
-13.9158
-14.8701
-15.8569
-16.9065
-18.0004
-19.1001
-20.1651
-21.1811
-22.1416
-23.0521
-23.9101
-24.7115
-25.4701
-26.1856
-26.8763
-27.545
-28.1924
-28.8399
-29.4745
-30.1122
-30.7471
-31.3757
-32.0056
-32.6263
-33.2494
-33.8628
-34.4784
-35.0914
-35.6969
-36.3095
-36.914
-37.5234
-38.1321
-38.7378
-39.3444
-39.9471
-40.5511
-41.1512
-41.7531
-42.3501
-42.9482
-43.5429
-44.1366
-44.7281
-45.3189
-45.9084
-46.4958
-47.0816
-47.6648
-48.2484
-48.829
-49.4097
-49.9875
-50.5633
-51.1395
-51.7133
-52.2877
-52.8595
-53.4281
-53.9966
-54.5611
-55.1253
-55.6888
-56.2504
-56.8126
-57.3728
-57.9314
-58.4902
-59.0469
-59.6034
-60.1587
-60.713
-61.2662
-61.8172
-62.368
-62.9182
-63.4671
-64.0148
-64.5615
-65.1065
-65.6502
-66.1925
-66.7353
-67.2763
-67.8187
-68.3591
-68.9
-69.4381
-69.9762
-70.5137
-71.0494
-71.5854
-72.1212
-72.6548
-73.1986
-73.734
-74.3102
-74.8547
-75.6586
-13.1765
-13.946
-14.8986
-15.8838
-16.926
-18.0147
-19.1116
-20.1765
-21.1903
-22.1517
-23.0635
-23.9224
-24.7254
-25.4852
-26.202
-26.8928
-27.5616
-28.2101
-28.856
-29.4908
-30.1268
-30.7602
-31.3882
-32.0159
-32.6374
-33.2594
-33.8732
-34.4889
-35.1023
-35.7095
-36.3222
-36.9277
-37.5374
-38.1465
-38.7526
-39.3593
-39.9622
-40.5662
-41.1665
-41.7684
-42.3657
-42.9638
-43.5587
-44.1525
-44.7443
-45.3354
-45.925
-46.5125
-47.0984
-47.6818
-48.2655
-48.8462
-49.427
-50.0051
-50.581
-51.1574
-51.7313
-52.3055
-52.8773
-53.4456
-54.0141
-54.5786
-55.1428
-55.7062
-56.2675
-56.8298
-57.3899
-57.9485
-58.5074
-59.0639
-59.6205
-60.1757
-60.7298
-61.2831
-61.834
-62.3847
-62.9351
-63.4835
-64.0316
-64.5782
-65.1232
-65.6668
-66.2093
-66.7519
-67.2932
-67.8351
-68.376
-68.9165
-69.455
-69.9926
-70.5307
-71.0657
-71.6023
-72.1372
-72.6722
-73.2139
-73.7516
-74.3233
-74.8773
-75.6179
-13.2688
-13.9769
-14.9243
-15.9111
-16.9473
-18.0311
-19.1257
-20.1889
-21.2019
-22.1635
-23.0749
-23.9337
-24.737
-25.4974
-26.2152
-26.906
-27.5752
-28.2255
-28.8713
-29.5075
-30.1434
-30.777
-31.4061
-32.0329
-32.6554
-33.2762
-33.89
-34.505
-35.1172
-35.7251
-36.3357
-36.9413
-37.5501
-38.1584
-38.7653
-39.3718
-39.9754
-40.5793
-41.1804
-41.7821
-42.3799
-42.9781
-43.573
-44.1672
-44.7591
-45.3505
-45.9401
-46.5275
-47.1135
-47.6969
-48.2806
-48.8613
-49.4421
-50.0202
-50.5959
-51.1724
-51.7462
-52.3203
-52.8921
-53.4606
-54.0291
-54.5935
-55.1579
-55.7217
-56.283
-56.8455
-57.4057
-57.9643
-58.5234
-59.0798
-59.6365
-60.1919
-60.746
-61.2994
-61.8504
-62.4012
-62.9517
-63.5
-64.0483
-64.5949
-65.1398
-65.6835
-66.2261
-66.7685
-67.3101
-67.8518
-68.3929
-68.9333
-69.472
-70.0095
-70.5477
-71.0826
-71.6192
-72.1541
-72.6892
-73.2303
-73.768
-74.3362
-74.8865
-75.589
-13.3597
-14.0097
-14.9505
-15.9409
-16.9716
-18.0498
-19.1416
-20.2031
-21.2154
-22.1768
-23.0879
-23.9469
-24.751
-25.5121
-26.2311
-26.9227
-27.5928
-28.2444
-28.8899
-29.5269
-30.1627
-30.7958
-31.4256
-32.0517
-32.6744
-33.2946
-33.9091
-34.5243
-35.136
-35.7454
-36.3547
-36.9612
-37.5697
-38.1771
-38.7845
-39.3902
-39.9939
-40.5968
-41.1979
-41.7985
-42.3964
-42.9939
-43.5886
-44.1827
-44.7743
-45.3662
-45.9561
-46.5437
-47.1298
-47.7135
-48.2972
-48.8782
-49.4589
-50.0373
-50.613
-51.1897
-51.7639
-52.3377
-52.9095
-53.4781
-54.0465
-54.6111
-55.1754
-55.7394
-56.3005
-56.863
-57.4234
-57.9818
-58.5411
-59.0974
-59.6542
-60.2097
-60.7638
-61.3173
-61.8683
-62.419
-62.9697
-63.518
-64.0663
-64.613
-65.1578
-65.7015
-66.2443
-66.7865
-67.3284
-67.87
-68.4112
-68.9515
-69.4901
-70.028
-70.5658
-71.1012
-71.6372
-72.1727
-72.7074
-73.248
-73.7856
-74.3489
-74.8968
-75.5641
-13.446
-14.0447
-14.9777
-15.9722
-16.9976
-18.0703
-19.1596
-20.22
-21.2314
-22.1927
-23.1036
-23.9626
-24.7677
-25.5292
-26.2493
-26.9415
-27.6121
-28.2646
-28.9098
-29.5475
-30.1832
-30.8162
-31.4461
-32.0722
-32.695
-33.3151
-33.9301
-34.5452
-35.1566
-35.7665
-36.3753
-36.9825
-37.5907
-38.1981
-38.8057
-39.4111
-40.0152
-40.6179
-41.2195
-41.8195
-42.4179
-43.0152
-43.6097
-44.2034
-44.7952
-45.3867
-45.9765
-46.5638
-47.1493
-47.7331
-48.3161
-48.8972
-49.4772
-50.0555
-50.6314
-51.2076
-51.7823
-52.3558
-52.9277
-53.4969
-54.0651
-54.6301
-55.1944
-55.7585
-56.3198
-56.8822
-57.4428
-58.0012
-58.5606
-59.1171
-59.6738
-60.2295
-60.7835
-61.3367
-61.888
-62.4384
-62.9892
-63.5377
-64.0858
-64.6326
-65.1774
-65.721
-66.264
-66.8059
-67.3482
-67.8897
-68.431
-68.9712
-69.5098
-70.048
-70.5854
-71.1213
-71.6568
-72.1926
-72.7272
-73.2671
-73.8043
-74.3618
-74.9058
-75.5415
-13.524
-14.0814
-15.0061
-16.0044
-17.0254
-18.0932
-19.1803
-20.2398
-21.2505
-22.2116
-23.1225
-23.9814
-24.7874
-25.5489
-26.2702
-26.9629
-27.6338
-28.2872
-28.9324
-29.5707
-30.2065
-30.8394
-31.4693
-32.0954
-32.7182
-33.3382
-33.9536
-34.5683
-35.1798
-35.7898
-36.3985
-37.0061
-37.614
-38.2215
-38.829
-39.4343
-40.0385
-40.6411
-41.2428
-41.8426
-42.4413
-43.0381
-43.6331
-44.2266
-44.8191
-45.4099
-45.9998
-46.5871
-47.1725
-47.7569
-48.3395
-48.9207
-49.5006
-50.0787
-50.6551
-51.2302
-51.8053
-52.3786
-52.9496
-53.5194
-54.087
-54.6521
-55.2162
-55.7798
-56.3416
-56.9033
-57.4638
-58.0222
-58.5812
-59.1382
-59.6947
-60.2503
-60.8047
-61.3576
-61.9095
-62.4597
-63.0108
-63.5595
-64.1074
-64.6545
-65.1992
-65.7427
-66.286
-66.8277
-67.3702
-67.9119
-68.453
-68.9933
-69.5318
-70.07
-70.6073
-71.1433
-71.6785
-72.2143
-72.7491
-73.2879
-73.824
-74.3763
-74.913
-75.5187
-13.5898
-14.1181
-15.0358
-16.0371
-17.0549
-18.1188
-19.2043
-20.2631
-21.2731
-22.2341
-23.145
-24.0038
-24.8105
-25.5721
-26.2942
-26.9872
-27.6586
-28.3126
-28.9578
-29.5966
-30.2323
-30.8652
-31.4949
-32.1212
-32.7439
-33.3637
-33.9795
-34.5938
-35.2056
-35.8156
-36.4243
-37.0321
-37.6398
-38.2475
-38.8547
-39.4602
-40.0643
-40.6669
-41.2687
-41.8684
-42.4671
-43.0639
-43.6591
-44.2524
-44.845
-45.4357
-46.0254
-46.6129
-47.1982
-47.7828
-48.3652
-48.9464
-49.5264
-50.1043
-50.6812
-51.256
-51.8311
-52.4045
-52.9752
-53.5455
-54.1129
-54.6781
-55.2425
-55.8056
-56.368
-56.9292
-57.4895
-58.0482
-58.6065
-59.1638
-59.7199
-60.2752
-60.8299
-61.3825
-61.9343
-62.4846
-63.0351
-63.5844
-64.1312
-64.6787
-65.2233
-65.7664
-66.3098
-66.8511
-67.3935
-67.9353
-68.4762
-69.0168
-69.5553
-70.0936
-70.6309
-71.1669
-71.7023
-72.2381
-72.773
-73.3106
-73.8452
-74.3922
-74.9192
-75.4909
-13.639
-14.1527
-15.0667
-16.0698
-17.0856
-18.1473
-19.232
-20.2903
-21.3001
-22.2609
-23.1719
-24.0306
-24.8377
-25.5993
-26.3219
-27.0151
-27.6866
-28.3411
-28.9862
-29.6253
-30.261
-30.8939
-31.5235
-32.1499
-32.7727
-33.3923
-34.0084
-34.6224
-35.2344
-35.8444
-36.4531
-37.0609
-37.6686
-38.2764
-38.8835
-39.4889
-40.093
-40.6957
-41.2974
-41.8972
-42.4958
-43.0926
-43.6878
-44.2812
-44.8736
-45.4645
-46.0541
-46.6416
-47.227
-47.8115
-48.394
-48.9752
-49.5551
-50.133
-50.71
-51.2849
-51.8597
-52.433
-53.0038
-53.574
-54.1414
-54.7069
-55.2713
-55.8342
-56.3966
-56.9578
-57.518
-58.0771
-58.6351
-59.1926
-59.7486
-60.3037
-60.8587
-61.4111
-61.963
-62.5136
-63.0635
-63.6134
-64.1596
-64.7072
-65.2521
-65.7951
-66.3386
-66.8798
-67.4219
-67.9636
-68.5042
-69.0447
-69.5833
-70.1211
-70.6585
-71.1944
-71.7298
-72.2653
-72.7999
-73.3361
-73.8689
-74.4083
-74.9254
-75.4594
-13.6639
-14.181
-15.0972
-16.1001
-17.1156
-18.1775
-19.2624
-20.3208
-21.3306
-22.2915
-23.2024
-24.061
-24.8682
-25.6296
-26.3523
-27.0455
-27.7168
-28.3715
-29.0165
-29.6557
-30.2913
-30.9243
-31.5538
-32.1802
-32.8031
-33.4225
-34.0388
-34.6526
-35.2647
-35.8747
-36.4834
-37.0913
-37.6989
-38.3068
-38.9138
-39.5192
-40.1233
-40.726
-41.3277
-41.9276
-42.5261
-43.123
-43.718
-44.3117
-44.9039
-45.495
-46.0844
-46.6718
-47.2574
-47.8417
-48.4244
-49.0055
-49.5853
-50.1635
-50.7402
-51.3154
-51.8899
-52.463
-53.0341
-53.6042
-54.1718
-54.7373
-55.3016
-55.8647
-56.427
-56.9883
-57.5484
-58.1076
-58.6655
-59.2229
-59.7788
-60.3341
-60.8889
-61.4414
-61.9934
-62.5438
-63.0939
-63.6435
-64.19
-64.7375
-65.2825
-65.8257
-66.369
-66.9103
-67.4521
-67.9936
-68.5343
-69.0746
-69.6134
-70.1515
-70.6888
-71.225
-71.7603
-72.2954
-72.8298
-73.3644
-73.8953
-74.427
-74.9345
-75.4343
-13.6618
-14.2005
-15.1243
-16.125
-17.142
-18.2066
-19.2927
-20.3516
-21.3617
-22.3227
-23.2337
-24.0921
-24.8991
-25.66
-26.3824
-27.0754
-27.7463
-28.4009
-29.0456
-29.6848
-30.3205
-30.9534
-31.5829
-32.2093
-32.8323
-33.4515
-34.0679
-34.6815
-35.2936
-35.9036
-36.5123
-37.1204
-37.7277
-38.336
-38.9428
-39.5481
-40.1523
-40.755
-41.3568
-41.9566
-42.5551
-43.1521
-43.747
-44.3408
-44.9329
-45.5241
-46.1133
-46.7007
-47.2865
-47.8706
-48.4534
-49.0345
-49.6142
-50.1925
-50.7691
-51.3445
-51.9189
-52.492
-53.0634
-53.6333
-54.201
-54.7665
-55.3308
-55.894
-56.456
-57.0176
-57.5776
-58.1366
-58.6947
-59.2516
-59.8077
-60.3629
-60.9174
-61.4704
-62.0222
-62.5728
-63.123
-63.6724
-64.2193
-64.7664
-65.3117
-65.8552
-66.3983
-66.9399
-67.4815
-68.0232
-68.5641
-69.1044
-69.6435
-70.1817
-70.7188
-71.2552
-71.7904
-72.3256
-72.8598
-73.3933
-73.9223
-74.4476
-74.9464
-75.4202
-13.6381
-14.2129
-15.1472
-16.1443
-17.1642
-18.2331
-19.3211
-20.3809
-21.3914
-22.3528
-23.2638
-24.122
-24.9287
-25.6889
-26.4106
-27.1032
-27.7736
-28.4277
-29.0721
-29.7113
-30.3469
-30.9799
-31.6093
-32.2356
-32.8589
-33.4778
-34.0944
-34.7078
-35.32
-35.9299
-36.5385
-37.1467
-37.7538
-38.3624
-38.969
-39.5744
-40.1786
-40.7812
-41.3832
-41.9828
-42.5815
-43.1783
-43.7732
-44.3672
-44.9593
-45.5505
-46.1396
-46.7271
-47.313
-47.8969
-48.48
-49.0609
-49.6406
-50.2189
-50.7954
-51.3708
-51.9449
-52.5178
-53.0897
-53.6595
-54.2272
-54.7928
-55.357
-55.9202
-56.4823
-57.044
-57.6041
-58.1633
-58.7215
-59.2785
-59.8348
-60.3899
-60.9444
-61.4977
-62.0494
-62.6007
-63.1507
-63.7002
-64.2475
-64.7945
-65.3402
-65.8838
-66.4269
-66.9686
-67.5101
-68.0518
-68.5927
-69.1329
-69.6722
-70.2102
-70.747
-71.2833
-71.8185
-72.3534
-72.8872
-73.4197
-73.9471
-74.4676
-74.9594
-75.4141
-13.5977
-14.2211
-15.1664
-16.159
-17.1831
-18.2572
-19.3475
-20.4085
-21.4196
-22.3813
-23.2924
-24.1503
-24.9566
-25.716
-26.437
-27.129
-27.7987
-28.4523
-29.0963
-29.7355
-30.3709
-31.0039
-31.6333
-32.2597
-32.8831
-33.5017
-34.1184
-34.7317
-35.3439
-35.9537
-36.5622
-37.1705
-37.7774
-38.3864
-38.9928
-39.5982
-40.2025
-40.805
-41.4071
-42.0068
-42.6054
-43.2022
-43.797
-44.3907
-44.9832
-45.5743
-46.1633
-46.7506
-47.3365
-47.9205
-48.5035
-49.0846
-49.6644
-50.2428
-50.8195
-51.3951
-51.9692
-52.5422
-53.1144
-53.6845
-54.2523
-54.8182
-55.3826
-55.946
-56.5084
-57.0701
-57.6304
-58.1897
-58.7479
-59.305
-59.8611
-60.4159
-60.9703
-61.5233
-62.0751
-62.6263
-63.1762
-63.7255
-64.2729
-64.8197
-65.3654
-65.909
-66.4521
-66.9938
-67.5352
-68.0768
-68.6177
-69.1579
-69.6971
-70.2353
-70.7722
-71.3084
-71.8437
-72.3784
-72.9121
-73.4439
-73.97
-74.4867
-74.9731
-75.4141
-13.545
-14.2266
-15.1822
-16.1701
-17.1993
-18.2792
-19.3722
-20.4346
-21.4463
-22.4083
-23.3195
-24.1771
-24.9828
-25.7413
-26.4613
-27.1527
-27.8217
-28.4748
-29.1184
-29.7574
-30.3928
-31.0258
-31.6551
-32.2815
-32.905
-33.5233
-34.14
-34.7532
-35.3654
-35.9753
-36.5837
-37.192
-37.7988
-38.4079
-39.0143
-39.6193
-40.2238
-40.8263
-41.4282
-42.0281
-42.6265
-43.2237
-43.8186
-44.4125
-45.0053
-45.5964
-46.1859
-46.7734
-47.3597
-47.9441
-48.5273
-49.1087
-49.6887
-50.2673
-50.8441
-51.4197
-51.9935
-52.5663
-53.1382
-53.7081
-54.2759
-54.8418
-55.4061
-55.9693
-56.5317
-57.0933
-57.6536
-58.2128
-58.7709
-59.328
-59.884
-60.4389
-60.9932
-61.5464
-62.0982
-62.6493
-63.1992
-63.7485
-64.2959
-64.8426
-65.3883
-65.9318
-66.4748
-67.0165
-67.558
-68.0995
-68.6404
-69.1805
-69.7198
-70.2579
-70.795
-71.331
-71.8662
-72.4009
-72.9344
-73.4656
-73.9908
-74.5045
-74.987
-75.4184
-13.4847
-14.2305
-15.1946
-16.1785
-17.2132
-18.2987
-19.3948
-20.4589
-21.4715
-22.434
-23.3453
-24.2026
-25.0076
-25.7653
-26.484
-27.1747
-27.8427
-28.4951
-29.1382
-29.7771
-30.4125
-31.0455
-31.6748
-32.3014
-32.9251
-33.543
-34.1595
-34.7726
-35.3843
-35.9943
-36.6025
-37.2109
-37.8182
-38.4273
-39.0341
-39.6392
-40.2445
-40.8474
-41.4498
-42.0503
-42.649
-43.2466
-43.8416
-44.4357
-45.0281
-45.6188
-46.2082
-46.7955
-47.3817
-47.9659
-48.5489
-49.1303
-49.7101
-50.2886
-50.8654
-51.4408
-52.0146
-52.5874
-53.1593
-53.7292
-54.297
-54.8628
-55.4271
-55.9903
-56.5527
-57.1142
-57.6745
-58.2337
-58.7917
-59.3487
-59.9047
-60.4595
-61.0138
-61.5669
-62.1187
-62.6698
-63.2197
-63.769
-64.3165
-64.8632
-65.409
-65.953
-66.4957
-67.0371
-67.5785
-68.12
-68.6608
-69.2009
-69.7401
-70.2781
-70.8152
-71.3512
-71.8863
-72.4209
-72.9543
-73.4851
-74.0098
-74.5216
-75.0009
-75.4257
-13.4201
-14.2329
-15.2036
-16.1858
-17.2267
-18.3168
-19.4154
-20.4809
-21.4942
-22.4567
-23.3685
-24.2254
-25.0302
-25.7866
-26.5053
-27.1951
-27.862
-28.5137
-29.156
-29.7944
-30.4296
-31.0623
-31.6914
-32.3181
-32.942
-33.5604
-34.1776
-34.7915
-35.4035
-36.0146
-36.6233
-37.2327
-37.8403
-38.4495
-39.0562
-39.6607
-40.2659
-40.8684
-41.4706
-42.0709
-42.6693
-43.2668
-43.8616
-44.4554
-45.0474
-45.6382
-46.2275
-46.8147
-47.4009
-47.985
-48.5679
-49.1493
-49.729
-50.3075
-50.8843
-51.4596
-52.0333
-52.6062
-53.1779
-53.7478
-54.3155
-54.8813
-55.4456
-56.0087
-56.571
-57.1325
-57.6927
-58.2518
-58.8097
-59.3667
-59.9225
-60.4772
-61.0314
-61.5844
-62.1362
-62.6872
-63.237
-63.7861
-64.3335
-64.8799
-65.4253
-65.9689
-66.5119
-67.0535
-67.5949
-68.1364
-68.6773
-69.2174
-69.7566
-70.2947
-70.8318
-71.3678
-71.903
-72.4376
-72.9709
-73.5013
-74.0256
-74.5365
-75.014
-75.435
-13.3535
-14.233
-15.2063
-16.1896
-17.2397
-18.3355
-19.4365
-20.5038
-21.5175
-22.4793
-23.3908
-24.2465
-25.0505
-25.8052
-26.5238
-27.2125
-27.8789
-28.5307
-29.1734
-29.8125
-30.4489
-31.0829
-31.7135
-32.341
-32.9651
-33.5838
-34.201
-34.8145
-35.4251
-36.0355
-36.6436
-37.2526
-37.8598
-38.4686
-39.0753
-39.6796
-40.2848
-40.8872
-41.4894
-42.0896
-42.6879
-43.2855
-43.8801
-44.4738
-45.0656
-45.6563
-46.2456
-46.8327
-47.4189
-48.0029
-48.5858
-49.1672
-49.7469
-50.3254
-50.9021
-51.4774
-52.0512
-52.624
-53.1958
-53.7657
-54.3334
-54.8992
-55.4635
-56.0267
-56.589
-57.1505
-57.7108
-58.27
-58.8279
-59.3849
-59.9408
-60.4956
-61.0498
-61.6029
-62.1547
-62.7058
-63.2557
-63.8048
-64.3525
-64.8991
-65.4448
-65.9885
-66.5314
-67.0729
-67.6143
-68.1557
-68.6965
-69.2366
-69.7758
-70.3139
-70.8509
-71.3869
-71.9219
-72.4564
-72.9897
-73.5201
-74.0441
-74.5535
-75.028
-75.4461
-13.2943
-14.2391
-15.2053
-16.1844
-17.2403
-18.3412
-19.4475
-20.5199
-21.5348
-22.4983
-23.4114
-24.2674
-25.0713
-25.8258
-26.5438
-27.2317
-27.8976
-28.5491
-29.1914
-29.8303
-30.4664
-31.1003
-31.7307
-32.3574
-32.9803
-33.5983
-34.2148
-34.8279
-35.4379
-36.0479
-36.6557
-37.2646
-37.8717
-38.4804
-39.087
-39.6912
-40.2962
-40.8985
-41.5006
-42.1007
-42.6989
-43.2964
-43.8909
-44.4846
-45.0763
-45.6669
-46.2561
-46.8432
-47.4293
-48.0132
-48.5961
-49.1773
-49.757
-50.3354
-50.9121
-51.4873
-52.061
-52.6338
-53.2055
-53.7753
-54.3429
-54.9086
-55.4728
-56.0359
-56.5982
-57.1596
-57.7197
-58.2788
-58.8367
-59.3936
-59.9494
-60.5041
-61.0583
-61.6113
-62.163
-62.714
-63.2638
-63.8129
-64.3604
-64.9068
-65.4523
-65.9961
-66.5388
-67.0804
-67.6218
-68.1632
-68.7041
-69.2441
-69.7833
-70.3214
-70.8584
-71.3944
-71.9295
-72.4639
-72.9972
-73.5275
-74.0514
-74.5616
-75.0365
-75.4545
-13.2183
-14.2456
-15.2253
-16.2122
-17.272
-18.3728
-19.4798
-20.553
-21.566
-22.5303
-23.4447
-24.3016
-25.1056
-25.8598
-26.5768
-27.2636
-27.9281
-28.5783
-29.2192
-29.8571
-30.4922
-31.1255
-31.7553
-32.3819
-33.0048
-33.6227
-34.239
-34.8519
-35.4619
-36.0717
-36.6794
-37.288
-37.895
-38.5034
-39.11
-39.7141
-40.319
-40.9213
-41.5233
-42.1234
-42.7216
-43.319
-43.9135
-44.5071
-45.0989
-45.6895
-46.2787
-46.8657
-47.4518
-48.0357
-48.6186
-49.1998
-49.7795
-50.3578
-50.9345
-51.5098
-52.0835
-52.6563
-53.2279
-53.7978
-54.3654
-54.9311
-55.4954
-56.0584
-56.6207
-57.1821
-57.7423
-58.3013
-58.8592
-59.4162
-59.972
-60.5267
-61.0809
-61.6339
-62.1857
-62.7367
-63.2865
-63.8355
-64.3831
-64.9295
-65.475
-66.0188
-66.5615
-67.1031
-67.6445
-68.1859
-68.7267
-69.2668
-69.806
-70.344
-70.881
-71.417
-71.952
-72.4865
-73.0198
-73.5501
-74.0738
-74.5837
-75.0576
-75.4749
-75.509
-77.1276
-79.7774
-80.2417
-78.0011
-73.6695
-67.8402
-61.1067
-54.1723
-47.4154
-41.1691
-35.5347
-30.5655
-26.2381
-22.5023
-19.2745
-16.4936
-14.0927
-12.01
-10.1927
-8.59717
-7.18611
-5.93147
-4.817
-3.83217
-2.95242
-2.16166
-1.44008
-0.772539
-0.147579
0.438537
0.979937
1.4672
1.89492
2.26027
2.54711
2.7537
2.88904
2.96578
3.007
3.03272
3.04964
3.06443
3.08053
3.09283
3.08918
3.06341
3.02275
2.98242
2.92821
2.93663
3.02354
3.22974
3.49199
3.59411
3.55162
3.42542
3.33293
3.24575
3.19588
3.14949
3.10633
3.08962
3.07358
3.05139
3.00886
2.93369
2.81389
2.68296
2.55176
2.4132
2.2906
2.19967
2.12164
2.05617
2.00668
1.97064
1.9404
1.90917
1.87162
1.82507
1.77034
1.70831
1.64064
1.56783
1.49002
1.40818
1.32298
1.23358
1.14094
1.04486
0.9437
0.838574
0.731686
0.624485
0.516216
0.404036
0.297047
0.186332
0.0578266
-75.6305
-76.7182
-79.3178
-79.8435
-77.6609
-73.4096
-67.6684
-61.012
-54.1392
-47.4244
-41.2112
-35.5937
-30.6328
-26.3087
-22.5719
-19.3399
-16.5529
-14.145
-12.0556
-10.232
-8.63033
-7.21346
-5.95364
-4.83371
-3.84521
-2.96204
-2.16629
-1.44203
-0.773262
-0.148282
0.435755
0.971424
1.45118
1.87163
2.23007
2.51038
2.71207
2.84479
2.92209
2.96674
2.99679
3.01768
3.03669
3.05384
3.06229
3.05084
3.01272
2.96057
2.91328
2.85153
2.8574
2.95457
3.17861
3.47544
3.60288
3.57765
3.45859
3.3658
3.2714
3.21161
3.15746
3.10839
3.08349
3.05917
3.03152
2.98404
2.90549
2.78504
2.65551
2.52726
2.39134
2.27057
2.18252
2.10624
2.04169
1.99236
1.9562
1.9259
1.89431
1.85637
1.81001
1.75572
1.69421
1.62701
1.55454
1.47691
1.39509
1.30986
1.22057
1.12769
1.03146
0.930466
0.82544
0.719142
0.6124
0.504636
0.393796
0.288307
0.179592
0.0567217
-75.6085
-76.6953
-78.9961
-79.438
-77.2825
-73.0986
-67.4489
-60.8787
-54.0807
-47.4238
-41.2518
-35.6594
-30.714
-26.3954
-22.6567
-19.4192
-16.6249
-14.2093
-12.1119
-10.2811
-8.67231
-7.24851
-5.9824
-4.85616
-3.86095
-2.97478
-2.17237
-1.44382
-0.772713
-0.147188
0.433846
0.962594
1.43427
1.84625
2.19608
2.46846
2.66422
2.79385
2.87221
2.92117
2.95645
2.98194
3.00441
3.02412
3.02845
3.00835
2.95605
2.8908
2.83587
2.76518
2.76756
2.879
3.12137
3.45602
3.61462
3.60866
3.50086
3.40462
3.30307
3.23125
3.16721
3.11102
3.07821
3.0441
3.00923
2.95604
2.87282
2.75284
2.62479
2.49993
2.36743
2.24839
2.16383
2.08965
2.02613
1.97723
1.94071
1.91019
1.87804
1.8397
1.79355
1.73975
1.67878
1.61207
1.53995
1.4625
1.38069
1.29542
1.20622
1.11329
1.01664
0.915644
0.810905
0.705113
0.599083
0.491931
0.383053
0.278391
0.171895
0.0556777
-75.6885
-76.6934
-78.7155
-79.0626
-76.8952
-72.7606
-67.1957
-60.7228
-54.006
-47.4172
-41.2908
-35.7309
-30.8055
-26.4942
-22.7542
-19.5109
-16.7099
-14.2878
-12.1816
-10.3415
-8.72396
-7.29155
-6.01756
-4.88405
-3.88048
-2.98818
-2.18005
-1.44463
-0.770254
-0.145302
0.430584
0.952658
1.41692
1.81872
2.15779
2.42027
2.60875
2.73474
2.81485
2.86912
2.91083
2.94294
2.96946
2.99212
2.99198
2.96125
2.89309
2.81324
2.75032
2.66916
2.66679
2.79687
3.05866
3.42987
3.63005
3.64611
3.55425
3.4499
3.34161
3.25549
3.17908
3.11419
3.07323
3.02923
2.98436
2.92442
2.83544
2.71655
2.5906
2.46957
2.34138
2.22419
2.14327
2.07189
2.00957
1.96123
1.9244
1.89329
1.86036
1.82158
1.77564
1.72236
1.66195
1.5957
1.52393
1.44667
1.36485
1.27953
1.19038
1.09744
1.00054
0.899297
0.794806
0.689415
0.584107
0.477863
0.371533
0.267565
0.163303
0.054562
-75.746
-76.6563
-78.4245
-78.6755
-76.5091
-72.4213
-66.9296
-60.5599
-53.9288
-47.4147
-41.3398
-35.8164
-30.9109
-26.6078
-22.8682
-19.6201
-16.8114
-14.3819
-12.2652
-10.4139
-8.78599
-7.34342
-6.06
-4.91817
-3.90528
-3.00427
-2.19057
-1.44733
-0.766933
-0.143043
0.427666
0.943111
1.39912
1.78927
2.11437
2.36369
2.54372
2.66648
2.74904
2.81024
2.86138
2.90191
2.93362
2.9567
2.95203
2.90997
2.82417
2.7283
2.657
2.56481
2.5568
2.71147
2.99556
3.3942
3.64683
3.69151
3.6199
3.50394
3.38785
3.28505
3.19334
3.11798
3.0677
3.01508
2.95716
2.88871
2.79332
2.67519
2.55277
2.43597
2.31313
2.19855
2.12033
2.05309
1.99218
1.94449
1.90744
1.87535
1.84146
1.80212
1.75631
1.7035
1.64358
1.57774
1.50635
1.42927
1.34743
1.26203
1.17289
1.07994
0.982896
0.881551
0.777172
0.672008
0.567162
0.462061
0.358726
0.255795
0.15387
0.053327
-75.7871
-76.6034
-78.1107
-78.2482
-76.089
-72.0527
-66.6533
-60.3984
-53.8598
-47.4265
-41.4077
-35.9252
-31.0417
-26.7471
-23.0081
-19.7552
-16.9359
-14.4947
-12.3652
-10.501
-8.86118
-7.40702
-6.11245
-4.96071
-3.93692
-3.02468
-2.20285
-1.45218
-0.763805
-0.138263
0.429423
0.936084
1.37956
1.75948
2.06588
2.29883
2.47048
2.59046
2.67616
2.74567
2.80716
2.85704
2.89485
2.91771
2.90844
2.85497
2.74983
2.63842
2.55618
2.4536
2.44008
2.62255
2.93745
3.35899
3.65664
3.74307
3.69731
3.57073
3.4421
3.32042
3.2102
3.12242
3.06079
3.00053
2.92937
2.84884
2.74611
2.62842
2.51117
2.39901
2.28267
2.172
2.09475
2.03343
1.97427
1.92732
1.88998
1.85672
1.82163
1.7815
1.73563
1.68314
1.62356
1.55808
1.48705
1.41012
1.32823
1.24274
1.15358
1.06061
0.96345
0.862056
0.757834
0.652969
0.54846
0.444246
0.343969
0.243008
0.143729
0.0518526
-75.811
-76.531
-77.7728
-77.781
-75.6265
-71.6451
-66.346
-60.2141
-53.7858
-47.4473
-41.4956
-36.0622
-31.2059
-26.9214
-23.1803
-19.9206
-17.0886
-14.6314
-12.4859
-10.6057
-8.95126
-7.48323
-6.17518
-5.01087
-3.97331
-3.0464
-2.21292
-1.45285
-0.756473
-0.127149
0.437306
0.934506
1.36424
1.72951
2.01476
2.23028
2.38883
2.50388
2.59422
2.67436
2.74735
2.80751
2.85144
2.87492
2.86154
2.79554
2.66954
2.54401
2.44926
2.33684
2.32113
2.52755
2.8825
3.33365
3.66314
3.80026
3.78509
3.65219
3.50423
3.36166
3.22979
3.12762
3.05262
2.98253
2.90347
2.80565
2.69352
2.57667
2.46568
2.35864
2.25007
2.14485
2.06734
2.01255
1.95626
1.91006
1.87236
1.83771
1.80107
1.75977
1.71354
1.66113
1.60174
1.53659
1.46587
1.38906
1.30706
1.22142
1.1322
1.03922
0.941971
0.840566
0.73654
0.632043
0.528056
0.424559
0.326809
0.229095
0.132899
0.0498339
-75.8172
-76.436
-77.4135
-77.2793
-75.1278
-71.2069
-66.012
-60.0085
-53.6977
-47.4607
-41.5847
-36.2079
-31.3847
-27.1157
-23.3697
-20.1023
-17.2586
-14.7854
-12.6229
-10.7245
-9.0521
-7.56694
-6.2425
-5.06214
-4.0072
-3.06222
-2.21362
-1.44131
-0.735705
-0.102503
0.458161
0.946127
1.35907
1.69588
1.95534
2.15268
2.29799
2.40992
2.50612
2.59551
2.68086
2.75202
2.80104
2.82443
2.80945
2.73233
2.58583
2.44219
2.33392
2.21558
2.20529
2.42574
2.82976
3.3109
3.67987
3.86803
3.88301
3.74662
3.5742
3.40838
3.25217
3.13388
3.04443
2.96494
2.87422
2.75831
2.63608
2.52163
2.41609
2.3148
2.21531
2.11697
2.04083
1.98925
1.93807
1.89318
1.85505
1.81872
1.78011
1.73711
1.69002
1.63739
1.5781
1.51311
1.44262
1.36585
1.2837
1.19785
1.10853
1.01556
0.918259
0.816852
0.713043
0.60896
0.505698
0.403239
0.30717
0.213632
0.121076
0.0469414
-75.8091
-76.3233
-77.0379
-76.7469
-74.5939
-70.7387
-65.6525
-59.7847
-53.5883
-47.4505
-41.652
-36.3349
-31.5492
-27.2998
-23.5591
-20.2894
-17.4364
-14.9483
-12.769
-10.853
-9.1626
-7.65975
-6.31836
-5.11983
-4.04398
-3.07816
-2.211
-1.42348
-0.708112
-0.0719757
0.483644
0.959618
1.35182
1.65999
1.89325
2.06795
2.19894
2.3088
2.41177
2.51158
2.60972
2.69128
2.744
2.76631
2.7505
2.66402
2.49976
2.33567
2.20693
2.0934
2.09674
2.32793
2.77796
3.2904
3.70969
3.94498
3.98973
3.84839
3.65202
3.46005
3.27716
3.14142
3.0399
2.95032
2.83694
2.70627
2.57553
2.4645
2.36275
2.26802
2.17835
2.08797
2.01587
1.96458
1.91975
1.87661
1.83815
1.80005
1.75913
1.71387
1.66534
1.61216
1.55268
1.48763
1.41713
1.3402
1.25781
1.17177
1.08231
0.989281
0.891975
0.790614
0.687105
0.58349
0.481057
0.379969
0.285303
0.196035
0.108209
0.0427861
-75.7893
-76.1962
-76.6507
-76.1871
-74.0216
-70.2323
-65.255
-59.5245
-53.4611
-47.4371
-41.726
-36.4715
-31.7227
-27.4911
-23.76
-20.487
-17.6227
-15.1179
-12.9201
-10.9857
-9.27649
-7.75539
-6.39709
-5.1799
-4.08249
-3.09608
-2.21008
-1.40702
-0.682201
-0.0432421
0.506587
0.966435
1.33547
1.61875
1.82867
1.982
2.09882
2.20522
2.31352
2.42462
2.53575
2.62697
2.68356
2.70529
2.6836
2.58483
2.40783
2.23213
2.08069
1.98119
2.0033
2.24838
2.72855
3.27925
3.7462
4.02717
4.09881
3.95255
3.73617
3.51516
3.30476
3.15277
3.04179
2.92947
2.7945
2.6518
2.51552
2.40527
2.30731
2.21967
2.13916
2.05755
1.99046
1.94116
1.90146
1.8599
1.82104
1.78164
1.7381
1.69014
1.64009
1.58589
1.52563
1.46015
1.3894
1.31204
1.22868
1.14289
1.05314
0.96021
0.86311
0.761636
0.658392
0.555309
0.453774
0.354322
0.261453
0.175708
0.0942318
0.0366769
-75.7626
-76.0688
-76.2937
-75.6648
-73.481
-69.7549
-64.8808
-59.2762
-53.3475
-47.4336
-41.8049
-36.609
-31.8941
-27.6787
-23.9505
-20.6708
-17.7949
-15.2748
-13.0606
-11.1096
-9.38306
-7.84535
-6.47115
-5.23552
-4.11789
-3.11263
-2.20911
-1.39216
-0.659619
-0.0194382
0.523205
0.966788
1.31352
1.57364
1.76378
1.90133
2.00942
2.11326
2.2247
2.3429
2.46167
2.5594
2.61946
2.63975
2.60929
2.49948
2.31812
2.14081
1.98048
1.89661
1.93681
2.19592
2.69515
3.2817
3.78483
4.10604
4.19849
4.05138
3.81744
3.56772
3.33297
3.17147
3.04121
2.90159
2.752
2.59868
2.45992
2.34834
2.25519
2.17409
2.09959
2.02815
1.96668
1.92157
1.88509
1.84573
1.80548
1.76348
1.71669
1.66633
1.61475
1.55936
1.49796
1.43184
1.36076
1.28337
1.20006
1.11318
1.02257
0.929343
0.832615
0.731436
0.628299
0.525689
0.425012
0.327353
0.236339
0.153746
0.0798694
0.0279938
-75.7367
-75.9624
-76.0129
-75.25
-73.048
-69.3751
-64.5862
-59.085
-53.2567
-47.4255
-41.8607
-36.7118
-32.0255
-27.8246
-24.1001
-20.8176
-17.9342
-15.403
-13.1765
-11.2124
-9.47192
-7.92123
-6.53417
-5.28341
-4.15016
-3.13031
-2.21296
-1.38533
-0.64709
-0.00654128
0.529849
0.960371
1.28956
1.53087
1.70477
1.83161
1.93502
2.03851
2.15268
2.27527
2.39681
2.49657
2.55752
2.57366
2.53781
2.4249
2.24485
2.06663
1.91267
1.84083
1.89661
2.17024
2.68435
3.29578
3.82364
4.17325
4.28033
4.13434
3.88399
3.61005
3.35977
3.18959
3.03222
2.87329
2.71226
2.55148
2.41102
2.30057
2.21215
2.13586
2.06577
2.00577
1.94942
1.90713
1.87128
1.83296
1.79095
1.74528
1.69573
1.64374
1.59011
1.53325
1.47117
1.40481
1.33342
1.25614
1.17347
1.08604
0.995154
0.90097
0.804237
0.703379
0.600388
0.497954
0.397836
0.301461
0.212304
0.13235
0.0660884
0.0171404
-75.7166
-75.8831
-75.8098
-74.9469
-72.7275
-69.092
-64.3642
-58.9368
-53.1814
-47.4139
-41.9
-36.7887
-32.1261
-27.9374
-24.2168
-20.9327
-18.0436
-15.504
-13.2682
-11.2941
-9.54315
-7.98267
-6.58564
-5.32366
-4.17928
-3.14881
-2.22152
-1.38657
-0.644733
-0.00436075
0.527303
0.948236
1.26486
1.4932
1.65506
1.77456
1.87535
1.97905
2.09493
2.21984
2.3419
2.44078
2.50144
2.51653
2.47932
2.36638
2.18864
2.00825
1.86391
1.80256
1.87397
2.1626
2.68998
3.31858
3.86276
4.22967
4.34684
4.19943
3.93421
3.64069
3.38636
3.19668
3.01828
2.84535
2.67448
2.51032
2.36931
2.262
2.17834
2.10674
2.04231
1.98873
1.93586
1.89366
1.85698
1.81822
1.77475
1.72692
1.67549
1.62204
1.56727
1.50977
1.44744
1.3808
1.30912
1.23161
1.1486
1.06113
0.970777
0.876314
0.779147
0.678535
0.575659
0.473246
0.373398
0.277414
0.190222
0.112162
0.052499
0.00511207
-75.704
-75.8276
-75.6668
-74.7308
-72.497
-68.8886
-64.2056
-58.8323
-53.1311
-47.4119
-41.9363
-36.8526
-32.2075
-28.028
-24.3105
-21.0249
-18.1312
-15.5854
-13.3424
-11.3607
-9.60213
-8.03434
-6.6298
-5.35984
-4.20766
-3.16956
-2.23531
-1.39541
-0.651235
-0.0111994
0.516746
0.930342
1.23778
1.45645
1.60949
1.72454
1.82515
1.92953
2.04633
2.17214
2.29511
2.39436
2.45532
2.4716
2.43279
2.31889
2.14308
1.96261
1.82605
1.77539
1.86219
2.16624
2.7069
3.34914
3.90471
4.28211
4.40416
4.25195
3.9721
3.66187
3.40963
3.19422
3.00013
2.81619
2.63811
2.47281
2.33351
2.22959
2.151
2.08481
2.02478
1.97187
1.92151
1.8793
1.84186
1.8024
1.75787
1.70858
1.6559
1.60157
1.54625
1.48846
1.42603
1.35922
1.28741
1.2098
1.12669
1.03897
0.948194
0.853612
0.756107
0.655349
0.552552
0.450277
0.350736
0.255098
0.169296
0.0926576
0.0388867
-0.00718196
-75.698
-75.7912
-75.5692
-74.5812
-72.3372
-68.7492
-64.0996
-58.7662
-53.105
-47.4216
-41.9742
-36.9103
-32.2777
-28.1043
-24.3883
-21.1009
-18.2034
-15.6526
-13.4041
-11.4165
-9.65227
-8.07899
-6.66883
-5.39322
-4.23568
-3.19227
-2.25325
-1.41014
-0.664626
-0.0253329
0.499136
0.906738
1.20731
1.41833
1.56552
1.6791
1.78127
1.88722
2.00521
2.13196
2.25629
2.35712
2.41902
2.43467
2.39465
2.28022
2.10604
1.92684
1.79644
1.75592
1.85751
2.17772
2.73295
3.38814
3.95289
4.33617
4.45747
4.29617
4.00006
3.67687
3.42408
3.18509
2.97808
2.78539
2.60371
2.43866
2.30235
2.20168
2.12739
2.06584
2.00941
1.95509
1.90695
1.86485
1.82675
1.78667
1.74133
1.69103
1.6376
1.58273
1.52708
1.46903
1.40652
1.33954
1.2676
1.18981
1.10656
1.01861
0.927588
0.832826
0.735187
0.634384
0.531666
0.42943
0.330162
0.235106
0.150275
0.0746025
0.025468
-0.0193495
-75.6979
-75.7701
-75.5065
-74.4828
-72.2327
-68.6605
-64.0356
-58.7312
-53.0987
-47.4411
-42.0138
-36.9637
-32.3395
-28.1697
-24.4539
-21.1646
-18.2637
-15.709
-13.4562
-11.4641
-9.6957
-8.11812
-6.70339
-5.42371
-4.26258
-3.21559
-2.27357
-1.42884
-0.683226
-0.0455549
0.475146
0.877439
1.17261
1.37907
1.52366
1.63764
1.74202
1.85034
1.97043
2.09916
2.22506
2.32712
2.3901
2.40506
2.36404
2.24943
2.07576
1.89836
1.77322
1.7421
1.85812
2.19561
2.76751
3.43661
4.0101
4.39496
4.50897
4.33338
4.01831
3.69285
3.42371
3.16903
2.95271
2.75403
2.57134
2.40832
2.27515
2.17758
2.10652
2.04831
1.99381
1.93971
1.89321
1.85125
1.8127
1.77201
1.72592
1.67485
1.62086
1.56551
1.50952
1.4512
1.38852
1.32122
1.249
1.17093
1.08747
0.999365
0.908194
0.81335
0.715583
0.61468
0.511934
0.409732
0.310487
0.215573
0.131861
0.0576658
0.0120585
-0.0312051
-75.7025
-75.761
-75.47
-74.4235
-72.1705
-68.6104
-64.0034
-58.7194
-53.1067
-47.467
-42.0537
-37.0126
-32.3939
-28.2261
-24.5098
-21.2184
-18.3146
-15.7565
-13.5002
-11.5046
-9.73285
-8.15192
-6.73367
-5.45115
-4.2877
-3.23844
-2.29485
-1.44988
-0.705291
-0.0700261
0.446833
0.844653
1.13577
1.34046
1.48535
1.6007
1.70745
1.81844
1.94106
2.07239
2.20054
2.30401
2.36675
2.38206
2.3401
2.2249
2.05117
1.87535
1.75506
1.7329
1.8632
2.21902
2.8098
3.4942
4.07602
4.45716
4.55653
4.36157
4.02638
3.70632
3.41181
3.14769
2.92535
2.72399
2.54204
2.38173
2.25151
2.15672
2.0882
2.03362
1.97841
1.92604
1.8804
1.83846
1.79949
1.75822
1.71158
1.6601
1.60591
1.55041
1.49435
1.43606
1.37352
1.30627
1.23404
1.15595
1.07241
0.984163
0.892821
0.797899
0.700146
0.59936
0.496904
0.394872
0.296076
0.201357
0.116023
0.0427421
-0.00108104
-0.0427314
-75.7106
-75.7607
-75.4532
-74.3935
-72.1404
-68.5898
-63.9954
-58.7252
-53.1254
-47.4974
-42.0933
-37.0574
-32.4414
-28.2744
-24.557
-21.2632
-18.3564
-15.7952
-13.5359
-11.5374
-9.76283
-8.17941
-6.75889
-5.47464
-4.30991
-3.25948
-2.31558
-1.47142
-0.728581
-0.0959333
0.417738
0.81243
1.10141
1.30606
1.45244
1.56975
1.67905
1.79269
1.91749
2.05052
2.18105
2.28671
2.34921
2.36492
2.32198
2.20572
2.03166
1.85731
1.74152
1.72771
1.87166
2.24593
2.85644
3.55604
4.14371
4.51511
4.5942
4.37744
4.03223
3.70477
3.39438
3.12417
2.89889
2.69737
2.51735
2.35948
2.23167
2.13884
2.07159
2.01669
1.96225
1.91211
1.86702
1.82495
1.78536
1.74325
1.69574
1.64338
1.58829
1.53235
1.4759
1.41722
1.35434
1.2868
1.21438
1.13616
1.05257
0.964371
0.873076
0.778137
0.680306
0.579345
0.476721
0.374688
0.275865
0.181879
0.0978149
0.0254599
-0.0143461
-0.0625514
-75.7182
-75.765
-75.4503
-74.3861
-72.1366
-68.5945
-64.0097
-58.749
-53.157
-47.536
-42.1365
-37.102
-32.4859
-28.3173
-24.5973
-21.3003
-18.39
-15.8254
-13.563
-11.5616
-9.78442
-8.19906
-6.77726
-5.49243
-4.32759
-3.27751
-2.33483
-1.49262
-0.752198
-0.122124
0.389384
0.7828
1.07194
1.27811
1.42667
1.54649
1.65875
1.77555
1.90413
2.04243
2.17015
2.27673
2.33958
2.35471
2.31067
2.19357
2.01923
1.8456
1.73274
1.72539
1.8808
2.27135
2.89947
3.61113
4.19957
4.55714
4.61622
4.38185
4.03502
3.6914
3.37374
3.101
2.87605
2.67653
2.49914
2.3439
2.21867
2.12815
2.06294
2.01291
1.95721
1.90636
1.86106
1.81872
1.77885
1.73654
1.68906
1.63687
1.58215
1.52603
1.46961
1.41099
1.34819
1.28071
1.20829
1.13007
1.04644
0.958179
0.866809
0.771809
0.673995
0.573075
0.470552
0.36853
0.269753
0.175214
0.0901887
0.0174247
-0.0235618
-0.0456133
-75.7385
-75.7843
-75.4679
-74.4051
-72.1614
-68.627
-64.0495
-58.7947
-53.2067
-47.5886
-42.19
-37.1539
-32.5354
-28.3638
-24.6403
-21.3397
-18.4261
-15.8587
-13.5939
-11.5905
-9.81154
-8.22505
-6.80287
-5.51801
-4.35353
-3.30451
-2.36359
-1.52353
-0.785312
-0.15705
0.353401
0.747165
1.03796
1.24618
1.3969
1.51892
1.63332
1.75196
1.88195
2.01915
2.15019
2.25755
2.32072
2.33547
2.29051
2.17237
1.99765
1.82527
1.71593
1.7148
1.87962
2.28116
2.92108
3.63893
4.22441
4.56978
4.61208
4.36523
4.01452
3.66398
3.34327
3.06975
2.84671
2.64925
2.47367
2.32006
2.19622
2.10666
2.04198
1.98966
1.93518
1.88484
1.83973
1.79733
1.75722
1.71461
1.66683
1.61436
1.55932
1.50317
1.4467
1.38802
1.32516
1.25764
1.18519
1.10694
1.02329
0.935028
0.84366
0.748646
0.650809
0.549843
0.447282
0.345257
0.246418
0.152284
0.0675843
-0.00536539
-0.0441619
-0.118015
-76.4474
-76.6249
-76.8295
-76.8765
-76.8763
-76.8387
-76.7705
-76.6842
-76.5935
-76.5054
-76.425
-76.3576
-76.3046
-76.2709
-76.2737
-76.3121
-78.9563
-79.0368
-79.1255
-79.2354
-79.2599
-79.218
-79.1493
-79.0718
-78.9955
-78.9268
-78.8703
-78.8295
-78.8072
-78.8016
-78.8029
-78.8058
-80.5593
-80.9359
-81.3316
-81.52
-81.57
-81.5454
-81.4832
-81.4125
-81.3488
-81.2993
-81.2674
-81.2553
-81.2639
-81.2901
-81.3214
-81.3397
-80.8009
-81.2449
-81.5131
-81.675
-81.7622
-81.7698
-81.7226
-81.6555
-81.5905
-81.538
-81.5021
-81.4835
-81.4819
-81.495
-81.5129
-81.5174
-78.4412
-78.7591
-78.9716
-79.1488
-79.2494
-79.274
-79.2486
-79.1971
-79.139
-79.0817
-79.0285
-78.9827
-78.9467
-78.9218
-78.9051
-78.8822
-73.9846
-74.2371
-74.4439
-74.6139
-74.7169
-74.7532
-74.7362
-74.6868
-74.6247
-74.5582
-74.4907
-74.4243
-74.3607
-74.3028
-74.2535
-74.2057
-68.0442
-68.2338
-68.4024
-68.5425
-68.6357
-68.6754
-68.6634
-68.6173
-68.5545
-68.4802
-68.3957
-68.302
-68.2009
-68.0979
-68.0045
-67.9265
-61.2178
-61.3503
-61.4737
-61.5779
-61.6531
-61.6865
-61.6719
-61.6238
-61.5568
-61.474
-61.3755
-61.2616
-61.1343
-61.0008
-60.8789
-60.7854
-54.2118
-54.2816
-54.3572
-54.4284
-54.4862
-54.5106
-54.4905
-54.4391
-54.3688
-54.2804
-54.173
-54.0462
-53.9017
-53.7477
-53.6061
-53.502
-47.4035
-47.4161
-47.4468
-47.4874
-47.5257
-47.5358
-47.5061
-47.4497
-47.3758
-47.2837
-47.1713
-47.0381
-46.8859
-46.7231
-46.5731
-46.4635
-41.1174
-41.0877
-41.0864
-41.1048
-41.1267
-41.1233
-41.085
-41.0247
-40.9487
-40.855
-40.7413
-40.6068
-40.4532
-40.2891
-40.1376
-40.0269
-35.4605
-35.401
-35.375
-35.3747
-35.381
-35.3638
-35.3167
-35.2529
-35.1755
-35.0818
-34.9694
-34.8377
-34.6881
-34.529
-34.3821
-34.2742
-30.4812
-30.4081
-30.37
-30.3591
-30.3524
-30.3225
-30.2692
-30.2039
-30.127
-30.0351
-29.9262
-29.7998
-29.6573
-29.5063
-29.367
-29.264
-26.1494
-26.0707
-26.0275
-26.0084
-25.986
-25.9425
-25.8847
-25.8192
-25.7436
-25.6546
-25.5505
-25.4308
-25.2972
-25.1565
-25.0267
-24.93
-22.414
-22.3362
-22.293
-22.2689
-22.2353
-22.1838
-22.1244
-22.0593
-21.9853
-21.8993
-21.8001
-21.6876
-21.5632
-21.4333
-21.3142
-21.2252
-19.191
-19.1175
-19.076
-19.049
-19.0105
-18.9567
-18.8977
-18.8339
-18.762
-18.6797
-18.586
-18.4809
-18.3661
-18.2475
-18.1395
-18.0584
-16.4179
-16.3517
-16.3123
-16.2787
-16.2332
-16.1792
-16.1226
-16.0616
-15.9932
-15.9157
-15.8281
-15.7309
-15.6255
-15.5176
-15.4199
-15.346
-14.0262
-13.9687
-13.9314
-13.8908
-13.8395
-13.7859
-13.7312
-13.6725
-13.6072
-13.534
-13.4523
-13.3623
-13.2657
-13.1675
-13.0791
-13.0115
-11.9519
-11.9013
-11.866
-11.8248
-11.7741
-11.7221
-11.669
-11.6123
-11.5497
-11.4804
-11.4037
-11.3202
-11.2313
-11.1418
-11.0617
-10.9998
-10.1432
-10.0984
-10.0622
-10.0192
-9.97011
-9.92068
-9.86998
-9.81573
-9.7563
-9.69084
-9.61912
-9.54158
-9.45981
-9.3781
-9.30533
-9.24848
-8.55606
-8.51706
-8.47854
-8.43293
-8.38577
-8.33909
-8.29094
-8.23933
-8.18301
-8.12133
-8.0542
-7.98211
-7.90668
-7.83198
-7.76572
-7.7119
-7.15249
-7.11802
-7.07989
-7.03497
-6.99007
-6.94557
-6.89944
-6.85005
-6.79643
-6.73809
-6.67501
-6.60776
-6.53795
-6.46944
-6.40878
-6.35726
-5.90477
-5.87493
-5.83903
-5.79652
-5.75401
-5.71151
-5.66723
-5.61987
-5.56868
-5.5133
-5.45382
-5.39084
-5.32591
-5.26264
-5.20674
-5.15848
-4.79679
-4.76821
-4.73249
-4.69272
-4.65312
-4.61294
-4.57071
-4.52546
-4.47666
-4.4241
-4.36795
-4.30884
-4.24828
-4.18959
-4.1378
-4.09263
-3.81513
-3.78632
-3.75031
-3.71282
-3.67536
-3.63682
-3.59608
-3.55248
-3.50564
-3.45545
-3.40214
-3.34633
-3.28946
-3.23462
-3.18626
-3.14363
-2.94091
-2.91482
-2.88068
-2.84501
-2.80868
-2.77078
-2.73064
-2.68785
-2.64217
-2.59356
-2.54227
-2.48887
-2.43473
-2.38275
-2.33692
-2.29617
-2.15449
-2.13096
-2.09866
-2.06434
-2.02891
-1.99163
-1.95202
-1.90982
-1.8649
-1.81731
-1.76729
-1.71541
-1.66297
-1.61275
-1.56848
-1.52887
-1.43526
-1.41337
-1.38229
-1.34862
-1.31332
-1.276
-1.23635
-1.19418
-1.14944
-1.10217
-1.05261
-1.00132
-0.949547
-0.900032
-0.856393
-0.817252
-0.768243
-0.746341
-0.715261
-0.681126
-0.644909
-0.60648
-0.565763
-0.522705
-0.477245
-0.429409
-0.379407
-0.327744
-0.275666
-0.225898
-0.182065
-0.142815
-0.141657
-0.117123
-0.0848012
-0.0495391
-0.012017
0.0277497
0.0697355
0.113977
0.16055
0.209453
0.260511
0.313243
0.366397
0.41718
0.461854
0.50165
0.448272
0.477371
0.512095
0.549215
0.588446
0.62977
0.673178
0.718759
0.766645
0.816889
0.869351
0.923563
0.978237
1.03046
1.0763
1.11686
0.996394
1.03083
1.06903
1.10904
1.15077
1.19424
1.23951
1.28676
1.33622
1.38801
1.44204
1.49787
1.55416
1.60787
1.65488
1.69616
1.49256
1.53384
1.57718
1.62144
1.6666
1.71278
1.76019
1.8092
1.86018
1.91339
1.9688
2.02601
2.08364
2.1385
2.18635
2.22809
1.92952
1.97887
2.02807
2.07681
2.12531
2.17393
2.22314
2.27352
2.3256
2.37976
2.43605
2.49409
2.55246
2.60784
2.6559
2.69763
2.30367
2.36139
2.41631
2.46875
2.5195
2.5694
2.6193
2.67002
2.72227
2.7765
2.83281
2.89081
2.94899
3.00394
3.05132
3.09242
2.59923
2.66618
2.72777
2.78474
2.8384
2.89003
2.9408
2.99178
3.04382
3.09748
3.15292
3.20976
3.26649
3.31968
3.36524
3.40495
2.81249
2.88677
2.95387
3.01484
3.07121
3.12448
3.176
3.22696
3.27833
3.33074
3.38441
3.43901
3.49307
3.54332
3.58607
3.62377
2.95144
3.02953
3.09921
3.16176
3.21886
3.27214
3.32308
3.37292
3.42267
3.47295
3.52402
3.57557
3.62619
3.67282
3.71224
3.74762
3.02768
3.10518
3.17429
3.23621
3.29255
3.34484
3.3945
3.4427
3.49039
3.53818
3.58631
3.63451
3.68146
3.72435
3.76039
3.79354
3.06443
3.13702
3.20233
3.26121
3.31497
3.36494
3.41233
3.45824
3.50349
3.54862
3.59385
3.63887
3.68249
3.72206
3.75519
3.78648
3.08416
3.14981
3.20944
3.26366
3.31354
3.3602
3.40468
3.44789
3.49054
3.53304
3.57552
3.61767
3.65834
3.69509
3.72586
3.75567
3.0952
3.15395
3.2081
3.25803
3.30451
3.34838
3.39045
3.43142
3.47185
3.51207
3.55218
3.59187
3.63008
3.66458
3.69356
3.72236
3.10412
3.15716
3.20731
3.25433
3.29857
3.34055
3.38088
3.42017
3.4589
3.49743
3.53589
3.57403
3.61086
3.64423
3.67242
3.70092
3.11918
3.17106
3.22013
3.26613
3.30938
3.35039
3.38982
3.42832
3.46642
3.50452
3.54274
3.58085
3.61781
3.65135
3.6796
3.70799
3.13662
3.19366
3.24622
3.29449
3.3393
3.3816
3.42223
3.46196
3.50134
3.54073
3.58023
3.61951
3.65738
3.69127
3.71886
3.74606
3.1444
3.21549
3.2796
3.33717
3.38963
3.43839
3.48455
3.52894
3.57213
3.61445
3.65591
3.69614
3.73383
3.76623
3.79078
3.81472
3.13613
3.22873
3.31176
3.38546
3.45094
3.50993
3.56392
3.61405
3.66117
3.70582
3.74814
3.78776
3.82354
3.85262
3.86782
3.89111
3.11228
3.22559
3.32607
3.41426
3.49115
3.5584
3.61799
3.67162
3.72057
3.76563
3.80679
3.84282
3.87227
3.89874
3.91993
3.93539
3.08189
3.20623
3.31465
3.40933
3.49303
3.56648
3.63065
3.68743
3.7381
3.78315
3.82341
3.86351
3.90112
3.92575
3.9366
3.94418
3.03824
3.17244
3.28762
3.38613
3.47145
3.54767
3.61736
3.68176
3.74212
3.79783
3.84622
3.88123
3.90295
3.91411
3.91584
3.91855
3.05
3.18749
3.30631
3.40896
3.49825
3.57663
3.64592
3.70635
3.75665
3.79615
3.82488
3.84266
3.85074
3.85116
3.84594
3.84573
3.12606
3.25214
3.36154
3.45595
3.53693
3.60536
3.66159
3.70572
3.738
3.75916
3.77047
3.77364
3.77051
3.76338
3.7552
3.75594
3.3026
3.38856
3.46327
3.52694
3.57938
3.62063
3.65103
3.67128
3.68241
3.68544
3.68165
3.67342
3.66388
3.65538
3.64958
3.65521
3.51491
3.54264
3.56788
3.58868
3.60387
3.61307
3.61585
3.61233
3.60385
3.5927
3.58076
3.56901
3.55918
3.55311
3.55131
3.56151
3.58269
3.5702
3.56043
3.55056
3.53883
3.52551
3.51211
3.49911
3.48608
3.47309
3.4614
3.45257
3.44744
3.4461
3.44769
3.46112
3.5156
3.47304
3.43949
3.41449
3.39544
3.37927
3.3643
3.35088
3.33989
3.33159
3.32587
3.32293
3.32325
3.32664
3.33033
3.34735
3.3831
3.33816
3.30332
3.27523
3.25324
3.23701
3.22554
3.21773
3.21287
3.21058
3.21073
3.21326
3.21845
3.22703
3.23234
3.25033
3.28854
3.23994
3.20454
3.17971
3.16295
3.15226
3.14621
3.14386
3.14463
3.14819
3.15439
3.16295
3.17282
3.18224
3.19019
3.20867
3.21256
3.17847
3.15521
3.14046
3.13228
3.12924
3.13026
3.13445
3.14067
3.14672
3.15241
3.1596
3.16907
3.18078
3.1925
3.21236
3.17581
3.15621
3.14385
3.13698
3.13366
3.13186
3.13163
3.13426
3.14022
3.15046
3.16441
3.17995
3.19612
3.21206
3.22611
3.24696
3.13893
3.1274
3.1201
3.11812
3.12141
3.13001
3.14263
3.15722
3.17315
3.19059
3.20937
3.22902
3.24887
3.26749
3.28328
3.30473
3.10485
3.10888
3.11821
3.13076
3.14571
3.16282
3.18166
3.20186
3.22325
3.24561
3.26869
3.29208
3.31492
3.33558
3.3524
3.37412
3.10063
3.11884
3.1388
3.16
3.18227
3.20545
3.22943
3.25415
3.27953
3.30542
3.33154
3.35741
3.38211
3.40391
3.42098
3.4425
3.09515
3.12447
3.1532
3.18149
3.20943
3.23717
3.26489
3.29272
3.32073
3.34885
3.3768
3.40405
3.42958
3.45165
3.46829
3.48951
3.08019
3.11775
3.15313
3.18678
3.21911
3.25043
3.28098
3.311
3.34059
3.36968
3.398
3.42505
3.44997
3.47119
3.4867
3.50797
3.04464
3.09031
3.13174
3.16974
3.20513
3.23859
3.27055
3.30131
3.33101
3.35961
3.38686
3.41232
3.43544
3.45502
3.46845
3.48931
2.97339
3.02335
3.06865
3.10981
3.14739
3.18201
3.21423
3.24452
3.27315
3.30018
3.32546
3.34871
3.3697
3.38784
3.39915
3.41918
2.85563
2.90848
2.95587
2.99834
3.03664
3.07147
3.10344
3.13301
3.16048
3.18596
3.20939
3.23051
3.24936
3.26669
3.2747
3.2945
2.72263
2.77303
2.81846
2.8593
2.89608
2.92937
2.95967
2.98745
3.01297
3.03641
3.05775
3.07686
3.0937
3.1091
3.11856
3.13732
2.58733
2.63305
2.67474
2.71257
2.74682
2.77781
2.80595
2.83162
2.85509
2.87654
2.89601
2.91361
2.92983
2.9449
2.95367
2.97181
2.44553
2.48801
2.52754
2.56387
2.5969
2.62672
2.65358
2.67806
2.70066
2.72154
2.74082
2.75829
2.77383
2.78813
2.79604
2.81457
2.31993
2.35805
2.39351
2.42651
2.45727
2.48598
2.51268
2.53713
2.55925
2.57923
2.59723
2.61346
2.6283
2.64312
2.6507
2.66956
2.22513
2.25881
2.29062
2.32044
2.3482
2.37397
2.39789
2.42009
2.44066
2.45969
2.47725
2.4934
2.50631
2.52454
2.52978
2.54972
2.14475
2.17582
2.20551
2.23376
2.26071
2.28631
2.31024
2.33219
2.35245
2.37135
2.38889
2.40489
2.41913
2.43298
2.44039
2.4593
2.07799
2.1077
2.13707
2.16562
2.19274
2.21767
2.24036
2.2617
2.28197
2.30092
2.31852
2.33476
2.34977
2.36403
2.37247
2.39149
2.02863
2.05867
2.08783
2.11582
2.14168
2.16556
2.18835
2.20987
2.22999
2.2488
2.26631
2.28249
2.29747
2.31158
2.3203
2.33922
1.9924
2.02214
2.05113
2.07815
2.10337
2.12769
2.15054
2.17176
2.19161
2.2102
2.22751
2.24351
2.25834
2.27227
2.28103
2.29987
1.96212
1.99182
2.01991
2.04641
2.07191
2.09585
2.11809
2.13893
2.15846
2.17671
2.19372
2.20947
2.22409
2.23788
2.24651
2.26527
1.93102
1.96038
1.98835
2.01477
2.03985
2.06309
2.08489
2.1055
2.12489
2.143
2.15974
2.17516
2.18949
2.2031
2.21149
2.23014
1.89405
1.92269
1.95002
1.97631
2.00073
2.02351
2.04501
2.06541
2.08467
2.10261
2.1191
2.1342
2.14822
2.1617
2.16979
2.18836
1.84736
1.8764
1.90358
1.92912
1.95292
1.97535
1.99659
2.01671
2.03561
2.05317
2.06928
2.08403
2.09775
2.11114
2.11892
2.13744
1.79198
1.82055
1.84715
1.87208
1.89551
1.91771
1.93879
1.95866
1.97724
1.99447
2.01033
2.02487
2.03836
2.05171
2.05921
2.0777
1.7292
1.75706
1.78307
1.80742
1.83049
1.85243
1.87328
1.89292
1.91123
1.92816
1.94376
1.95809
1.97137
1.98473
1.99196
2.01044
1.66083
1.68791
1.71348
1.73744
1.76017
1.78183
1.80241
1.82178
1.83981
1.85648
1.87186
1.88601
1.89909
1.91248
1.91948
1.93795
1.58754
1.6139
1.6391
1.66295
1.68548
1.7069
1.72722
1.7463
1.76406
1.78049
1.79567
1.80965
1.82253
1.836
1.84275
1.86125
1.50948
1.53547
1.56026
1.58406
1.6066
1.62784
1.64788
1.66668
1.68421
1.70048
1.71553
1.72939
1.74206
1.75568
1.76214
1.78071
1.4275
1.45322
1.47772
1.50129
1.52374
1.54481
1.56456
1.58315
1.60051
1.61661
1.63153
1.64528
1.65769
1.6715
1.67769
1.69629
1.34217
1.36747
1.39191
1.41519
1.43735
1.45814
1.47764
1.4961
1.51331
1.52926
1.54408
1.55782
1.56984
1.58404
1.58993
1.60863
1.25285
1.27837
1.30267
1.32556
1.34723
1.3677
1.38715
1.40553
1.42259
1.43837
1.45302
1.46683
1.47828
1.49351
1.49867
1.51757
1.16058
1.18614
1.21031
1.23312
1.2546
1.27478
1.294
1.31216
1.32905
1.34472
1.35903
1.37296
1.38431
1.39916
1.4044
1.42331
1.06432
1.08989
1.11404
1.13668
1.158
1.17804
1.19707
1.21498
1.23161
1.24702
1.26146
1.27513
1.28671
1.30141
1.30669
1.32555
0.963169
0.98861
1.01252
1.03502
1.05609
1.07586
1.09469
1.11277
1.12924
1.14471
1.15926
1.17272
1.18446
1.1988
1.20422
1.22304
0.857785
0.882623
0.906156
0.92839
0.949288
0.969042
0.987861
1.00549
1.02184
1.03719
1.05167
1.06504
1.07679
1.0911
1.09653
1.11534
0.74998
0.774333
0.797417
0.819111
0.839603
0.859042
0.877561
0.89502
0.91156
0.927105
0.94146
0.954811
0.966437
0.980882
0.986236
1.00507
0.642315
0.665845
0.68789
0.708652
0.728362
0.747369
0.765495
0.782662
0.798798
0.813853
0.827966
0.841265
0.852547
0.867255
0.87246
0.89146
0.533345
0.556039
0.577149
0.596845
0.615759
0.634014
0.651367
0.66784
0.683499
0.698126
0.711828
0.725044
0.736035
0.750104
0.755945
0.774578
0.419572
0.440459
0.460671
0.479564
0.497173
0.513795
0.529538
0.544827
0.559594
0.573806
0.587332
0.600311
0.612459
0.625665
0.631971
0.650479
0.309523
0.325981
0.341811
0.35721
0.372311
0.387221
0.402013
0.416419
0.430101
0.443094
0.455566
0.467559
0.47902
0.491698
0.498703
0.516917
0.196083
0.208608
0.219716
0.229545
0.239006
0.248595
0.258276
0.268083
0.277932
0.287805
0.297726
0.3077
0.317811
0.329707
0.334358
0.3539
0.0598611
0.0639245
0.069544
0.076816
0.0855476
0.0951974
0.105161
0.11535
0.125649
0.135945
0.146212
0.15637
0.166121
0.17575
0.194916
0.17622
)
;

boundaryField
{
    frontAndBack
    {
        type            empty;
    }
    inlet
    {
        type            zeroGradient;
    }
    outlet
    {
        type            fixedValue;
        value           uniform 0;
    }
    walls
    {
        type            zeroGradient;
    }
}


// ************************************************************************* //
