/*--------------------------------*- C++ -*----------------------------------*\
| =========                 |                                                 |
| \\      /  F ield         | OpenFOAM: The Open Source CFD Toolbox           |
|  \\    /   O peration     | Version:  v2012                                 |
|   \\  /    A nd           | Website:  www.openfoam.com                      |
|    \\/     M anipulation  |                                                 |
\*---------------------------------------------------------------------------*/
FoamFile
{
    version     2.0;
    format      ascii;
    class       Cloud<basicKinematicParcel>;
    location    "0.116/lagrangian/kinematicCloud";
    object      coordinates;
}
// * * * * * * * * * * * * * * * * * * * * * * * * * * * * * * * * * * * * * //

54
(
(0.390062 0.295647 0.00932162 0.304969) 2314 4625 1
(0.627673 0.186164 0.0163671 0.169797) 2823 5636 2
(0.0665963 0.0481964 0.466702 0.418505) 3022 6032 1
(0.372024 0.313988 0.113666 0.200322) 2618 5032 1
(0.750798 0.0867049 0.037896 0.124601) 3316 6619 1
(0.279711 0.0674139 0.292731 0.360144) 3117 6025 2
(0.437843 0.103198 0.281079 0.17788) 80 158 1
(0.510902 0.140237 0.244549 0.104312) 3508 6999 1
(0.866866 0.0665669 0.0143025 0.0522644) 3507 6801 1
(0.5449 0.0589406 0.168609 0.22755) 2711 5415 1
(0.159214 0.0118495 0.420393 0.408544) 2812 5614 1
(0.801841 0.0920847 0.0990793 0.00699467) 2507 5007 1
(0.748244 0.0425583 0.0833199 0.125878) 1889 3579 2
(0.687611 0.150985 0.156195 0.00520979) 188 374 1
(0.101584 0.449208 0.338629 0.110579) 1791 3583 1
(0.0673361 0.342178 0.124154 0.466332) 2904 5799 1
(0.740318 0.129841 0.0554808 0.07436) 396 793 1
(0.415234 0.292383 0.251361 0.0410218) 1790 3580 2
(0.372551 0.26957 0.313724 0.0441543) 598 1197 2
(0.22874 0.370173 0.0154567 0.38563) 1595 3190 1
(0.261635 0.369183 0.0696234 0.299559) 1298 2597 1
(0.134344 0.432828 0.0248954 0.407932) 1689 3379 1
(0.368314 0.24062 0.0752225 0.315843) 1395 2591 2
(0.119739 0.0353127 0.440131 0.404818) 492 982 1
(0.41968 0.29016 0.175715 0.114445) 894 1788 2
(0.0369022 0.0520045 0.481549 0.429544) 1293 2584 1
(0.0101378 0.494931 0.0786629 0.416268) 487 974 2
(0.59471 0.202645 0.187634 0.0150109) 1490 2781 1
(0.0306579 0.179792 0.304879 0.484671) 279 359 2
(0.570452 0.0306112 0.214774 0.184163) 1488 2977 2
(0.169512 0.415244 0.236444 0.1788) 37 22257 2
(0.325198 0.337401 0.260291 0.0771101) 281 563 1
(0.294585 0.0380164 0.352708 0.314691) 1869 3736 1
(0.718539 0.124966 0.0157643 0.14073) 1085 2170 1
(0.516313 0.0147686 0.227075 0.241844) 684 1169 2
(0.559755 0.152411 0.220122 0.0677115) 1284 2566 1
(0.0799402 0.46003 0.0529561 0.407074) 783 1564 2
(0.254769 0.372616 0.168739 0.203876) 882 1762 2
(0.635605 0.0311844 0.151013 0.182197) 1280 2560 1
(0.137822 0.284026 0.147063 0.431089) 164 129 2
(0.0291673 0.485416 0.101469 0.383947) 678 1357 1
(0.536794 0.231603 0.228255 0.00334854) 1277 2552 2
(0.18666 0.333674 0.0729967 0.40667) 675 1151 2
(0.262328 0.368836 0.0690732 0.299763) 574 1146 2
(0.457199 0.030257 0.241144 0.271401) 773 1347 2
(0.515802 0.0735145 0.242099 0.168585) 1172 2345 2
(0.39339 0.303305 0.0677063 0.235599) 1470 2941 1
(0.697691 0.122948 0.151154 0.0282067) 970 1938 1
(0.225713 0.387144 0.30016 0.086984) 869 1736 2
(0.547095 0.0173412 0.226452 0.209111) 1367 2735 2
(0.47829 0.260855 0.00774491 0.25311) 364 726 2
(0.0980296 0.231187 0.219798 0.450985) 865 1531 2
(0.37519 0.140004 0.312405 0.172401) 1563 3124 1
(0.459608 0.206352 0.063844 0.270196) 258 317 2
)


// ************************************************************************* //
