/*--------------------------------*- C++ -*----------------------------------*\
| =========                 |                                                 |
| \\      /  F ield         | OpenFOAM: The Open Source CFD Toolbox           |
|  \\    /   O peration     | Version:  v2012                                 |
|   \\  /    A nd           | Website:  www.openfoam.com                      |
|    \\/     M anipulation  |                                                 |
\*---------------------------------------------------------------------------*/
FoamFile
{
    version     2.0;
    format      ascii;
    class       volScalarField;
    location    "0.124";
    object      p;
}
// * * * * * * * * * * * * * * * * * * * * * * * * * * * * * * * * * * * * * //

dimensions      [0 2 -2 0 0 0 0];


internalField   nonuniform List<scalar> 
5600
(
-1.02522
-1.48336
-1.86373
-2.18232
-2.49322
-2.80348
-3.10478
-3.38648
-3.6496
-3.89973
-4.1363
-4.36096
-4.57542
-4.78169
-4.98193
-5.1777
-5.37009
-5.55974
-5.7469
-5.93187
-6.1146
-6.29499
-6.47259
-6.64908
-6.82367
-6.99746
-7.16945
-7.3408
-7.51158
-7.6818
-7.85145
-8.02053
-8.18867
-8.35647
-8.52359
-8.69028
-8.85639
-9.02158
-9.18691
-9.35013
-9.51501
-9.67667
-9.84018
-10.0015
-10.1631
-10.3243
-10.4832
-10.6447
-10.801
-10.9625
-11.119
-11.2782
-11.4362
-11.5915
-11.7502
-11.9031
-12.062
-12.2143
-12.3714
-12.5247
-12.6781
-12.8333
-12.9836
-13.1408
-13.289
-13.4464
-13.5957
-13.7508
-13.9036
-14.0535
-14.2103
-14.3551
-14.5121
-14.6563
-14.8103
-14.9576
-15.1045
-15.2575
-15.3997
-15.5538
-15.6969
-15.8476
-15.9943
-16.1402
-16.2919
-16.4347
-16.5874
-16.7313
-16.8807
-17.0297
-17.1746
-17.3257
-17.4713
-17.6223
-17.7671
-17.9178
-18.068
-18.2212
-18.3761
-18.5883
-1.08426
-1.50354
-1.88034
-2.20014
-2.51121
-2.82181
-3.12303
-3.40499
-3.66847
-3.91864
-4.15545
-4.3804
-4.59521
-4.80184
-5.00244
-5.19853
-5.39121
-5.58111
-5.76844
-5.95348
-6.13642
-6.31693
-6.49457
-6.67118
-6.8459
-7.01983
-7.19191
-7.36333
-7.53422
-7.70453
-7.87427
-8.04341
-8.21159
-8.37939
-8.54658
-8.71327
-8.87944
-9.04464
-9.21003
-9.37325
-9.53819
-9.69986
-9.8634
-10.0248
-10.1863
-10.3476
-10.5065
-10.6681
-10.8243
-10.9858
-11.1424
-11.3014
-11.4597
-11.6147
-11.7737
-11.9263
-12.0853
-12.2376
-12.3945
-12.5482
-12.7011
-12.8567
-13.0066
-13.1641
-13.3122
-13.4694
-13.6193
-13.7737
-13.9273
-14.0765
-14.2338
-14.3785
-14.5352
-14.6801
-14.8329
-14.9815
-15.1273
-15.281
-15.4231
-15.5767
-15.7208
-15.8701
-16.0181
-16.1632
-16.3151
-16.4585
-16.6099
-16.7554
-16.9033
-17.0534
-17.1979
-17.3486
-17.4953
-17.6447
-17.7911
-17.9417
-18.0894
-18.2466
-18.3947
-18.6055
-1.12251
-1.51617
-1.89308
-2.2135
-2.52242
-2.83053
-3.13065
-3.41222
-3.67545
-3.92531
-4.16183
-4.38688
-4.60171
-4.80832
-5.00895
-5.20506
-5.39778
-5.58766
-5.77501
-5.96006
-6.143
-6.32354
-6.50138
-6.67799
-6.85266
-7.02655
-7.19855
-7.37
-7.54076
-7.71104
-7.88072
-8.04977
-8.21803
-8.38583
-8.55301
-8.71967
-8.88582
-9.05099
-9.21635
-9.3795
-9.54439
-9.70604
-9.86946
-10.0309
-10.1922
-10.3536
-10.5124
-10.674
-10.8303
-10.9917
-11.1484
-11.3073
-11.4657
-11.6207
-11.7796
-11.9325
-12.0914
-12.2439
-12.4007
-12.5546
-12.7075
-12.8632
-13.0132
-13.1705
-13.3188
-13.4757
-13.6258
-13.78
-13.9336
-14.0828
-14.2401
-14.3849
-14.5414
-14.6868
-14.8393
-14.9882
-15.1339
-15.2876
-15.4299
-15.5832
-15.7277
-15.8767
-16.0249
-16.1699
-16.3218
-16.4653
-16.6164
-16.7623
-16.9098
-17.0603
-17.2043
-17.3551
-17.5021
-17.6511
-17.7977
-17.9481
-18.096
-18.2542
-18.4036
-18.6081
-1.17123
-1.53265
-1.90846
-2.23036
-2.53798
-2.84517
-3.14565
-3.42786
-3.69171
-3.94191
-4.17899
-4.40406
-4.61935
-4.82619
-5.02685
-5.2229
-5.41545
-5.6051
-5.79215
-5.97687
-6.15968
-6.3401
-6.518
-6.69466
-6.86948
-7.04363
-7.21601
-7.38781
-7.55878
-7.72931
-7.89914
-8.06834
-8.23662
-8.40449
-8.57174
-8.73848
-8.90473
-9.06999
-9.23545
-9.39874
-9.56374
-9.72561
-9.88911
-10.0508
-10.2123
-10.3737
-10.5325
-10.6942
-10.8506
-11.0119
-11.169
-11.3276
-11.4864
-11.6411
-11.8003
-11.953
-12.1116
-12.2645
-12.4207
-12.575
-12.7272
-12.8834
-13.033
-13.1902
-13.3391
-13.4953
-13.6467
-13.7996
-13.9545
-14.103
-14.2602
-14.4058
-14.5608
-14.7078
-14.8585
-15.0088
-15.1536
-15.3071
-15.4504
-15.6021
-15.7484
-15.8957
-16.0449
-16.19
-16.3408
-16.486
-16.6352
-16.7828
-16.9294
-17.0798
-17.2252
-17.3738
-17.5233
-17.67
-17.8183
-17.9677
-18.116
-18.272
-18.4233
-18.6138
-1.22085
-1.54978
-1.9242
-2.24855
-2.55458
-2.86093
-3.16111
-3.44313
-3.70701
-3.95701
-4.19431
-4.41914
-4.63463
-4.84169
-5.04255
-5.23878
-5.43151
-5.62128
-5.80849
-5.9933
-6.17609
-6.35651
-6.53443
-6.71088
-6.88561
-7.05948
-7.23173
-7.40331
-7.57403
-7.74449
-7.91418
-8.08342
-8.25172
-8.41969
-8.58695
-8.75373
-8.91994
-9.08524
-9.2506
-9.41395
-9.57873
-9.74077
-9.90387
-10.0657
-10.2269
-10.3884
-10.5472
-10.7086
-10.8655
-11.0261
-11.1837
-11.3416
-11.5006
-11.6552
-11.8141
-11.9675
-12.1256
-12.2792
-12.4349
-12.5897
-12.7419
-12.898
-13.0479
-13.2048
-13.3543
-13.5096
-13.6616
-13.814
-13.969
-14.1177
-14.2745
-14.4209
-14.5751
-14.7235
-14.8733
-15.0243
-15.1692
-15.3221
-15.4665
-15.6169
-15.7645
-15.911
-16.0605
-16.2059
-16.3558
-16.5021
-16.6503
-16.7986
-16.9448
-17.0951
-17.2409
-17.3888
-17.5389
-17.6853
-17.8336
-17.9831
-18.1315
-18.287
-18.4372
-18.6226
-1.27087
-1.56911
-1.94149
-2.26881
-2.5732
-2.87859
-3.1784
-3.46043
-3.72455
-3.97473
-4.21228
-4.43745
-4.65322
-4.86055
-5.06162
-5.25796
-5.45078
-5.64056
-5.82783
-6.01266
-6.19528
-6.37566
-6.55369
-6.73012
-6.905
-7.07881
-7.2512
-7.42277
-7.59354
-7.76384
-7.93363
-8.10271
-8.27104
-8.43884
-8.60604
-8.7727
-8.93878
-9.10415
-9.26924
-9.43294
-9.59739
-9.7599
-9.92277
-10.0849
-10.246
-10.4075
-10.5667
-10.7278
-10.8854
-11.0453
-11.2036
-11.3612
-11.5204
-11.6752
-11.8337
-11.9881
-12.1451
-12.2997
-12.4545
-12.6098
-12.7617
-12.9177
-13.0683
-13.2236
-13.3752
-13.5286
-13.6826
-13.8336
-13.9895
-14.1386
-14.2936
-14.443
-14.5941
-14.7446
-14.8929
-15.0444
-15.1897
-15.3407
-15.4878
-15.6356
-15.785
-15.9306
-16.0799
-16.2266
-16.3746
-16.5229
-16.6696
-16.8188
-16.965
-17.1143
-17.2617
-17.408
-17.5592
-17.7053
-17.8534
-18.0028
-18.1514
-18.3051
-18.4562
-18.6331
-1.32029
-1.59093
-1.96057
-2.2911
-2.59402
-2.89839
-3.19789
-3.48
-3.74431
-3.9946
-4.23227
-4.45769
-4.67354
-4.88101
-5.08222
-5.27865
-5.47154
-5.66136
-5.84867
-6.03349
-6.21612
-6.39652
-6.57463
-6.75107
-6.92602
-7.09978
-7.27225
-7.44378
-7.6147
-7.78484
-7.95474
-8.1237
-8.29218
-8.45985
-8.62716
-8.79377
-8.95978
-9.12532
-9.29
-9.45429
-9.61801
-9.78108
-9.94343
-10.1057
-10.2668
-10.4278
-10.5879
-10.7476
-10.9065
-11.0651
-11.2239
-11.3814
-11.5402
-11.6961
-11.8533
-12.0093
-12.1648
-12.3205
-12.4745
-12.63
-12.7823
-12.9374
-13.0899
-13.2429
-13.3965
-13.5482
-13.7032
-13.8541
-14.0088
-14.1604
-14.3125
-14.4648
-14.6137
-14.7662
-14.9137
-15.0647
-15.2117
-15.3604
-15.5103
-15.6559
-15.8063
-15.9521
-16.1003
-16.2484
-16.3949
-16.5445
-16.6905
-16.8397
-16.9865
-17.1347
-17.2832
-17.4291
-17.5799
-17.7265
-17.8744
-18.0235
-18.1725
-18.3247
-18.4754
-18.6453
-1.36726
-1.61541
-1.98199
-2.31556
-2.61728
-2.92065
-3.21994
-3.50212
-3.76655
-4.01693
-4.2547
-4.48033
-4.69627
-4.90393
-5.10529
-5.30185
-5.49481
-5.68469
-5.87202
-6.05687
-6.2395
-6.41988
-6.59802
-6.77448
-6.94945
-7.12319
-7.2957
-7.46725
-7.63819
-7.80834
-7.97823
-8.14718
-8.31568
-8.48334
-8.65067
-8.81728
-8.98325
-9.14891
-9.31337
-9.47811
-9.64132
-9.8048
-9.96681
-10.1292
-10.2904
-10.4508
-10.6121
-10.7705
-10.9306
-11.0883
-11.2473
-11.4052
-11.563
-11.7202
-11.876
-12.0333
-12.1875
-12.344
-12.4975
-12.6528
-12.8061
-12.9596
-13.1145
-13.2646
-13.4202
-13.5709
-13.726
-13.8781
-14.0313
-14.1851
-14.3347
-14.4899
-14.6365
-14.7899
-14.9381
-15.0875
-15.2366
-15.3828
-15.5347
-15.6794
-15.8294
-15.9763
-16.1234
-16.2724
-16.4182
-16.5681
-16.7143
-16.8629
-17.0105
-17.1579
-17.3067
-17.4533
-17.6028
-17.7502
-17.8981
-18.0468
-18.1957
-18.3466
-18.4962
-18.6596
-1.41024
-1.64248
-2.00634
-2.34234
-2.64317
-2.94572
-3.24489
-3.52708
-3.79159
-4.04206
-4.27992
-4.50572
-4.72174
-4.92954
-5.131
-5.32764
-5.52064
-5.71055
-5.89787
-6.08276
-6.26537
-6.44571
-6.62388
-6.80035
-6.97535
-7.14909
-7.32162
-7.49319
-7.66414
-7.83435
-8.00416
-8.17315
-8.34162
-8.50933
-8.67662
-8.84325
-9.00922
-9.17486
-9.33936
-9.50405
-9.66728
-9.83074
-9.9928
-10.1551
-10.3164
-10.4767
-10.6381
-10.7964
-10.9566
-11.1142
-11.2733
-11.4313
-11.5886
-11.7465
-11.9017
-12.0596
-12.2132
-12.3701
-12.5235
-12.6784
-12.8325
-12.9847
-13.141
-13.29
-13.4461
-13.5969
-13.7511
-13.9046
-14.0561
-14.2112
-14.3599
-14.5154
-14.6627
-14.8152
-14.9649
-15.1126
-15.263
-15.4088
-15.5604
-15.7061
-15.8549
-16.0027
-16.1494
-16.2984
-16.4446
-16.5939
-16.7406
-16.8886
-17.0369
-17.184
-17.3324
-17.4799
-17.6284
-17.7763
-17.924
-18.0725
-18.2213
-18.3708
-18.5187
-18.6759
-1.44742
-1.67167
-2.0342
-2.37161
-2.67191
-2.97401
-3.27315
-3.5553
-3.81985
-4.07041
-4.30831
-4.53421
-4.75025
-4.95813
-5.15965
-5.35635
-5.54936
-5.73931
-5.92664
-6.11156
-6.29415
-6.47445
-6.65264
-6.82913
-7.00415
-7.17788
-7.35042
-7.522
-7.69297
-7.86321
-8.03295
-8.20197
-8.37042
-8.53818
-8.70543
-8.87209
-9.03805
-9.20365
-9.36824
-9.5328
-9.69622
-9.85949
-10.0217
-10.1839
-10.3452
-10.5057
-10.6667
-10.8255
-10.9853
-11.1433
-11.3021
-11.4601
-11.6174
-11.7753
-11.9307
-12.0881
-12.2423
-12.3987
-12.5526
-12.7071
-12.8615
-13.0137
-13.1695
-13.3194
-13.4746
-13.6262
-13.7795
-13.9339
-14.0848
-14.2398
-14.3896
-14.5434
-14.6928
-14.8431
-14.9942
-15.1415
-15.2914
-15.4384
-15.5884
-15.7355
-15.8834
-16.0316
-16.1786
-16.3269
-16.4738
-16.6225
-16.7697
-16.9173
-17.0658
-17.213
-17.361
-17.5089
-17.6571
-17.8051
-17.9527
-18.1011
-18.2494
-18.3976
-18.5435
-18.6939
-1.47478
-1.70096
-2.06462
-2.40196
-2.70214
-3.0044
-3.30361
-3.58563
-3.85017
-4.1008
-4.33868
-4.56457
-4.7806
-4.98846
-5.18999
-5.3867
-5.57972
-5.76968
-5.95699
-6.14194
-6.32451
-6.50476
-6.68295
-6.85944
-7.03447
-7.20818
-7.38072
-7.55229
-7.72329
-7.89356
-8.06325
-8.23228
-8.40071
-8.56851
-8.73574
-8.90241
-9.06838
-9.23393
-9.39859
-9.56308
-9.72662
-9.88977
-10.0521
-10.2141
-10.3755
-10.5361
-10.6968
-10.856
-11.0154
-11.1738
-11.3325
-11.4904
-11.6478
-11.8054
-11.9613
-12.1182
-12.2729
-12.4288
-12.5831
-12.7374
-12.8918
-13.0443
-13.1992
-13.3503
-13.5044
-13.6568
-13.8098
-13.9641
-14.1154
-14.2696
-14.4203
-14.5732
-14.7234
-14.8733
-15.0244
-15.172
-15.3215
-15.4691
-15.6183
-15.766
-15.9137
-16.0617
-16.2092
-16.357
-16.5043
-16.6526
-16.8001
-16.9476
-17.0959
-17.2435
-17.3912
-17.5393
-17.6874
-17.8353
-17.983
-18.1309
-18.2788
-18.4257
-18.5697
-18.7129
-1.48957
-1.7276
-2.09468
-2.43042
-2.73092
-3.03393
-3.33333
-3.61513
-3.87964
-4.1303
-4.36809
-4.59388
-4.80983
-5.01761
-5.21908
-5.41576
-5.60875
-5.79871
-5.98599
-6.17097
-6.35351
-6.5337
-6.71187
-6.88837
-7.0634
-7.2371
-7.40963
-7.58119
-7.75224
-7.9225
-8.09216
-8.26119
-8.42962
-8.59744
-8.76466
-8.93132
-9.09731
-9.26283
-9.42751
-9.59198
-9.75556
-9.91865
-10.081
-10.243
-10.4044
-10.5651
-10.7256
-10.8849
-11.0443
-11.2028
-11.3614
-11.5193
-11.6767
-11.8343
-11.9903
-12.1468
-12.302
-12.4577
-12.612
-12.7663
-12.9205
-13.0735
-13.2275
-13.3795
-13.5331
-13.6857
-13.8389
-13.9926
-14.1448
-14.298
-14.4497
-14.602
-14.7524
-14.9026
-15.0529
-15.2013
-15.3501
-15.4982
-15.6469
-15.795
-15.9425
-16.0905
-16.2382
-16.3856
-16.5335
-16.6811
-16.8292
-16.9764
-17.1246
-17.2725
-17.4199
-17.5684
-17.7159
-17.8645
-18.0116
-18.1595
-18.307
-18.4524
-18.595
-18.7314
-1.49328
-1.75117
-2.12272
-2.45577
-2.75697
-3.0611
-3.36074
-3.64228
-3.90673
-4.15742
-4.39507
-4.6207
-4.83653
-5.04416
-5.24553
-5.44215
-5.6351
-5.82505
-6.01228
-6.19731
-6.37981
-6.55993
-6.73808
-6.91457
-7.0896
-7.26327
-7.43577
-7.6073
-7.7784
-7.94865
-8.11828
-8.28731
-8.45575
-8.62357
-8.7908
-8.95745
-9.12345
-9.28896
-9.45365
-9.61814
-9.78174
-9.94479
-10.1072
-10.2692
-10.4305
-10.5912
-10.7516
-10.9111
-11.0703
-11.2289
-11.3875
-11.5454
-11.7029
-11.8604
-12.0166
-12.1728
-12.3284
-12.4837
-12.6383
-12.7926
-12.9467
-13.0999
-13.2535
-13.4061
-13.5593
-13.7121
-13.8653
-14.0187
-14.1715
-14.324
-14.4762
-14.6281
-14.7788
-14.9288
-15.0788
-15.2274
-15.376
-15.5244
-15.6727
-15.8211
-15.9683
-16.1167
-16.2641
-16.4117
-16.5596
-16.7069
-16.8555
-17.0022
-17.1509
-17.2983
-17.4461
-17.5945
-17.7417
-17.8907
-18.0373
-18.1856
-18.3321
-18.4775
-18.6177
-18.7495
-1.4882
-1.7725
-2.14869
-2.47842
-2.78068
-3.08608
-3.38601
-3.6672
-3.93157
-4.18228
-4.41977
-4.6452
-4.8609
-5.06835
-5.26958
-5.46611
-5.659
-5.84893
-6.03611
-6.22119
-6.40365
-6.58371
-6.76183
-6.93832
-7.11334
-7.28698
-7.45946
-7.63095
-7.8021
-7.97233
-8.14194
-8.31096
-8.47941
-8.64721
-8.81444
-8.98107
-9.14708
-9.3125
-9.47727
-9.64176
-9.80536
-9.96839
-10.1308
-10.2927
-10.4542
-10.6148
-10.7753
-10.9349
-11.094
-11.2528
-11.4112
-11.5693
-11.7267
-11.8843
-12.0405
-12.1968
-12.3525
-12.5077
-12.6625
-12.8166
-12.9708
-13.1241
-13.2775
-13.4304
-13.5834
-13.7363
-13.8893
-14.0427
-14.1953
-14.3479
-14.4999
-14.6517
-14.8025
-14.9524
-15.1024
-15.2509
-15.3997
-15.5479
-15.6963
-15.8446
-15.9918
-16.1404
-16.2874
-16.4355
-16.5829
-16.7306
-16.8789
-17.0258
-17.1746
-17.3217
-17.4699
-17.6178
-17.7655
-17.9141
-18.0608
-18.209
-18.3549
-18.5005
-18.6382
-18.7674
-1.47687
-1.79195
-2.17232
-2.49865
-2.80222
-3.10897
-3.40931
-3.69013
-3.95442
-4.2051
-4.44239
-4.66753
-4.88306
-5.09033
-5.29142
-5.48783
-5.68062
-5.87052
-6.05764
-6.24275
-6.42514
-6.60513
-6.78319
-6.95969
-7.13468
-7.30833
-7.48072
-7.65225
-7.82343
-7.99362
-8.1632
-8.33223
-8.50071
-8.66853
-8.83578
-9.00243
-9.16849
-9.33392
-9.49882
-9.66327
-9.82688
-9.98997
-10.1525
-10.3144
-10.476
-10.6366
-10.7972
-10.9568
-11.116
-11.2748
-11.4331
-11.5912
-11.7485
-11.9061
-12.0623
-12.2186
-12.3743
-12.5294
-12.6843
-12.8382
-12.9926
-13.1458
-13.2992
-13.4521
-13.605
-13.7581
-13.9109
-14.0644
-14.2168
-14.3695
-14.5212
-14.6731
-14.8238
-14.9736
-15.1236
-15.272
-15.4209
-15.569
-15.7175
-15.8656
-16.013
-16.1615
-16.3085
-16.4567
-16.6039
-16.7519
-16.8999
-17.0471
-17.1956
-17.3428
-17.4912
-17.6387
-17.7869
-17.9349
-18.0822
-18.2299
-18.3757
-18.5209
-18.6573
-18.7846
-1.46134
-1.80993
-2.19356
-2.51683
-2.82176
-3.12975
-3.43056
-3.71104
-3.97533
-4.22595
-4.46312
-4.68801
-4.90326
-5.11031
-5.31131
-5.50761
-5.70038
-5.89017
-6.07738
-6.26251
-6.44488
-6.62479
-6.80276
-6.97922
-7.15414
-7.32777
-7.50012
-7.67174
-7.84291
-8.01314
-8.18275
-8.35182
-8.5204
-8.68834
-8.85568
-9.02244
-9.18856
-9.35409
-9.51901
-9.68337
-9.84694
-10.01
-10.1726
-10.3344
-10.496
-10.6566
-10.8171
-10.9767
-11.1359
-11.2948
-11.453
-11.6112
-11.7684
-11.9261
-12.0823
-12.2385
-12.3942
-12.5493
-12.7043
-12.8582
-13.0126
-13.1658
-13.3193
-13.4721
-13.625
-13.7779
-13.9307
-14.0842
-14.2364
-14.3892
-14.5407
-14.6928
-14.8433
-14.9933
-15.1433
-15.2916
-15.4406
-15.5885
-15.7373
-15.8852
-16.0328
-16.1811
-16.3283
-16.4765
-16.6235
-16.7718
-16.9194
-17.067
-17.2152
-17.3627
-17.5108
-17.6584
-17.8067
-17.9544
-18.1021
-18.2493
-18.3954
-18.5396
-18.6755
-18.801
-1.4426
-1.82662
-2.21262
-2.53368
-2.83994
-3.14883
-3.44987
-3.72985
-3.99411
-4.24452
-4.48136
-4.70651
-4.92128
-5.12796
-5.32873
-5.52483
-5.71747
-5.90711
-6.09437
-6.27936
-6.46174
-6.64172
-6.81983
-6.99645
-7.17154
-7.34527
-7.5178
-7.68956
-7.86079
-8.03109
-8.20066
-8.36961
-8.53811
-8.70599
-8.87326
-9.03995
-9.20601
-9.37148
-9.53633
-9.70066
-9.86422
-10.0272
-10.1897
-10.3515
-10.5131
-10.6736
-10.8341
-10.9937
-11.1528
-11.3116
-11.4698
-11.628
-11.7851
-11.9428
-12.0988
-12.2551
-12.4107
-12.5658
-12.7207
-12.8745
-13.0289
-13.1819
-13.3355
-13.4883
-13.6412
-13.7941
-13.947
-14.1004
-14.2526
-14.4055
-14.5567
-14.7089
-14.8593
-15.0092
-15.1591
-15.3073
-15.4565
-15.6042
-15.7531
-15.9007
-16.0486
-16.1966
-16.344
-16.4921
-16.6391
-16.7875
-16.9349
-17.0828
-17.2307
-17.3784
-17.5264
-17.6741
-17.8224
-17.97
-18.1178
-18.2648
-18.4113
-18.5551
-18.6911
-18.8157
-1.42174
-1.84096
-2.22821
-2.54863
-2.85682
-3.16731
-3.46869
-3.74819
-4.01247
-4.26275
-4.49934
-4.72475
-4.93919
-5.14573
-5.34651
-5.54273
-5.73556
-5.92554
-6.11311
-6.29836
-6.48094
-6.66097
-6.83916
-7.01578
-7.19078
-7.36429
-7.53661
-7.70827
-7.87942
-8.04969
-8.21927
-8.38826
-8.55677
-8.72468
-8.89197
-9.05869
-9.22477
-9.39028
-9.55516
-9.71949
-9.88308
-10.0461
-10.2086
-10.3703
-10.5319
-10.6925
-10.853
-11.0126
-11.1718
-11.3306
-11.4889
-11.647
-11.8042
-11.9619
-12.118
-12.2744
-12.4299
-12.5852
-12.7401
-12.894
-13.0484
-13.2015
-13.3551
-13.5078
-13.6608
-13.8135
-13.9664
-14.1197
-14.272
-14.4248
-14.576
-14.7282
-14.8786
-15.0287
-15.1785
-15.3269
-15.476
-15.6238
-15.7727
-15.9203
-16.0683
-16.2162
-16.3638
-16.5117
-16.6588
-16.8072
-16.9545
-17.1026
-17.2502
-17.3982
-17.5459
-17.6938
-17.842
-17.9896
-18.1375
-18.2841
-18.4308
-18.5737
-18.7095
-18.8323
-1.40714
-1.85554
-2.24045
-2.55817
-2.86718
-3.17945
-3.48134
-3.7603
-4.02475
-4.27503
-4.5115
-4.73653
-4.95079
-5.15722
-5.35788
-5.55399
-5.7467
-5.93657
-6.12401
-6.30909
-6.49135
-6.67098
-6.84896
-7.02538
-7.20026
-7.37365
-7.54577
-7.71732
-7.88838
-8.05858
-8.22807
-8.39697
-8.5654
-8.73323
-8.90044
-9.06709
-9.23309
-9.39853
-9.56334
-9.72762
-9.89115
-10.0541
-10.2165
-10.3783
-10.5398
-10.7003
-10.8608
-11.0203
-11.1795
-11.3382
-11.4965
-11.6546
-11.8117
-11.9693
-12.1254
-12.2817
-12.4372
-12.5924
-12.7472
-12.9011
-13.0555
-13.2085
-13.3621
-13.5148
-13.6678
-13.8206
-13.9736
-14.1268
-14.2791
-14.4319
-14.5831
-14.7353
-14.8856
-15.0357
-15.1854
-15.3338
-15.4828
-15.6306
-15.7796
-15.9271
-16.0751
-16.2229
-16.3706
-16.5184
-16.6656
-16.814
-16.9613
-17.1093
-17.257
-17.405
-17.5527
-17.7006
-17.8487
-17.9964
-18.1443
-18.291
-18.4378
-18.5807
-18.7169
-18.84
-1.37667
-1.87036
-2.26406
-2.58232
-2.89152
-3.2043
-3.50696
-3.78495
-4.04972
-4.30011
-4.53648
-4.76132
-4.97537
-5.18151
-5.38191
-5.57778
-5.77031
-5.96003
-6.14738
-6.33238
-6.51468
-6.69436
-6.87231
-7.04871
-7.22353
-7.39691
-7.56904
-7.74054
-7.91155
-8.08172
-8.25119
-8.42007
-8.58849
-8.75631
-8.92352
-9.09017
-9.25617
-9.42161
-9.58642
-9.7507
-9.91424
-10.0772
-10.2396
-10.4014
-10.5629
-10.7234
-10.8839
-11.0434
-11.2026
-11.3614
-11.5196
-11.6777
-11.8349
-11.9925
-12.1486
-12.3049
-12.4604
-12.6156
-12.7704
-12.9243
-13.0787
-13.2318
-13.3853
-13.538
-13.6911
-13.8438
-13.9968
-14.15
-14.3023
-14.4551
-14.6063
-14.7585
-14.9087
-15.0589
-15.2086
-15.357
-15.506
-15.6538
-15.8028
-15.9503
-16.0984
-16.2461
-16.3939
-16.5416
-16.6889
-16.8372
-16.9845
-17.1326
-17.2802
-17.4283
-17.5758
-17.724
-17.8719
-18.0196
-18.1675
-18.3142
-18.4609
-18.6037
-18.7398
-18.8622
-18.5907
-19.0401
-19.7197
-20.0523
-19.7807
-18.7146
-16.8818
-14.6492
-12.4725
-10.6677
-9.21748
-8.02391
-6.99137
-6.0222
-5.13116
-4.33163
-3.57831
-2.92556
-2.53543
-2.52095
-2.74551
-3.00353
-3.08479
-2.77707
-2.00151
-1.22626
-0.769198
-0.46561
-0.206504
0.0576858
0.343593
0.637488
0.934168
1.22079
1.44571
1.61195
1.72619
1.80051
1.84722
1.87833
1.89785
1.90768
1.90896
1.90302
1.89091
1.87341
1.85174
1.82691
1.80002
1.77098
1.73932
1.70545
1.67131
1.63611
1.60134
1.56846
1.53641
1.50419
1.46994
1.43635
1.40301
1.36939
1.33573
1.30201
1.26821
1.23437
1.2005
1.16661
1.13271
1.09881
1.0649
1.03099
0.997079
0.963167
0.929256
0.895347
0.861437
0.827527
0.793615
0.759702
0.725789
0.691874
0.657958
0.62404
0.59012
0.556196
0.522264
0.488317
0.454343
0.420322
0.38622
0.351983
0.317508
0.282639
0.247048
0.210373
0.171465
0.130151
0.0818096
0.0337322
-18.662
-18.9682
-19.6171
-19.9589
-19.693
-18.6513
-16.8404
-14.6249
-12.4643
-10.6718
-9.22017
-8.02175
-6.98457
-6.01482
-5.13074
-4.3376
-3.61199
-2.98493
-2.65511
-2.68508
-2.95161
-3.2251
-3.29771
-2.96363
-2.11484
-1.25795
-0.758213
-0.430368
-0.164935
0.0899071
0.36166
0.644502
0.932379
1.2155
1.43039
1.5929
1.70713
1.78338
1.83174
1.86416
1.88434
1.89444
1.89584
1.88995
1.87791
1.86047
1.83881
1.814
1.78714
1.758
1.72623
1.6924
1.65831
1.62329
1.58888
1.55601
1.52367
1.49118
1.45725
1.42368
1.3903
1.35668
1.323
1.28926
1.25545
1.2216
1.18773
1.15384
1.11994
1.08604
1.05213
1.01822
0.984306
0.950394
0.916483
0.882573
0.848664
0.814753
0.780841
0.746929
0.713015
0.679101
0.645186
0.611269
0.57735
0.543428
0.509501
0.475561
0.441601
0.407603
0.373541
0.339373
0.305016
0.270348
0.235105
0.199002
0.161117
0.121301
0.075846
0.030488
-18.639
-18.97
-19.5504
-19.8647
-19.5889
-18.5671
-16.7867
-14.5925
-12.4514
-10.6701
-9.21934
-8.01264
-6.96632
-5.9993
-5.12105
-4.33844
-3.64762
-3.04838
-2.78142
-2.86378
-3.1779
-3.47065
-3.5351
-3.16793
-2.24834
-1.29144
-0.740074
-0.385843
-0.112135
0.131191
0.385183
0.654415
0.934483
1.20814
1.41291
1.5717
1.68644
1.7643
1.81473
1.84858
1.86947
1.87985
1.88134
1.87551
1.86355
1.84618
1.82452
1.79973
1.77289
1.74368
1.71178
1.67799
1.64388
1.60906
1.57507
1.54225
1.50974
1.47665
1.44317
1.4097
1.3762
1.34259
1.3089
1.27514
1.24132
1.20747
1.17359
1.1397
1.1058
1.07189
1.03799
1.00407
0.970163
0.936251
0.90234
0.868431
0.834521
0.800611
0.766699
0.732786
0.698873
0.664959
0.631044
0.597128
0.563211
0.529293
0.49537
0.461439
0.427494
0.393521
0.359505
0.325413
0.291188
0.256744
0.221892
0.186429
0.149685
0.111545
0.0692936
0.0269494
-18.69
-18.9802
-19.4995
-19.7758
-19.4789
-18.4664
-16.717
-14.5546
-12.4408
-10.6674
-9.21332
-7.99394
-6.9338
-5.97188
-5.09967
-4.33951
-3.67317
-3.11364
-2.9121
-3.05741
-3.42511
-3.74
-3.79888
-3.38636
-2.41038
-1.32871
-0.712422
-0.328648
-0.046447
0.183744
0.415749
0.66941
0.94107
1.19746
1.39339
1.54845
1.6639
1.74317
1.79604
1.83142
1.85309
1.86376
1.86533
1.85955
1.84768
1.8304
1.80875
1.78397
1.75715
1.72787
1.69587
1.66208
1.6279
1.59324
1.55972
1.52703
1.49418
1.46071
1.42762
1.39422
1.3606
1.32699
1.29328
1.25951
1.22568
1.19182
1.15794
1.12404
1.09014
1.05624
1.02233
0.988416
0.954504
0.920593
0.886682
0.852772
0.818862
0.784952
0.75104
0.717128
0.683215
0.649302
0.615387
0.581473
0.547557
0.513642
0.479725
0.445804
0.411874
0.377931
0.343964
0.309958
0.275881
0.241687
0.207271
0.172521
0.137049
0.100781
0.0620776
0.0230872
-18.7073
-18.9786
-19.4475
-19.6819
-19.3624
-18.3525
-16.6366
-14.5138
-12.4355
-10.6685
-9.20223
-7.9619
-6.88576
-5.92594
-5.06568
-4.32914
-3.67707
-3.18949
-3.05266
-3.26501
-3.6915
-4.0293
-4.08757
-3.61371
-2.58812
-1.3819
-0.674657
-0.250275
0.0335645
0.249629
0.455473
0.692603
0.949297
1.18462
1.3721
1.52336
1.63894
1.71996
1.77544
1.81248
1.83503
1.84602
1.84766
1.84193
1.83015
1.81297
1.79132
1.76655
1.73974
1.7104
1.67831
1.64452
1.61026
1.57566
1.54266
1.51011
1.47684
1.44328
1.41044
1.37702
1.34337
1.30974
1.276
1.24221
1.20837
1.17449
1.14061
1.10671
1.07281
1.0389
1.00499
0.97108
0.937168
0.903257
0.869346
0.835436
0.801526
0.767616
0.733705
0.699792
0.66588
0.631967
0.598053
0.56414
0.530226
0.496315
0.462404
0.428493
0.394583
0.360671
0.32676
0.292848
0.258936
0.225021
0.191088
0.157133
0.123071
0.0888888
0.0541096
0.0188576
-18.7324
-18.9792
-19.3884
-19.5767
-19.2305
-18.2196
-16.5462
-14.4674
-12.4341
-10.6748
-9.18631
-7.91705
-6.81954
-5.85027
-5.00423
-4.29488
-3.68103
-3.28056
-3.20177
-3.48165
-3.97254
-4.33157
-4.39338
-3.85022
-2.7508
-1.45638
-0.63467
-0.148572
0.134895
0.331162
0.507391
0.725256
0.956516
1.17135
1.34915
1.49622
1.61111
1.69448
1.75266
1.79155
1.81511
1.82645
1.82817
1.82248
1.8108
1.79372
1.77207
1.74728
1.72048
1.69109
1.65892
1.62512
1.59081
1.5562
1.52368
1.49119
1.4577
1.42413
1.39136
1.35796
1.32433
1.29065
1.25686
1.22305
1.18915
1.1553
1.12141
1.08751
1.05361
1.0197
0.985793
0.951882
0.917971
0.884059
0.850148
0.816238
0.782329
0.748418
0.714507
0.680595
0.646682
0.61277
0.578857
0.544945
0.511034
0.477126
0.443222
0.409324
0.375434
0.341558
0.307708
0.273902
0.240171
0.206564
0.173167
0.140092
0.107591
0.0757231
0.045279
0.0141956
-18.7534
-18.9738
-19.3204
-19.4582
-19.0825
-18.0713
-16.4401
-14.4159
-12.4289
-10.6752
-9.16206
-7.85809
-6.72981
-5.74901
-4.922
-4.24819
-3.70262
-3.37334
-3.35147
-3.70139
-4.25817
-4.6373
-4.7018
-4.09251
-2.8938
-1.53547
-0.589912
-0.030262
0.26313
0.430147
0.574651
0.764095
0.963119
1.15671
1.32353
1.46586
1.58046
1.66646
1.72747
1.76842
1.79314
1.80489
1.80669
1.80104
1.78945
1.77247
1.75078
1.72597
1.69918
1.66974
1.6375
1.60371
1.56938
1.53478
1.50248
1.47014
1.43656
1.40296
1.37021
1.33689
1.30325
1.26952
1.2357
1.20187
1.16806
1.13408
1.10018
1.06628
1.03237
0.998462
0.964552
0.930641
0.896729
0.862818
0.828907
0.794997
0.761087
0.727177
0.693265
0.659353
0.625441
0.591529
0.557617
0.523707
0.489799
0.455895
0.421998
0.388113
0.354245
0.320408
0.286625
0.252934
0.219403
0.186133
0.153325
0.121218
0.0904362
0.0611187
0.0354598
0.00901446
-18.7724
-18.9653
-19.2464
-19.3273
-18.9201
-17.9103
-16.3203
-14.3616
-12.4165
-10.6658
-9.12618
-7.77731
-6.61649
-5.63499
-4.83139
-4.19801
-3.72135
-3.46247
-3.4981
-3.91619
-4.52683
-4.93889
-4.99727
-4.33242
-3.02851
-1.59915
-0.528136
0.103507
0.413045
0.544459
0.652697
0.802379
0.968439
1.13914
1.29423
1.432
1.547
1.63575
1.69967
1.74291
1.76895
1.78117
1.78306
1.77744
1.76594
1.74901
1.72725
1.70237
1.67559
1.64611
1.61382
1.58004
1.54574
1.51119
1.47884
1.44684
1.41316
1.37952
1.34676
1.31355
1.27987
1.24608
1.2122
1.17834
1.14434
1.11052
1.07662
1.04272
1.00881
0.974906
0.940996
0.907084
0.873173
0.839262
0.805351
0.771441
0.737531
0.703621
0.66971
0.635798
0.601886
0.567974
0.534063
0.500155
0.466249
0.432351
0.398462
0.364591
0.330748
0.296955
0.263246
0.229682
0.196371
0.163473
0.131308
0.100259
0.0713635
0.0448384
0.0244653
0.0031621
-18.7899
-18.9542
-19.1676
-19.1858
-18.7453
-17.7378
-16.1895
-14.2969
-12.3908
-10.6434
-9.07382
-7.67978
-6.4882
-5.51057
-4.72943
-4.13915
-3.73629
-3.54925
-3.63622
-4.10966
-4.76494
-5.22235
-5.26522
-4.55749
-3.15377
-1.63678
-0.449444
0.25457
0.573273
0.670778
0.737616
0.837607
0.970876
1.11851
1.26149
1.39517
1.51071
1.60226
1.66916
1.71486
1.74236
1.75511
1.75711
1.75151
1.74005
1.72308
1.70117
1.67626
1.6495
1.61999
1.58762
1.55388
1.51965
1.4852
1.45262
1.421
1.38731
1.35359
1.32081
1.28774
1.25405
1.22023
1.18632
1.15246
1.11857
1.08457
1.05065
1.01674
0.982829
0.948917
0.915006
0.881093
0.847181
0.81327
0.779359
0.745449
0.711539
0.677629
0.643718
0.609806
0.575895
0.541983
0.508073
0.474167
0.440264
0.406371
0.37249
0.338634
0.304816
0.271066
0.237434
0.204002
0.170921
0.138416
0.106942
0.077029
0.0501806
0.0266714
0.0121392
-0.00352911
-18.8064
-18.941
-19.087
-19.04
-18.5644
-17.5587
-16.0532
-14.2263
-12.3595
-10.613
-9.00978
-7.5705
-6.34708
-5.37059
-4.61759
-4.07902
-3.7522
-3.632
-3.76265
-4.26551
-4.96483
-5.46568
-5.48874
-4.74597
-3.25748
-1.65039
-0.363145
0.403925
0.727815
0.801136
0.8242
0.870137
0.971099
1.09596
1.22659
1.35605
1.472
1.5662
1.63592
1.68413
1.71324
1.72659
1.7287
1.72308
1.71154
1.69441
1.67235
1.64735
1.62059
1.59106
1.55865
1.52494
1.49079
1.45648
1.42372
1.39215
1.35864
1.32485
1.29198
1.25898
1.22523
1.19134
1.15735
1.12346
1.08949
1.0556
1.02169
0.987779
0.953869
0.919958
0.886047
0.852135
0.818223
0.784312
0.750401
0.716491
0.682582
0.648671
0.61476
0.580849
0.546938
0.513027
0.479119
0.445214
0.411315
0.377428
0.343557
0.30972
0.275932
0.242235
0.208693
0.175414
0.142593
0.110521
0.079797
0.0511022
0.0264728
0.00617963
-0.00186691
-0.0114385
-18.8217
-18.9285
-19.0139
-18.9061
-18.3977
-17.3934
-15.9294
-14.1633
-12.3321
-10.5821
-8.94481
-7.4558
-6.2001
-5.23084
-4.51163
-4.02797
-3.77275
-3.70738
-3.86831
-4.37409
-5.1059
-5.6431
-5.6428
-4.86584
-3.32277
-1.64259
-0.286168
0.522154
0.851388
0.908956
0.899129
0.89777
0.966292
1.07217
1.19284
1.31821
1.4336
1.52991
1.60215
1.65267
1.6832
1.69709
1.69924
1.69349
1.68168
1.6643
1.64213
1.61702
1.59017
1.56063
1.5283
1.49458
1.46061
1.42647
1.39362
1.36179
1.3286
1.29488
1.26197
1.22907
1.19535
1.16146
1.12742
1.0935
1.05947
1.02552
0.991596
0.957673
0.923756
0.88984
0.855928
0.822014
0.788102
0.754191
0.72028
0.686369
0.65246
0.618549
0.584639
0.550727
0.516817
0.482906
0.448998
0.415096
0.381199
0.347316
0.313452
0.279628
0.245861
0.212204
0.178733
0.145579
0.112986
0.0813114
0.0513077
0.0237936
0.00139601
-0.0157496
-0.0169532
-0.0204859
-18.8363
-18.9196
-18.9571
-18.7997
-18.2638
-17.2622
-15.8311
-14.1113
-12.3072
-10.5518
-8.88373
-7.35
-6.07106
-5.11569
-4.42968
-3.99745
-3.80145
-3.77522
-3.94875
-4.45008
-5.18792
-5.74377
-5.71867
-4.91309
-3.34459
-1.6219
-0.230002
0.600748
0.932391
0.979378
0.948549
0.919792
0.953792
1.04801
1.16304
1.28595
1.39993
1.49616
1.57079
1.62333
1.65492
1.66924
1.67154
1.66563
1.65353
1.63587
1.61353
1.5882
1.56111
1.53157
1.49941
1.46564
1.4317
1.39778
1.36471
1.33277
1.29975
1.26602
1.23294
1.19997
1.16618
1.13228
1.09822
1.06419
1.0303
0.99638
0.962465
0.928547
0.894635
0.86072
0.826809
0.792896
0.758984
0.725073
0.691162
0.657251
0.623342
0.589432
0.555522
0.52161
0.4877
0.453791
0.419884
0.385984
0.35209
0.318216
0.284361
0.250558
0.216823
0.183221
0.149843
0.116841
0.0844986
0.0532205
0.0238971
-0.0025543
-0.0228985
-0.0373188
-0.0319528
-0.0302884
-18.8501
-18.9155
-18.9179
-18.7227
-18.1659
-17.1661
-15.7587
-14.0723
-12.2875
-10.5277
-8.83331
-7.2624
-5.96893
-5.02815
-4.37154
-3.9833
-3.8349
-3.83925
-4.01407
-4.50756
-5.2315
-5.7884
-5.74155
-4.91382
-3.33658
-1.59758
-0.193132
0.64708
0.977522
1.01756
0.973256
0.932568
0.947222
1.02741
1.1381
1.25843
1.37167
1.4672
1.54318
1.59704
1.62946
1.64412
1.6465
1.64038
1.62802
1.6102
1.58784
1.56247
1.53522
1.50568
1.47342
1.43988
1.40611
1.37227
1.33904
1.30706
1.27423
1.24068
1.20762
1.17466
1.14088
1.10689
1.07286
1.03873
1.00476
0.970776
0.936837
0.902907
0.868988
0.83507
0.801155
0.767243
0.73333
0.699419
0.665508
0.631597
0.597688
0.563777
0.529868
0.495955
0.462046
0.428135
0.394231
0.360329
0.326438
0.292561
0.258712
0.224912
0.191182
0.157599
0.124246
0.0913026
0.0590896
0.028056
-0.000776521
-0.02642
-0.0450529
-0.057341
-0.0460465
-0.0403574
-18.8634
-18.9161
-18.893
-18.6702
-18.0982
-17.0991
-15.7085
-14.046
-12.2744
-10.5106
-8.79436
-7.19332
-5.88973
-4.96382
-4.33501
-3.98502
-3.87686
-3.89838
-4.07455
-4.55405
-5.25775
-5.80282
-5.73903
-4.8923
-3.31392
-1.57452
-0.170771
0.67023
0.998368
1.03435
0.981411
0.933656
0.94019
1.01054
1.11642
1.234
1.34695
1.44293
1.5193
1.57362
1.60646
1.62131
1.62366
1.61741
1.60492
1.58708
1.56476
1.53933
1.51196
1.48237
1.44982
1.41619
1.38226
1.34836
1.31519
1.28302
1.25014
1.21648
1.18322
1.15013
1.11653
1.08254
1.04858
1.01449
0.980549
0.946609
0.912682
0.878766
0.844846
0.810936
0.777018
0.743108
0.709194
0.675284
0.641373
0.607462
0.573553
0.539643
0.505733
0.471821
0.437912
0.404003
0.370099
0.3362
0.302313
0.268442
0.234607
0.200824
0.16713
0.133592
0.100342
0.0675389
0.0355457
0.00483679
-0.0234768
-0.048392
-0.0655236
-0.076262
-0.0595842
-0.0508089
-18.8767
-18.9206
-18.8792
-18.637
-18.0539
-17.0554
-15.6767
-14.0311
-12.2689
-10.5012
-8.76723
-7.14118
-5.83015
-4.92101
-4.31905
-4.00285
-3.92303
-3.95281
-4.12922
-4.59453
-5.28031
-5.80707
-5.72999
-4.86429
-3.28714
-1.55573
-0.159395
0.67775
1.00445
1.03893
0.981381
0.929032
0.930846
0.994519
1.09668
1.21315
1.32561
1.42163
1.49806
1.55262
1.58567
1.60061
1.60296
1.59672
1.58429
1.56659
1.54442
1.5191
1.4918
1.46236
1.43007
1.39637
1.36236
1.32843
1.29519
1.263
1.23029
1.19683
1.16358
1.13038
1.09668
1.06256
1.0285
0.994376
0.960375
0.926411
0.892461
0.858542
0.824615
0.790704
0.756786
0.722874
0.688961
0.65505
0.621139
0.587228
0.55332
0.519408
0.485499
0.451586
0.417678
0.383768
0.349864
0.315962
0.282077
0.248199
0.214365
0.180565
0.146874
0.113306
0.0800475
0.0472124
0.0152051
-0.0154589
-0.0436021
-0.0681395
-0.0841778
-0.0941043
-0.0726805
-0.0616901
-18.8902
-18.9281
-18.8738
-18.6186
-18.0278
-17.0302
-15.6601
-14.0266
-12.2711
-10.4998
-8.75164
-7.10388
-5.78826
-4.89853
-4.32239
-4.0336
-3.9672
-4.00188
-4.17583
-4.63228
-5.30497
-5.81257
-5.72177
-4.83736
-3.26104
-1.53892
-0.151882
0.68023
1.00604
1.03941
0.97845
0.922742
0.920691
0.978888
1.07914
1.19495
1.30697
1.40296
1.4794
1.53408
1.56717
1.58212
1.58441
1.57803
1.56536
1.54734
1.52481
1.49913
1.47152
1.44175
1.40916
1.37526
1.34115
1.30716
1.27385
1.24148
1.20858
1.17498
1.14172
1.10861
1.0752
1.04127
1.0073
0.973247
0.939279
0.90534
0.871404
0.837489
0.803567
0.769657
0.73574
0.70183
0.667915
0.634006
0.600093
0.566184
0.532274
0.498366
0.464453
0.430545
0.396632
0.362727
0.32882
0.294927
0.26104
0.227176
0.193347
0.159576
0.125916
0.0924196
0.0592512
0.0265775
-0.00518925
-0.0355025
-0.0631258
-0.0870831
-0.101915
-0.111288
-0.0857502
-0.0729817
-18.9035
-18.9375
-18.8748
-18.6115
-18.0157
-17.0195
-15.6558
-14.0308
-12.28
-10.5059
-8.74663
-7.07989
-5.76306
-4.89442
-4.34245
-4.07001
-4.00856
-4.04263
-4.2147
-4.66871
-5.33244
-5.82268
-5.7162
-4.81294
-3.23333
-1.51663
-0.138283
0.687876
1.00998
1.03965
0.974165
0.915154
0.910591
0.965457
1.06405
1.1791
1.29073
1.38669
1.46318
1.51798
1.55121
1.56639
1.56893
1.56293
1.55077
1.53327
1.5112
1.48582
1.45823
1.42848
1.396
1.36206
1.32788
1.29388
1.26058
1.22825
1.19558
1.16203
1.12859
1.09535
1.06163
1.02752
0.993449
0.959347
0.925345
0.891389
0.857443
0.823524
0.7896
0.755689
0.721771
0.687861
0.653946
0.620036
0.586124
0.552214
0.518304
0.484395
0.450483
0.416574
0.382661
0.348756
0.314848
0.280953
0.247061
0.213195
0.179353
0.145578
0.111873
0.0783619
0.045104
0.0123571
-0.0195725
-0.050042
-0.0779135
-0.101954
-0.116704
-0.126239
-0.0980126
-0.0843038
-18.9187
-18.9496
-18.8814
-18.6129
-18.0142
-17.0195
-15.6602
-14.0411
-12.2934
-10.5174
-8.75023
-7.0683
-5.75435
-4.9066
-4.37219
-4.10555
-4.04331
-4.07414
-4.24687
-4.70245
-5.36088
-5.83671
-5.71314
-4.78983
-3.20075
-1.4849
-0.114107
0.703369
1.01746
1.04043
0.968697
0.903943
0.895154
0.948202
1.04726
1.16261
1.27434
1.3703
1.4466
1.50108
1.53376
1.54838
1.55028
1.54357
1.53059
1.5126
1.49
1.46422
1.4365
1.40662
1.37402
1.34003
1.30584
1.27182
1.23849
1.20605
1.17326
1.1398
1.10652
1.0734
1.03993
1.00598
0.971985
0.937923
0.903945
0.869995
0.836058
0.80214
0.768217
0.734307
0.700389
0.66648
0.632564
0.598656
0.564743
0.530834
0.496923
0.463015
0.429103
0.395194
0.361282
0.327377
0.293471
0.259576
0.225691
0.191827
0.157999
0.124232
0.0905723
0.0570987
0.0239391
-0.00868479
-0.0403845
-0.07056
-0.0978784
-0.121443
-0.134996
-0.144218
-0.112972
-0.0983676
-18.9266
-18.9571
-18.8874
-18.6175
-18.0188
-17.0263
-15.6704
-14.0552
-12.309
-10.5324
-8.76045
-7.06998
-5.76487
-4.93501
-4.40479
-4.13448
-4.06626
-4.09466
-4.27152
-4.73145
-5.38793
-5.85242
-5.71089
-4.76961
-3.16755
-1.44962
-0.0854358
0.721457
1.02595
1.04252
0.967929
0.901998
0.891354
0.944512
1.04141
1.15599
1.26731
1.36323
1.43955
1.4941
1.52706
1.54193
1.54413
1.53776
1.52537
1.50737
1.48496
1.4593
1.43155
1.40165
1.36906
1.33505
1.30084
1.26681
1.23348
1.20106
1.16834
1.13477
1.10139
1.06818
1.03457
1.00053
0.966487
0.932406
0.898413
0.86446
0.830519
0.796601
0.762677
0.728767
0.694848
0.66094
0.627023
0.593115
0.559202
0.525294
0.491382
0.457474
0.423562
0.389653
0.35574
0.321835
0.287928
0.254033
0.220145
0.186279
0.152445
0.118672
0.0849912
0.0514971
0.0182901
-0.0144042
-0.0462133
-0.0765438
-0.104122
-0.127903
-0.141891
-0.151517
-0.120166
-0.102236
-18.9487
-18.9783
-18.908
-18.6381
-18.0409
-17.051
-15.6974
-14.0843
-12.3386
-10.5624
-8.78947
-7.09782
-5.80135
-4.98061
-4.44589
-4.16549
-4.09302
-4.12173
-4.30126
-4.76342
-5.41838
-5.87489
-5.72339
-4.7639
-3.15193
-1.43155
-0.0720946
0.725341
1.01935
1.02823
0.948478
0.880637
0.869221
0.921798
1.01868
1.13388
1.24551
1.34145
1.41766
1.472
1.50466
1.51918
1.52114
1.51455
1.50184
1.48379
1.46129
1.43556
1.40779
1.37787
1.34526
1.31125
1.27704
1.24301
1.20968
1.17724
1.14447
1.11094
1.07759
1.0444
1.01083
0.976831
0.942804
0.90873
0.874743
0.840791
0.80685
0.772933
0.739009
0.7051
0.671181
0.637272
0.603356
0.569448
0.535534
0.501626
0.467715
0.433806
0.399895
0.365985
0.332074
0.298168
0.264262
0.230366
0.19648
0.162613
0.128785
0.0950097
0.061344
0.027852
-0.00532909
-0.0379987
-0.0697543
-0.100019
-0.127453
-0.15117
-0.164813
-0.174456
-0.142302
-0.131169
-18.8259
-18.8022
-18.8628
-18.8705
-18.8619
-18.8432
-18.8154
-18.7807
-18.7442
-18.7104
-18.6803
-18.6541
-18.6327
-18.6197
-18.619
-18.6206
-19.4788
-19.4587
-19.4988
-19.5289
-19.5331
-19.5205
-19.4993
-19.474
-19.4475
-19.4222
-19.3999
-19.3817
-19.3677
-19.3574
-19.3509
-19.338
-19.9017
-19.988
-20.0693
-20.102
-20.1036
-20.0891
-20.0671
-20.0434
-20.0213
-20.0023
-19.9874
-19.9772
-19.9721
-19.9713
-19.9701
-19.9604
-20.1819
-20.2619
-20.2964
-20.3098
-20.305
-20.2844
-20.2551
-20.2239
-20.1951
-20.1707
-20.1515
-20.1376
-20.1285
-20.1239
-20.1206
-20.1088
-19.8826
-19.936
-19.9559
-19.9605
-19.9455
-19.9157
-19.8752
-19.8364
-19.799
-19.7642
-19.7328
-19.7054
-19.6825
-19.6647
-19.6517
-19.6323
-18.786
-18.828
-18.8473
-18.8499
-18.834
-18.803
-18.7623
-18.7174
-18.6728
-18.6301
-18.5901
-18.5529
-18.519
-18.4895
-18.4658
-18.4387
-16.9318
-16.9656
-16.9837
-16.9902
-16.9843
-16.9661
-16.9364
-16.8996
-16.8598
-16.8183
-16.7753
-16.7311
-16.6863
-16.6432
-16.6052
-16.5701
-14.6762
-14.6955
-14.7101
-14.7226
-14.7304
-14.7282
-14.7129
-14.6879
-14.6569
-14.6209
-14.5801
-14.535
-14.4866
-14.4379
-14.3943
-14.3562
-12.479
-12.488
-12.5026
-12.5218
-12.5401
-12.5488
-12.5431
-12.5267
-12.5028
-12.4722
-12.4352
-12.3922
-12.3448
-12.2958
-12.2512
-12.2125
-10.6589
-10.6556
-10.6617
-10.6746
-10.6883
-10.6931
-10.6848
-10.6674
-10.6436
-10.6138
-10.5779
-10.5365
-10.4908
-10.4437
-10.4006
-10.3627
-9.21082
-9.20422
-9.20181
-9.20422
-9.20704
-9.20126
-9.18462
-9.16149
-9.13392
-9.10177
-9.06485
-9.02343
-8.97848
-8.93261
-8.89066
-8.85347
-8.02204
-8.01401
-8.00494
-7.99862
-7.99148
-7.97576
-7.95112
-7.9219
-7.88945
-7.85345
-7.81372
-7.77042
-7.7243
-7.67777
-7.63536
-7.59773
-6.99372
-6.98691
-6.97476
-6.96184
-6.94549
-6.92074
-6.88858
-6.85244
-6.81343
-6.77151
-6.72659
-6.67874
-6.62861
-6.57843
-6.53284
-6.49291
-6.02726
-6.02074
-6.00456
-5.98369
-5.95718
-5.92271
-5.88122
-5.83556
-5.7877
-5.73794
-5.68611
-5.63198
-5.57582
-5.5197
-5.46871
-5.42498
-5.12398
-5.09966
-5.06615
-5.0286
-4.98723
-4.93981
-4.88575
-4.82832
-4.77057
-4.71267
-4.65387
-4.59334
-4.53074
-4.46793
-4.41075
-4.36278
-4.30934
-4.25734
-4.1942
-4.12831
-4.06331
-3.99732
-3.92816
-3.8585
-3.79121
-3.7258
-3.66074
-3.59435
-3.52555
-3.45592
-3.3923
-3.33984
-3.53196
-3.45705
-3.3687
-3.27866
-3.19273
-3.10986
-3.02882
-2.95124
-2.87765
-2.80701
-2.73734
-2.66621
-2.59179
-2.51548
-2.4453
-2.38821
-2.83726
-2.71628
-2.59806
-2.48645
-2.38532
-2.29482
-2.2121
-2.13298
-2.05677
-1.98394
-1.91233
-1.83885
-1.76098
-1.67999
-1.60485
-1.54317
-2.36505
-2.16383
-1.98976
-1.84248
-1.72172
-1.62333
-1.54162
-1.4687
-1.3986
-1.33011
-1.26246
-1.19233
-1.11654
-1.03607
-0.96014
-0.89582
-2.28037
-1.97606
-1.71705
-1.51057
-1.35418
-1.23937
-1.1543
-1.08338
-1.01655
-0.952936
-0.89159
-0.828559
-0.760443
-0.68825
-0.620508
-0.562484
-2.44661
-2.07496
-1.75896
-1.50957
-1.32147
-1.18438
-1.08381
-1.00216
-0.931084
-0.868969
-0.812376
-0.757134
-0.700881
-0.645259
-0.596466
-0.554424
-2.68213
-2.28615
-1.95363
-1.68458
-1.47655
-1.32403
-1.21004
-1.11915
-1.04567
-0.985537
-0.934206
-0.888314
-0.846568
-0.810775
-0.785579
-0.760591
-2.77426
-2.39836
-2.0986
-1.86608
-1.68802
-1.54648
-1.42787
-1.32927
-1.25005
-1.18647
-1.1344
-1.09037
-1.051
-1.01817
-0.995434
-0.977876
-2.50677
-2.19844
-1.95947
-1.7771
-1.63672
-1.52493
-1.43493
-1.36116
-1.29835
-1.24417
-1.19811
-1.16093
-1.13484
-1.11843
-1.10804
-1.09643
-1.84364
-1.66592
-1.52495
-1.41495
-1.32631
-1.25353
-1.1943
-1.14655
-1.10821
-1.07798
-1.05503
-1.03861
-1.02806
-1.02245
-1.0199
-1.01074
-1.17934
-1.12224
-1.07105
-1.02693
-0.988169
-0.955265
-0.927982
-0.906028
-0.889186
-0.877193
-0.869566
-0.865395
-0.863379
-0.86249
-0.861853
-0.85106
-0.780502
-0.786905
-0.783397
-0.774454
-0.762709
-0.750478
-0.739098
-0.729314
-0.721447
-0.715494
-0.711202
-0.708091
-0.705406
-0.702617
-0.700047
-0.685949
-0.509976
-0.550675
-0.573944
-0.585247
-0.588201
-0.585667
-0.58007
-0.573191
-0.566137
-0.559441
-0.553197
-0.547089
-0.54052
-0.533451
-0.528449
-0.512117
-0.259327
-0.309243
-0.339957
-0.356592
-0.363158
-0.362844
-0.358109
-0.35073
-0.341912
-0.332419
-0.322691
-0.312933
-0.302825
-0.29046
-0.287433
-0.266765
0.0170312
-0.020055
-0.041606
-0.0519692
-0.0543982
-0.051255
-0.0442251
-0.0346052
-0.0234334
-0.0115109
0.000374668
0.0112489
0.0217606
0.0329104
0.0413954
0.0607332
0.321209
0.302687
0.294294
0.293087
0.296555
0.302764
0.310973
0.320997
0.332331
0.344602
0.357858
0.372756
0.388617
0.403879
0.415785
0.435992
0.629393
0.62549
0.627516
0.634292
0.645408
0.659847
0.675837
0.6922
0.708851
0.725791
0.743014
0.760582
0.778332
0.795342
0.80876
0.829336
0.939263
0.949572
0.96283
0.979204
0.997574
1.01653
1.03539
1.05409
1.07284
1.09169
1.11058
1.12956
1.14845
1.16623
1.17991
1.20042
1.22946
1.24697
1.26827
1.29087
1.31294
1.33398
1.35411
1.37373
1.39323
1.41265
1.43195
1.45119
1.47014
1.48778
1.50091
1.52119
1.46752
1.49602
1.52309
1.54818
1.57143
1.5931
1.61353
1.63333
1.65287
1.67209
1.69099
1.70959
1.72772
1.74454
1.75665
1.77657
1.63918
1.67405
1.70523
1.73252
1.75726
1.77987
1.80083
1.82094
1.84048
1.85937
1.87766
1.8954
1.91247
1.92839
1.93932
1.95886
1.7541
1.78955
1.82097
1.84877
1.87399
1.89701
1.9184
1.93874
1.95812
1.97658
1.99425
2.01119
2.02739
2.04269
2.05257
2.07184
1.82555
1.85803
1.88804
1.91567
1.94076
1.96377
1.98528
2.00558
2.02468
2.04273
2.05988
2.07616
2.09164
2.10651
2.11549
2.13461
1.8701
1.90034
1.92876
1.95527
1.97965
2.00217
2.02324
2.043
2.06153
2.07904
2.09565
2.11134
2.12619
2.14079
2.14908
2.16811
1.89927
1.92735
1.95427
1.97956
2.00299
2.02476
2.04513
2.06422
2.08221
2.09926
2.11542
2.13064
2.145
2.15941
2.16721
2.18616
1.9178
1.94432
1.96995
1.99418
2.01662
2.03765
2.05743
2.07606
2.09367
2.11037
2.12619
2.14106
2.15504
2.16932
2.17677
2.19566
1.92723
1.95299
1.9777
2.00112
2.023
2.04364
2.06308
2.08141
2.09874
2.11517
2.13072
2.14533
2.15901
2.17322
2.18038
2.1992
1.92833
1.95381
1.97807
2.00112
2.02286
2.04333
2.06258
2.08071
2.09783
2.11407
2.12945
2.14389
2.15733
2.17155
2.1784
2.19719
1.92227
1.94762
1.97166
1.99455
2.01624
2.03659
2.0557
2.0737
2.09071
2.10688
2.12226
2.13665
2.14987
2.16414
2.17066
2.18944
1.91006
1.93531
1.95913
1.98177
2.00335
2.02363
2.04269
2.06066
2.0777
2.09394
2.10936
2.12373
2.13667
2.15107
2.15723
2.17603
1.89245
1.9176
1.94135
1.96396
1.98543
2.00564
2.0247
2.04274
2.05987
2.07614
2.09152
2.1058
2.11835
2.13298
2.13876
2.15762
1.87078
1.89591
1.91966
1.94221
1.96351
1.98361
2.00267
2.02075
2.03789
2.05411
2.06938
2.08361
2.09569
2.11067
2.116
2.13502
1.84591
1.87093
1.89486
1.91745
1.93856
1.95854
1.97747
1.99545
2.01249
2.02858
2.0437
2.05798
2.06947
2.08492
2.08977
2.10893
1.81898
1.84404
1.86786
1.8902
1.91119
1.93104
1.94985
1.96767
1.98453
2.00042
2.01528
2.02982
2.04048
2.05664
2.06105
2.08032
1.79012
1.81535
1.83899
1.8612
1.88217
1.90192
1.92057
1.9382
1.95488
1.97064
1.985
1.99985
2.00975
2.02637
2.03051
2.04987
1.75851
1.78367
1.80739
1.82968
1.85053
1.87019
1.8888
1.90633
1.92287
1.93867
1.95214
1.96703
1.97733
1.9936
1.99784
2.01717
1.72465
1.74989
1.77343
1.79541
1.8162
1.83583
1.85431
1.87173
1.88816
1.90376
1.91804
1.93235
1.94288
1.95897
1.9633
1.98259
1.69034
1.71515
1.73851
1.7606
1.78138
1.80086
1.81918
1.83649
1.85284
1.86823
1.88254
1.8969
1.90739
1.92349
1.92781
1.9471
1.65489
1.67971
1.7033
1.72562
1.74654
1.76598
1.78414
1.80129
1.81751
1.83289
1.84716
1.86149
1.87186
1.88801
1.89233
1.91163
1.61972
1.64421
1.66743
1.68937
1.71019
1.72998
1.7486
1.76599
1.78232
1.79768
1.8117
1.82622
1.83633
1.85267
1.8569
1.87627
1.58691
1.61146
1.63451
1.6562
1.67657
1.69574
1.71386
1.73101
1.74722
1.76263
1.77646
1.79121
1.8011
1.81763
1.82182
1.84125
1.55532
1.57996
1.603
1.62473
1.64511
1.66422
1.6822
1.69919
1.71519
1.73049
1.74414
1.75879
1.76906
1.78497
1.78954
1.8088
1.52297
1.54738
1.5704
1.59208
1.61245
1.63159
1.64961
1.66665
1.68266
1.69798
1.71162
1.72601
1.73649
1.75225
1.75693
1.77614
1.48849
1.51298
1.53604
1.5577
1.57807
1.59724
1.61531
1.63239
1.64844
1.66372
1.67759
1.6919
1.70249
1.71821
1.72291
1.74213
1.455
1.47944
1.50237
1.52397
1.5443
1.56345
1.58148
1.59852
1.61456
1.62975
1.64372
1.65784
1.6686
1.68418
1.68896
1.70816
1.42163
1.44604
1.46902
1.49066
1.51102
1.53019
1.54823
1.56525
1.58129
1.59644
1.61044
1.62445
1.63531
1.65079
1.65564
1.6748
1.38804
1.41253
1.43558
1.45727
1.47768
1.49689
1.51497
1.532
1.54805
1.56318
1.57721
1.59119
1.60209
1.61752
1.62239
1.64155
1.35442
1.37896
1.40205
1.42377
1.44422
1.46345
1.48156
1.4986
1.51465
1.52979
1.54383
1.55779
1.5687
1.58412
1.589
1.60815
1.32072
1.34528
1.3684
1.39015
1.41062
1.42987
1.44799
1.46504
1.48109
1.49622
1.51026
1.52422
1.53513
1.55055
1.55543
1.57458
1.28693
1.31152
1.33466
1.35642
1.3769
1.39617
1.41429
1.43135
1.4474
1.46253
1.47657
1.49054
1.50145
1.51688
1.52175
1.5409
1.2531
1.2777
1.30085
1.32262
1.34311
1.36238
1.38051
1.39757
1.41362
1.42875
1.44279
1.45676
1.46766
1.4831
1.48797
1.50712
1.21924
1.24385
1.267
1.28878
1.30927
1.32854
1.34668
1.36374
1.37979
1.39492
1.40896
1.42293
1.43383
1.44927
1.45413
1.47329
1.18536
1.20997
1.23312
1.2549
1.2754
1.29467
1.31281
1.32987
1.34592
1.36105
1.37509
1.38907
1.39996
1.4154
1.42027
1.43942
1.15146
1.17607
1.19923
1.22101
1.24151
1.26078
1.27892
1.29598
1.31203
1.32717
1.3412
1.35518
1.36607
1.38152
1.38638
1.40553
1.11756
1.14217
1.16533
1.18711
1.20761
1.22688
1.24502
1.26209
1.27813
1.29327
1.3073
1.32128
1.33217
1.34762
1.35248
1.37163
1.08365
1.10826
1.13142
1.1532
1.1737
1.19298
1.21111
1.22818
1.24422
1.25936
1.27339
1.28738
1.29826
1.31371
1.31857
1.33773
1.04974
1.07435
1.09751
1.1193
1.13979
1.15907
1.17721
1.19427
1.21032
1.22545
1.23948
1.25347
1.26435
1.2798
1.28466
1.30382
1.01582
1.04044
1.0636
1.08538
1.10588
1.12516
1.14329
1.16036
1.1764
1.19154
1.20557
1.21956
1.23044
1.24589
1.25075
1.26991
0.981913
1.00653
1.02969
1.05147
1.07197
1.09125
1.10938
1.12645
1.14249
1.15763
1.17166
1.18564
1.19653
1.21198
1.21684
1.23599
0.948002
0.972618
0.995776
1.01756
1.03805
1.05733
1.07547
1.09253
1.10858
1.12372
1.13775
1.15173
1.16262
1.17807
1.18293
1.20209
0.914093
0.938708
0.961866
0.983651
1.00414
1.02342
1.04156
1.05862
1.07467
1.0898
1.10384
1.11782
1.1287
1.14416
1.14901
1.16817
0.880183
0.904799
0.927956
0.94974
0.970234
0.989513
1.00765
1.02471
1.04076
1.05589
1.06993
1.08391
1.0948
1.11025
1.11511
1.13426
0.846273
0.870888
0.894045
0.91583
0.936324
0.955603
0.97374
0.990803
1.00685
1.02198
1.03601
1.05
1.06088
1.07633
1.08119
1.10035
0.812361
0.836976
0.860133
0.881918
0.902411
0.921691
0.939827
0.95689
0.972937
0.988071
1.0021
1.01609
1.02697
1.04242
1.04728
1.06644
0.778448
0.803063
0.82622
0.848005
0.868498
0.887778
0.905915
0.922978
0.939025
0.954157
0.968189
0.982173
0.993057
1.00851
1.01337
1.03252
0.744534
0.769149
0.792306
0.81409
0.834583
0.853862
0.871999
0.889061
0.905108
0.920242
0.934275
0.948259
0.959144
0.974594
0.979454
0.998611
0.710619
0.735234
0.758389
0.780173
0.800666
0.819945
0.838081
0.855144
0.871191
0.886323
0.900355
0.914339
0.925223
0.940674
0.945533
0.96469
0.676702
0.701316
0.724471
0.746254
0.766746
0.786024
0.804159
0.821221
0.837267
0.8524
0.866434
0.880417
0.891302
0.906751
0.911612
0.930768
0.642783
0.667395
0.690548
0.71233
0.732821
0.752098
0.770233
0.787295
0.803341
0.818473
0.832504
0.846485
0.857371
0.87282
0.877681
0.896838
0.608861
0.63347
0.656621
0.678401
0.69889
0.718165
0.736298
0.753357
0.769401
0.784533
0.798567
0.812548
0.823436
0.838882
0.843744
0.862899
0.574932
0.599537
0.622683
0.644459
0.664945
0.684217
0.702348
0.719406
0.735451
0.75058
0.76461
0.778585
0.789475
0.804918
0.809782
0.828938
0.540994
0.56559
0.58873
0.610499
0.630979
0.650247
0.668372
0.685424
0.701463
0.716589
0.730624
0.7446
0.755495
0.770932
0.775799
0.794952
0.507036
0.531618
0.554744
0.576502
0.596971
0.616229
0.634347
0.651397
0.667437
0.68256
0.696587
0.710547
0.721445
0.736876
0.741748
0.7609
0.473043
0.497601
0.520706
0.542445
0.562898
0.582142
0.600247
0.61728
0.633299
0.648408
0.662442
0.676397
0.687312
0.702719
0.707603
0.726747
0.438988
0.463503
0.48657
0.508274
0.528696
0.547912
0.565994
0.583011
0.599026
0.614126
0.628147
0.642066
0.652993
0.668373
0.673274
0.692414
0.404829
0.429271
0.452272
0.473917
0.494287
0.513457
0.531499
0.548478
0.564451
0.579516
0.593538
0.607424
0.618389
0.633715
0.638645
0.657769
0.370492
0.394808
0.417695
0.439238
0.459517
0.478608
0.49658
0.513501
0.529429
0.54445
0.558455
0.57227
0.583275
0.59853
0.603506
0.622613
0.335845
0.359942
0.382632
0.403998
0.42412
0.443072
0.460922
0.477739
0.493581
0.508529
0.522508
0.536223
0.547304
0.562415
0.56747
0.586537
0.300686
0.324415
0.346772
0.367842
0.387701
0.406421
0.424069
0.440711
0.456408
0.471227
0.485132
0.498689
0.50986
0.524791
0.529955
0.548975
0.264588
0.28767
0.309443
0.329987
0.349375
0.367678
0.384958
0.401281
0.416707
0.431304
0.44507
0.458389
0.469684
0.484257
0.489615
0.508526
0.227085
0.249117
0.269946
0.289649
0.308295
0.325947
0.342664
0.358507
0.373537
0.387813
0.401352
0.414403
0.425764
0.440037
0.445572
0.464429
0.186687
0.206804
0.225875
0.243972
0.261152
0.277471
0.29298
0.307737
0.321807
0.335257
0.348124
0.360544
0.371823
0.385317
0.391205
0.409807
0.1432
0.160574
0.177202
0.193146
0.208458
0.223185
0.237366
0.25107
0.264427
0.277485
0.290186
0.302509
0.314022
0.327328
0.333582
0.352145
0.0906358
0.102448
0.113824
0.124805
0.13542
0.145708
0.155709
0.165478
0.175129
0.184758
0.194444
0.204262
0.213998
0.225692
0.231556
0.249788
0.0385672
0.0453325
0.0522128
0.0592605
0.0665334
0.0740825
0.081938
0.0901012
0.09858
0.107348
0.116373
0.12562
0.13499
0.145016
0.153619
0.165517
)
;

boundaryField
{
    frontAndBack
    {
        type            empty;
    }
    inlet
    {
        type            zeroGradient;
    }
    outlet
    {
        type            fixedValue;
        value           uniform 0;
    }
    walls
    {
        type            zeroGradient;
    }
}


// ************************************************************************* //
