/*--------------------------------*- C++ -*----------------------------------*\
| =========                 |                                                 |
| \\      /  F ield         | OpenFOAM: The Open Source CFD Toolbox           |
|  \\    /   O peration     | Version:  v2012                                 |
|   \\  /    A nd           | Website:  www.openfoam.com                      |
|    \\/     M anipulation  |                                                 |
\*---------------------------------------------------------------------------*/
FoamFile
{
    version     2.0;
    format      ascii;
    class       Cloud<basicKinematicParcel>;
    location    "0.075/lagrangian/kinematicCloud";
    object      positions;
}
// * * * * * * * * * * * * * * * * * * * * * * * * * * * * * * * * * * * * * //

78
(
(0.257547 0.00336946 0.03) 220
(0.280477 0.0112747 0.03) 522
(0.275212 0.0163711 0.03) 722
(0.259164 0.00771704 0.03) 320
(0.260103 0.0214284 0.03) 920
(0.253844 0.0184501 0.03) 720
(0.1426 0.00340221 0.03) 208
(0.239699 0.0229121 0.03) 918
(0.23192 0.0238511 0.03) 917
(0.224531 0.0114388 0.03) 516
(0.222565 0.0108075 0.03) 516
(0.209214 0.00773156 0.03) 315
(0.0215084 0.0265748 0.03) 93
(0.0199427 5.95985e-05 0.03) 2
(0.100467 0.0256147 0.03) 1003
(0.188632 0.0142291 0.03) 613
(0.165014 0.00466503 0.03) 210
(0.169759 0.0246585 0.03) 1011
(0.160831 0.00706534 0.03) 310
(0.167993 0.0225798 0.03) 910
(0.161026 0.0203872 0.03) 810
(0.0601587 0.0258408 0.03) 99
(0.147684 0.0211245 0.03) 808
(0.133986 0.00520037 0.03) 207
(0.138544 0.0104132 0.03) 407
(0.133942 0.0209707 0.03) 807
(0.123622 0.00527267 0.03) 206
(0.128115 0.0221096 0.03) 906
(0.0679744 0.00116381 0.03) 100
(0.121963 0.0233895 0.03) 905
(0.0162439 0.000172142 0.03) 2
(0.0988616 0.00250994 0.03) 103
(0.0395508 0.0259295 0.03) 95
(0.100066 0.0153663 0.03) 603
(0.098843 0.00639562 0.03) 303
(0.0962401 0.0186715 0.03) 703
(0.0909921 0.0105495 0.03) 402
(0.0875754 0.0105035 0.03) 402
(0.0832374 0.0187366 0.03) 801
(0.0266052 0.00063518 0.03) 3
(0.0759088 0.00723794 0.03) 300
(0.0716519 0.0175358 0.03) 700
(0.0675827 0.00353352 0.03) 200
(0.0648448 0.00534853 0.03) 29
(0.0611227 0.00798107 0.03) 29
(0.0577551 0.0162339 0.03) 68
(0.0541783 0.0222236 0.03) 88
(0.0512607 0.0120522 0.03) 47
(0.0477454 0.0105217 0.03) 37
(0.044902 0.0210735 0.03) 76
(0.0418053 0.00264555 0.03) 6
(0.0393774 0.00828513 0.03) 35
(0.036747 0.0234979 0.03) 85
(0.0144054 0.000695085 0.03) 2
(0.030942 0.0179315 0.03) 64
(0.0292476 0.0181404 0.03) 64
(0.0269218 0.0241197 0.03) 94
(0.0244482 0.0133614 0.03) 53
(0.0217456 0.0105346 0.03) 33
(0.020573 0.0135568 0.03) 53
(0.0187579 0.0230336 0.03) 82
(0.0162926 0.0145238 0.03) 52
(0.0145569 0.0148774 0.03) 52
(0.0129665 0.0219002 0.03) 81
(0.00944903 0.0250366 0.03) 91
(0.00959983 0.0160365 0.03) 61
(0.00843617 0.00681834 0.03) 21
(0.00599578 0.00166578 0.03) 0
(0.00589578 0.00940364 0.03) 30
(0.00563338 0.0131922 0.03) 40
(0.00500491 0.0190822 0.03) 70
(0.0040293 0.0166479 0.03) 60
(0.00304152 0.00299937 0.03) 10
(0.00230669 0.0212685 0.03) 70
(0.00227981 0.0243024 0.03) 90
(0.00128553 0.0260266 0.03) 90
(0.00081214 0.0249272 0.03) 90
(0.000408387 0.00964213 0.03) 30
)


// ************************************************************************* //
