/*--------------------------------*- C++ -*----------------------------------*\
| =========                 |                                                 |
| \\      /  F ield         | OpenFOAM: The Open Source CFD Toolbox           |
|  \\    /   O peration     | Version:  v2012                                 |
|   \\  /    A nd           | Website:  www.openfoam.com                      |
|    \\/     M anipulation  |                                                 |
\*---------------------------------------------------------------------------*/
FoamFile
{
    version     2.0;
    format      ascii;
    class       Cloud<basicKinematicParcel>;
    location    "0.051/lagrangian/kinematicCloud";
    object      positions;
}
// * * * * * * * * * * * * * * * * * * * * * * * * * * * * * * * * * * * * * //

52
(
(0.963726 -0.012121 0.03) 1866
(0.961015 -0.0118074 0.03) 1865
(0.943566 0.0151226 0.03) 693
(0.952675 0.00839484 0.03) 494
(0.762085 -0.00620381 0.03) 1695
(0.887533 0.0173303 0.03) 787
(0.85259 0.0199822 0.03) 884
(0.857143 0.00540672 0.03) 384
(0.850322 0.00489929 0.03) 283
(0.799236 0.00135426 0.03) 178
(0.331219 0.0264472 0.03) 1028
(0.48737 -0.010556 0.03) 1465
(0.54521 0.0247306 0.03) 1051
(0.718366 0.00711745 0.03) 369
(0.646703 -0.00518766 0.03) 1598
(0.625562 0.0230169 0.03) 959
(0.62231 -0.00154054 0.03) 1572
(0.631198 0.019987 0.03) 860
(0.614173 0.0170006 0.03) 758
(0.388651 0.0254 0.03) 1034
(0.560783 0.0183756 0.03) 752
(0.518057 -0.00181056 0.03) 1484
(0.532637 0.00427475 0.03) 249
(0.509449 0.0185265 0.03) 747
(0.473762 -0.000715184 0.03) 1444
(0.480886 0.020202 0.03) 844
(0.377851 -0.00400793 0.03) 1366
(0.450732 0.0220267 0.03) 941
(0.285263 -0.00445028 0.03) 1286
(0.383262 -0.00202021 0.03) 1365
(0.256924 0.0257409 0.03) 1020
(0.362013 0.0131577 0.03) 531
(0.359178 0.00293661 0.03) 231
(0.340292 0.01714 0.03) 729
(0.318309 0.00832497 0.03) 426
(0.297457 0.00855845 0.03) 424
(0.275464 0.0177644 0.03) 722
(0.185702 -0.000682512 0.03) 1196
(0.234583 0.0059489 0.03) 317
(0.213218 0.0169752 0.03) 715
(0.191583 0.00283457 0.03) 213
(0.173712 0.00489323 0.03) 211
(0.15392 0.00771934 0.03) 309
(0.134794 0.0161336 0.03) 707
(0.11603 0.0221798 0.03) 905
(0.098671 0.0120372 0.03) 503
(0.0813627 0.010516 0.03) 401
(0.0654745 0.0210632 0.03) 79
(0.0501402 0.00264658 0.03) 7
(0.0364034 0.00828223 0.03) 35
(0.023331 0.0234985 0.03) 83
(0.0104947 0.000694307 0.03) 1
)


// ************************************************************************* //
