/*--------------------------------*- C++ -*----------------------------------*\
| =========                 |                                                 |
| \\      /  F ield         | OpenFOAM: The Open Source CFD Toolbox           |
|  \\    /   O peration     | Version:  v2012                                 |
|   \\  /    A nd           | Website:  www.openfoam.com                      |
|    \\/     M anipulation  |                                                 |
\*---------------------------------------------------------------------------*/
FoamFile
{
    version     2.0;
    format      ascii;
    class       volScalarField;
    location    "0.099";
    object      p;
}
// * * * * * * * * * * * * * * * * * * * * * * * * * * * * * * * * * * * * * //

dimensions      [0 2 -2 0 0 0 0];


internalField   nonuniform List<scalar> 
5600
(
-13.2663
-14.2323
-15.1856
-16.1767
-17.2356
-18.3358
-19.441
-20.5094
-21.5277
-22.4896
-23.4018
-24.2624
-25.064
-25.8217
-26.5365
-27.2238
-27.8923
-28.5375
-29.1831
-29.8176
-30.4524
-31.0882
-31.7126
-32.3446
-32.9648
-33.5839
-34.2023
-34.8129
-35.4262
-36.029
-36.6429
-37.2473
-37.8565
-38.467
-39.0715
-39.6781
-40.2782
-40.8848
-41.4818
-42.0839
-42.6838
-43.2792
-43.8779
-44.4662
-45.0617
-45.6523
-46.2421
-46.8292
-47.4116
-47.9965
-48.5772
-49.1606
-49.7387
-50.3167
-50.8925
-51.4679
-52.0415
-52.6158
-53.1864
-53.758
-54.3276
-54.8951
-55.461
-56.0245
-56.5888
-57.1484
-57.7092
-58.2662
-58.821
-59.3774
-59.9309
-60.4872
-61.0418
-61.5953
-62.1474
-62.6966
-63.245
-63.7922
-64.3385
-64.8857
-65.4301
-65.9763
-66.5195
-67.0626
-67.6046
-68.1438
-68.6824
-69.2225
-69.7598
-70.2998
-70.8379
-71.3764
-71.9151
-72.4483
-72.9882
-73.5268
-74.0714
-74.6346
-75.1922
-76.0244
-13.3648
-14.2561
-15.2034
-16.1897
-17.2456
-18.3451
-19.4501
-20.5179
-21.5373
-22.4998
-23.4112
-24.2711
-25.0726
-25.831
-26.5467
-27.2356
-27.9054
-28.5523
-29.199
-29.8343
-30.4698
-31.1064
-31.7312
-32.3638
-32.984
-33.6032
-34.2221
-34.8328
-35.4465
-36.0492
-36.6633
-37.2679
-37.8774
-38.488
-39.0926
-39.6998
-40.2995
-40.9065
-41.5035
-42.1056
-42.7057
-43.3011
-43.9
-44.4882
-45.0839
-45.6745
-46.2641
-46.8515
-47.4337
-48.0188
-48.5994
-49.1829
-49.7611
-50.339
-50.915
-51.4903
-52.064
-52.6383
-53.2087
-53.7804
-54.3499
-54.9174
-55.4834
-56.0466
-56.6111
-57.1704
-57.7315
-58.2885
-58.8431
-59.3997
-59.953
-60.5094
-61.0641
-61.6173
-62.1698
-62.7187
-63.2672
-63.8145
-64.3606
-64.908
-65.4523
-65.9984
-66.5418
-67.0847
-67.6269
-68.1661
-68.7045
-69.245
-69.7818
-70.3222
-70.86
-71.399
-71.9364
-72.4722
-73.0079
-73.553
-74.087
-74.6657
-75.2024
-76.026
-13.4464
-14.2771
-15.2315
-16.2181
-17.2679
-18.3616
-19.4619
-20.5263
-21.5418
-22.5031
-23.4131
-24.2716
-25.0731
-25.8315
-26.547
-27.237
-27.9065
-28.5544
-29.2005
-29.8367
-30.4729
-31.1093
-31.7347
-32.3671
-32.9883
-33.6085
-34.2274
-34.8388
-35.4527
-36.0562
-36.6704
-37.2752
-37.8846
-38.4953
-39.0998
-39.7071
-40.3067
-40.9137
-41.5108
-42.1128
-42.7133
-43.3082
-43.9073
-44.4954
-45.0911
-45.6819
-46.2713
-46.8589
-47.4408
-48.0261
-48.6067
-49.1902
-49.7684
-50.3461
-50.9222
-51.4975
-52.0712
-52.6455
-53.2162
-53.7879
-54.3576
-54.9252
-55.4914
-56.0548
-56.6194
-57.179
-57.7401
-58.2972
-58.8518
-59.4085
-59.9618
-60.5181
-61.073
-61.6261
-62.1789
-62.7277
-63.2764
-63.8238
-64.3698
-64.9173
-65.4617
-66.0076
-66.5514
-67.0941
-67.6364
-68.1757
-68.714
-69.2545
-69.7914
-70.3315
-70.8697
-71.4084
-71.9461
-72.4818
-73.0175
-73.5624
-74.0972
-74.6761
-75.2169
-76.0051
-13.5376
-14.3073
-15.2599
-16.2451
-17.2874
-18.3757
-19.4735
-20.5378
-21.551
-22.5133
-23.4244
-24.284
-25.0869
-25.8466
-26.5634
-27.2535
-27.9231
-28.572
-29.2169
-29.8528
-30.4879
-31.1221
-31.7474
-32.3775
-32.999
-33.619
-34.2373
-34.8496
-35.4636
-36.0688
-36.683
-37.2888
-37.8987
-38.5097
-39.1147
-39.7219
-40.3218
-40.9287
-41.5264
-42.128
-42.7289
-43.3237
-43.923
-44.5115
-45.1072
-45.6985
-46.2876
-46.8756
-47.4577
-48.043
-48.6239
-49.2074
-49.7859
-50.3637
-50.9401
-51.5154
-52.0892
-52.6635
-53.234
-53.8058
-54.3755
-54.9427
-55.5091
-56.0722
-56.6366
-57.196
-57.7569
-58.3143
-58.8686
-59.4256
-59.9787
-60.535
-61.0901
-61.6427
-62.1958
-62.7444
-63.293
-63.8406
-64.3864
-64.9339
-65.4786
-66.0239
-66.5683
-67.1107
-67.6531
-68.1924
-68.7307
-69.2711
-69.8084
-70.3478
-70.8869
-71.4246
-71.9631
-72.4981
-73.0347
-73.5776
-74.1152
-74.6888
-75.2384
-75.9697
-13.6299
-14.3382
-15.2857
-16.2724
-17.3088
-18.3922
-19.4876
-20.5501
-21.5626
-22.5251
-23.4358
-24.2953
-25.0985
-25.8588
-26.5766
-27.2667
-27.9368
-28.5872
-29.2324
-29.8692
-30.505
-31.1385
-31.7656
-32.3946
-33.0168
-33.6362
-34.2534
-34.8662
-35.4782
-36.0849
-36.6963
-37.3022
-37.9116
-38.5214
-39.1276
-39.7342
-40.3353
-40.9415
-41.5404
-42.1417
-42.743
-43.3381
-43.937
-44.5264
-45.1219
-45.7139
-46.3026
-46.8906
-47.4727
-48.0579
-48.639
-49.2223
-49.8012
-50.3785
-50.9551
-51.5303
-52.104
-52.6785
-53.2489
-53.8207
-54.3906
-54.9576
-55.5243
-56.0872
-56.6522
-57.2119
-57.7726
-58.3304
-58.8845
-59.4416
-59.9948
-60.5509
-61.1064
-61.6589
-62.2122
-62.7609
-63.3094
-63.8573
-64.403
-64.9504
-65.4954
-66.0404
-66.5852
-67.1275
-67.6698
-68.2093
-68.7476
-69.2877
-69.8257
-70.3644
-70.9041
-71.4415
-71.9798
-72.5152
-73.0516
-73.5939
-74.1319
-74.7014
-75.2488
-75.9453
-13.7208
-14.371
-15.3119
-16.3022
-17.333
-18.4109
-19.5034
-20.5644
-21.5762
-22.5384
-23.4489
-24.3085
-25.1124
-25.8735
-26.5925
-27.2836
-27.9544
-28.606
-29.2512
-29.8884
-30.5244
-31.1572
-31.7853
-32.4131
-33.0357
-33.655
-34.2718
-34.8861
-35.4965
-36.1059
-36.715
-37.3219
-37.9313
-38.5399
-39.1472
-39.7519
-40.3548
-40.9584
-41.558
-42.1585
-42.7587
-43.3547
-43.9519
-44.5426
-45.137
-45.7296
-46.3186
-46.9066
-47.4893
-48.0741
-48.6559
-49.2387
-49.8182
-50.3953
-50.9722
-51.5476
-52.1214
-52.6961
-53.2665
-53.8381
-54.4084
-54.975
-55.542
-56.1049
-56.6697
-57.2297
-57.7899
-58.3481
-58.902
-59.4591
-60.0128
-60.5683
-61.1245
-61.6766
-62.2299
-62.7791
-63.3272
-63.8753
-64.4211
-64.9681
-65.5138
-66.0584
-66.6034
-67.1458
-67.6877
-68.2276
-68.7658
-69.3057
-69.8444
-70.3826
-70.9224
-71.4601
-71.9977
-72.534
-73.0697
-73.6117
-74.1498
-74.7141
-75.2601
-75.9242
-13.8072
-14.406
-15.3391
-16.3335
-17.359
-18.4315
-19.5212
-20.5812
-21.5923
-22.5541
-23.4647
-24.3242
-25.1291
-25.8905
-26.6107
-27.3024
-27.9736
-28.6261
-29.2712
-29.909
-30.5449
-31.1775
-31.8062
-32.4334
-33.0563
-33.6758
-34.2923
-34.9071
-35.5171
-36.1273
-36.7354
-37.3435
-37.9524
-38.5606
-39.1685
-39.7721
-40.3774
-40.9786
-41.5793
-42.1805
-42.779
-43.3767
-43.9718
-44.5652
-45.158
-45.7494
-46.3385
-46.9252
-47.5091
-48.0929
-48.6757
-49.2575
-49.8368
-50.4136
-50.9905
-51.5662
-52.1397
-52.7144
-53.2854
-53.8567
-54.4275
-54.994
-55.561
-56.1243
-56.6885
-57.2494
-57.8088
-58.3673
-58.9216
-59.4784
-60.0329
-60.5876
-61.1442
-61.6962
-62.249
-62.7989
-63.3464
-63.8946
-64.4409
-64.9873
-65.5336
-66.0779
-66.6229
-67.1658
-67.7071
-68.2473
-68.7856
-69.3251
-69.8645
-70.4024
-70.9423
-71.4804
-72.017
-72.5543
-73.0894
-73.6306
-74.1689
-74.7273
-75.27
-75.9051
-13.8851
-14.4426
-15.3675
-16.3657
-17.3868
-18.4545
-19.5419
-20.6011
-21.6115
-22.5729
-23.4837
-24.3429
-25.1488
-25.9103
-26.6316
-27.3239
-27.9953
-28.6487
-29.2938
-29.9322
-30.568
-31.2007
-31.8296
-32.4565
-33.0795
-33.6991
-34.3155
-34.9301
-35.5405
-36.1506
-36.7587
-37.3672
-37.9756
-38.5837
-39.1917
-39.7953
-40.4008
-41.0015
-41.6028
-42.2039
-42.8017
-43.4005
-43.9945
-44.5891
-45.181
-45.7722
-46.3618
-46.9482
-47.5333
-48.1161
-48.6995
-49.2811
-49.8602
-50.4367
-51.0135
-51.5894
-52.1632
-52.7368
-53.3086
-53.879
-54.4492
-55.0158
-55.5822
-56.1467
-56.7095
-57.2711
-57.8297
-58.3873
-58.943
-59.4986
-60.0543
-60.6084
-61.1651
-61.7178
-62.2699
-62.8205
-63.3677
-63.9159
-64.463
-65.0088
-65.5557
-66.0999
-66.6446
-67.1881
-67.7289
-68.2693
-68.8079
-69.3468
-69.8869
-70.4246
-70.9641
-71.5028
-72.0387
-72.5763
-73.1112
-73.6513
-74.1889
-74.7422
-75.2782
-75.8858
-13.951
-14.4794
-15.3971
-16.3984
-17.4162
-18.4801
-19.5657
-20.6243
-21.6343
-22.5953
-23.5062
-24.3653
-25.1718
-25.9335
-26.6556
-27.3484
-28.0199
-28.6742
-29.3192
-29.9581
-30.5937
-31.2264
-31.8554
-32.4821
-33.1052
-33.7248
-34.3412
-34.9555
-35.5664
-36.1763
-36.7847
-37.3931
-38.0015
-38.6096
-39.2174
-39.8214
-40.4263
-41.0276
-41.6287
-42.2297
-42.8277
-43.4263
-44.0203
-44.6149
-45.2065
-45.798
-46.3877
-46.974
-47.5591
-48.1419
-48.7252
-49.3067
-49.8858
-50.4627
-51.0397
-51.615
-52.1895
-52.7623
-53.335
-53.905
-54.4745
-55.0419
-55.6074
-56.1734
-56.7347
-57.2968
-57.8556
-58.4122
-58.9699
-59.5237
-60.0797
-60.6338
-61.1893
-61.7432
-62.2941
-62.8451
-63.3923
-63.9399
-64.4879
-65.0328
-65.5797
-66.1242
-66.668
-67.2122
-67.7521
-68.2926
-68.832
-69.37
-69.9108
-70.4486
-70.9877
-71.5269
-72.0626
-72.6004
-73.1353
-73.674
-74.2105
-74.7583
-75.2855
-75.8617
-14.0002
-14.5139
-15.428
-16.4311
-17.4469
-18.5087
-19.5934
-20.6516
-21.6613
-22.6222
-23.5332
-24.392
-25.199
-25.9606
-26.6833
-27.3764
-28.0479
-28.7026
-29.3476
-29.9868
-30.6223
-31.2551
-31.8842
-32.5107
-33.1339
-33.7535
-34.3699
-34.984
-35.5954
-36.205
-36.8137
-37.422
-38.0303
-38.6384
-39.2459
-39.8503
-40.4547
-41.0566
-41.6576
-42.2584
-42.8568
-43.4546
-44.0492
-44.6435
-45.2355
-45.8268
-46.4162
-47.0027
-47.5878
-48.1708
-48.7539
-49.3353
-49.9145
-50.4918
-51.0685
-51.6438
-52.2182
-52.791
-53.3636
-53.9335
-54.503
-55.0705
-55.6359
-56.2019
-56.763
-57.3253
-57.8843
-58.441
-58.999
-59.5526
-60.1085
-60.6628
-61.2173
-61.7723
-62.3224
-62.8738
-63.4214
-63.9682
-64.5171
-65.0613
-65.6082
-66.1528
-66.6959
-67.2411
-67.7804
-68.3209
-68.8605
-69.398
-69.9389
-70.4764
-71.015
-71.5544
-72.09
-72.6279
-73.1629
-73.6994
-74.2344
-74.7748
-75.293
-75.833
-14.0251
-14.5422
-15.4585
-16.4614
-17.477
-18.5389
-19.6238
-20.6821
-21.6919
-22.6527
-23.5637
-24.4225
-25.2295
-25.9909
-26.7136
-27.4068
-28.0781
-28.733
-29.3778
-30.0172
-30.6527
-31.2854
-31.9147
-32.541
-33.1643
-33.7838
-34.4003
-35.0141
-35.6257
-36.2354
-36.844
-37.4525
-38.0605
-38.6688
-39.276
-39.8807
-40.4848
-41.087
-41.688
-42.2886
-42.8873
-43.4846
-44.0797
-44.6737
-45.2659
-45.8571
-46.4464
-47.033
-47.6182
-48.2013
-48.7842
-49.3654
-49.9449
-50.5223
-51.0989
-51.6744
-52.2483
-52.8215
-53.3937
-53.9638
-54.5334
-55.1006
-55.6664
-56.2318
-56.7934
-57.3555
-57.9146
-58.4717
-59.0292
-59.5834
-60.1389
-60.6932
-61.2476
-61.8021
-62.3527
-62.9041
-63.4519
-63.9988
-64.5471
-65.0917
-65.6385
-66.1829
-66.7264
-67.2711
-67.8109
-68.3515
-68.8908
-69.4288
-69.9688
-70.5067
-71.0454
-71.5843
-72.1204
-72.6576
-73.1931
-73.7281
-74.2608
-74.7937
-75.3029
-75.8096
-14.023
-14.5617
-15.4856
-16.4863
-17.5034
-18.568
-19.654
-20.7128
-21.723
-22.6839
-23.595
-24.4535
-25.2605
-26.0214
-26.7437
-27.4367
-28.1076
-28.7624
-29.4069
-30.0463
-30.6818
-31.3145
-31.9439
-32.5701
-33.1935
-33.8128
-34.4293
-35.043
-35.6547
-36.2644
-36.873
-37.4816
-38.0894
-38.6979
-39.3049
-39.9097
-40.5138
-41.116
-41.7171
-42.3176
-42.9165
-43.5135
-44.1088
-44.7027
-45.2949
-45.8862
-46.4752
-47.062
-47.6471
-48.2303
-48.8132
-49.3942
-49.9739
-50.5514
-51.128
-51.7035
-52.2771
-52.8509
-53.4228
-53.9931
-54.5625
-55.1296
-55.6957
-56.2604
-56.8227
-57.3843
-57.9437
-58.5012
-59.0581
-59.613
-60.1674
-60.7221
-61.2763
-61.8303
-62.3818
-62.9328
-63.4813
-64.0281
-64.5758
-65.1211
-65.6673
-66.2121
-66.756
-67.3001
-67.8409
-68.3812
-68.9208
-69.4593
-69.9985
-70.537
-71.0753
-71.614
-72.1507
-72.6874
-73.2231
-73.7572
-74.2878
-74.8145
-75.3157
-75.7966
-13.9993
-14.5742
-15.5085
-16.5056
-17.5256
-18.5945
-19.6823
-20.7421
-21.7528
-22.7139
-23.6252
-24.4834
-25.29
-26.0503
-26.7718
-27.4646
-28.1348
-28.7892
-29.4334
-30.0728
-30.7082
-31.3409
-31.9704
-32.5965
-33.22
-33.8392
-34.4558
-35.0692
-35.6811
-36.2907
-36.8992
-37.5079
-38.1154
-38.7244
-39.3311
-39.9359
-40.54
-41.1422
-41.7435
-42.3439
-42.9429
-43.5397
-44.135
-44.7291
-45.3213
-45.9127
-46.5015
-47.0884
-47.6735
-48.2568
-48.8396
-49.4206
-50.0003
-50.5778
-51.1545
-51.7296
-52.3033
-52.8767
-53.449
-54.0194
-54.5886
-55.1558
-55.7218
-56.2865
-56.8489
-57.4105
-57.9704
-58.5279
-59.0849
-59.6401
-60.1944
-60.7492
-61.3033
-61.8573
-62.4093
-62.9603
-63.5094
-64.0562
-64.6037
-65.1495
-65.6954
-66.2406
-66.7846
-67.3285
-67.8698
-68.4099
-68.9496
-69.4883
-70.0271
-70.5656
-71.1034
-71.6419
-72.1788
-72.7152
-73.2506
-73.7839
-74.3128
-74.8346
-75.3292
-75.7913
-13.9589
-14.5823
-15.5277
-16.5203
-17.5444
-18.6186
-19.7088
-20.7696
-21.781
-22.7423
-23.6538
-24.5116
-25.3179
-26.0774
-26.7981
-27.4905
-28.1599
-28.8139
-29.4577
-30.0969
-30.7322
-31.365
-31.9945
-32.6204
-33.2442
-33.8631
-34.4798
-35.0931
-35.705
-36.3146
-36.9229
-37.5318
-38.139
-38.7483
-39.355
-39.9596
-40.564
-41.1661
-41.7674
-42.368
-42.9667
-43.5637
-44.1587
-44.7526
-45.3451
-45.9364
-46.5253
-47.1118
-47.6973
-48.2803
-48.8631
-49.4444
-50.0239
-50.602
-51.1785
-51.7539
-52.3279
-52.9009
-53.4739
-54.0444
-54.6137
-55.1812
-55.7473
-56.3123
-56.8748
-57.4366
-57.9967
-58.5544
-59.1114
-59.6666
-60.2209
-60.7753
-61.3291
-61.8829
-62.4349
-62.9858
-63.5349
-64.0817
-64.629
-65.1748
-65.7206
-66.2658
-66.8097
-67.3535
-67.895
-68.4351
-68.9747
-69.5133
-70.0522
-70.5907
-71.1285
-71.667
-72.2039
-72.7402
-73.2755
-73.8082
-74.3357
-74.8538
-75.3434
-75.7919
-13.9062
-14.5879
-15.5435
-16.5314
-17.5606
-18.6406
-19.7335
-20.7957
-21.8079
-22.7694
-23.681
-24.5384
-25.3441
-26.1028
-26.8224
-27.5143
-28.1828
-28.8363
-29.4797
-30.1189
-30.7541
-31.3868
-32.0164
-32.6422
-33.2661
-33.8846
-34.5014
-35.1146
-35.7265
-36.3362
-36.9444
-37.5532
-38.1604
-38.7697
-39.3765
-39.9806
-40.5855
-41.1872
-41.7886
-42.3894
-42.9877
-43.5854
-44.18
-44.7745
-45.3671
-45.9586
-46.5479
-47.1343
-47.7207
-48.3037
-48.887
-49.4685
-50.048
-50.6267
-51.2029
-51.7786
-52.3522
-52.925
-53.4978
-54.068
-54.6374
-55.2046
-55.7707
-56.3356
-56.898
-57.4598
-58.0198
-58.5776
-59.1344
-59.6896
-60.2439
-60.7982
-61.3522
-61.9059
-62.458
-63.0089
-63.5579
-64.1048
-64.6519
-65.1978
-65.7435
-66.2886
-66.8326
-67.3761
-67.9176
-68.4579
-68.9975
-69.5361
-70.0749
-70.6134
-71.1512
-71.6895
-72.2265
-72.7627
-73.2977
-73.8301
-74.3566
-74.8717
-75.3576
-75.7965
-13.8459
-14.5918
-15.5559
-16.5398
-17.5745
-18.6601
-19.756
-20.8201
-21.8331
-22.795
-23.7068
-24.5639
-25.3689
-26.1267
-26.8452
-27.5363
-28.2038
-28.8567
-29.4995
-30.1386
-30.7739
-31.4065
-32.0362
-32.6621
-33.2862
-33.9044
-34.5209
-35.134
-35.7453
-36.3553
-36.9632
-37.5721
-38.1799
-38.789
-39.3964
-40.0003
-40.6063
-41.2082
-41.8103
-42.4116
-43.01
-43.6085
-44.2028
-44.7979
-45.3898
-45.981
-46.5703
-47.1563
-47.7428
-48.3254
-48.9087
-49.49
-50.0694
-50.6482
-51.2241
-51.7998
-52.3733
-52.9461
-53.5189
-54.089
-54.6585
-55.2256
-55.7917
-56.3565
-56.9189
-57.4807
-58.0406
-58.5986
-59.1552
-59.7104
-60.2647
-60.8189
-61.3727
-61.9264
-62.4785
-63.0294
-63.5784
-64.1255
-64.6724
-65.2185
-65.7642
-66.3094
-66.8536
-67.3971
-67.9382
-68.4783
-69.0178
-69.5564
-70.0951
-70.6336
-71.1714
-71.7096
-72.2466
-72.7827
-73.3176
-73.8496
-74.3756
-74.8889
-75.3716
-75.804
-13.7813
-14.5942
-15.5649
-16.5471
-17.588
-18.6782
-19.7766
-20.8421
-21.8558
-22.8177
-23.73
-24.5867
-25.3916
-26.148
-26.8664
-27.5567
-28.2231
-28.8752
-29.5173
-30.1559
-30.791
-31.4231
-32.0528
-32.6788
-33.3031
-33.9218
-34.5389
-35.153
-35.7644
-36.3757
-36.984
-37.5939
-38.202
-38.8111
-39.4185
-40.0218
-40.6277
-41.2292
-41.8311
-42.4322
-43.0303
-43.6287
-44.2227
-44.8176
-45.4091
-46.0004
-46.5896
-47.1755
-47.762
-48.3445
-48.9278
-49.509
-50.0884
-50.6671
-51.2429
-51.8187
-52.392
-52.9649
-53.5375
-54.1076
-54.677
-55.244
-55.8102
-56.3748
-56.9372
-57.499
-58.0588
-58.6168
-59.1732
-59.7283
-60.2825
-60.8366
-61.3903
-61.9439
-62.496
-63.0467
-63.5955
-64.1425
-64.6892
-65.2351
-65.7807
-66.3256
-66.8696
-67.4132
-67.9546
-68.4949
-69.0345
-69.5731
-70.1117
-70.6503
-71.188
-71.7263
-72.2633
-72.7994
-73.3342
-73.8659
-74.3914
-74.9038
-75.3849
-75.8134
-13.7147
-14.5943
-15.5676
-16.5509
-17.6011
-18.6969
-19.7978
-20.865
-21.879
-22.8404
-23.7523
-24.6078
-25.4118
-26.1666
-26.8849
-27.5741
-28.24
-28.8922
-29.5347
-30.1739
-30.8103
-31.4436
-32.075
-32.7017
-33.3262
-33.9453
-34.5623
-35.1761
-35.786
-36.3966
-37.0043
-37.6138
-38.2216
-38.8302
-39.4376
-40.0407
-40.6466
-41.248
-41.8499
-42.4509
-43.049
-43.6474
-44.2413
-44.836
-45.4273
-46.0185
-46.6076
-47.1935
-47.78
-48.3625
-48.9457
-49.5268
-50.1063
-50.685
-51.2608
-51.8366
-52.4099
-52.9828
-53.5553
-54.1256
-54.6949
-55.2619
-55.8282
-56.3927
-56.9552
-57.517
-58.0768
-58.635
-59.1914
-59.7466
-60.3009
-60.855
-61.4087
-61.9623
-62.5145
-63.0653
-63.6143
-64.1616
-64.7083
-65.2544
-65.8
-66.3452
-66.8892
-67.4327
-67.974
-68.5141
-69.0536
-69.5922
-70.1308
-70.6693
-71.2071
-71.7452
-72.2822
-72.8182
-73.3529
-73.8846
-74.41
-74.9209
-75.399
-75.8246
-13.6555
-14.6004
-15.5666
-16.5457
-17.6017
-18.7026
-19.8088
-20.881
-21.8963
-22.8594
-23.7728
-24.6288
-25.4326
-26.1873
-26.9049
-27.5934
-28.2587
-28.9106
-29.5527
-30.1917
-30.8279
-31.461
-32.0923
-32.718
-33.3414
-33.9597
-34.576
-35.1895
-35.7989
-36.409
-37.0164
-37.6258
-38.2334
-38.842
-39.4494
-40.0523
-40.658
-41.2593
-41.8611
-42.462
-43.06
-43.6583
-44.2521
-44.8468
-45.438
-46.0291
-46.6182
-47.204
-47.7903
-48.3728
-48.956
-49.537
-50.1164
-50.695
-51.2708
-51.8464
-52.4196
-52.9925
-53.565
-54.1351
-54.7044
-55.2714
-55.8375
-56.402
-56.9644
-57.5261
-58.0858
-58.6438
-59.2001
-59.7553
-60.3095
-60.8635
-61.4172
-61.9708
-62.5229
-63.0735
-63.6224
-64.1694
-64.7161
-65.2621
-65.8076
-66.3527
-66.8967
-67.4401
-67.9815
-68.5216
-69.0612
-69.5997
-70.1383
-70.6768
-71.2146
-71.7527
-72.2897
-72.8258
-73.3605
-73.892
-74.4173
-74.929
-75.4074
-75.8331
-13.5795
-14.6069
-15.5866
-16.5735
-17.6333
-18.7341
-19.8411
-20.9142
-21.9274
-22.8914
-23.8061
-24.663
-25.4669
-26.2213
-26.9378
-27.6253
-28.2892
-28.9398
-29.5806
-30.2184
-30.8537
-31.4861
-32.1169
-32.7425
-33.3659
-33.9842
-34.6002
-35.2135
-35.8228
-36.4328
-37.0401
-37.6492
-38.2567
-38.865
-39.4723
-40.0752
-40.6808
-41.2821
-41.8838
-42.4847
-43.0826
-43.6808
-44.2747
-44.8694
-45.4606
-46.0517
-46.6407
-47.2266
-47.8128
-48.3953
-48.9784
-49.5595
-50.1389
-50.7174
-51.2933
-51.8689
-52.4421
-53.015
-53.5874
-54.1576
-54.7268
-55.2939
-55.86
-56.4244
-56.9869
-57.5486
-58.1084
-58.6664
-59.2227
-59.7778
-60.332
-60.8861
-61.4398
-61.9933
-62.5455
-63.0961
-63.645
-64.1921
-64.7388
-65.2848
-65.8304
-66.3754
-66.9194
-67.4628
-68.0042
-68.5443
-69.0838
-69.6224
-70.1609
-70.6994
-71.2372
-71.7753
-72.3123
-72.8483
-73.383
-73.9146
-74.4397
-74.9511
-75.4286
-75.8535
-75.9234
-77.5872
-80.2146
-80.6757
-78.416
-74.0488
-68.1747
-61.3902
-54.4181
-47.6482
-41.4036
-35.7812
-30.8179
-26.4887
-22.7744
-19.6118
-16.9091
-14.5965
-12.6384
-10.9711
-9.49639
-8.16033
-6.89678
-5.67766
-4.4935
-3.36075
-2.3158
-1.37483
-0.581914
0.0288332
0.482858
0.805015
1.01941
1.17169
1.28266
1.36545
1.41908
1.42593
1.35538
1.21036
1.07223
0.922194
0.852063
1.00985
1.47473
2.19717
2.63782
2.74303
2.67365
2.63045
2.60208
2.62664
2.65463
2.69744
2.78441
2.85959
2.92729
2.95094
2.91098
2.82908
2.74705
2.67216
2.63276
2.62894
2.65379
2.6959
2.74308
2.78672
2.81218
2.81511
2.79811
2.76384
2.71597
2.6583
2.59224
2.51913
2.44039
2.35672
2.2692
2.1781
2.08193
1.97919
1.87326
1.76663
1.65993
1.55072
1.4469
1.34716
1.25002
1.14968
1.04645
0.94437
0.841514
0.737621
0.632479
0.526024
0.417858
0.30622
0.187297
0.0683424
-76.049
-77.1743
-79.7519
-80.2759
-78.075
-73.7894
-68.0034
-61.2959
-54.3842
-47.6575
-41.446
-35.8405
-30.8849
-26.5577
-22.8422
-19.6735
-16.9632
-14.64
-12.6718
-11.0003
-9.51669
-8.17143
-6.90422
-5.6852
-4.50524
-3.37828
-2.34022
-1.41054
-0.62662
-0.0188317
0.432522
0.752283
0.973491
1.1339
1.24804
1.33314
1.38628
1.38057
1.28182
1.10474
0.943128
0.774206
0.68642
0.847746
1.35506
2.15329
2.64823
2.78739
2.73033
2.69186
2.65101
2.65999
2.67603
2.70632
2.78108
2.84479
2.90355
2.91886
2.87468
2.79152
2.71123
2.64068
2.60804
2.60747
2.63541
2.67976
2.72856
2.77265
2.79796
2.80051
2.78346
2.74952
2.70214
2.64485
2.57904
2.50608
2.42736
2.34367
2.25619
2.16476
2.06842
1.96569
1.85968
1.75358
1.64682
1.53795
1.43441
1.33449
1.23735
1.13721
1.03405
0.93205
0.82935
0.725566
0.620739
0.514842
0.407581
0.2974
0.181412
0.0652032
-76.0103
-77.1467
-79.4298
-79.8695
-77.6947
-73.4788
-67.7844
-61.1628
-54.3255
-47.657
-41.4867
-35.9065
-30.9657
-26.6425
-22.9252
-19.7485
-17.0288
-14.6938
-12.7127
-11.0329
-9.542
-8.1834
-6.91065
-5.69067
-4.5157
-3.39635
-2.36666
-1.45151
-0.68129
-0.0782548
0.368985
0.688596
0.920098
1.09005
1.20903
1.29758
1.34912
1.33117
1.20015
0.984406
0.797573
0.607811
0.4981
0.664198
1.21966
2.10501
2.66347
2.84109
2.80195
2.76648
2.71155
2.70113
2.70165
2.71865
2.77907
2.82917
2.87672
2.88153
2.83341
2.74893
2.67077
2.60595
2.58046
2.58384
2.61532
2.66257
2.71306
2.7576
2.78259
2.78464
2.76753
2.7339
2.68699
2.6301
2.56456
2.49174
2.41302
2.32931
2.24184
2.15026
2.05337
1.9507
1.84471
1.73892
1.63238
1.52412
1.42096
1.32067
1.22282
1.12321
1.02047
0.918398
0.815858
0.712241
0.60776
0.502474
0.396196
0.287676
0.174938
0.0618019
-76.096
-77.1396
-79.1491
-79.4923
-77.3053
-73.1409
-67.5312
-61.0071
-54.2519
-47.6501
-41.5258
-35.9781
-31.057
-26.7397
-23.0203
-19.8354
-17.1056
-14.76
-12.7643
-11.0698
-9.56725
-8.19241
-6.91298
-5.69037
-4.52104
-3.41267
-2.39585
-1.499
-0.745514
-0.150083
0.293113
0.616685
0.860929
1.03973
1.16544
1.26074
1.31041
1.27635
1.11016
0.850056
0.636626
0.424974
0.288078
0.464728
1.05995
2.04793
2.68628
2.90665
2.89257
2.85623
2.78596
2.75165
2.73227
2.73428
2.77945
2.81318
2.84643
2.83836
2.78596
2.70095
2.62542
2.56764
2.54987
2.55794
2.5936
2.64449
2.6967
2.74173
2.76611
2.76752
2.75029
2.7169
2.67042
2.61391
2.54865
2.47598
2.39726
2.31352
2.22601
2.13432
2.03693
1.93408
1.82816
1.72249
1.61629
1.50896
1.40635
1.30586
1.20707
1.107
1.00529
0.903429
0.800842
0.69747
0.593388
0.488781
0.38358
0.276947
0.167802
0.0581104
-76.1512
-77.0956
-78.8573
-79.1023
-76.9167
-72.8006
-67.2646
-60.8448
-54.1763
-47.6475
-41.5747
-36.0635
-31.1621
-26.8522
-23.1313
-19.9386
-17.1958
-14.8385
-12.8259
-11.1099
-9.59104
-8.19664
-6.90959
-5.68367
-4.52135
-3.42824
-2.42813
-1.55491
-0.820503
-0.235279
0.205837
0.535321
0.79626
0.988513
1.12314
1.22196
1.26765
1.21591
1.0138
0.703828
0.461858
0.23052
0.0635144
0.260595
0.887447
1.96385
2.71804
2.98849
3.00807
2.96296
2.87677
2.81331
2.76869
2.75339
2.7822
2.79809
2.8124
2.78922
2.73055
2.64747
2.5752
2.52547
2.51629
2.52989
2.57057
2.62567
2.67991
2.7253
2.74867
2.74917
2.73168
2.6984
2.65227
2.59611
2.53115
2.45864
2.37992
2.29612
2.20855
2.11675
2.01903
1.91592
1.80998
1.70412
1.59812
1.49223
1.39019
1.2895
1.18984
1.08897
0.988507
0.88691
0.784217
0.681111
0.577475
0.47361
0.369595
0.265096
0.159918
0.0540873
-76.1904
-77.0374
-78.542
-78.6721
-76.4939
-72.4299
-66.9869
-60.6841
-54.1097
-47.6599
-41.6428
-36.1721
-31.2923
-26.9911
-23.2688
-20.0664
-17.305
-14.9303
-12.8971
-11.1532
-9.61202
-8.19905
-6.89802
-5.66992
-4.51687
-3.44408
-2.45974
-1.61424
-0.9068
-0.331281
0.112082
0.450684
0.725934
0.932771
1.07916
1.18142
1.21998
1.15066
0.912654
0.551891
0.274647
0.0270118
-0.166011
0.0526595
0.733589
1.85145
2.7439
3.08997
3.15389
3.09065
2.98602
2.88776
2.8116
2.7761
2.78563
2.78642
2.77532
2.73385
2.66642
2.58869
2.52057
2.47936
2.47998
2.50014
2.54674
2.60664
2.66328
2.70863
2.73049
2.72968
2.71171
2.67833
2.6324
2.57655
2.51187
2.43955
2.36082
2.27693
2.18927
2.09735
1.99937
1.89608
1.79011
1.68393
1.57779
1.47352
1.37197
1.27115
1.17034
1.06983
0.970013
0.868497
0.765946
0.663084
0.559907
0.456812
0.354082
0.251975
0.151176
0.0496723
-76.2125
-76.96
-78.2017
-78.2016
-76.0284
-72.0193
-66.678
-60.5011
-54.0383
-47.6826
-41.7322
-36.3092
-31.4553
-27.1657
-23.4402
-20.2241
-17.4389
-15.0395
-12.9789
-11.1988
-9.6274
-8.19479
-6.87431
-5.64423
-4.50178
-3.44322
-2.4835
-1.66769
-0.991325
-0.435832
0.00627765
0.360128
0.651352
0.871887
1.02972
1.13583
1.16422
1.07728
0.807748
0.403433
0.080239
-0.187421
-0.393023
-0.163973
0.603333
1.76133
2.74895
3.20212
3.3291
3.24726
3.11465
2.97595
2.86175
2.80289
2.78863
2.77921
2.7372
2.67267
2.59417
2.52456
2.46225
2.43033
2.44089
2.46933
2.52265
2.58797
2.64713
2.69202
2.71166
2.70904
2.69025
2.65653
2.61064
2.55505
2.49065
2.41851
2.33973
2.25571
2.16793
2.0759
1.97771
1.87429
1.7683
1.66191
1.5555
1.45224
1.35154
1.25048
1.14923
1.049
0.949308
0.848056
0.745751
0.643137
0.540499
0.43826
0.336899
0.237405
0.141448
0.0447801
-76.2166
-76.8598
-77.8392
-77.6963
-75.5262
-71.5776
-66.3425
-60.2966
-53.9527
-47.6988
-41.8233
-36.4548
-31.6331
-27.3608
-23.6294
-20.3984
-17.5894
-15.161
-13.0657
-11.24
-9.62886
-8.1689
-6.82602
-5.58964
-4.4555
-3.42028
-2.50714
-1.7283
-1.0777
-0.544424
-0.105563
0.261138
0.568192
0.803896
0.974815
1.08331
1.10008
0.995843
0.701259
0.262449
-0.110374
-0.405501
-0.609567
-0.381426
0.480768
1.69878
2.75916
3.33254
3.52952
3.43593
3.26208
3.07762
2.91994
2.83529
2.79642
2.77187
2.69553
2.60628
2.51804
2.45556
2.40108
2.38028
2.39884
2.43804
2.49927
2.57029
2.63194
2.67586
2.69232
2.68733
2.66731
2.63295
2.5869
2.53144
2.46724
2.39528
2.31645
2.23224
2.14427
2.05215
1.95378
1.85025
1.74429
1.63781
1.53136
1.42812
1.32884
1.22737
1.12619
1.02585
0.926363
0.825466
0.723314
0.620943
0.51894
0.417718
0.317894
0.221174
0.130577
0.0392731
-76.2064
-76.7419
-77.4596
-77.1596
-74.988
-71.1054
-65.9815
-60.0713
-53.8442
-47.691
-41.892
-36.5812
-31.7967
-27.546
-23.8181
-20.5764
-17.7457
-15.2873
-13.1522
-11.2772
-9.62319
-8.13319
-6.76867
-5.52357
-4.39774
-3.39664
-2.52938
-1.79235
-1.17263
-0.657724
-0.21922
0.159531
0.480385
0.731173
0.913175
1.02195
1.03085
0.910911
0.595072
0.127196
-0.286602
-0.60658
-0.797269
-0.569126
0.357592
1.63407
2.80302
3.49577
3.75125
3.6496
3.42782
3.19153
2.98586
2.87547
2.81555
2.75768
2.64851
2.53657
2.44277
2.38305
2.3386
2.33111
2.35632
2.40517
2.47701
2.554
2.61751
2.66004
2.67292
2.6648
2.64288
2.60755
2.56116
2.50574
2.4416
2.3696
2.29056
2.20614
2.11803
2.02585
1.92733
1.82376
1.71788
1.61138
1.50511
1.40156
1.30317
1.2019
1.10068
1.0002
0.900936
0.800426
0.698401
0.59627
0.494941
0.394863
0.29689
0.203052
0.118397
0.0329486
-76.1846
-76.6099
-77.0679
-76.5951
-74.4107
-70.5942
-65.5815
-59.8116
-53.7199
-47.6811
-41.9678
-36.7169
-31.9694
-27.7378
-24.0171
-20.7624
-17.9077
-15.4164
-13.2373
-11.3125
-9.61516
-8.09326
-6.70969
-5.46121
-4.35109
-3.38345
-2.55735
-1.85817
-1.26722
-0.765551
-0.328229
0.0595454
0.392232
0.654714
0.84247
0.950054
0.954087
0.817629
0.484627
-0.000646419
-0.443856
-0.774348
-0.938021
-0.693158
0.2513
1.59036
2.8627
3.67887
3.9884
3.87419
3.60731
3.31532
3.0605
2.92755
2.83632
2.73333
2.60019
2.46884
2.3702
2.31084
2.27732
2.28264
2.31764
2.37183
2.45385
2.53906
2.60359
2.64347
2.65342
2.64205
2.61737
2.58052
2.53345
2.4776
2.41309
2.34104
2.26206
2.17746
2.08904
1.99673
1.8981
1.79439
1.68868
1.58222
1.47634
1.37293
1.27383
1.17354
1.07251
0.971912
0.872751
0.772617
0.670731
0.568846
0.468187
0.369304
0.273581
0.182737
0.104696
0.0254643
-76.1562
-76.4779
-76.706
-76.0677
-73.8649
-70.1123
-65.2048
-59.5664
-53.6102
-47.6806
-42.048
-36.8537
-32.14
-27.9258
-24.2048
-20.9336
-18.0555
-15.5328
-13.3121
-11.3439
-9.60856
-8.05743
-6.65663
-5.40573
-4.31031
-3.37302
-2.58506
-1.92078
-1.3558
-0.865571
-0.42818
-0.0344917
0.307304
0.577802
0.767601
0.871487
0.86593
0.71385
0.370431
-0.11773
-0.575845
-0.89386
-1.02105
-0.741711
0.204142
1.59076
2.92439
3.84686
4.2081
4.08601
3.78115
3.43612
3.14006
2.97887
2.84497
2.70696
2.55506
2.41005
2.30459
2.24673
2.22418
2.24178
2.28777
2.34898
2.43447
2.52071
2.58775
2.62544
2.63248
2.6194
2.59231
2.5534
2.50522
2.44876
2.3842
2.31178
2.23237
2.14577
2.05806
1.96585
1.86758
1.76376
1.65814
1.55175
1.44643
1.34344
1.24268
1.14356
1.04292
0.942321
0.843177
0.74326
0.641542
0.539972
0.43991
0.342109
0.24877
0.161071
0.09005
0.0167694
-76.1292
-76.368
-76.4211
-75.6489
-73.428
-69.729
-64.9087
-59.3757
-53.5206
-47.6738
-42.1043
-36.9555
-32.2705
-28.0716
-24.3512
-21.0688
-18.1736
-15.6257
-13.3716
-11.3703
-9.6064
-8.0342
-6.62209
-5.37037
-4.28607
-3.3714
-2.61195
-1.97453
-1.42827
-0.946672
-0.510108
-0.114641
0.231502
0.505493
0.693236
0.789282
0.771991
0.61208
0.271145
-0.21113
-0.673498
-0.967536
-1.05899
-0.743085
0.215389
1.62277
2.98758
3.96648
4.37477
4.25864
3.92212
3.53536
3.21101
3.01223
2.84413
2.68246
2.51481
2.36226
2.25348
2.19935
2.18631
2.2136
2.26517
2.33181
2.41827
2.50247
2.57181
2.60825
2.61252
2.5971
2.56762
2.52729
2.4784
2.42157
2.35706
2.28448
2.20494
2.11883
2.02969
1.93666
1.83862
1.7349
1.62823
1.52292
1.41807
1.3147
1.21352
1.11492
1.01458
0.914132
0.814983
0.715124
0.613522
0.512368
0.412743
0.315925
0.224767
0.139828
0.0756727
0.00741027
-76.1081
-76.2861
-76.215
-75.3429
-73.1046
-69.4435
-64.6854
-59.2276
-53.4466
-47.6635
-42.1442
-37.032
-32.3706
-28.1842
-24.4648
-21.1746
-18.2663
-15.699
-13.4201
-11.3953
-9.61095
-8.02365
-6.60389
-5.35214
-4.27632
-3.37841
-2.64001
-2.02295
-1.48924
-1.01265
-0.577307
-0.181543
0.16532
0.439253
0.622475
0.709883
0.688369
0.528315
0.192109
-0.282379
-0.74224
-1.01574
-1.07414
-0.727241
0.249221
1.66758
3.04365
4.04591
4.49436
4.38605
4.02465
3.60754
3.2657
3.03023
2.83708
2.65742
2.47889
2.32327
2.21636
2.16699
2.15986
2.19243
2.24378
2.31432
2.40269
2.4879
2.55622
2.59096
2.59347
2.57589
2.54467
2.50349
2.45406
2.39697
2.33223
2.25963
2.18013
2.09521
2.00552
1.91198
1.8133
1.70951
1.6031
1.49759
1.39248
1.28868
1.18776
1.08899
0.988704
0.888346
0.789054
0.689334
0.587888
0.487213
0.387819
0.291979
0.202598
0.11972
0.0617399
-0.00253516
-76.0948
-76.2288
-76.0699
-75.1247
-72.8721
-69.2384
-64.5259
-59.1233
-53.3973
-47.6625
-42.1806
-37.0953
-32.4516
-28.2744
-24.5557
-21.2597
-18.3413
-15.7591
-13.4624
-11.4211
-9.62224
-8.02445
-6.59977
-5.34849
-4.27912
-3.39351
-2.67096
-2.06806
-1.54193
-1.06782
-0.634114
-0.238707
0.107386
0.378475
0.558295
0.6428
0.621153
0.461383
0.127204
-0.340323
-0.79356
-1.05196
-1.07923
-0.703259
0.291986
1.71858
3.09727
4.1156
4.58759
4.47978
4.09767
3.6572
3.30629
3.03744
2.82374
2.63006
2.44524
2.28975
2.18744
2.142
2.13886
2.17421
2.22383
2.29901
2.38768
2.47248
2.53929
2.57306
2.5744
2.55563
2.52362
2.48206
2.43249
2.37541
2.31068
2.23807
2.15838
2.07297
1.9829
1.88933
1.79048
1.68656
1.58006
1.47432
1.36894
1.26529
1.1642
1.06522
0.964929
0.864657
0.76523
0.665614
0.564334
0.464138
0.365045
0.270077
0.182053
0.100645
0.0479164
-0.0130528
-76.0884
-76.1911
-75.9707
-74.9735
-72.7108
-69.0978
-64.4194
-59.0574
-53.3719
-47.6728
-42.2184
-37.1524
-32.5215
-28.3502
-24.6312
-21.3306
-18.4041
-15.8105
-13.5011
-11.4482
-9.63912
-8.03424
-6.60658
-5.35612
-4.29162
-3.41504
-2.7045
-2.1105
-1.5879
-1.11537
-0.683305
-0.288867
0.056597
0.326591
0.505615
0.590268
0.568214
0.406368
0.0728799
-0.388765
-0.834302
-1.08143
-1.08038
-0.675548
0.340795
1.77927
3.16334
4.19089
4.66755
4.55201
4.15008
3.69093
3.33421
3.0352
2.80466
2.60051
2.41295
2.25932
2.16166
2.12001
2.12107
2.15585
2.20748
2.2847
2.3729
2.45739
2.52301
2.55568
2.55638
2.53697
2.50455
2.46274
2.41308
2.35593
2.29113
2.2184
2.13857
2.05294
1.96269
1.86869
1.76961
1.66562
1.559
1.45305
1.34761
1.2439
1.14268
1.04383
0.943692
0.843578
0.744275
0.644808
0.544068
0.443257
0.344479
0.250026
0.163081
0.0824955
0.0341986
-0.0238217
-76.088
-76.1692
-75.9069
-74.8741
-72.6053
-69.0083
-64.355
-59.0227
-53.3662
-47.6928
-42.2579
-37.2055
-32.5833
-28.4152
-24.6952
-21.3907
-18.4579
-15.8556
-13.5373
-11.4765
-9.66057
-8.05126
-6.62235
-5.37332
-4.31273
-3.44311
-2.74071
-2.15181
-1.63029
-1.15805
-0.726495
-0.332375
0.013309
0.284447
0.464399
0.54918
0.526381
0.361568
0.0273754
-0.430145
-0.868426
-1.10656
-1.08011
-0.646206
0.395098
1.85136
3.24506
4.27386
4.74257
4.61173
4.18751
3.71779
3.34633
3.0238
2.78087
2.56999
2.3821
2.2316
2.13771
2.09976
2.1053
2.13735
2.19382
2.2719
2.35973
2.44371
2.50819
2.53977
2.53999
2.52006
2.48736
2.44535
2.39552
2.33813
2.2731
2.20011
2.12004
2.03414
1.94368
1.8494
1.75018
1.64607
1.53943
1.43338
1.32794
1.22426
1.123
1.02402
0.923817
0.823431
0.723976
0.624275
0.524424
0.423876
0.325635
0.231447
0.145425
0.0652355
0.0205952
-0.0346206
-76.0923
-76.1596
-75.8698
-74.8141
-72.5425
-68.9577
-64.3227
-59.011
-53.3746
-47.719
-42.2977
-37.2543
-32.6377
-28.4714
-24.7502
-21.4425
-18.5045
-15.8959
-13.5713
-11.5054
-9.6852
-8.07376
-6.64532
-5.39855
-4.3413
-3.47675
-2.77881
-2.19189
-1.67046
-1.19727
-0.76464
-0.369269
-0.0223113
0.250627
0.432333
0.517478
0.49351
0.325346
-0.0106173
-0.465823
-0.897924
-1.12822
-1.0787
-0.615145
0.455653
1.93535
3.34081
4.3659
4.81705
4.66192
4.2114
3.74104
3.34254
3.00498
2.75401
2.54029
2.35379
2.20689
2.11618
2.08144
2.09106
2.12066
2.18143
2.26041
2.34794
2.43114
2.49449
2.52514
2.52495
2.50467
2.4719
2.42996
2.38021
2.32283
2.25783
2.18484
2.1047
2.01865
1.92806
1.83363
1.7344
1.63033
1.52374
1.41764
1.31224
1.20864
1.1075
1.00862
0.908714
0.808539
0.709305
0.609268
0.508807
0.40788
0.309761
0.215447
0.129752
0.0494935
0.00721765
-0.0454758
-76.1003
-76.159
-75.8526
-74.7837
-72.5122
-68.9368
-64.3146
-59.017
-53.3937
-47.7497
-42.3373
-37.2992
-32.6855
-28.5197
-24.7971
-21.4863
-18.544
-15.9305
-13.6019
-11.533
-9.71073
-8.09908
-6.6723
-5.42806
-4.37334
-3.51152
-2.81525
-2.22829
-1.70607
-1.23117
-0.796373
-0.398721
-0.0500391
0.223924
0.407128
0.49333
0.464541
0.296387
-0.0414413
-0.495611
-0.92262
-1.14593
-1.07566
-0.582521
0.520969
2.02835
3.44651
4.4619
4.8859
4.69946
4.22121
3.756
3.32969
2.98234
2.72725
2.51362
2.32979
2.18596
2.09773
2.06487
2.07403
2.10675
2.16995
2.24943
2.33657
2.41887
2.48097
2.51052
2.50944
2.48832
2.45479
2.41212
2.36189
2.30418
2.2389
2.1657
2.08543
1.99935
1.90875
1.81426
1.71492
1.61074
1.50411
1.39798
1.29256
1.18887
1.08764
0.988419
0.88846
0.788111
0.688823
0.589342
0.489387
0.388939
0.291285
0.197247
0.112462
0.0323703
-0.00647646
-0.0644441
-76.1079
-76.1631
-75.8495
-74.7762
-72.5083
-68.9416
-64.3291
-59.0411
-53.4257
-47.7886
-42.3807
-37.344
-32.7302
-28.5628
-24.8374
-21.523
-18.5766
-15.9594
-13.6286
-11.5588
-9.73654
-8.12645
-6.70209
-5.46006
-4.40668
-3.54521
-2.84825
-2.25962
-1.73511
-1.25728
-0.819115
-0.417845
-0.065164
0.212256
0.393971
0.479866
0.453489
0.278667
-0.063429
-0.518099
-0.940402
-1.15816
-1.07189
-0.552387
0.58227
2.11643
3.54459
4.54407
4.93652
4.71956
4.22612
3.75343
3.31187
2.95883
2.7037
2.4925
2.31205
2.1714
2.08604
2.05655
2.06776
2.1008
2.16399
2.24344
2.33022
2.41201
2.47361
2.50322
2.50216
2.48118
2.44793
2.40556
2.35552
2.29783
2.23259
2.15941
2.07913
1.99299
1.90232
1.80775
1.70842
1.60426
1.49766
1.3915
1.28611
1.18244
1.08128
0.982115
0.882209
0.781905
0.682535
0.582645
0.482401
0.381716
0.283804
0.189604
0.104474
0.0239668
-0.0160979
-0.0475126
-76.1281
-76.1824
-75.8671
-74.7953
-72.5333
-68.9744
-64.3692
-59.0872
-53.4757
-47.8414
-42.4344
-37.3962
-32.7799
-28.6094
-24.8806
-21.5625
-18.6128
-15.9935
-13.662
-11.5927
-9.77182
-8.16399
-6.74178
-5.50126
-4.44822
-3.58558
-2.88643
-2.29503
-1.76735
-1.28631
-0.845201
-0.441701
-0.0887481
0.189879
0.372239
0.457719
0.427013
0.250363
-0.0928967
-0.547153
-0.965247
-1.17861
-1.07634
-0.538694
0.619202
2.17169
3.60336
4.58637
4.95459
4.70411
4.21198
3.72733
3.28196
2.92711
2.67382
2.46523
2.28689
2.14815
2.06434
2.03597
2.04508
2.08049
2.14439
2.2242
2.31079
2.3921
2.45313
2.48211
2.48043
2.45904
2.42549
2.38288
2.3327
2.27493
2.20964
2.13641
2.05609
1.96994
1.87926
1.78466
1.6853
1.58109
1.47448
1.36831
1.26292
1.15925
1.05807
0.958858
0.858892
0.758609
0.659189
0.559473
0.459228
0.358738
0.260921
0.166759
0.0819186
0.00146019
-0.0369708
-0.120188
-76.8661
-77.0226
-77.2358
-77.2908
-77.2915
-77.2545
-77.1864
-77.0997
-77.0082
-76.9196
-76.8389
-76.771
-76.7175
-76.6833
-76.6862
-76.7262
-79.4144
-79.4875
-79.5795
-79.6909
-79.7156
-79.6735
-79.6043
-79.5266
-79.4502
-79.3816
-79.3254
-79.2849
-79.2629
-79.2575
-79.259
-79.2619
-81.003
-81.3776
-81.7711
-81.9569
-82.0041
-81.9772
-81.9132
-81.8411
-81.7764
-81.7262
-81.6941
-81.682
-81.6908
-81.7173
-81.7488
-81.7671
-81.2373
-81.68
-81.9449
-82.1034
-82.1878
-82.1934
-82.1446
-82.0759
-82.0096
-81.9558
-81.9189
-81.8995
-81.8974
-81.9101
-81.9276
-81.9319
-78.8555
-79.1711
-79.3804
-79.5537
-79.6509
-79.6729
-79.6456
-79.5925
-79.5331
-79.4746
-79.4205
-79.3738
-79.3371
-79.3116
-79.2945
-79.2713
-74.3636
-74.6155
-74.8204
-74.9878
-75.0883
-75.1228
-75.1042
-75.0533
-74.9899
-74.9221
-74.8535
-74.7861
-74.7214
-74.6626
-74.6125
-74.5643
-68.3784
-68.5665
-68.7329
-68.8708
-68.962
-68.9999
-68.9863
-68.9391
-68.8754
-68.8003
-68.715
-68.6204
-68.5184
-68.4145
-68.3203
-68.2419
-61.5011
-61.6328
-61.7551
-61.8582
-61.9323
-61.9653
-61.9509
-61.903
-61.8358
-61.7526
-61.6537
-61.5393
-61.4113
-61.2771
-61.1546
-61.0607
-54.4583
-54.5282
-54.6033
-54.6737
-54.7313
-54.7571
-54.7384
-54.6875
-54.6173
-54.5291
-54.4217
-54.2946
-54.1497
-53.9951
-53.853
-53.7485
-47.636
-47.6481
-47.678
-47.7177
-47.7558
-47.7668
-47.7378
-47.6819
-47.6084
-47.5165
-47.4043
-47.271
-47.1184
-46.9552
-46.8047
-46.6948
-41.3515
-41.3211
-41.3191
-41.3369
-41.3591
-41.3565
-41.3187
-41.2588
-41.183
-41.0895
-40.9758
-40.8411
-40.6872
-40.5227
-40.3708
-40.2598
-35.7063
-35.6459
-35.6192
-35.6186
-35.6255
-35.609
-35.5624
-35.4987
-35.4215
-35.3277
-35.2152
-35.083
-34.933
-34.7733
-34.626
-34.5179
-30.7336
-30.6606
-30.6229
-30.6129
-30.6075
-30.579
-30.5267
-30.462
-30.3853
-30.2935
-30.1843
-30.0574
-29.9144
-29.763
-29.6234
-29.5202
-26.4021
-26.3262
-26.2859
-26.2699
-26.2504
-26.2094
-26.1537
-26.0898
-26.0152
-25.9268
-25.8229
-25.7033
-25.5699
-25.4294
-25.2999
-25.2036
-22.6894
-22.6161
-22.5776
-22.5584
-22.5293
-22.4815
-22.4254
-22.3629
-22.2907
-22.2062
-22.1081
-21.9964
-21.8731
-21.7445
-21.6268
-21.5389
-19.5327
-19.4638
-19.4269
-19.4045
-19.3701
-19.3202
-19.2647
-19.2036
-19.1339
-19.0533
-18.9611
-18.8575
-18.7445
-18.628
-18.5222
-18.4428
-16.8399
-16.7812
-16.7488
-16.7207
-16.6797
-16.6298
-16.5767
-16.5184
-16.4521
-16.3763
-16.2904
-16.1951
-16.0922
-15.9872
-15.8924
-15.8206
-14.5404
-14.4935
-14.4649
-14.4313
-14.3857
-14.3366
-14.2853
-14.2291
-14.1659
-14.0947
-14.015
-13.9276
-13.8343
-13.7398
-13.655
-13.5901
-12.5944
-12.556
-12.5287
-12.493
-12.4463
-12.3971
-12.3459
-12.2905
-12.2293
-12.1615
-12.0869
-12.0063
-11.921
-11.8356
-11.7594
-11.7001
-10.9338
-10.9035
-10.8756
-10.836
-10.7872
-10.7367
-10.6844
-10.6286
-10.5683
-10.5027
-10.4318
-10.3561
-10.277
-10.1983
-10.1284
-10.0734
-9.47403
-9.44996
-9.4185
-9.37468
-9.32491
-9.27368
-9.22053
-9.16432
-9.10427
-9.03996
-8.97127
-8.89857
-8.82316
-8.74874
-8.68271
-8.62947
-8.14546
-8.12201
-8.08701
-8.04051
-7.98965
-7.93722
-7.88278
-7.82558
-7.76506
-7.70083
-7.63275
-7.56111
-7.48717
-7.4146
-7.35025
-7.29652
-6.88544
-6.8614
-6.82426
-6.77592
-6.72286
-6.66803
-6.61137
-6.55233
-6.49039
-6.42511
-6.35626
-6.28405
-6.20969
-6.13687
-6.07228
-6.01764
-5.66544
-5.63778
-5.59726
-5.54637
-5.4907
-5.43331
-5.37437
-5.31336
-5.24969
-5.18282
-5.11241
-5.03858
-4.96252
-4.88799
-4.82186
-4.76622
-4.47591
-4.44224
-4.39782
-4.34453
-4.28689
-4.22787
-4.16755
-4.10529
-4.04035
-3.97206
-3.89999
-3.82423
-3.74601
-3.66926
-3.60118
-3.54436
-3.33592
-3.29469
-3.24549
-3.18917
-3.12925
-3.06859
-3.00711
-2.94393
-2.87811
-2.8088
-2.73546
-2.65816
-2.57819
-2.49969
-2.43014
-2.37253
-2.28156
-2.23049
-2.1748
-2.11411
-2.05129
-1.98901
-1.92682
-1.86339
-1.79744
-1.72791
-1.65415
-1.57621
-1.4955
-1.41636
-1.34639
-1.2888
-1.32729
-1.26652
-1.206
-1.14301
-1.08006
-1.01897
-0.958441
-0.896685
-0.832217
-0.763909
-0.691131
-0.614013
-0.534126
-0.455961
-0.387117
-0.330616
-0.524212
-0.455322
-0.389488
-0.323386
-0.259611
-0.198859
-0.139225
-0.0787002
-0.0156933
0.0509565
0.121859
0.196823
0.274196
0.349488
0.415478
0.469697
0.0914563
0.167538
0.240415
0.311956
0.378906
0.4413
0.501411
0.561458
0.623204
0.687914
0.756239
0.827994
0.901542
0.972561
1.03446
1.08557
0.547645
0.627315
0.704697
0.77875
0.845884
0.907407
0.966077
1.02422
1.08362
1.1455
1.21046
1.27826
1.34727
1.4134
1.47073
1.5185
0.872622
0.954272
1.0316
1.10251
1.16602
1.22457
1.2807
1.33638
1.39315
1.45205
1.51354
1.57732
1.64178
1.70306
1.75597
1.80061
1.08277
1.1627
1.23624
1.30213
1.36193
1.41791
1.47198
1.52574
1.58049
1.6371
1.69591
1.75657
1.8175
1.87505
1.92456
1.96686
1.22596
1.29757
1.36415
1.42498
1.48127
1.53465
1.58665
1.63866
1.6918
1.74677
1.80378
1.86241
1.92107
1.9762
2.02351
2.06429
1.33262
1.39844
1.45972
1.51639
1.56957
1.62067
1.671
1.72172
1.77373
1.82756
1.88331
1.9405
1.99757
2.05109
2.09702
2.1369
1.4122
1.47506
1.53486
1.5912
1.64471
1.69639
1.74723
1.7982
1.85011
1.90352
1.95862
2.01506
2.07138
2.12426
2.16986
2.20986
1.46603
1.53149
1.59502
1.6553
1.71241
1.76707
1.8202
1.87286
1.92605
1.98049
2.03658
2.09411
2.15166
2.20582
2.25254
2.29333
1.49017
1.57366
1.64929
1.71732
1.7795
1.83773
1.89371
1.94888
2.00446
2.0613
2.1198
2.17972
2.2395
2.29528
2.34244
2.38245
1.45907
1.58557
1.69292
1.78411
1.86367
1.93525
2.00155
2.06462
2.12601
2.18678
2.2475
2.30801
2.36663
2.41927
2.46164
2.497
1.35974
1.54439
1.70186
1.83301
1.94348
2.03845
2.12177
2.19646
2.2649
2.32886
2.38946
2.44686
2.49948
2.54265
2.57108
2.59961
1.25565
1.48079
1.67415
1.83739
1.97299
2.08626
2.18222
2.26518
2.33848
2.4044
2.46381
2.51584
2.55811
2.58807
2.60997
2.62637
1.1326
1.38355
1.5917
1.76629
1.91567
2.04426
2.15428
2.24811
2.3292
2.40051
2.46577
2.52827
2.58346
2.62495
2.64354
2.64851
1.08689
1.36168
1.58816
1.77457
1.92974
2.0614
2.17703
2.28121
2.37486
2.45656
2.52229
2.5676
2.59488
2.6077
2.60642
2.60274
1.23947
1.50487
1.7257
1.90935
2.06266
2.19088
2.29763
2.385
2.45393
2.50503
2.53897
2.55721
2.56255
2.55747
2.54486
2.5375
1.64562
1.84228
2.0073
2.14438
2.25668
2.3467
2.41632
2.46715
2.50099
2.51985
2.52566
2.52061
2.50824
2.49302
2.47855
2.47434
2.25962
2.3326
2.39636
2.44916
2.49018
2.51936
2.53701
2.54326
2.53915
2.52699
2.51022
2.49178
2.47373
2.45865
2.44919
2.45316
2.62524
2.61222
2.60304
2.59362
2.5812
2.56482
2.54578
2.52591
2.50568
2.485
2.46435
2.44561
2.43104
2.4219
2.41858
2.42832
2.68293
2.61524
2.56383
2.52438
2.4933
2.46745
2.4437
2.42113
2.40064
2.38323
2.3693
2.35899
2.35268
2.35041
2.35139
2.3646
2.60034
2.52068
2.45895
2.41103
2.37383
2.34538
2.32411
2.30816
2.29626
2.28766
2.28203
2.27946
2.28036
2.28451
2.28887
2.30708
2.54931
2.46367
2.40136
2.35684
2.32546
2.30371
2.28908
2.27983
2.27483
2.27339
2.27516
2.28
2.28782
2.29755
2.305
2.32294
2.53841
2.47261
2.42597
2.39402
2.37314
2.36062
2.35452
2.35342
2.35626
2.36185
2.36801
2.37395
2.38131
2.39065
2.40121
2.42122
2.58315
2.53895
2.50851
2.48867
2.47638
2.4688
2.46402
2.46255
2.46498
2.47095
2.48132
2.49599
2.51259
2.529
2.54403
2.56566
2.62653
2.59928
2.58288
2.57483
2.57322
2.57775
2.58802
2.60183
2.61734
2.63444
2.65329
2.67368
2.69478
2.71498
2.73265
2.75541
2.68828
2.68602
2.69227
2.70328
2.71676
2.73287
2.75157
2.77225
2.79446
2.818
2.84263
2.86799
2.8932
2.91639
2.93578
2.95912
2.79107
2.80699
2.82776
2.85039
2.87341
2.89736
2.92258
2.94872
2.97561
3.00321
3.03137
3.05969
3.08715
3.11174
3.13157
3.15483
2.88192
2.91317
2.94445
2.97549
3.00575
3.03585
3.0661
3.09626
3.12644
3.15677
3.18717
3.2172
3.24575
3.27075
3.29022
3.31313
2.96131
3.00461
3.04419
3.08105
3.11595
3.14977
3.18269
3.21468
3.24607
3.27707
3.30761
3.33726
3.365
3.38891
3.40719
3.42982
2.99619
3.05253
3.1014
3.14394
3.18288
3.21949
3.25397
3.28664
3.31799
3.34833
3.37762
3.40548
3.43113
3.45302
3.46934
3.49124
2.96264
3.02666
3.08222
3.13001
3.17262
3.21157
3.24725
3.2803
3.31135
3.34073
3.3685
3.39443
3.41798
3.43801
3.45209
3.473
2.88262
2.94873
3.00664
3.05689
3.10114
3.1409
3.17688
3.20978
3.24016
3.26837
3.2945
3.31843
3.33997
3.35844
3.37042
3.39078
2.79826
2.86151
2.91688
2.96544
3.00838
3.04677
3.08153
3.11315
3.14207
3.1686
3.19287
3.21486
3.23459
3.25192
3.26224
3.28231
2.71852
2.77921
2.83373
2.88046
2.92069
2.95667
2.98926
3.01877
3.04561
3.07015
3.09255
3.11281
3.13103
3.14744
3.15678
3.17654
2.66866
2.71447
2.75926
2.80395
2.84458
2.8793
2.9096
2.9369
2.96195
2.98501
3.00615
3.02535
3.0427
3.05853
3.06768
3.08734
2.66054
2.70127
2.73921
2.77464
2.80771
2.83786
2.86536
2.8909
2.91465
2.93668
2.95699
2.97555
2.99243
3.0078
3.01728
3.03672
2.68105
2.71701
2.75156
2.78437
2.81442
2.84184
2.86743
2.89136
2.91374
2.93463
2.95403
2.97188
2.98822
3.00311
3.01282
3.03204
2.72032
2.75328
2.78527
2.81471
2.84172
2.86758
2.89189
2.9147
2.93612
2.95623
2.97499
2.99236
3.00836
3.02299
3.03282
3.05195
2.76508
2.79548
2.82514
2.85301
2.87882
2.90327
2.92626
2.94794
2.9684
2.98769
3.00577
3.02259
3.03818
3.0525
3.06226
3.08128
2.80786
2.83684
2.86341
2.88846
2.91338
2.93684
2.95886
2.97963
2.99928
3.01787
3.03538
3.05173
3.06696
3.08104
3.09058
3.10949
2.83329
2.86109
2.8877
2.91316
2.93732
2.95997
2.98131
3.00144
3.02052
3.0386
3.05565
3.07159
3.08645
3.10028
3.10951
3.12827
2.83677
2.8655
2.89249
2.91779
2.94151
2.96389
2.98504
3.00505
3.02399
3.04184
3.05855
3.07409
3.08858
3.10218
3.11102
3.12966
2.81983
2.84878
2.87559
2.90056
2.92407
2.94626
2.96729
2.98729
3.00624
3.02405
3.04056
3.05579
3.06997
3.08343
3.09187
3.1104
2.78511
2.81338
2.83971
2.86445
2.88771
2.90971
2.93063
2.95052
2.96939
2.9871
3.00347
3.01847
3.0324
3.04578
3.05384
3.07231
2.73645
2.7641
2.79027
2.81461
2.83748
2.85923
2.88001
2.8998
2.9185
2.93595
2.95206
2.96682
2.98047
2.99381
3.0015
3.01993
2.67816
2.70474
2.73035
2.75441
2.77707
2.79863
2.81925
2.8389
2.85739
2.87459
2.89045
2.90497
2.91837
2.93172
2.93907
2.9575
2.61175
2.6376
2.66262
2.68647
2.7091
2.73055
2.751
2.77043
2.78868
2.80561
2.82123
2.83552
2.84868
2.86209
2.86911
2.88755
2.53849
2.5641
2.5887
2.61231
2.63496
2.65642
2.67672
2.6959
2.71389
2.73062
2.74605
2.76017
2.77309
2.78663
2.79333
2.81178
2.4597
2.48533
2.50972
2.53309
2.55553
2.57693
2.59706
2.61598
2.63379
2.65034
2.66561
2.67956
2.69218
2.70594
2.71224
2.73084
2.37593
2.40165
2.42609
2.44932
2.47146
2.49255
2.5124
2.53112
2.54881
2.56519
2.58032
2.59422
2.60641
2.62053
2.62638
2.64515
2.28843
2.31417
2.33854
2.36151
2.38322
2.40386
2.42345
2.4421
2.45963
2.47578
2.4907
2.50469
2.51619
2.53147
2.53673
2.55562
2.1979
2.22358
2.24783
2.27067
2.29229
2.31262
2.3319
2.35032
2.36757
2.38352
2.39816
2.41206
2.42355
2.43847
2.44369
2.4626
2.1016
2.1274
2.15189
2.17482
2.19639
2.21666
2.2358
2.254
2.27099
2.28667
2.30111
2.31478
2.32675
2.34109
2.34653
2.36535
1.99909
2.02513
2.04941
2.07225
2.09379
2.11395
2.13302
2.15116
2.16805
2.18356
2.19823
2.21197
2.22398
2.2381
2.24366
2.26242
1.89306
1.91846
1.94248
1.96521
1.98658
2.0067
2.02578
2.04386
2.06063
2.07652
2.09149
2.10501
2.11706
2.13112
2.13671
2.15546
1.78565
1.81105
1.83502
1.85743
1.87846
1.89838
1.91732
1.93526
1.95223
1.96818
1.98284
1.99631
2.0083
2.02248
2.02805
2.04682
1.67929
1.70486
1.72873
1.75099
1.77163
1.79125
1.80996
1.82776
1.84459
1.86026
1.87479
1.88826
1.90004
1.91444
1.91989
1.93872
1.56981
1.59559
1.62038
1.64395
1.66501
1.68407
1.70262
1.72038
1.73705
1.75255
1.76701
1.78056
1.79216
1.80696
1.81229
1.83119
1.4654
1.48954
1.51234
1.53389
1.55522
1.57597
1.59506
1.61285
1.62952
1.64501
1.65944
1.67318
1.68462
1.69965
1.70478
1.72387
1.36565
1.3899
1.41272
1.43404
1.45418
1.47367
1.49225
1.50969
1.5261
1.54146
1.55579
1.56953
1.58099
1.59552
1.60125
1.62014
1.26837
1.29266
1.31543
1.33674
1.3567
1.37589
1.39417
1.41131
1.42744
1.44256
1.45666
1.47007
1.48199
1.49603
1.50204
1.52079
1.16812
1.19236
1.21511
1.23649
1.25656
1.2758
1.29408
1.31115
1.32726
1.34239
1.3566
1.36999
1.382
1.39588
1.402
1.42068
1.06476
1.08872
1.11126
1.13253
1.15261
1.17189
1.19025
1.20744
1.2236
1.23875
1.25298
1.26637
1.27844
1.29234
1.29848
1.3172
0.962352
0.985991
1.00832
1.02938
1.04927
1.06829
1.0864
1.10342
1.11947
1.13457
1.14879
1.16218
1.17433
1.18813
1.19432
1.21301
0.859379
0.882938
0.905166
0.92613
0.945945
0.964836
0.982799
0.999649
1.01552
1.03048
1.04459
1.05785
1.06993
1.08359
1.08988
1.10853
0.755348
0.778726
0.800783
0.821583
0.841213
0.859798
0.87746
0.894139
0.909931
0.924803
0.938791
0.951978
0.964109
0.977667
0.984019
1.00263
0.649736
0.672521
0.694069
0.714433
0.733708
0.752056
0.769518
0.785962
0.801405
0.815969
0.829796
0.842869
0.854969
0.868336
0.874786
0.893333
0.542453
0.564153
0.584797
0.604414
0.62302
0.64061
0.657277
0.673111
0.688221
0.702632
0.716323
0.729281
0.741366
0.754601
0.761164
0.779671
0.432928
0.452722
0.471488
0.489387
0.506375
0.522562
0.538072
0.552887
0.567075
0.580665
0.593686
0.606142
0.61796
0.630744
0.637433
0.655863
0.319222
0.336506
0.352939
0.368582
0.383646
0.398263
0.412463
0.426274
0.439793
0.453005
0.465837
0.478226
0.490152
0.502675
0.509774
0.527816
0.195998
0.207631
0.218786
0.229467
0.239728
0.249715
0.259637
0.269629
0.2797
0.289805
0.299955
0.310136
0.320421
0.332515
0.337289
0.35696
0.0730522
0.0796871
0.086501
0.0935763
0.10096
0.108686
0.116799
0.125272
0.134078
0.143176
0.152506
0.161942
0.171155
0.180461
0.199477
0.18033
)
;

boundaryField
{
    frontAndBack
    {
        type            empty;
    }
    inlet
    {
        type            zeroGradient;
    }
    outlet
    {
        type            fixedValue;
        value           uniform 0;
    }
    walls
    {
        type            zeroGradient;
    }
}


// ************************************************************************* //
