/*--------------------------------*- C++ -*----------------------------------*\
| =========                 |                                                 |
| \\      /  F ield         | OpenFOAM: The Open Source CFD Toolbox           |
|  \\    /   O peration     | Version:  v2012                                 |
|   \\  /    A nd           | Website:  www.openfoam.com                      |
|    \\/     M anipulation  |                                                 |
\*---------------------------------------------------------------------------*/
FoamFile
{
    version     2.0;
    format      ascii;
    class       volScalarField;
    location    "0.207";
    object      p;
}
// * * * * * * * * * * * * * * * * * * * * * * * * * * * * * * * * * * * * * //

dimensions      [0 2 -2 0 0 0 0];


internalField   nonuniform List<scalar> 
5600
(
-0.758314
-1.21656
-1.59706
-1.91582
-2.22609
-2.53672
-2.83779
-3.11979
-3.38294
-3.63241
-3.87004
-4.0938
-4.30878
-4.51513
-4.71449
-4.91181
-5.10233
-5.29321
-5.48048
-5.6651
-5.84867
-6.0273
-6.20678
-6.38132
-6.55728
-6.73097
-6.90273
-7.07469
-7.24475
-7.41586
-7.58422
-7.75404
-7.92218
-8.08971
-8.25747
-8.4234
-8.59001
-8.75493
-8.91999
-9.08434
-9.2478
-9.41112
-9.57311
-9.73537
-9.89599
-10.057
-10.2172
-10.377
-10.5361
-10.6948
-10.8532
-11.011
-11.1686
-11.3253
-11.4819
-11.6378
-11.7936
-11.949
-12.1036
-12.2582
-12.4121
-12.5655
-12.7185
-12.871
-13.0237
-13.1758
-13.328
-13.4793
-13.6303
-13.7812
-13.9312
-14.0815
-14.231
-14.3806
-14.5299
-14.6789
-14.828
-14.9766
-15.1251
-15.2731
-15.4208
-15.5683
-15.7151
-15.8621
-16.0089
-16.1558
-16.3025
-16.449
-16.5955
-16.7416
-16.8873
-17.0328
-17.1788
-17.3246
-17.4709
-17.6174
-17.7662
-17.9194
-18.075
-18.3089
-0.817345
-1.23673
-1.61372
-1.93359
-2.24408
-2.55507
-2.85602
-3.13835
-3.40177
-3.65135
-3.88918
-4.11326
-4.32856
-4.5353
-4.73498
-4.93266
-5.12344
-5.31456
-5.50204
-5.68669
-5.8705
-6.04919
-6.22879
-6.40341
-6.5795
-6.75337
-6.92514
-7.09726
-7.26738
-7.4386
-7.60703
-7.77693
-7.94509
-8.11264
-8.28046
-8.44639
-8.61306
-8.778
-8.94309
-9.10749
-9.27095
-9.43433
-9.59632
-9.75863
-9.91927
-10.0803
-10.2405
-10.4003
-10.5594
-10.7181
-10.8765
-11.0343
-11.192
-11.3486
-11.5052
-11.6611
-11.8169
-11.9723
-12.1268
-12.2814
-12.4354
-12.5887
-12.7417
-12.8941
-13.0469
-13.199
-13.3512
-13.5025
-13.6535
-13.8044
-13.9544
-14.1046
-14.2542
-14.4037
-14.553
-14.702
-14.8511
-14.9997
-15.1481
-15.2962
-15.4438
-15.5914
-15.7382
-15.8852
-16.032
-16.1789
-16.3256
-16.4722
-16.6184
-16.7648
-16.9102
-17.056
-17.2016
-17.348
-17.4933
-17.6415
-17.7874
-17.9445
-18.095
-18.3221
-0.855593
-1.24934
-1.62653
-1.9469
-2.2553
-2.5638
-2.86362
-3.14562
-3.40867
-3.65813
-3.89547
-4.11975
-4.3351
-4.54169
-4.74165
-4.93901
-5.13012
-5.32113
-5.50851
-5.69342
-5.87693
-6.05591
-6.23552
-6.4103
-6.58623
-6.76012
-6.93182
-7.10383
-7.27398
-7.44508
-7.61348
-7.78329
-7.95156
-8.11907
-8.28688
-8.45279
-8.61943
-8.78437
-8.94939
-9.11377
-9.27716
-9.44049
-9.60239
-9.76462
-9.92521
-10.0862
-10.2464
-10.4062
-10.5654
-10.7241
-10.8825
-11.0403
-11.1979
-11.3546
-11.5113
-11.6673
-11.8231
-11.9785
-12.1332
-12.2878
-12.4419
-12.5953
-12.7483
-12.9008
-13.0536
-13.2058
-13.358
-13.5094
-13.6604
-13.8113
-13.9613
-14.1116
-14.2612
-14.4107
-14.5601
-14.7091
-14.8582
-15.0069
-15.1553
-15.3035
-15.4511
-15.5987
-15.7454
-15.8925
-16.0393
-16.1862
-16.3329
-16.4795
-16.6258
-16.7722
-16.9176
-17.0634
-17.209
-17.3555
-17.5008
-17.649
-17.7953
-17.9529
-18.1026
-18.3221
-0.904346
-1.26578
-1.64195
-1.9637
-2.27087
-2.57846
-2.87858
-3.16131
-3.42488
-3.67476
-3.91263
-4.13693
-4.35277
-4.55945
-4.75972
-4.95664
-5.14799
-5.33844
-5.52564
-5.71034
-5.89341
-6.0727
-6.25195
-6.42709
-6.60304
-6.77713
-6.94934
-7.12157
-7.29206
-7.46329
-7.63197
-7.80181
-7.9702
-8.13771
-8.30559
-8.47162
-8.63831
-8.80339
-8.96848
-9.13301
-9.29652
-9.46001
-9.62211
-9.78453
-9.94529
-10.1063
-10.2666
-10.4264
-10.5857
-10.7444
-10.9029
-11.0607
-11.2185
-11.3752
-11.5318
-11.6877
-11.8434
-11.9989
-12.1533
-12.3079
-12.4618
-12.6151
-12.7681
-12.9204
-13.0732
-13.2253
-13.3775
-13.5288
-13.6797
-13.8306
-13.9806
-14.1308
-14.2804
-14.4298
-14.5793
-14.7282
-14.8773
-15.026
-15.1743
-15.3225
-15.4701
-15.6176
-15.7644
-15.9114
-16.0583
-16.2051
-16.3518
-16.4983
-16.6447
-16.7909
-16.9365
-17.0822
-17.228
-17.374
-17.5198
-17.6671
-17.8142
-17.9696
-18.1241
-18.3232
-0.954005
-1.28289
-1.65769
-1.98185
-2.2875
-2.59422
-2.89402
-3.1766
-3.44018
-3.68987
-3.92796
-4.152
-4.36812
-4.57483
-4.7756
-4.97236
-5.16418
-5.35459
-5.54183
-5.72696
-5.90962
-6.08941
-6.26809
-6.44357
-6.61903
-6.79292
-6.96514
-7.13692
-7.30752
-7.47827
-7.64719
-7.8168
-7.98533
-8.15292
-8.32075
-8.48694
-8.65346
-8.8187
-8.98366
-9.14814
-9.31164
-9.47498
-9.63701
-9.79927
-9.96004
-10.121
-10.2812
-10.441
-10.6002
-10.7588
-10.9173
-11.075
-11.2326
-11.3892
-11.5459
-11.702
-11.8577
-12.0132
-12.1679
-12.3225
-12.4765
-12.63
-12.7831
-12.9356
-13.0884
-13.2406
-13.3928
-13.5442
-13.6952
-13.8462
-13.9962
-14.1465
-14.2962
-14.4456
-14.5951
-14.7441
-14.8932
-15.0419
-15.1903
-15.3385
-15.4861
-15.6337
-15.7805
-15.9275
-16.0744
-16.2212
-16.368
-16.5145
-16.6609
-16.8071
-16.9528
-17.0984
-17.2443
-17.3903
-17.5361
-17.6834
-17.8302
-17.9853
-18.137
-18.3291
-1.00406
-1.30221
-1.67495
-2.00209
-2.30617
-2.61184
-2.91133
-3.19387
-3.45773
-3.70764
-3.94588
-4.17031
-4.38671
-4.59369
-4.79469
-4.99147
-5.18355
-5.37388
-5.56106
-5.74643
-5.92861
-6.10884
-6.28711
-6.46302
-6.63829
-6.81222
-6.98471
-7.15617
-7.32725
-7.49748
-7.66672
-7.83609
-8.00455
-8.17222
-8.33966
-8.50609
-8.67225
-8.83757
-9.00246
-9.16683
-9.33052
-9.49386
-9.65613
-9.81833
-9.97929
-10.1402
-10.3006
-10.4604
-10.6197
-10.7784
-10.9369
-11.0948
-11.2525
-11.4092
-11.5658
-11.7219
-11.8777
-12.0332
-12.1878
-12.3424
-12.4965
-12.6497
-12.8027
-12.9551
-13.1079
-13.2601
-13.4122
-13.5637
-13.7146
-13.8655
-14.0156
-14.1657
-14.3155
-14.4648
-14.6144
-14.7633
-14.9124
-15.0612
-15.2095
-15.3577
-15.5053
-15.6528
-15.7997
-15.9467
-16.0936
-16.2404
-16.3871
-16.5337
-16.6801
-16.8263
-16.972
-17.1176
-17.2634
-17.4095
-17.5552
-17.7023
-17.849
-18.0027
-18.1534
-18.3369
-1.05349
-1.32404
-1.69398
-2.02438
-2.32703
-2.63159
-2.93089
-3.21338
-3.4775
-3.72756
-3.96578
-4.19062
-4.40698
-4.61418
-4.81531
-5.01209
-5.20441
-5.39465
-5.58188
-5.76727
-5.94941
-6.12978
-6.30794
-6.48411
-6.65926
-6.83315
-7.00582
-7.17709
-7.34849
-7.5184
-7.68784
-7.85714
-8.02554
-8.19343
-8.36059
-8.52732
-8.69324
-8.85861
-9.02352
-9.18768
-9.35159
-9.51468
-9.6771
-9.839
-10
-10.1608
-10.3211
-10.4808
-10.64
-10.7988
-10.9572
-11.115
-11.2726
-11.4295
-11.5861
-11.7422
-11.898
-12.0535
-12.2081
-12.3627
-12.5167
-12.67
-12.8232
-12.9757
-13.1284
-13.2808
-13.4327
-13.5843
-13.7353
-13.8861
-14.0363
-14.1864
-14.3362
-14.4855
-14.6351
-14.7842
-14.9332
-15.082
-15.2303
-15.3784
-15.5262
-15.6736
-15.8206
-15.9675
-16.1145
-16.2613
-16.408
-16.5546
-16.701
-16.8472
-16.9929
-17.1386
-17.2844
-17.4304
-17.5761
-17.7229
-17.8695
-18.0216
-18.1707
-18.3449
-1.10046
-1.34855
-1.71536
-2.04884
-2.35033
-2.6538
-2.953
-3.23544
-3.49974
-3.74996
-3.98811
-4.21335
-4.42964
-4.63712
-4.83839
-5.03522
-5.22777
-5.41796
-5.60524
-5.79057
-5.97282
-6.15313
-6.3313
-6.50759
-6.68267
-6.85654
-7.02928
-7.20057
-7.37192
-7.54188
-7.71138
-7.88062
-8.04899
-8.217
-8.38405
-8.55083
-8.71673
-8.88214
-9.04705
-9.21117
-9.37524
-9.53807
-9.70067
-9.8624
-10.0236
-10.1843
-10.3447
-10.5043
-10.6635
-10.8223
-10.9806
-11.1385
-11.2959
-11.453
-11.6094
-11.7656
-11.9213
-12.0767
-12.2314
-12.3858
-12.5398
-12.6931
-12.8461
-12.9988
-13.1515
-13.3039
-13.4557
-13.6073
-13.7584
-13.9091
-14.0595
-14.2094
-14.3593
-14.5086
-14.6582
-14.8074
-14.9563
-15.1052
-15.2535
-15.4015
-15.5494
-15.6967
-15.8438
-15.9907
-16.1376
-16.2845
-16.4311
-16.5778
-16.7242
-16.8703
-17.0161
-17.1617
-17.3075
-17.4534
-17.5991
-17.7456
-17.8918
-18.0421
-18.1891
-18.3535
-1.14344
-1.37564
-1.73967
-2.07561
-2.37626
-2.67884
-2.978
-3.26036
-3.52478
-3.77515
-4.01324
-4.23883
-4.45504
-4.66276
-4.86411
-5.06096
-5.25367
-5.4438
-5.63113
-5.81635
-5.99874
-6.17894
-6.35716
-6.53351
-6.70858
-6.88244
-7.05518
-7.22657
-7.39779
-7.56788
-7.73738
-7.90656
-8.07497
-8.24294
-8.41002
-8.57678
-8.7427
-8.9081
-9.073
-9.23717
-9.40118
-9.564
-9.72662
-9.88834
-10.0496
-10.2103
-10.3706
-10.5302
-10.6894
-10.8483
-11.0066
-11.1645
-11.3218
-11.479
-11.6354
-11.7916
-11.9472
-12.1025
-12.2574
-12.4117
-12.5656
-12.719
-12.8719
-13.0247
-13.1772
-13.3298
-13.4815
-13.633
-13.7842
-13.9347
-14.0853
-14.2351
-14.3849
-14.5343
-14.6837
-14.833
-14.9818
-15.1307
-15.2791
-15.427
-15.5749
-15.7221
-15.8692
-16.0162
-16.1631
-16.31
-16.4566
-16.6032
-16.7497
-16.8958
-17.0416
-17.1873
-17.333
-17.4789
-17.6244
-17.7707
-17.9163
-18.0648
-18.209
-18.3627
-1.18062
-1.40484
-1.76749
-2.10487
-2.40503
-2.70711
-3.0063
-3.28855
-3.55303
-3.80355
-4.04156
-4.26738
-4.4835
-4.69137
-4.89277
-5.08961
-5.28247
-5.47254
-5.65993
-5.84506
-6.02756
-6.20768
-6.38592
-6.56234
-6.73738
-6.91124
-7.08393
-7.25542
-7.42655
-7.59674
-7.76624
-7.93535
-8.10382
-8.27173
-8.43887
-8.60558
-8.77154
-8.93694
-9.10181
-9.26605
-9.42997
-9.59285
-9.75542
-9.91717
-10.0784
-10.2391
-10.3994
-10.5591
-10.7183
-10.8771
-11.0354
-11.1933
-11.3507
-11.5078
-11.6643
-11.8204
-11.976
-12.1313
-12.2862
-12.4405
-12.5944
-12.7478
-12.9008
-13.0536
-13.2061
-13.3586
-13.5103
-13.6619
-13.8131
-13.9635
-14.1141
-14.2639
-14.4137
-14.5632
-14.7124
-14.8619
-15.0104
-15.1594
-15.3078
-15.4556
-15.6036
-15.7507
-15.8978
-16.0448
-16.1917
-16.3386
-16.4851
-16.6317
-16.7781
-16.9243
-17.0701
-17.2158
-17.3615
-17.5072
-17.6527
-17.7985
-17.9434
-18.0898
-18.2308
-18.3736
-1.20798
-1.43415
-1.7979
-2.13521
-2.43528
-2.73747
-3.03679
-3.31886
-3.58335
-3.83398
-4.07189
-4.29778
-4.51381
-4.72172
-4.92313
-5.11993
-5.31288
-5.50289
-5.69031
-5.87537
-6.05794
-6.238
-6.41621
-6.5927
-6.76769
-6.94156
-7.11418
-7.28575
-7.45684
-7.62706
-7.79658
-7.96563
-8.13416
-8.30201
-8.46921
-8.63589
-8.80185
-8.96728
-9.1321
-9.29642
-9.46028
-9.62317
-9.78571
-9.94749
-10.1087
-10.2694
-10.4297
-10.5895
-10.7486
-10.9074
-11.0657
-11.2236
-11.381
-11.5381
-11.6946
-11.8507
-12.0063
-12.1617
-12.3165
-12.4708
-12.6247
-12.7782
-12.9312
-13.0839
-13.2365
-13.3889
-13.5406
-13.6922
-13.8433
-13.994
-14.1444
-14.2942
-14.4441
-14.5935
-14.7428
-14.8921
-15.0407
-15.1896
-15.338
-15.4859
-15.6339
-15.781
-15.9282
-16.0752
-16.222
-16.3689
-16.5154
-16.6621
-16.8085
-16.9546
-17.1004
-17.2461
-17.3918
-17.5375
-17.6828
-17.8282
-17.9725
-18.1165
-18.2544
-18.3878
-1.22277
-1.4608
-1.82795
-2.16366
-2.46408
-2.76699
-3.06652
-3.34836
-3.6128
-3.86352
-4.10126
-4.32712
-4.54302
-4.75088
-4.95224
-5.14896
-5.34195
-5.53191
-5.71933
-5.90435
-6.08694
-6.26696
-6.44511
-6.62167
-6.79662
-6.9705
-7.14305
-7.31466
-7.48576
-7.65597
-7.82554
-7.99453
-8.16311
-8.33089
-8.49814
-8.66482
-8.83074
-8.99623
-9.16096
-9.32538
-9.48917
-9.65207
-9.8146
-9.97637
-10.1376
-10.2983
-10.4586
-10.6184
-10.7775
-10.9363
-11.0947
-11.2525
-11.4099
-11.567
-11.7236
-11.8796
-12.0353
-12.1906
-12.3453
-12.4998
-12.6536
-12.8071
-12.96
-13.1128
-13.2653
-13.4177
-13.5696
-13.721
-13.8722
-14.0229
-14.1733
-14.3233
-14.473
-14.6225
-14.7718
-14.9211
-15.0698
-15.2187
-15.3671
-15.5151
-15.663
-15.8103
-15.9574
-16.1044
-16.2512
-16.398
-16.5447
-16.6913
-16.8378
-16.984
-17.1299
-17.2756
-17.4212
-17.5668
-17.712
-17.857
-18.0007
-18.1428
-18.2779
-18.404
-1.22649
-1.48437
-1.85598
-2.189
-2.49015
-2.79415
-3.09395
-3.3755
-3.63988
-3.89066
-4.12822
-4.35396
-4.5697
-4.77743
-4.9787
-5.17532
-5.36833
-5.55823
-5.74564
-5.93064
-6.11324
-6.29321
-6.47128
-6.6479
-6.8228
-6.99667
-7.16917
-7.34078
-7.51192
-7.68208
-7.8517
-8.02063
-8.18926
-8.357
-8.52428
-8.69096
-8.85687
-9.02239
-9.18708
-9.35158
-9.5153
-9.67822
-9.84074
-10.0025
-10.1638
-10.3245
-10.4847
-10.6445
-10.8036
-10.9624
-11.1207
-11.2786
-11.4361
-11.5932
-11.7496
-11.9058
-12.0614
-12.2167
-12.3716
-12.5259
-12.6799
-12.8334
-12.9864
-13.1392
-13.2916
-13.444
-13.5959
-13.7474
-13.8987
-14.0493
-14.1999
-14.3498
-14.4996
-14.6491
-14.7984
-14.9477
-15.0965
-15.2452
-15.3937
-15.5418
-15.6896
-15.837
-15.984
-16.1309
-16.2777
-16.4245
-16.5712
-16.7177
-16.864
-17.0102
-17.1561
-17.3019
-17.4476
-17.5932
-17.7384
-17.8831
-18.026
-18.1669
-18.2998
-18.4206
-1.22141
-1.5057
-1.88195
-2.21165
-2.51387
-2.81911
-3.11923
-3.40043
-3.66471
-3.91554
-4.15289
-4.37848
-4.59406
-4.80163
-5.00276
-5.19927
-5.39225
-5.58211
-5.76949
-5.95449
-6.13708
-6.31702
-6.49501
-6.67168
-6.84654
-7.02039
-7.19284
-7.36443
-7.53563
-7.70572
-7.87539
-8.04428
-8.21292
-8.38065
-8.5479
-8.71459
-8.88049
-9.04593
-9.21069
-9.3752
-9.53892
-9.70184
-9.86434
-10.0261
-10.1874
-10.3481
-10.5084
-10.6682
-10.8274
-10.9861
-11.1446
-11.3024
-11.4599
-11.6171
-11.7735
-11.9298
-12.0854
-12.2408
-12.3957
-12.55
-12.7041
-12.8575
-13.0106
-13.1633
-13.3158
-13.4681
-13.6199
-13.7715
-13.9227
-14.0733
-14.2239
-14.3738
-14.5236
-14.6731
-14.8224
-14.9716
-15.1205
-15.2692
-15.4177
-15.5658
-15.7136
-15.861
-16.0082
-16.1551
-16.302
-16.4488
-16.5956
-16.7423
-16.8887
-17.0349
-17.1806
-17.3263
-17.4719
-17.6174
-17.7624
-17.907
-18.0497
-18.189
-18.3202
-18.4372
-1.21008
-1.52516
-1.90558
-2.23187
-2.53541
-2.842
-3.14254
-3.42335
-3.68756
-3.93836
-4.17551
-4.40082
-4.61621
-4.8236
-5.02461
-5.22097
-5.41389
-5.6037
-5.79101
-5.97604
-6.15856
-6.33846
-6.51635
-6.69308
-6.86788
-7.04173
-7.21414
-7.38567
-7.55699
-7.72698
-7.89668
-8.06557
-8.23417
-8.40203
-8.56918
-8.73598
-8.90189
-9.06733
-9.23226
-9.39669
-9.56046
-9.72342
-9.88599
-10.0479
-10.2092
-10.37
-10.5303
-10.6901
-10.8494
-11.0081
-11.1665
-11.3243
-11.4818
-11.6389
-11.7953
-11.9516
-12.1072
-12.2626
-12.4174
-12.5717
-12.7258
-12.8792
-13.0323
-13.185
-13.3374
-13.4898
-13.6416
-13.7932
-13.9443
-14.095
-14.2455
-14.3954
-14.5452
-14.6947
-14.844
-14.9932
-15.142
-15.2907
-15.4391
-15.5872
-15.7349
-15.8823
-16.0293
-16.1761
-16.3228
-16.4696
-16.6162
-16.7626
-16.909
-17.0552
-17.2011
-17.3469
-17.4926
-17.6382
-17.7831
-17.9274
-18.0696
-18.2089
-18.3392
-18.4534
-1.19455
-1.54314
-1.92681
-2.25004
-2.55496
-2.86278
-3.16379
-3.44426
-3.70848
-3.95921
-4.19625
-4.42129
-4.63642
-4.84357
-5.04451
-5.24073
-5.43365
-5.62336
-5.81074
-5.99583
-6.17825
-6.35815
-6.53591
-6.71263
-6.88735
-7.06114
-7.23358
-7.40511
-7.57653
-7.74646
-7.91626
-8.08517
-8.25382
-8.4219
-8.58903
-8.75603
-8.92195
-9.08751
-9.25246
-9.41677
-9.58053
-9.74343
-9.90602
-10.0679
-10.2292
-10.3899
-10.5502
-10.71
-10.8693
-11.028
-11.1864
-11.3442
-11.5017
-11.6588
-11.8153
-11.9715
-12.1271
-12.2825
-12.4373
-12.5917
-12.7458
-12.8991
-13.0523
-13.205
-13.3574
-13.5098
-13.6616
-13.8132
-13.9644
-14.1151
-14.2656
-14.4156
-14.5654
-14.7149
-14.8642
-15.0134
-15.1622
-15.3109
-15.4594
-15.6076
-15.7554
-15.9028
-16.05
-16.197
-16.3439
-16.4907
-16.6375
-16.7841
-16.9305
-17.0767
-17.2226
-17.3682
-17.5138
-17.6592
-17.8042
-17.9485
-18.0904
-18.2277
-18.3568
-18.4691
-1.17581
-1.55983
-1.94587
-2.26688
-2.57314
-2.88187
-3.18309
-3.46306
-3.72726
-3.97777
-4.21449
-4.43977
-4.65446
-4.8612
-5.06195
-5.25794
-5.45075
-5.6403
-5.82772
-6.01269
-6.19508
-6.37512
-6.55293
-6.7299
-6.90475
-7.07861
-7.2513
-7.42287
-7.59446
-7.76436
-7.93418
-8.10297
-8.27151
-8.43958
-8.60657
-8.77357
-8.93938
-9.1049
-9.26978
-9.43406
-9.59781
-9.76065
-9.92318
-10.085
-10.2462
-10.407
-10.5672
-10.727
-10.8862
-11.0448
-11.2032
-11.361
-11.5185
-11.6755
-11.8319
-11.9881
-12.1437
-12.299
-12.4538
-12.6081
-12.7621
-12.9154
-13.0686
-13.2212
-13.3736
-13.5259
-13.6776
-13.8292
-13.9803
-14.131
-14.2814
-14.4312
-14.581
-14.7304
-14.8796
-15.0288
-15.1776
-15.3262
-15.4747
-15.6227
-15.7705
-15.9177
-16.0647
-16.2115
-16.3583
-16.505
-16.6517
-16.7981
-16.9445
-17.0906
-17.2365
-17.3822
-17.5278
-17.6733
-17.8182
-17.9624
-18.1045
-18.2431
-18.372
-18.4836
-1.15495
-1.57417
-1.96146
-2.28184
-2.59001
-2.90036
-3.2019
-3.4814
-3.74562
-3.99599
-4.23248
-4.458
-4.67238
-4.87896
-5.07975
-5.27583
-5.46884
-5.65874
-5.84646
-6.0317
-6.21424
-6.3944
-6.57224
-6.74923
-6.924
-7.09762
-7.27014
-7.44154
-7.61312
-7.78294
-7.95279
-8.12162
-8.29017
-8.45828
-8.62527
-8.79231
-8.95814
-9.12371
-9.2886
-9.4529
-9.61667
-9.77952
-9.94203
-10.1038
-10.2651
-10.4259
-10.5861
-10.7459
-10.9052
-11.0638
-11.2223
-11.3801
-11.5376
-11.6947
-11.8511
-12.0073
-12.1629
-12.3183
-12.4731
-12.6275
-12.7815
-12.9349
-13.0881
-13.2407
-13.3932
-13.5455
-13.6973
-13.849
-14.0001
-14.1508
-14.3013
-14.4513
-14.601
-14.7505
-14.8998
-15.049
-15.1978
-15.3465
-15.495
-15.6431
-15.7909
-15.9383
-16.0855
-16.2324
-16.3792
-16.526
-16.6727
-16.8193
-16.9657
-17.1119
-17.2578
-17.4035
-17.549
-17.6945
-17.8394
-17.9835
-18.1251
-18.2622
-18.3897
-18.4997
-1.14035
-1.58874
-1.9737
-2.29138
-2.60036
-2.91251
-3.21455
-3.49352
-3.7579
-4.00827
-4.24464
-4.46977
-4.68399
-4.89044
-5.09113
-5.28709
-5.47999
-5.66976
-5.85736
-6.04243
-6.22466
-6.40442
-6.58204
-6.75883
-6.93347
-7.10698
-7.2793
-7.45058
-7.62209
-7.79183
-7.9616
-8.13034
-8.29879
-8.46683
-8.63374
-8.80071
-8.96646
-9.13196
-9.29679
-9.46103
-9.62473
-9.78753
-9.94999
-10.1117
-10.273
-10.4337
-10.5939
-10.7536
-10.9129
-11.0715
-11.2298
-11.3876
-11.545
-11.7021
-11.8585
-12.0147
-12.1702
-12.3256
-12.4803
-12.6347
-12.7887
-12.942
-13.0951
-13.2477
-13.4001
-13.5524
-13.7042
-13.8558
-14.0068
-14.1575
-14.308
-14.4579
-14.6076
-14.757
-14.9063
-15.0555
-15.2043
-15.3529
-15.5014
-15.6495
-15.7972
-15.9445
-16.0916
-16.2384
-16.3852
-16.532
-16.6787
-16.8252
-16.9715
-17.1177
-17.2636
-17.4092
-17.5548
-17.7003
-17.8452
-17.9893
-18.1312
-18.2691
-18.397
-18.5077
-1.10988
-1.60357
-1.99731
-2.31553
-2.62471
-2.93737
-3.24016
-3.51818
-3.78287
-4.03335
-4.26963
-4.49456
-4.70857
-4.91472
-5.11516
-5.31088
-5.50361
-5.69322
-5.88072
-6.06572
-6.24797
-6.42781
-6.60538
-6.78217
-6.95675
-7.13024
-7.30257
-7.4738
-7.64526
-7.81497
-7.9847
-8.15345
-8.32188
-8.48991
-8.65682
-8.82378
-8.98955
-9.15504
-9.31987
-9.48411
-9.64782
-9.81063
-9.97309
-10.1348
-10.2961
-10.4568
-10.617
-10.7767
-10.936
-11.0946
-11.253
-11.4107
-11.5682
-11.7253
-11.8817
-12.0379
-12.1934
-12.3488
-12.5035
-12.6579
-12.8119
-12.9652
-13.1184
-13.271
-13.4234
-13.5757
-13.7275
-13.8791
-14.0301
-14.1808
-14.3313
-14.4812
-14.6309
-14.7804
-14.9297
-15.0788
-15.2276
-15.3763
-15.5247
-15.6728
-15.8206
-15.9679
-16.115
-16.2619
-16.4087
-16.5555
-16.7021
-16.8487
-16.995
-17.1412
-17.2871
-17.4327
-17.5783
-17.7238
-17.8686
-18.0128
-18.1545
-18.292
-18.4197
-18.5299
-18.3047
-18.5909
-19.3097
-19.4336
-18.893
-17.8193
-16.3684
-14.6715
-12.9092
-11.179
-9.57259
-8.12292
-6.84821
-5.74176
-4.79146
-3.97782
-3.2805
-2.67946
-2.15906
-1.70696
-1.31306
-0.967112
-0.661988
-0.391945
-0.15173
0.0611109
0.247552
0.410033
0.548663
0.663551
0.760071
0.838357
0.898789
0.944327
0.978925
1.00623
1.0306
1.0559
1.08316
1.11144
1.13909
1.16316
1.17944
1.18741
1.19078
1.1885
1.18486
1.19118
1.20426
1.23828
1.26799
1.2601
1.2287
1.19512
1.17806
1.16305
1.15025
1.13845
1.13364
1.1292
1.12317
1.11091
1.08866
1.05196
1.01396
0.974961
0.935238
0.90713
0.884603
0.866901
0.853989
0.84583
0.839293
0.831918
0.820874
0.804811
0.784981
0.762509
0.738073
0.712197
0.685187
0.657208
0.628266
0.598458
0.568023
0.536848
0.504648
0.471895
0.438878
0.40588
0.372437
0.338993
0.305932
0.272802
0.238117
0.202934
0.165471
0.125466
0.0783226
0.032429
-18.3474
-18.5169
-19.2036
-19.3438
-18.8156
-17.762
-16.3331
-14.6558
-12.9091
-11.1903
-9.59235
-8.1475
-6.87525
-5.7696
-4.81891
-4.00401
-3.30495
-2.70195
-2.17938
-1.72525
-1.32963
-0.982553
-0.675616
-0.404566
-0.163927
0.0490289
0.235097
0.396465
0.533556
0.64709
0.741346
0.816876
0.875949
0.920855
0.955374
0.983333
1.009
1.03573
1.06418
1.09318
1.12101
1.14397
1.15819
1.16389
1.16605
1.16328
1.1591
1.16635
1.18206
1.22206
1.25919
1.25591
1.22883
1.1942
1.1771
1.15903
1.14368
1.13
1.12271
1.11567
1.10792
1.09413
1.0708
1.03422
0.996801
0.958757
0.919752
0.892653
0.870864
0.853656
0.840983
0.832698
0.826288
0.818828
0.807547
0.791399
0.771638
0.749314
0.725033
0.699272
0.672327
0.644366
0.615423
0.585618
0.555137
0.523913
0.491733
0.459041
0.426101
0.393139
0.359812
0.326507
0.293539
0.260675
0.226442
0.191833
0.155431
0.116973
0.0727661
0.0293579
-18.3405
-18.5223
-19.1295
-19.2521
-18.7289
-17.6924
-16.2859
-14.6304
-12.903
-11.2
-9.61268
-8.17483
-6.90686
-5.80264
-4.85144
-4.03478
-3.33342
-2.72798
-2.20283
-1.74619
-1.3483
-1.00011
-0.691312
-0.418746
-0.17762
0.0353243
0.220966
0.381088
0.51601
0.627398
0.719411
0.79243
0.849863
0.893953
0.928378
0.957177
0.984467
1.01308
1.04314
1.07319
1.10105
1.12262
1.1345
1.13763
1.13839
1.13501
1.13003
1.13845
1.15785
1.20365
1.24985
1.25186
1.22972
1.19461
1.17697
1.15536
1.13676
1.12073
1.11098
1.10105
1.09092
1.07536
1.05056
1.01447
0.977733
0.940796
0.90277
0.876579
0.855766
0.839155
0.826776
0.818366
0.812021
0.804396
0.792841
0.776587
0.756909
0.73476
0.710642
0.684996
0.658115
0.630166
0.601222
0.571415
0.540921
0.50964
0.477446
0.444789
0.411904
0.378998
0.345867
0.31276
0.27986
0.247152
0.213504
0.179556
0.144339
0.10761
0.0666435
0.0260213
-18.367
-18.5403
-19.0682
-19.1687
-18.6406
-17.6166
-16.2305
-14.5998
-12.8933
-11.2086
-9.63392
-8.20505
-6.94264
-5.84033
-4.88863
-4.07012
-3.36604
-2.75783
-2.22993
-1.77043
-1.36977
-1.01919
-0.708773
-0.434052
-0.192438
0.020207
0.20516
0.363713
0.496013
0.604732
0.694336
0.764604
0.819848
0.862874
0.897491
0.927553
0.956982
0.988016
1.02005
1.05139
1.07915
1.09909
1.10819
1.1084
1.10764
1.10342
1.09739
1.10685
1.13123
1.18235
1.23978
1.24816
1.23158
1.19689
1.17776
1.15218
1.12951
1.11054
1.09814
1.08547
1.07205
1.05434
1.0278
0.992328
0.956575
0.920913
0.884186
0.858743
0.839205
0.823316
0.81125
0.802838
0.796395
0.788538
0.776648
0.760267
0.740687
0.718718
0.694762
0.669229
0.64241
0.61447
0.585516
0.555702
0.525197
0.493871
0.461669
0.429029
0.396171
0.363305
0.330414
0.297581
0.264814
0.232099
0.199151
0.165972
0.132077
0.0972807
0.0598875
0.0223931
-18.3866
-18.549
-19.0065
-19.0837
-18.554
-17.5409
-16.1722
-14.5679
-12.8837
-11.2192
-9.65908
-8.24042
-6.98378
-5.88365
-4.93158
-4.11126
-3.40404
-2.79254
-2.26142
-1.79837
-1.39424
-1.04054
-0.727882
-0.45099
-0.208478
0.00412721
0.187958
0.344328
0.473794
0.579535
0.665871
0.732857
0.785693
0.827577
0.862488
0.894453
0.926613
0.960527
0.994778
1.02729
1.05491
1.07317
1.07923
1.07624
1.07374
1.0685
1.06121
1.07161
1.10246
1.15825
1.22752
1.24489
1.23478
1.20167
1.17952
1.1496
1.12196
1.09938
1.08381
1.06878
1.05146
1.03082
1.00234
0.967432
0.933141
0.898948
0.86391
0.838992
0.821102
0.806091
0.794371
0.786053
0.779375
0.771186
0.758881
0.742339
0.722847
0.701047
0.677241
0.651814
0.625054
0.597117
0.568144
0.538316
0.507801
0.476433
0.444223
0.411603
0.378777
0.34594
0.313258
0.280724
0.248089
0.215522
0.183291
0.150943
0.118511
0.0858682
0.0524198
0.0184324
-18.404
-18.5551
-18.9411
-18.9898
-18.4604
-17.4588
-16.1122
-14.537
-12.8767
-11.2342
-9.69012
-8.28299
-7.03274
-5.93525
-4.98268
-4.16019
-3.44905
-2.8332
-2.29787
-1.83025
-1.42177
-1.06437
-0.748622
-0.469615
-0.225924
-0.0130168
0.169839
0.323553
0.449872
0.552409
0.633984
0.69751
0.747899
0.788579
0.823581
0.857293
0.892536
0.929942
0.966999
1.00079
1.02818
1.0447
1.04769
1.04144
1.03694
1.03018
1.02174
1.03328
1.0725
1.13395
1.21126
1.24107
1.23949
1.20957
1.18223
1.14759
1.11406
1.08714
1.06776
1.04997
1.02977
1.00482
0.973957
0.939676
0.907229
0.874747
0.841856
0.817318
0.80127
0.787462
0.776125
0.767931
0.760967
0.752305
0.739489
0.722716
0.70327
0.681603
0.657918
0.632583
0.605877
0.577931
0.548929
0.519078
0.488554
0.457143
0.424925
0.392331
0.359547
0.326752
0.294215
0.26197
0.229493
0.197297
0.165753
0.134295
0.103483
0.0732334
0.0441478
0.0140768
-18.42
-18.5575
-18.8714
-18.8866
-18.3571
-17.3681
-16.0452
-14.5014
-12.8697
-11.2524
-9.72684
-8.33326
-7.09042
-5.99576
-5.04235
-4.21705
-3.50116
-2.87969
-2.33908
-1.86588
-1.45191
-1.08985
-0.770139
-0.488537
-0.243621
-0.0304962
0.15129
0.302624
0.425312
0.52383
0.599702
0.658309
0.705269
0.744704
0.780501
0.816321
0.85483
0.895965
0.936306
0.971819
0.998866
1.01345
1.01326
1.00409
0.997288
0.988472
0.979402
0.992289
1.0401
1.11074
1.19227
1.2367
1.24517
1.2205
1.18595
1.14597
1.10571
1.07377
1.05012
1.0292
1.00645
0.976087
0.942414
0.909149
0.878644
0.848182
0.817908
0.793955
0.779354
0.767363
0.756473
0.748408
0.741116
0.731847
0.718384
0.701272
0.681804
0.660213
0.636607
0.611339
0.584672
0.556704
0.52766
0.497783
0.467258
0.4358
0.403576
0.371021
0.338291
0.305569
0.273131
0.241148
0.208924
0.177135
0.146305
0.115844
0.0868217
0.0592135
0.0349659
0.00923277
-18.4345
-18.5554
-18.7983
-18.7759
-18.2459
-17.2706
-15.9724
-14.4608
-12.8598
-11.2693
-9.76456
-8.3863
-7.1523
-6.05947
-5.10517
-4.27702
-3.55654
-2.92914
-2.38254
-1.90317
-1.48278
-1.11481
-0.790345
-0.505732
-0.259187
-0.0459605
0.133682
0.280776
0.398007
0.490918
0.56172
0.61537
0.658785
0.696565
0.733265
0.771647
0.813306
0.858102
0.901993
0.939466
0.966441
0.979317
0.976049
0.963965
0.954124
0.942498
0.934563
0.94992
1.00401
1.08636
1.17363
1.23304
1.25148
1.23328
1.1908
1.14445
1.09673
1.05914
1.03112
1.00757
0.97961
0.944214
0.907731
0.876151
0.847206
0.819144
0.791925
0.769165
0.755125
0.74563
0.73536
0.727408
0.719757
0.709755
0.695478
0.677896
0.65829
0.63669
0.613102
0.587869
0.561222
0.533218
0.504113
0.474192
0.443674
0.41217
0.379936
0.347422
0.314748
0.282125
0.249816
0.218003
0.186128
0.15476
0.124722
0.0953649
0.0683133
0.0435927
0.024737
0.0037508
-18.4481
-18.5501
-18.7236
-18.6594
-18.1275
-17.1671
-15.8948
-14.4142
-12.8439
-11.2805
-9.79797
-8.43664
-7.21275
-6.12498
-5.17162
-4.3408
-3.6156
-2.98206
-2.42864
-1.94269
-1.51551
-1.14079
-0.811276
-0.523524
-0.275055
-0.0620859
0.114919
0.256906
0.368218
0.454542
0.519431
0.568269
0.608411
0.645331
0.683523
0.724354
0.768584
0.816739
0.864036
0.903175
0.930387
0.941947
0.936218
0.92119
0.907622
0.891683
0.886889
0.906758
0.965943
1.05976
1.15622
1.22937
1.25823
1.24605
1.19618
1.14272
1.08688
1.04331
1.01186
0.98376
0.948748
0.909456
0.870689
0.840555
0.813009
0.787652
0.763721
0.742848
0.729311
0.721557
0.712533
0.704722
0.696628
0.685797
0.670614
0.652512
0.63262
0.610897
0.587236
0.561966
0.535289
0.507205
0.478053
0.448138
0.417624
0.386076
0.353851
0.321408
0.288806
0.25633
0.224107
0.192334
0.160885
0.129984
0.100784
0.0726542
0.04774
0.0261308
0.0133206
-0.00258662
-18.4611
-18.5424
-18.6489
-18.5391
-18.0028
-17.0574
-15.8113
-14.365
-12.8288
-11.2949
-9.83552
-8.49128
-7.27703
-6.19585
-5.24346
-4.4094
-3.67896
-3.03904
-2.47841
-1.98551
-1.55117
-1.16935
-0.83487
-0.544075
-0.293971
-0.0816648
0.092689
0.230235
0.335755
0.415526
0.474344
0.518266
0.555048
0.591855
0.632123
0.675447
0.722273
0.773585
0.823562
0.863658
0.890719
0.900585
0.892752
0.876008
0.858084
0.839883
0.838342
0.864214
0.929111
1.03174
1.13894
1.22438
1.264
1.25618
1.2013
1.14009
1.07583
1.02697
0.991659
0.955736
0.914964
0.872105
0.832303
0.802181
0.776444
0.753853
0.733061
0.714403
0.702312
0.695163
0.687597
0.680116
0.671568
0.659631
0.643402
0.624749
0.604457
0.582563
0.558804
0.533455
0.506721
0.478516
0.44922
0.419156
0.388654
0.357047
0.324746
0.2924
0.259911
0.227645
0.195474
0.163848
0.132827
0.102433
0.0740648
0.0473748
0.0247773
0.00645983
0.000491963
-0.0101497
-18.4734
-18.5345
-18.5833
-18.4302
-17.8882
-16.9574
-15.7354
-14.3232
-12.8202
-11.3144
-9.8766
-8.54789
-7.34267
-6.2654
-5.31255
-4.47515
-3.73989
-3.09407
-2.527
-2.02773
-1.58653
-1.19829
-0.859512
-0.565961
-0.314648
-0.103336
0.0682422
0.2014
0.30133
0.375321
0.429063
0.469211
0.503712
0.540162
0.581947
0.627577
0.676948
0.730662
0.781997
0.822433
0.849063
0.857316
0.848095
0.830861
0.809315
0.793793
0.796164
0.827256
0.897148
1.00581
1.12245
1.21747
1.26704
1.26148
1.20439
1.13535
1.06361
1.01124
0.968913
0.925193
0.880296
0.834361
0.794196
0.763835
0.740068
0.719653
0.701536
0.685407
0.675392
0.669014
0.662332
0.654785
0.64537
0.631916
0.614728
0.595519
0.575025
0.552876
0.528959
0.503498
0.476716
0.44859
0.419307
0.389187
0.358593
0.327122
0.294992
0.262424
0.230023
0.197755
0.165576
0.134137
0.103435
0.0735149
0.0457794
0.0206264
0.00039318
-0.0147398
-0.0133522
-0.0190001
-18.4857
-18.5301
-18.5354
-18.3471
-17.7996
-16.8811
-15.6795
-14.2928
-12.8151
-11.3313
-9.91122
-8.59558
-7.39835
-6.32469
-5.37218
-4.53268
-3.79365
-3.14291
-2.57066
-2.06603
-1.61898
-1.22571
-0.883531
-0.587752
-0.33563
-0.125385
0.0433909
0.172475
0.267842
0.337508
0.387659
0.425287
0.458729
0.495086
0.537979
0.585469
0.636532
0.691173
0.742837
0.782966
0.809014
0.817074
0.808569
0.790275
0.768678
0.756553
0.762847
0.79806
0.872092
0.985205
1.10844
1.2098
1.26654
1.26254
1.20384
1.12803
1.05128
0.995729
0.94505
0.895686
0.847425
0.79986
0.759383
0.729592
0.707451
0.688574
0.673223
0.659649
0.651218
0.644905
0.638304
0.63017
0.619593
0.605059
0.587316
0.567653
0.546918
0.524471
0.500437
0.474972
0.448112
0.420009
0.390679
0.360545
0.329594
0.297946
0.265694
0.233311
0.200958
0.16875
0.13682
0.105567
0.075196
0.0457808
0.0185498
-0.00523451
-0.0232805
-0.0357512
-0.0274043
-0.0288041
-18.4982
-18.53
-18.5043
-18.2897
-17.7371
-16.8276
-15.6409
-14.2726
-12.8141
-11.3475
-9.9413
-8.63576
-7.44481
-6.37396
-5.42178
-4.5808
-3.83879
-3.18421
-2.60802
-2.09923
-1.64783
-1.25096
-0.906241
-0.608934
-0.356435
-0.147132
0.0194596
0.145392
0.237303
0.303806
0.351276
0.387251
0.420309
0.456951
0.500654
0.549593
0.601787
0.656136
0.707897
0.748294
0.77481
0.78328
0.77519
0.756245
0.736165
0.726366
0.736035
0.775077
0.852935
0.969662
1.09738
1.20292
1.26389
1.26089
1.20021
1.11874
1.04014
0.979128
0.921782
0.86824
0.817286
0.769276
0.729057
0.700378
0.679776
0.663917
0.649147
0.637199
0.629052
0.622474
0.615585
0.606918
0.595599
0.580539
0.562287
0.542254
0.521285
0.498881
0.474943
0.449608
0.422804
0.394822
0.365478
0.335419
0.3046
0.2731
0.24089
0.208292
0.175789
0.143506
0.11147
0.0800928
0.0497214
0.0205605
-0.00614091
-0.0290193
-0.0452205
-0.0556678
-0.0412851
-0.0392338
-18.5112
-18.5336
-18.4861
-18.2522
-17.6955
-16.7926
-15.6168
-14.2622
-12.8179
-11.3643
-9.96847
-8.67037
-7.48417
-6.41539
-5.46338
-4.62128
-3.87693
-3.21944
-2.64032
-2.12848
-1.67403
-1.27455
-0.928013
-0.629765
-0.377166
-0.168652
-0.00376322
0.119688
0.208952
0.273127
0.31853
0.353467
0.386904
0.424163
0.468505
0.518428
0.571587
0.626571
0.678315
0.719135
0.745981
0.754938
0.746379
0.727774
0.709007
0.701225
0.713975
0.756637
0.838149
0.958139
1.08925
1.19786
1.26109
1.25798
1.1947
1.1081
1.02988
0.961394
0.899047
0.842296
0.789629
0.741703
0.702387
0.675076
0.656233
0.641669
0.627411
0.616393
0.608261
0.601539
0.594323
0.585295
0.573505
0.558084
0.53956
0.519308
0.498184
0.475678
0.451587
0.426025
0.399021
0.370734
0.341303
0.31098
0.279923
0.248193
0.21594
0.183482
0.151124
0.119012
0.0872523
0.0563583
0.0263409
-0.00248589
-0.0285752
-0.0508943
-0.0655619
-0.0746382
-0.0550561
-0.0501662
-18.5246
-18.5402
-18.4775
-18.2298
-17.6702
-16.7722
-15.6046
-14.26
-12.8262
-11.3822
-9.99404
-8.70128
-7.51847
-6.45108
-5.49905
-4.65604
-3.90981
-3.25011
-2.66881
-2.15475
-1.69813
-1.29678
-0.948952
-0.650124
-0.397553
-0.189709
-0.0262194
0.0951852
0.182295
0.244648
0.288844
0.323381
0.357566
0.395874
0.441
0.491842
0.546139
0.601896
0.653294
0.694816
0.721515
0.730601
0.722001
0.703805
0.686123
0.680201
0.69571
0.741764
0.82691
0.950219
1.08435
1.19556
1.25963
1.25487
1.18798
1.09678
1.01906
0.943276
0.876917
0.817744
0.764408
0.716935
0.678738
0.652616
0.635528
0.62194
0.607431
0.5971
0.589032
0.582172
0.57475
0.565437
0.553303
0.537678
0.519184
0.499013
0.478091
0.455816
0.432015
0.406728
0.379879
0.35169
0.322267
0.291976
0.261029
0.22933
0.196986
0.164358
0.13177
0.0994622
0.0673654
0.0361461
0.00591028
-0.0229153
-0.0487979
-0.0708035
-0.0843225
-0.0927149
-0.0686907
-0.0614741
-18.5382
-18.5492
-18.476
-18.2189
-17.6575
-16.7633
-15.6018
-14.2646
-12.8383
-11.4013
-10.0187
-8.72958
-7.54894
-6.48233
-5.5301
-4.68632
-3.93862
-3.2772
-2.69433
-2.17867
-1.72053
-1.31786
-0.969172
-0.670035
-0.417627
-0.210471
-0.0482353
0.0714519
0.156665
0.217957
0.262113
0.296999
0.332059
0.371663
0.417631
0.469483
0.524728
0.580589
0.63215
0.674303
0.701069
0.710008
0.701395
0.683491
0.666761
0.662501
0.680499
0.729822
0.818755
0.945714
1.0829
1.19637
1.2598
1.25179
1.17989
1.08718
1.00514
0.924704
0.855493
0.794867
0.741584
0.695005
0.657927
0.632684
0.615774
0.603298
0.589396
0.579593
0.571605
0.564668
0.55702
0.547288
0.534642
0.51849
0.499444
0.478739
0.45734
0.434607
0.410505
0.384767
0.357892
0.329514
0.300065
0.269616
0.238506
0.206768
0.174524
0.142061
0.109692
0.0776604
0.0459897
0.0152536
-0.0145032
-0.0428774
-0.0682078
-0.0896829
-0.102041
-0.109999
-0.0822319
-0.0730425
-18.5517
-18.5598
-18.4799
-18.2168
-17.6545
-16.7634
-15.6063
-14.2743
-12.8533
-11.4211
-10.0424
-8.75581
-7.57649
-6.51026
-5.55768
-4.71324
-3.96434
-3.30155
-2.71747
-2.20066
-1.74148
-1.33795
-0.988748
-0.68962
-0.437625
-0.231273
-0.0702043
0.0480933
0.132103
0.193132
0.237967
0.273686
0.309784
0.350935
0.398381
0.450618
0.505979
0.562236
0.614571
0.656951
0.68366
0.692385
0.683702
0.666019
0.650136
0.647398
0.66775
0.720335
0.813277
0.944262
1.08459
1.19944
1.26025
1.24772
1.16996
1.07814
0.988768
0.905733
0.834831
0.773732
0.720979
0.675461
0.639599
0.615701
0.602074
0.587848
0.574386
0.564645
0.556669
0.549788
0.542155
0.532446
0.52006
0.504285
0.485944
0.465507
0.444465
0.422034
0.397996
0.372413
0.345431
0.31708
0.2876
0.257215
0.226176
0.194415
0.162029
0.129417
0.0968364
0.064554
0.0325803
0.00138714
-0.0286461
-0.0573508
-0.0830308
-0.104674
-0.11699
-0.125226
-0.09503
-0.0846549
-18.5666
-18.5725
-18.488
-18.2212
-17.6587
-16.7698
-15.6158
-14.2873
-12.8697
-11.4407
-10.0646
-8.77949
-7.6009
-6.53478
-5.58178
-4.73679
-3.98698
-3.32308
-2.73812
-2.22051
-1.76063
-1.35651
-1.00704
-0.708141
-0.456714
-0.251144
-0.0910317
0.0262872
0.109851
0.171059
0.216447
0.252765
0.289252
0.329938
0.377915
0.43258
0.489026
0.54653
0.599452
0.641921
0.668507
0.677009
0.66826
0.650858
0.635873
0.634687
0.657339
0.713084
0.809992
0.944992
1.08808
1.20286
1.25919
1.2398
1.16017
1.06579
0.971949
0.887261
0.815474
0.754279
0.701935
0.656791
0.621099
0.596815
0.57959
0.568099
0.556049
0.54678
0.538801
0.531579
0.523411
0.513017
0.499801
0.483413
0.4641
0.443578
0.422208
0.399604
0.375547
0.349913
0.322941
0.294548
0.265058
0.234601
0.203503
0.171745
0.13949
0.106977
0.0745908
0.0424801
0.0107789
-0.0200707
-0.049729
-0.0780279
-0.103052
-0.124253
-0.135356
-0.143304
-0.110381
-0.0985648
-18.5748
-18.5804
-18.4949
-18.2272
-17.6657
-16.779
-15.6276
-14.3015
-12.886
-11.4588
-10.0841
-8.79917
-7.6204
-6.55364
-5.59967
-4.75371
-4.00273
-3.33771
-2.75203
-2.234
-1.77393
-1.36981
-1.02065
-0.722393
-0.471696
-0.266671
-0.106892
0.0104781
0.0946634
0.156868
0.203479
0.241207
0.279323
0.323034
0.371288
0.424591
0.481339
0.538851
0.591764
0.634059
0.660377
0.668596
0.659687
0.64228
0.627582
0.627077
0.651003
0.708812
0.808656
0.946706
1.09164
1.20548
1.25928
1.23652
1.15427
1.05466
0.959347
0.874405
0.803084
0.742912
0.691654
0.64762
0.613062
0.589922
0.576011
0.563621
0.550661
0.541089
0.532947
0.525681
0.517588
0.507351
0.494571
0.478212
0.459308
0.438769
0.417481
0.394876
0.370792
0.345149
0.318161
0.289776
0.26028
0.229845
0.198772
0.166992
0.134666
0.102077
0.0696026
0.0373653
0.00555846
-0.0255178
-0.0553402
-0.0838583
-0.109214
-0.130655
-0.142232
-0.15064
-0.117605
-0.102956
-18.5968
-18.6021
-18.5158
-18.2482
-17.6882
-16.8035
-15.6538
-14.3293
-12.9148
-11.4884
-10.1139
-8.82858
-7.64924
-6.58175
-5.62695
-4.78029
-4.02858
-3.36286
-2.77687
-2.25873
-1.79863
-1.39463
-1.04583
-0.748045
-0.497731
-0.29287
-0.132877
-0.0149988
0.0697777
0.13257
0.179704
0.217841
0.256331
0.299466
0.347841
0.402596
0.459869
0.51782
0.570964
0.613307
0.639539
0.647628
0.638674
0.621419
0.607232
0.607708
0.633127
0.69297
0.795214
0.934843
1.07961
1.19119
1.23853
1.21438
1.13187
1.03087
0.93489
0.850031
0.779244
0.719512
0.668593
0.62484
0.590504
0.567457
0.551789
0.540045
0.527506
0.518086
0.509969
0.502619
0.494399
0.484013
0.470987
0.45457
0.435517
0.414966
0.393638
0.371031
0.346947
0.321302
0.294307
0.265909
0.236414
0.205958
0.174868
0.143081
0.110774
0.0782087
0.0457554
0.0135734
-0.0182222
-0.0492105
-0.0789632
-0.107395
-0.132588
-0.153988
-0.165229
-0.173609
-0.139894
-0.131089
-18.5494
-18.5374
-18.5754
-18.5634
-18.5441
-18.5188
-18.4887
-18.4568
-18.4261
-18.3981
-18.3734
-18.3528
-18.3367
-18.3278
-18.3275
-18.3197
-19.0535
-19.0304
-19.0349
-19.0459
-19.0373
-19.0134
-18.9834
-18.9517
-18.9207
-18.8922
-18.8676
-18.8476
-18.8322
-18.8206
-18.813
-18.7979
-19.4898
-19.5572
-19.6444
-19.677
-19.6759
-19.6561
-19.6271
-19.5959
-19.5664
-19.5403
-19.5188
-19.5024
-19.4917
-19.4861
-19.4811
-19.4692
-19.559
-19.6506
-19.7
-19.7246
-19.7316
-19.7195
-19.6944
-19.6652
-19.6372
-19.6129
-19.5931
-19.578
-19.5677
-19.5617
-19.557
-19.5442
-18.9913
-19.0521
-19.0877
-19.1161
-19.1263
-19.1184
-19.0987
-19.073
-19.0465
-19.0208
-18.9968
-18.9754
-18.957
-18.9423
-18.9314
-18.9127
-17.8865
-17.932
-17.9671
-17.9938
-18.0045
-17.9992
-17.9814
-17.9562
-17.9287
-17.9008
-17.8734
-17.847
-17.8219
-17.7996
-17.7816
-17.7574
-16.4075
-16.4382
-16.4642
-16.4837
-16.4919
-16.4872
-16.4703
-16.4456
-16.4174
-16.3872
-16.3551
-16.3213
-16.2867
-16.2529
-16.2226
-16.1923
-14.6872
-14.7041
-14.719
-14.7294
-14.7329
-14.7267
-14.7092
-14.6839
-14.6545
-14.6219
-14.586
-14.5469
-14.5053
-14.4635
-14.4257
-14.3913
-12.9068
-12.9074
-12.9098
-12.9115
-12.9106
-12.9024
-12.8837
-12.8574
-12.8269
-12.7926
-12.7541
-12.7113
-12.6648
-12.6173
-12.5743
-12.5367
-11.1631
-11.149
-11.1399
-11.1338
-11.1281
-11.1163
-11.095
-11.0675
-11.0361
-11.0007
-10.9608
-10.9161
-10.8673
-10.8172
-10.7717
-10.7326
-9.54599
-9.52032
-9.50255
-9.49065
-9.48082
-9.46559
-9.44208
-9.41351
-9.38158
-9.34574
-9.30531
-9.26007
-9.21069
-9.16
-9.11393
-9.07453
-8.08983
-8.05599
-8.03166
-8.01495
-8.00114
-7.98235
-7.95661
-7.92711
-7.89481
-7.85893
-7.81878
-7.77415
-7.72569
-7.67617
-7.6312
-7.59254
-6.81204
-6.77412
-6.74631
-6.72674
-6.70986
-6.68805
-6.66063
-6.63065
-6.59836
-6.56286
-6.52352
-6.48015
-6.43344
-6.38598
-6.34294
-6.30551
-5.70451
-5.66499
-5.63565
-5.614
-5.59315
-5.56766
-5.53889
-5.50881
-5.47683
-5.44203
-5.40386
-5.36221
-5.31775
-5.2729
-5.23227
-5.1964
-4.75455
-4.71537
-4.68611
-4.66306
-4.63879
-4.61073
-4.5814
-4.55138
-4.51977
-4.48576
-4.44888
-4.40909
-4.36704
-4.32502
-4.28713
-4.25316
-3.9422
-3.90401
-3.87503
-3.8511
-3.82534
-3.79648
-3.76704
-3.73718
-3.706
-3.67283
-3.6373
-3.5994
-3.55981
-3.52067
-3.48559
-3.45356
-3.24698
-3.2108
-3.18252
-3.1571
-3.1296
-3.10048
-3.07148
-3.04219
-3.01177
-2.97967
-2.94563
-2.90967
-2.87247
-2.83606
-2.80358
-2.77325
-2.64849
-2.61489
-2.58749
-2.56047
-2.53151
-2.50252
-2.47403
-2.44532
-2.41567
-2.38463
-2.35201
-2.31786
-2.28285
-2.24887
-2.2187
-2.18986
-2.13084
-2.09952
-2.07286
-2.04557
-2.01661
-1.98805
-1.96003
-1.93183
-1.90286
-1.87279
-1.84145
-1.80891
-1.77583
-1.744
-1.71587
-1.6883
-1.68151
-1.65254
-1.62632
-1.59885
-1.57021
-1.54217
-1.51463
-1.48695
-1.45865
-1.42948
-1.3993
-1.36821
-1.33683
-1.30686
-1.2805
-1.25402
-1.28986
-1.26268
-1.23624
-1.2083
-1.18018
-1.15284
-1.12591
-1.09882
-1.07123
-1.0429
-1.01377
-0.983932
-0.953992
-0.925574
-0.900692
-0.875094
-0.946194
-0.920484
-0.893986
-0.866005
-0.838415
-0.811592
-0.785073
-0.758424
-0.731355
-0.703697
-0.675387
-0.646537
-0.617728
-0.590516
-0.566792
-0.54187
-0.643043
-0.618367
-0.592251
-0.56474
-0.537587
-0.511023
-0.484691
-0.458265
-0.431516
-0.404303
-0.376577
-0.348446
-0.320467
-0.29416
-0.271342
-0.246775
-0.37412
-0.349834
-0.323761
-0.29645
-0.269555
-0.243207
-0.217068
-0.190856
-0.164379
-0.137516
-0.110231
-0.0826227
-0.055238
-0.0295833
-0.00745239
0.0170393
-0.134419
-0.109938
-0.0835488
-0.0562846
-0.0295372
-0.0033152
0.022701
0.0487688
0.0750655
0.101701
0.128709
0.155993
0.183016
0.208276
0.229978
0.254385
0.078313
0.103558
0.13067
0.158144
0.185023
0.211419
0.237601
0.263779
0.290117
0.316728
0.343651
0.3708
0.397647
0.422703
0.444174
0.468454
0.265406
0.292021
0.320244
0.348394
0.37583
0.402715
0.429292
0.455763
0.4823
0.509027
0.535998
0.563141
0.589941
0.614911
0.636252
0.660454
0.429496
0.458103
0.487781
0.516938
0.54512
0.572557
0.599525
0.626261
0.652965
0.679787
0.706797
0.733936
0.760696
0.785586
0.806787
0.830902
0.570184
0.601199
0.63257
0.662857
0.691853
0.719888
0.747284
0.774311
0.801196
0.828111
0.855144
0.882248
0.908921
0.933665
0.954638
0.978613
0.686774
0.720166
0.753401
0.785066
0.815149
0.844029
0.872046
0.899497
0.926642
0.953682
0.980732
1.00776
1.03428
1.05879
1.07944
1.10322
0.786636
0.823068
0.857901
0.890513
0.921256
0.95057
0.978823
1.00635
1.03345
1.06035
1.08719
1.11394
1.14012
1.16424
1.1844
1.20791
0.869103
0.908698
0.94505
0.978538
1.00979
1.03932
1.06759
1.09498
1.12184
1.14841
1.17484
1.2011
1.22674
1.25024
1.26969
1.29281
0.931436
0.972889
1.01062
1.04515
1.0771
1.10703
1.13545
1.16279
1.18942
1.21559
1.24148
1.26706
1.29189
1.31453
1.333
1.35561
0.977827
1.02023
1.05869
1.09372
1.12594
1.15593
1.1842
1.21122
1.23737
1.2629
1.28798
1.31261
1.33638
1.35793
1.3752
1.39724
1.0125
1.05492
1.09329
1.12813
1.16005
1.18963
1.2174
1.2438
1.2692
1.29386
1.31793
1.34142
1.36399
1.38437
1.40039
1.42187
1.03895
1.0804
1.11796
1.15207
1.1833
1.21219
1.23923
1.26485
1.28939
1.31308
1.33607
1.35838
1.37974
1.39898
1.41381
1.43481
1.06161
1.10123
1.13735
1.17029
1.20053
1.22853
1.25473
1.27951
1.30318
1.32593
1.3479
1.36911
1.38934
1.40756
1.42135
1.44196
1.08498
1.12242
1.15677
1.18827
1.21731
1.2443
1.26962
1.29357
1.31641
1.33831
1.35937
1.37963
1.39891
1.41633
1.42931
1.44963
1.11071
1.14631
1.17909
1.20932
1.23734
1.26348
1.28803
1.31126
1.33338
1.35455
1.37488
1.39443
1.41308
1.43001
1.44245
1.46257
1.13808
1.1725
1.20437
1.23394
1.26144
1.28714
1.31128
1.33413
1.35588
1.37672
1.39675
1.41602
1.43447
1.45129
1.46318
1.48314
1.16546
1.19987
1.23189
1.26163
1.2893
1.31518
1.33954
1.36265
1.38471
1.40588
1.42619
1.44566
1.46421
1.48117
1.49206
1.51149
1.19102
1.22723
1.26071
1.29163
1.32034
1.34717
1.37246
1.39645
1.41935
1.44126
1.46212
1.48175
1.50022
1.51841
1.52495
1.54573
1.21021
1.2498
1.28603
1.31925
1.34989
1.37835
1.40494
1.42991
1.45349
1.47579
1.49681
1.51634
1.53382
1.54865
1.55894
1.57662
1.22144
1.26492
1.3044
1.34015
1.37249
1.40194
1.42906
1.45428
1.47784
1.49982
1.52006
1.53835
1.5551
1.57051
1.58072
1.59632
1.22656
1.27198
1.31287
1.34964
1.38273
1.41263
1.4399
1.46496
1.48804
1.50926
1.52895
1.54786
1.56491
1.57806
1.5858
1.60042
1.22489
1.27043
1.31091
1.34711
1.38002
1.41012
1.43761
1.46306
1.48749
1.51069
1.53142
1.54842
1.56167
1.57164
1.5775
1.59141
1.22194
1.26791
1.30869
1.34506
1.37794
1.40829
1.43666
1.46281
1.48576
1.50521
1.52142
1.5345
1.54493
1.553
1.55773
1.57153
1.22697
1.27141
1.31111
1.34672
1.37874
1.40744
1.4329
1.45501
1.47364
1.48889
1.50116
1.51098
1.51912
1.52597
1.53038
1.545
1.23659
1.27661
1.31234
1.34412
1.3721
1.39635
1.41696
1.43412
1.44816
1.45949
1.46855
1.47602
1.48292
1.48973
1.4945
1.51032
1.26171
1.29125
1.31796
1.34169
1.36237
1.38006
1.39496
1.40728
1.4173
1.42554
1.4327
1.43946
1.44657
1.45442
1.45967
1.47658
1.28118
1.29877
1.31538
1.33065
1.34426
1.35601
1.36605
1.37488
1.38298
1.3905
1.39767
1.40495
1.41307
1.42259
1.42774
1.44591
1.26681
1.2766
1.28645
1.29604
1.3056
1.3152
1.32453
1.33335
1.3418
1.35026
1.35886
1.3676
1.37685
1.38873
1.39294
1.41215
1.22981
1.23468
1.24229
1.25143
1.26098
1.2706
1.2804
1.29044
1.30061
1.31086
1.32125
1.33169
1.34203
1.35549
1.36119
1.38006
1.19771
1.20295
1.21005
1.21884
1.22898
1.24
1.25153
1.26334
1.27531
1.28739
1.29957
1.31182
1.32363
1.33551
1.34254
1.36148
1.18074
1.18735
1.19647
1.20741
1.21955
1.23242
1.24573
1.25922
1.27258
1.28512
1.29696
1.30877
1.3212
1.33423
1.34239
1.36134
1.16991
1.18115
1.19377
1.2072
1.22086
1.23417
1.24709
1.26009
1.27341
1.28744
1.30188
1.31609
1.3301
1.34382
1.35277
1.37182
1.16027
1.17423
1.18838
1.20312
1.21859
1.23482
1.25154
1.26816
1.28447
1.30057
1.3164
1.33187
1.34697
1.36138
1.37082
1.38994
1.15117
1.16957
1.18873
1.20805
1.22718
1.2461
1.26473
1.28302
1.30096
1.31851
1.33561
1.35218
1.36813
1.38312
1.39276
1.41189
1.15024
1.17326
1.1958
1.21775
1.23909
1.25984
1.28003
1.29967
1.31881
1.33741
1.35541
1.37268
1.38914
1.40451
1.41407
1.43317
1.14919
1.17568
1.20091
1.22501
1.24808
1.27022
1.29154
1.31213
1.33206
1.35133
1.36984
1.38746
1.40411
1.41967
1.42885
1.44811
1.14538
1.17439
1.20164
1.22735
1.25172
1.27493
1.29711
1.31836
1.33876
1.35831
1.3769
1.39437
1.41075
1.42629
1.43474
1.45417
1.13528
1.16681
1.19596
1.22301
1.24831
1.27213
1.2947
1.31613
1.33653
1.35589
1.3741
1.39099
1.40669
1.42219
1.42957
1.44916
1.11426
1.14702
1.17721
1.20515
1.23107
1.2552
1.27778
1.29899
1.31896
1.33775
1.35531
1.3714
1.38601
1.40197
1.40811
1.42761
1.07787
1.1114
1.14222
1.17053
1.1966
1.2207
1.24309
1.26395
1.28342
1.3016
1.31857
1.33418
1.34707
1.36406
1.36901
1.3886
1.03899
1.07143
1.10138
1.12897
1.15441
1.1779
1.19965
1.21984
1.23861
1.25603
1.27222
1.2875
1.29993
1.31576
1.32124
1.34047
0.998694
1.02966
1.05844
1.08512
1.10981
1.13264
1.15379
1.1734
1.19162
1.20856
1.22437
1.23917
1.25191
1.26743
1.27276
1.29193
0.958084
0.988057
1.01612
1.04232
1.06672
1.08942
1.11049
1.13005
1.14818
1.16499
1.18062
1.19512
1.20707
1.22279
1.22765
1.24694
0.928367
0.95627
0.982498
1.00708
1.03008
1.05158
1.07167
1.09045
1.10802
1.1244
1.13954
1.15489
1.16503
1.18276
1.18656
1.20649
0.904892
0.931693
0.957009
0.980819
1.0032
1.0243
1.04417
1.06281
1.0802
1.09643
1.11154
1.1257
1.13771
1.15302
1.15814
1.17751
0.886513
0.912496
0.937275
0.960987
0.983545
1.00476
1.02443
1.04272
1.05999
1.07628
1.09157
1.1058
1.11846
1.13332
1.13908
1.15827
0.873383
0.899408
0.924292
0.947894
0.970015
0.990612
1.01009
1.02855
1.04589
1.06216
1.07741
1.09159
1.10441
1.11898
1.12502
1.14409
0.865286
0.891162
0.915818
0.938936
0.960583
0.981202
1.00073
1.0191
1.03637
1.05259
1.06779
1.08189
1.0947
1.10913
1.11526
1.13426
0.858552
0.884339
0.908657
0.931505
0.953274
0.973859
0.993189
1.01141
1.0286
1.04478
1.05992
1.07396
1.08666
1.10106
1.10713
1.12609
0.85115
0.87658
0.900668
0.923508
0.945179
0.965481
0.984602
1.00269
1.01979
1.03588
1.05095
1.06491
1.07744
1.09187
1.09782
1.11677
0.840443
0.865786
0.889778
0.91265
0.934093
0.954259
0.973337
0.991379
1.00838
1.02433
1.03925
1.05308
1.06538
1.07989
1.08566
1.1046
0.824514
0.850308
0.874535
0.89732
0.918707
0.938865
0.957905
0.975871
0.992757
1.00857
1.02336
1.03713
1.04921
1.06387
1.06943
1.0884
0.804577
0.830337
0.854535
0.87725
0.898651
0.918857
0.937911
0.955831
0.972624
0.988318
1.00301
1.01677
1.02859
1.04346
1.0488
1.06782
0.781916
0.807504
0.831519
0.854068
0.875362
0.895484
0.914475
0.932338
0.949069
0.96469
0.97931
0.993118
1.0047
1.01979
1.02493
1.04399
0.757277
0.782656
0.806526
0.82896
0.850134
0.870165
0.889077
0.906849
0.923472
0.938978
0.953486
0.967332
0.978663
0.993954
0.998899
1.01804
0.73123
0.756368
0.780123
0.802553
0.823666
0.84358
0.862365
0.880023
0.896559
0.911997
0.926427
0.940347
0.951462
0.96692
0.971725
0.990881
0.704115
0.7291
0.752726
0.775113
0.796216
0.816062
0.834741
0.852297
0.868749
0.88411
0.898434
0.912447
0.923309
0.938966
0.94366
0.962849
0.676074
0.700948
0.724478
0.746765
0.767833
0.78763
0.80621
0.823691
0.840096
0.855426
0.869652
0.883805
0.894434
0.910294
0.914835
0.934065
0.647122
0.671936
0.695418
0.71759
0.738534
0.758251
0.776798
0.794242
0.810599
0.82591
0.839965
0.854339
0.864614
0.880744
0.885115
0.904414
0.617355
0.642221
0.665671
0.687797
0.708661
0.728284
0.746762
0.764134
0.780435
0.795816
0.809608
0.824326
0.834286
0.850657
0.854861
0.874213
0.586987
0.611852
0.635268
0.657332
0.678113
0.697681
0.716125
0.733442
0.749596
0.765126
0.778408
0.793687
0.803166
0.819805
0.823902
0.843293
0.555846
0.580713
0.604138
0.626176
0.646888
0.666364
0.684741
0.702058
0.717896
0.733423
0.746916
0.762007
0.77155
0.788161
0.792263
0.81166
0.523595
0.548411
0.571745
0.593733
0.614426
0.633905
0.652248
0.669472
0.685585
0.700882
0.714612
0.729439
0.739116
0.75567
0.759781
0.779173
0.4907
0.515393
0.53868
0.560593
0.581199
0.600606
0.618912
0.636109
0.652301
0.667639
0.68135
0.696166
0.705864
0.722414
0.726538
0.745943
0.457598
0.482227
0.505406
0.527224
0.547795
0.56719
0.585457
0.60265
0.618838
0.634131
0.647738
0.662669
0.672333
0.688786
0.692982
0.712367
0.424576
0.449141
0.472211
0.493877
0.514301
0.533574
0.551775
0.56892
0.585024
0.600304
0.613899
0.62864
0.638637
0.654834
0.659213
0.678537
0.391029
0.41559
0.438749
0.460385
0.480676
0.499891
0.518035
0.535117
0.551159
0.566439
0.580018
0.594401
0.604761
0.62063
0.625167
0.644456
0.357348
0.381439
0.404173
0.425765
0.44618
0.465349
0.483403
0.5004
0.51636
0.53146
0.545465
0.559434
0.570241
0.585744
0.590527
0.609702
0.324077
0.34791
0.37034
0.391507
0.41155
0.430488
0.448359
0.465231
0.481123
0.496078
0.510084
0.523787
0.534819
0.550076
0.554995
0.574138
0.290603
0.314041
0.336108
0.356908
0.376586
0.395196
0.412807
0.42947
0.445203
0.460038
0.473986
0.487461
0.49865
0.513591
0.518697
0.537753
0.25529
0.277955
0.299409
0.319737
0.339081
0.357427
0.374701
0.390951
0.406295
0.420824
0.434607
0.447851
0.459237
0.473758
0.479118
0.498042
0.219246
0.240708
0.261011
0.280251
0.298546
0.315964
0.33255
0.348389
0.363477
0.377804
0.391426
0.404457
0.415961
0.430221
0.435774
0.45467
0.180234
0.19968
0.218079
0.23557
0.252275
0.268242
0.283531
0.298201
0.312258
0.325729
0.338663
0.351088
0.362504
0.375993
0.381898
0.400544
0.137988
0.154664
0.170634
0.185998
0.20089
0.215369
0.229467
0.243248
0.256753
0.269965
0.282817
0.295235
0.306957
0.320243
0.326562
0.345131
0.08652
0.0973955
0.107766
0.11772
0.127458
0.137176
0.146953
0.156822
0.166768
0.176773
0.186862
0.197039
0.207162
0.219013
0.224985
0.243299
0.0370256
0.0435608
0.0503334
0.0573993
0.0648249
0.0726685
0.0809075
0.0894803
0.0983187
0.107364
0.116588
0.125958
0.135433
0.145454
0.153922
0.16643
)
;

boundaryField
{
    frontAndBack
    {
        type            empty;
    }
    inlet
    {
        type            zeroGradient;
    }
    outlet
    {
        type            fixedValue;
        value           uniform 0;
    }
    walls
    {
        type            zeroGradient;
    }
}


// ************************************************************************* //
