/*--------------------------------*- C++ -*----------------------------------*\
| =========                 |                                                 |
| \\      /  F ield         | OpenFOAM: The Open Source CFD Toolbox           |
|  \\    /   O peration     | Version:  v2012                                 |
|   \\  /    A nd           | Website:  www.openfoam.com                      |
|    \\/     M anipulation  |                                                 |
\*---------------------------------------------------------------------------*/
FoamFile
{
    version     2.0;
    format      ascii;
    class       volScalarField;
    location    "0.298";
    object      p;
}
// * * * * * * * * * * * * * * * * * * * * * * * * * * * * * * * * * * * * * //

dimensions      [0 2 -2 0 0 0 0];


internalField   nonuniform List<scalar> 
5600
(
-0.597102
-1.05527
-1.43572
-1.75424
-2.06508
-2.37532
-2.67669
-2.95845
-3.22148
-3.47168
-3.70824
-3.9329
-4.14736
-4.35362
-4.55389
-4.74966
-4.942
-5.13173
-5.31888
-5.50387
-5.68661
-5.86698
-6.04471
-6.22101
-6.39588
-6.56937
-6.74167
-6.91293
-7.08368
-7.25396
-7.4237
-7.59266
-7.76087
-7.92861
-8.09592
-8.26252
-8.42859
-8.59399
-8.75886
-8.92304
-9.08668
-9.24974
-9.41216
-9.57388
-9.73513
-9.89584
-10.0561
-10.2158
-10.3751
-10.5338
-10.6921
-10.85
-11.0073
-11.1642
-11.3207
-11.4768
-11.6325
-11.7877
-11.9425
-12.0968
-12.2508
-12.4044
-12.5576
-12.7104
-12.8629
-13.015
-13.1667
-13.318
-13.4691
-13.6199
-13.7703
-13.9204
-14.0703
-14.2199
-14.3691
-14.5181
-14.6668
-14.8153
-14.9635
-15.1115
-15.2592
-15.4069
-15.5542
-15.7014
-15.8483
-15.995
-16.1415
-16.2881
-16.4343
-16.5802
-16.726
-16.8715
-17.0175
-17.1632
-17.3096
-17.4562
-17.6053
-17.758
-17.9135
-18.1486
-0.656136
-1.07545
-1.45233
-1.77205
-2.08307
-2.39365
-2.69495
-2.97696
-3.24035
-3.4906
-3.72738
-3.95235
-4.16714
-4.37378
-4.5744
-4.77049
-4.96312
-5.15309
-5.34042
-5.52548
-5.70844
-5.8889
-6.06669
-6.24311
-6.41811
-6.59172
-6.76413
-6.93547
-7.10632
-7.27669
-7.44652
-7.61554
-7.78378
-7.95155
-8.1189
-8.28552
-8.45163
-8.61706
-8.78196
-8.94617
-9.10985
-9.27293
-9.43539
-9.59713
-9.75842
-9.91913
-10.0794
-10.2391
-10.3984
-10.5571
-10.7155
-10.8733
-11.0306
-11.1875
-11.344
-11.5001
-11.6558
-11.811
-11.9657
-12.12
-12.274
-12.4276
-12.5808
-12.7336
-12.8861
-13.0381
-13.1899
-13.3412
-13.4923
-13.643
-13.7934
-13.9436
-14.0934
-14.243
-14.3922
-14.5412
-14.6899
-14.8384
-14.9866
-15.1346
-15.2823
-15.43
-15.5772
-15.7245
-15.8713
-16.0181
-16.1646
-16.3112
-16.4573
-16.6034
-16.7489
-16.8948
-17.0403
-17.1867
-17.332
-17.4803
-17.6263
-17.7831
-17.9336
-18.1615
-0.694382
-1.08808
-1.46508
-1.78541
-2.09429
-2.40236
-2.70257
-2.98418
-3.24734
-3.49727
-3.73377
-3.95883
-4.17364
-4.38027
-4.5809
-4.77704
-4.96967
-5.15966
-5.34698
-5.53207
-5.71501
-5.89553
-6.07348
-6.24994
-6.42486
-6.59845
-6.77078
-6.94213
-7.11288
-7.28321
-7.45295
-7.62193
-7.79021
-7.95799
-8.12532
-8.29193
-8.45801
-8.62341
-8.78828
-8.95244
-9.11606
-9.27909
-9.44147
-9.60313
-9.76434
-9.92506
-10.0853
-10.245
-10.4043
-10.5631
-10.7214
-10.8793
-11.0366
-11.1935
-11.3501
-11.5062
-11.662
-11.8173
-11.9721
-12.1265
-12.2805
-12.4341
-12.5874
-12.7403
-12.8928
-13.0449
-13.1967
-13.3481
-13.4992
-13.6499
-13.8004
-13.9506
-14.1005
-14.25
-14.3993
-14.5484
-14.6971
-14.8456
-14.9938
-15.1419
-15.2896
-15.4372
-15.5845
-15.7318
-15.8786
-16.0254
-16.1719
-16.3185
-16.4647
-16.6108
-16.7563
-16.9022
-17.0477
-17.1942
-17.3395
-17.4878
-17.6343
-17.7917
-17.9412
-18.1615
-0.743106
-1.10455
-1.48047
-1.80226
-2.10986
-2.41699
-2.71758
-2.99981
-3.26361
-3.51386
-3.75092
-3.97601
-4.19129
-4.39813
-4.5988
-4.79486
-4.98736
-5.17709
-5.36412
-5.54889
-5.73168
-5.91211
-6.09008
-6.26664
-6.44166
-6.61554
-6.78824
-6.95993
-7.13091
-7.30146
-7.47138
-7.6405
-7.80879
-7.97665
-8.14404
-8.31074
-8.47691
-8.64241
-8.80738
-8.97167
-9.13542
-9.29862
-9.46118
-9.62304
-9.78443
-9.94517
-10.1055
-10.2653
-10.4246
-10.5834
-10.7418
-10.8997
-11.0571
-11.2141
-11.3706
-11.5266
-11.6824
-11.8375
-11.9922
-12.1465
-12.3004
-12.454
-12.6072
-12.7599
-12.9124
-13.0644
-13.2162
-13.3675
-13.5186
-13.6693
-13.8197
-13.9698
-14.1197
-14.2692
-14.4184
-14.5675
-14.7162
-14.8647
-15.0128
-15.1608
-15.3086
-15.4562
-15.6035
-15.7507
-15.8976
-16.0443
-16.1908
-16.3373
-16.4835
-16.6295
-16.7752
-16.9209
-17.0667
-17.2127
-17.3584
-17.5059
-17.653
-17.8084
-17.9629
-18.1626
-0.792736
-1.12167
-1.49622
-1.82045
-2.12645
-2.43274
-2.73304
-3.01509
-3.27891
-3.52896
-3.76624
-3.9911
-4.20656
-4.41364
-4.6145
-4.81074
-5.00342
-5.19327
-5.38046
-5.56532
-5.74808
-5.92853
-6.10648
-6.28289
-6.45774
-6.63144
-6.80393
-6.97544
-7.14617
-7.31663
-7.48644
-7.65555
-7.8239
-7.99186
-8.15925
-8.32599
-8.49214
-8.65765
-8.82257
-8.98685
-9.1505
-9.31363
-9.47602
-9.63783
-9.79911
-9.95984
-10.1201
-10.2798
-10.4391
-10.5978
-10.7562
-10.914
-11.0713
-11.2282
-11.3847
-11.5409
-11.6967
-11.8519
-12.0068
-12.1611
-12.3151
-12.4688
-12.6221
-12.775
-12.9276
-13.0797
-13.2315
-13.3829
-13.5341
-13.6848
-13.8353
-13.9855
-14.1354
-14.285
-14.4343
-14.5833
-14.7321
-14.8806
-15.0288
-15.1768
-15.3246
-15.4722
-15.6196
-15.7668
-15.9137
-16.0604
-16.2071
-16.3535
-16.4998
-16.6458
-16.7915
-16.9372
-17.083
-17.229
-17.3747
-17.5222
-17.6691
-17.8242
-17.9757
-18.1687
-0.842775
-1.14099
-1.51351
-1.8407
-2.14508
-2.4504
-2.75033
-3.0324
-3.29645
-3.54669
-3.7842
-4.00942
-4.22515
-4.4325
-4.63356
-4.82992
-5.02271
-5.21255
-5.39979
-5.58468
-5.76725
-5.9477
-6.12571
-6.30217
-6.47708
-6.65082
-6.82335
-6.9949
-7.16568
-7.33599
-7.50583
-7.67487
-7.8432
-8.01104
-8.17832
-8.34497
-8.51104
-8.6765
-8.84136
-9.00562
-9.16927
-9.3326
-9.49506
-9.65696
-9.8183
-9.97912
-10.1394
-10.2993
-10.4586
-10.6174
-10.7759
-10.9338
-11.0912
-11.2481
-11.4047
-11.5608
-11.7166
-11.8718
-12.0267
-12.181
-12.3351
-12.4886
-12.6418
-12.7946
-12.9471
-13.0992
-13.251
-13.4023
-13.5534
-13.7041
-13.8546
-14.0048
-14.1546
-14.3042
-14.4535
-14.6025
-14.7513
-14.8998
-15.048
-15.196
-15.3438
-15.4914
-15.6388
-15.786
-15.9329
-16.0796
-16.2262
-16.3727
-16.5189
-16.665
-16.8107
-16.9564
-17.1021
-17.2481
-17.3938
-17.5411
-17.6878
-17.8416
-17.992
-18.1764
-0.892194
-1.1628
-1.53257
-1.86299
-2.16591
-2.47019
-2.76982
-3.05197
-3.31621
-3.56656
-3.80419
-4.02965
-4.24546
-4.45297
-4.65416
-4.85061
-5.04346
-5.23335
-5.42062
-5.60552
-5.7881
-5.96856
-6.14665
-6.32312
-6.49809
-6.67182
-6.84438
-7.01593
-7.18682
-7.35702
-7.52688
-7.69592
-7.86429
-8.03211
-8.1994
-8.36604
-8.5321
-8.69755
-8.86236
-9.02662
-9.19021
-9.35349
-9.51592
-9.67774
-9.83899
-9.99973
-10.16
-10.3197
-10.479
-10.6378
-10.7961
-10.954
-11.1114
-11.2684
-11.4249
-11.5811
-11.7369
-11.8922
-12.047
-12.2014
-12.3554
-12.509
-12.6622
-12.8151
-12.9677
-13.1198
-13.2715
-13.4229
-13.5741
-13.7248
-13.8753
-14.0255
-14.1754
-14.3249
-14.4742
-14.6233
-14.7721
-14.9206
-15.0688
-15.2169
-15.3647
-15.5123
-15.6597
-15.8068
-15.9538
-16.1006
-16.2471
-16.3936
-16.5399
-16.6859
-16.8316
-16.9773
-17.1231
-17.269
-17.4147
-17.5617
-17.7083
-17.8604
-18.0093
-18.1842
-0.939171
-1.1873
-1.55398
-1.88746
-2.18916
-2.49245
-2.79187
-3.07409
-3.33845
-3.58888
-3.82662
-4.05229
-4.26819
-4.47589
-4.67722
-4.87381
-5.06674
-5.25668
-5.44398
-5.62889
-5.81149
-5.99191
-6.17005
-6.34652
-6.52152
-6.69524
-6.86782
-7.03939
-7.2103
-7.38053
-7.55036
-7.71941
-7.88779
-8.0556
-8.2229
-8.38954
-8.5556
-8.72105
-8.88586
-9.05018
-9.21382
-9.37694
-9.5394
-9.70121
-9.86249
-10.0232
-10.1835
-10.3432
-10.5025
-10.6612
-10.8195
-10.9774
-11.1347
-11.2918
-11.4483
-11.6044
-11.7602
-11.9154
-12.0702
-12.2245
-12.3785
-12.5321
-12.6853
-12.8382
-12.9907
-13.1428
-13.2946
-13.446
-13.5972
-13.7479
-13.8984
-14.0486
-14.1985
-14.3481
-14.4974
-14.6465
-14.7953
-14.9437
-15.092
-15.24
-15.3878
-15.5354
-15.6828
-15.83
-15.9769
-16.1237
-16.2702
-16.4167
-16.563
-16.709
-16.8547
-17.0005
-17.1462
-17.2921
-17.4377
-17.5843
-17.7306
-17.8809
-18.0277
-18.1925
-0.982151
-1.21437
-1.57831
-1.91425
-2.21506
-2.51753
-2.81681
-3.09905
-3.36349
-3.61401
-3.85184
-4.07768
-4.29366
-4.50149
-4.70294
-4.8996
-5.09257
-5.28253
-5.46984
-5.65477
-5.83736
-6.01774
-6.19591
-6.3724
-6.54742
-6.72115
-6.89373
-7.06533
-7.23627
-7.40652
-7.5763
-7.74536
-7.91376
-8.08157
-8.24886
-8.41551
-8.58156
-8.74701
-8.91182
-9.07614
-9.23978
-9.40286
-9.56535
-9.72718
-9.88846
-10.0492
-10.2094
-10.3692
-10.5284
-10.6872
-10.8455
-11.0034
-11.1607
-11.3178
-11.4743
-11.6304
-11.7861
-11.9413
-12.0961
-12.2504
-12.4044
-12.558
-12.7112
-12.864
-13.0165
-13.1685
-13.3203
-13.4718
-13.6229
-13.7737
-13.9241
-14.0743
-14.2241
-14.3737
-14.5229
-14.6719
-14.8207
-14.9693
-15.1175
-15.2655
-15.4133
-15.5609
-15.7083
-15.8555
-16.0024
-16.1492
-16.2957
-16.4422
-16.5885
-16.7345
-16.8803
-17.026
-17.1717
-17.3175
-17.4631
-17.6094
-17.755
-17.9035
-18.0475
-18.2014
-1.01933
-1.24357
-1.60615
-1.94352
-2.2438
-2.54584
-2.84506
-3.12726
-3.39176
-3.64236
-3.88024
-4.10616
-4.32218
-4.53008
-4.73159
-4.9283
-5.1213
-5.31129
-5.49861
-5.68357
-5.86615
-6.04648
-6.22467
-6.40118
-6.57622
-6.74994
-6.92253
-7.09413
-7.2651
-7.43538
-7.60511
-7.77416
-7.94258
-8.11041
-8.27768
-8.44434
-8.61038
-8.77584
-8.94064
-9.10498
-9.26863
-9.43169
-9.59417
-9.75601
-9.91729
-10.078
-10.2383
-10.398
-10.5572
-10.716
-10.8743
-11.0322
-11.1896
-11.3466
-11.5031
-11.6592
-11.8149
-11.9701
-12.1249
-12.2793
-12.4332
-12.5868
-12.74
-12.8928
-13.0453
-13.1974
-13.3492
-13.5006
-13.6517
-13.8025
-13.9529
-14.1031
-14.2529
-14.4025
-14.5517
-14.7007
-14.8495
-14.998
-15.1462
-15.2942
-15.442
-15.5895
-15.7369
-15.884
-16.031
-16.1777
-16.3242
-16.4707
-16.617
-16.763
-16.9087
-17.0545
-17.2001
-17.3459
-17.4913
-17.6371
-17.7821
-17.9284
-18.0693
-18.2121
-1.04669
-1.27286
-1.63657
-1.97387
-2.27403
-2.57623
-2.87552
-3.15759
-3.42209
-3.67274
-3.91061
-4.13652
-4.35253
-4.56041
-4.76193
-4.95866
-5.15166
-5.34166
-5.52896
-5.71395
-5.89651
-6.07678
-6.25498
-6.43149
-6.60654
-6.78025
-6.95282
-7.12442
-7.29543
-7.46572
-7.6354
-7.80446
-7.97289
-8.14073
-8.308
-8.47466
-8.6407
-8.80615
-8.97094
-9.13532
-9.29896
-9.46201
-9.62448
-9.78632
-9.9476
-10.1083
-10.2686
-10.4283
-10.5876
-10.7463
-10.9046
-11.0625
-11.2198
-11.377
-11.5335
-11.6896
-11.8452
-12.0004
-12.1552
-12.3096
-12.4636
-12.6171
-12.7703
-12.9231
-13.0756
-13.2277
-13.3795
-13.531
-13.682
-13.8328
-13.9832
-14.1334
-14.2832
-14.4328
-14.582
-14.731
-14.8798
-15.0283
-15.1765
-15.3245
-15.4722
-15.6198
-15.7672
-15.9143
-16.0613
-16.208
-16.3546
-16.501
-16.6473
-16.7933
-16.9391
-17.0848
-17.2304
-17.3761
-17.5214
-17.6668
-17.8111
-17.9551
-18.0928
-18.226
-1.06148
-1.29951
-1.66662
-2.00234
-2.30281
-2.60576
-2.90523
-3.18709
-3.45155
-3.70224
-3.94003
-4.16583
-4.38177
-4.58955
-4.79103
-4.98772
-5.1807
-5.37068
-5.55796
-5.74298
-5.92551
-6.10572
-6.2839
-6.46042
-6.63547
-6.80917
-6.98173
-7.15331
-7.32438
-7.49466
-7.66432
-7.83337
-8.00181
-8.16965
-8.33692
-8.50358
-8.66961
-8.83507
-8.99983
-9.16425
-9.32788
-9.49091
-9.65337
-9.81522
-9.9765
-10.1372
-10.2975
-10.4572
-10.6165
-10.7752
-10.9336
-11.0915
-11.2488
-11.4059
-11.5624
-11.7185
-11.8741
-12.0293
-12.1841
-12.3385
-12.4924
-12.646
-12.7992
-12.952
-13.1045
-13.2566
-13.4084
-13.5598
-13.7109
-13.8617
-14.0122
-14.1624
-14.3122
-14.4618
-14.611
-14.7601
-14.9089
-15.0574
-15.2056
-15.3536
-15.5014
-15.649
-15.7964
-15.9435
-16.0905
-16.2372
-16.3839
-16.5303
-16.6767
-16.8227
-16.9686
-17.1143
-17.2599
-17.4054
-17.5506
-17.6956
-17.8392
-17.9814
-18.1162
-18.2421
-1.06519
-1.32308
-1.69466
-2.02769
-2.32887
-2.63294
-2.93265
-3.21423
-3.47865
-3.72936
-3.96701
-4.19264
-4.40848
-4.6161
-4.81748
-5.0141
-5.20704
-5.39702
-5.58425
-5.76931
-5.95181
-6.13195
-6.31011
-6.48661
-6.66166
-6.83534
-7.00788
-7.17942
-7.35054
-7.52081
-7.69044
-7.85948
-8.02794
-8.19578
-8.36305
-8.52971
-8.69575
-8.86121
-9.02597
-9.19042
-9.35405
-9.51705
-9.67951
-9.84135
-10.0026
-10.1634
-10.3236
-10.4833
-10.6426
-10.8013
-10.9596
-11.1175
-11.2749
-11.432
-11.5885
-11.7446
-11.9003
-12.0555
-12.2103
-12.3647
-12.5187
-12.6723
-12.8255
-12.9784
-13.1308
-13.283
-13.4348
-13.5862
-13.7374
-13.8881
-14.0387
-14.1889
-14.3388
-14.4884
-14.6376
-14.7867
-14.9355
-15.084
-15.2323
-15.3803
-15.5281
-15.6756
-15.8229
-15.9701
-16.117
-16.2637
-16.4103
-16.5567
-16.7029
-16.8489
-16.9948
-17.1406
-17.2862
-17.4318
-17.5769
-17.7216
-17.8645
-18.0054
-18.1381
-18.2586
-1.06011
-1.3444
-1.72063
-2.05034
-2.35257
-2.65792
-2.95792
-3.23915
-3.5035
-3.75422
-3.9917
-4.21714
-4.43285
-4.6403
-4.84153
-5.03807
-5.23094
-5.4209
-5.60808
-5.79319
-5.97566
-6.15573
-6.33386
-6.51036
-6.6854
-6.85905
-7.03156
-7.20307
-7.37424
-7.54448
-7.7141
-7.88314
-8.0516
-8.21943
-8.38669
-8.55333
-8.71937
-8.88476
-9.04957
-9.21405
-9.37766
-9.54067
-9.70312
-9.86498
-10.0263
-10.187
-10.3473
-10.507
-10.6663
-10.8251
-10.9834
-11.1413
-11.2988
-11.4559
-11.6125
-11.7686
-11.9243
-12.0796
-12.2344
-12.3888
-12.5429
-12.6965
-12.8497
-13.0025
-13.155
-13.307
-13.4588
-13.6103
-13.7614
-13.9122
-14.0627
-14.2129
-14.3628
-14.5124
-14.6616
-14.8107
-14.9595
-15.108
-15.2563
-15.4043
-15.5521
-15.6997
-15.847
-15.9942
-16.1412
-16.288
-16.4347
-16.5813
-16.7276
-16.8736
-17.0192
-17.1649
-17.3105
-17.456
-17.601
-17.7456
-17.8884
-18.0274
-18.1585
-18.2751
-1.04878
-1.36386
-1.74426
-2.07057
-2.37411
-2.68082
-2.98121
-3.26208
-3.52635
-3.77703
-4.01433
-4.23947
-4.45501
-4.66227
-4.86336
-5.05978
-5.25257
-5.44249
-5.62961
-5.81475
-5.99715
-6.17716
-6.35523
-6.53173
-6.70675
-6.88041
-7.05282
-7.22437
-7.39556
-7.56577
-7.73537
-7.90441
-8.0729
-8.24075
-8.40803
-8.57468
-8.74078
-8.90617
-9.07113
-9.23555
-9.39918
-9.56226
-9.72478
-9.8867
-10.048
-10.2089
-10.3692
-10.529
-10.6883
-10.8471
-11.0054
-11.1632
-11.3207
-11.4777
-11.6343
-11.7904
-11.9461
-12.1013
-12.2562
-12.4106
-12.5646
-12.7182
-12.8714
-13.0242
-13.1766
-13.3287
-13.4805
-13.632
-13.7831
-13.9338
-14.0843
-14.2345
-14.3843
-14.5339
-14.6832
-14.8322
-14.9809
-15.1294
-15.2777
-15.4257
-15.5734
-15.7209
-15.8682
-16.0153
-16.1622
-16.3088
-16.4553
-16.6016
-16.7479
-16.8939
-17.0398
-17.1856
-17.3312
-17.4768
-17.6217
-17.7659
-17.908
-18.0474
-18.1774
-18.2912
-1.03325
-1.38184
-1.76549
-2.08874
-2.39366
-2.7016
-3.00246
-3.28299
-3.54726
-3.79788
-4.03506
-4.25995
-4.4752
-4.68225
-4.88325
-5.07956
-5.27232
-5.46215
-5.64935
-5.83451
-6.01688
-6.19681
-6.3748
-6.55126
-6.72621
-6.89985
-7.07222
-7.24387
-7.41504
-7.5853
-7.75492
-7.92399
-8.09259
-8.26056
-8.42794
-8.59469
-8.76086
-8.92634
-9.09132
-9.25565
-9.41923
-9.58229
-9.7448
-9.9067
-10.068
-10.2288
-10.3891
-10.5489
-10.7082
-10.867
-11.0253
-11.1831
-11.3406
-11.4977
-11.6542
-11.8103
-11.966
-12.1213
-12.2761
-12.4305
-12.5845
-12.7381
-12.8914
-13.0442
-13.1966
-13.3487
-13.5005
-13.652
-13.8031
-13.9539
-14.1044
-14.2546
-14.4045
-14.5541
-14.7034
-14.8524
-15.0012
-15.1497
-15.298
-15.4461
-15.5939
-15.7415
-15.8888
-16.036
-16.183
-16.3299
-16.4766
-16.6231
-16.7694
-16.9154
-17.0612
-17.2069
-17.3524
-17.4979
-17.6427
-17.787
-17.9288
-18.0661
-18.195
-18.3069
-1.01451
-1.39853
-1.78455
-2.10559
-2.41184
-2.72069
-3.02177
-3.30179
-3.56604
-3.81645
-4.0533
-4.27844
-4.49323
-4.6999
-4.90068
-5.09678
-5.28942
-5.47908
-5.66634
-5.85136
-6.03375
-6.21374
-6.39186
-6.5685
-6.74361
-6.91735
-7.0899
-7.26169
-7.43292
-7.60325
-7.77282
-7.94178
-8.11031
-8.2782
-8.44551
-8.6122
-8.7783
-8.94373
-9.10864
-9.27294
-9.43651
-9.59952
-9.76195
-9.92379
-10.0851
-10.2458
-10.4061
-10.5658
-10.7251
-10.8839
-11.0421
-11.1999
-11.3573
-11.5144
-11.6709
-11.8269
-11.9826
-12.1378
-12.2926
-12.4469
-12.6009
-12.7544
-12.9076
-13.0604
-13.2128
-13.3648
-13.5166
-13.668
-13.819
-13.9698
-14.1202
-14.2703
-14.4201
-14.5696
-14.7189
-14.8678
-15.0165
-15.165
-15.3132
-15.4612
-15.6089
-15.7564
-15.9037
-16.0507
-16.1976
-16.3443
-16.4908
-16.6371
-16.7833
-16.9294
-17.0751
-17.2208
-17.3664
-17.5119
-17.6567
-17.8009
-17.9431
-18.0815
-18.2103
-18.3214
-0.993653
-1.41287
-1.80013
-2.12054
-2.42871
-2.73917
-3.04058
-3.32013
-3.5844
-3.83468
-4.07127
-4.29669
-4.51114
-4.71767
-4.91846
-5.11468
-5.3075
-5.49752
-5.68509
-5.87036
-6.05294
-6.23299
-6.4112
-6.58782
-6.76285
-6.93637
-7.10871
-7.28039
-7.45155
-7.62185
-7.79143
-7.96043
-8.12897
-8.29689
-8.46422
-8.63094
-8.79706
-8.96253
-9.12746
-9.29178
-9.45538
-9.61839
-9.7808
-9.94264
-10.104
-10.2647
-10.425
-10.5848
-10.7441
-10.9029
-11.0611
-11.2189
-11.3764
-11.5335
-11.69
-11.8461
-12.0018
-12.1571
-12.3119
-12.4663
-12.6203
-12.7739
-12.9271
-13.0799
-13.2324
-13.3845
-13.5363
-13.6877
-13.8389
-13.9896
-14.1401
-14.2903
-14.4402
-14.5897
-14.739
-14.888
-15.0368
-15.1853
-15.3336
-15.4816
-15.6294
-15.777
-15.9243
-16.0715
-16.2184
-16.3652
-16.5118
-16.6583
-16.8046
-16.9506
-17.0964
-17.2421
-17.3877
-17.5331
-17.6779
-17.822
-17.9635
-18.1005
-18.2279
-18.3375
-0.97905
-1.42745
-1.81237
-2.13009
-2.43907
-2.75131
-3.05324
-3.33224
-3.59669
-3.84695
-4.08344
-4.30847
-4.52274
-4.72916
-4.92983
-5.12595
-5.31865
-5.50854
-5.69599
-5.88108
-6.06336
-6.243
-6.421
-6.59742
-6.77233
-6.94572
-7.11787
-7.28944
-7.46051
-7.63073
-7.80024
-7.96915
-8.1376
-8.30544
-8.47269
-8.63933
-8.80539
-8.97079
-9.13564
-9.2999
-9.46344
-9.6264
-9.78877
-9.95057
-10.1118
-10.2726
-10.4328
-10.5925
-10.7517
-10.9105
-11.0687
-11.2265
-11.3839
-11.5409
-11.6974
-11.8535
-12.0091
-12.1643
-12.3191
-12.4735
-12.6274
-12.781
-12.9342
-13.0869
-13.2393
-13.3914
-13.5431
-13.6946
-13.8456
-13.9964
-14.1468
-14.297
-14.4468
-14.5963
-14.7455
-14.8945
-15.0432
-15.1917
-15.3399
-15.4879
-15.6357
-15.7832
-15.9305
-16.0776
-16.2245
-16.3712
-16.5178
-16.6642
-16.8104
-16.9564
-17.1022
-17.2479
-17.3935
-17.5389
-17.6837
-17.8279
-17.9697
-18.1075
-18.2353
-18.3455
-0.948576
-1.44227
-1.83599
-2.15424
-2.46341
-2.77617
-3.07886
-3.35689
-3.62166
-3.87204
-4.10842
-4.33325
-4.54732
-4.75345
-4.95385
-5.14974
-5.34226
-5.532
-5.71935
-5.90437
-6.08668
-6.26638
-6.44435
-6.62075
-6.7956
-6.96899
-7.14113
-7.31267
-7.48369
-7.65387
-7.82335
-7.99225
-8.16069
-8.32852
-8.49577
-8.66241
-8.82846
-8.99387
-9.15873
-9.32299
-9.48653
-9.64949
-9.81186
-9.97367
-10.1349
-10.2957
-10.4559
-10.6156
-10.7749
-10.9336
-11.0919
-11.2496
-11.4071
-11.5641
-11.7206
-11.8767
-12.0323
-12.1875
-12.3423
-12.4967
-12.6506
-12.8042
-12.9574
-13.1102
-13.2626
-13.4147
-13.5664
-13.7178
-13.8689
-14.0196
-14.1701
-14.3203
-14.4701
-14.6196
-14.7689
-14.9179
-15.0666
-15.2151
-15.3633
-15.5113
-15.659
-15.8066
-15.9539
-16.101
-16.2479
-16.3947
-16.5412
-16.6877
-16.8339
-16.9799
-17.1257
-17.2714
-17.4169
-17.5624
-17.7072
-17.8513
-17.993
-18.1304
-18.258
-18.3677
-18.1515
-18.4125
-19.1477
-19.2721
-18.7305
-17.6474
-16.1881
-14.4848
-12.7244
-11.0022
-9.40859
-7.9716
-6.70744
-5.6108
-4.6683
-3.85997
-3.16825
-2.57327
-2.05965
-1.61536
-1.22873
-0.889869
-0.592101
-0.329458
-0.0966382
0.111047
0.296362
0.461752
0.609971
0.743265
0.864004
0.972637
1.06901
1.1549
1.23149
1.29959
1.35989
1.41306
1.45968
1.50016
1.53505
1.56491
1.58981
1.61034
1.62683
1.63946
1.64841
1.65401
1.65627
1.65539
1.65143
1.64444
1.63454
1.62162
1.60599
1.58795
1.56743
1.54463
1.51982
1.49325
1.4652
1.43593
1.40571
1.37491
1.3437
1.31234
1.28094
1.24959
1.21824
1.1869
1.15544
1.12396
1.0923
1.06042
1.02809
0.995337
0.962061
0.928205
0.894163
0.860037
0.82573
0.791267
0.756094
0.719622
0.682021
0.643343
0.604746
0.567447
0.529882
0.492484
0.453392
0.413837
0.374148
0.334665
0.292314
0.250546
0.200864
0.153653
0.0903832
0.0470843
-18.1901
-18.3397
-19.0414
-19.1825
-18.653
-17.5903
-16.1531
-14.4695
-12.7247
-11.0139
-9.42871
-7.9964
-6.73472
-5.6391
-4.69641
-3.88717
-3.19391
-2.59718
-2.08182
-1.63583
-1.24771
-0.907592
-0.608716
-0.344983
-0.111295
0.0970171
0.28279
0.448634
0.597028
0.730363
0.850305
0.958775
1.05525
1.14122
1.21789
1.28607
1.34644
1.39968
1.44639
1.48695
1.52192
1.55179
1.57679
1.59737
1.61389
1.62652
1.63544
1.64102
1.64323
1.64227
1.6382
1.63109
1.62106
1.60801
1.59224
1.57407
1.55344
1.53055
1.50566
1.47903
1.45095
1.42167
1.39147
1.3607
1.32957
1.29831
1.26703
1.2358
1.20458
1.17337
1.14202
1.11067
1.0791
1.04729
1.01502
0.982361
0.949218
0.915453
0.881514
0.847505
0.813349
0.779098
0.744172
0.707914
0.67053
0.632043
0.59315
0.555797
0.517925
0.480278
0.441025
0.401278
0.361318
0.321846
0.279836
0.238494
0.190021
0.144382
0.0845338
0.0435294
-18.184
-18.3469
-18.9665
-19.0909
-18.566
-17.521
-16.1062
-14.4447
-12.7193
-11.0242
-9.44948
-8.0242
-6.76685
-5.6728
-4.72972
-3.91921
-3.22403
-2.62525
-2.10793
-1.66004
-1.27024
-0.928613
-0.628388
-0.363391
-0.128625
0.0805704
0.26704
0.433679
0.582592
0.71651
0.835855
0.943448
1.0399
1.12599
1.20277
1.27106
1.33153
1.38488
1.43169
1.47235
1.50742
1.53728
1.56239
1.58306
1.59965
1.61226
1.62117
1.62672
1.62886
1.6278
1.62361
1.61637
1.60618
1.59297
1.57704
1.55872
1.53795
1.51494
1.48996
1.46326
1.43513
1.40583
1.37566
1.34496
1.31392
1.28277
1.25162
1.22056
1.18949
1.15841
1.1272
1.09597
1.06451
1.03278
1.00059
0.968009
0.935001
0.901344
0.867515
0.833635
0.799643
0.765625
0.730994
0.694961
0.657816
0.619537
0.580401
0.542906
0.504716
0.466772
0.427263
0.387406
0.347151
0.307661
0.266058
0.225167
0.17809
0.134133
0.078272
0.039438
-18.2086
-18.3664
-18.9043
-19.0073
-18.4773
-17.4454
-16.0513
-14.4149
-12.7105
-11.0335
-9.47134
-8.05504
-6.80331
-5.71133
-4.76795
-3.95607
-3.25886
-2.65814
-2.13887
-1.68874
-1.29683
-0.953303
-0.651389
-0.384908
-0.148842
0.061459
0.24882
0.416348
0.565905
0.700504
0.819717
0.926316
1.02275
1.10902
1.18597
1.2544
1.315
1.36849
1.41542
1.45619
1.49137
1.52134
1.54652
1.56728
1.58393
1.59654
1.60553
1.61099
1.61304
1.61188
1.60755
1.60013
1.58976
1.57636
1.56024
1.54173
1.5208
1.49764
1.47254
1.44575
1.41757
1.38827
1.35814
1.32752
1.29659
1.26558
1.23457
1.2037
1.17278
1.14186
1.11079
1.07971
1.04836
1.01673
0.984627
0.95215
0.91926
0.885734
0.852021
0.818315
0.784514
0.750664
0.716381
0.680634
0.643748
0.605681
0.566414
0.528614
0.490106
0.451814
0.411967
0.371995
0.331557
0.29197
0.250832
0.210446
0.164921
0.122847
0.0714941
0.0348394
-18.2273
-18.3766
-18.8418
-18.922
-18.3902
-17.3699
-15.9936
-14.3842
-12.7021
-11.0452
-9.49736
-8.09121
-6.84522
-5.75571
-4.81238
-3.99918
-3.29981
-2.69682
-2.1752
-1.72237
-1.3279
-0.982122
-0.678221
-0.410041
-0.172505
0.0390192
0.227372
0.395736
0.545952
0.681039
0.800548
0.906895
1.00355
1.09008
1.16724
1.23586
1.29664
1.35031
1.39739
1.43832
1.47365
1.50376
1.52904
1.54989
1.56658
1.57923
1.58829
1.59365
1.59563
1.59437
1.5899
1.58226
1.57164
1.55801
1.54166
1.52292
1.50179
1.47845
1.4532
1.42635
1.39811
1.36881
1.33875
1.30821
1.27738
1.24652
1.21569
1.18502
1.15427
1.12354
1.09263
1.06172
1.03049
0.998986
0.966993
0.934635
0.901841
0.868462
0.834881
0.801409
0.767863
0.73417
0.700034
0.664748
0.628177
0.59034
0.551089
0.512762
0.47393
0.435232
0.394984
0.354833
0.3144
0.274639
0.233994
0.194195
0.150369
0.110403
0.0640996
0.0297162
-18.244
-18.3842
-18.7758
-18.8276
-18.2962
-17.2881
-15.9344
-14.3548
-12.6968
-11.0617
-9.52959
-8.13496
-6.89529
-5.8087
-4.86556
-4.05077
-3.34869
-2.74242
-2.21759
-1.7616
-1.36421
-1.0159
-0.709763
-0.439649
-0.20045
0.0124515
0.201955
0.371216
0.522247
0.65781
0.778074
0.884978
0.982014
1.06886
1.14632
1.2152
1.27622
1.3301
1.37739
1.41853
1.45405
1.48433
1.50977
1.53072
1.54748
1.56019
1.56924
1.57456
1.57646
1.57508
1.57044
1.56255
1.55164
1.53772
1.52108
1.50208
1.48073
1.45719
1.43178
1.40487
1.37658
1.34726
1.31723
1.28679
1.25607
1.22541
1.19479
1.16431
1.13378
1.10326
1.07253
1.04182
1.01073
0.979372
0.947512
0.915288
0.882586
0.849341
0.815914
0.782688
0.749447
0.716006
0.681904
0.647146
0.610937
0.573358
0.534228
0.495242
0.456008
0.416833
0.376144
0.335734
0.295414
0.255578
0.215385
0.176235
0.134387
0.0965749
0.0559565
0.0240143
-18.2594
-18.3878
-18.7056
-18.724
-18.1926
-17.1976
-15.8685
-14.321
-12.6918
-11.0818
-9.56802
-8.18689
-6.95473
-5.87122
-4.92817
-4.11143
-3.40599
-2.79575
-2.2669
-1.80717
-1.40635
-1.05509
-0.746337
-0.473967
-0.232809
-0.0183213
0.172582
0.342966
0.495073
0.631339
0.752544
0.860293
0.957787
1.04505
1.12289
1.19213
1.25345
1.30763
1.35517
1.39657
1.43233
1.46284
1.48847
1.50957
1.52643
1.5392
1.54823
1.55353
1.55534
1.55379
1.54893
1.54079
1.52957
1.51528
1.49829
1.47898
1.45745
1.43371
1.40808
1.381
1.35264
1.32335
1.29335
1.26301
1.23248
1.20202
1.17163
1.14136
1.11108
1.08079
1.0503
1.0198
0.988888
0.957686
0.925996
0.893916
0.861292
0.828188
0.794937
0.761918
0.728979
0.695827
0.662033
0.627718
0.591859
0.554554
0.515571
0.475921
0.43618
0.396424
0.355271
0.314532
0.274277
0.234624
0.194893
0.156335
0.116956
0.0810955
0.0468852
0.0176496
-18.2735
-18.387
-18.6322
-18.6128
-18.0811
-17.1005
-15.7969
-14.2825
-12.6842
-11.1011
-9.60783
-8.24195
-7.01891
-5.93785
-4.99493
-4.17674
-3.46842
-2.85455
-2.3217
-1.85805
-1.45346
-1.09886
-0.787095
-0.512162
-0.268767
-0.0527933
0.139569
0.311229
0.464551
0.601697
0.723869
0.832563
0.930628
1.01842
1.09676
1.16642
1.22812
1.28262
1.33048
1.37219
1.40825
1.43904
1.4649
1.48619
1.50318
1.51604
1.52509
1.53035
1.53205
1.53031
1.52518
1.51683
1.50525
1.49055
1.47317
1.45345
1.43156
1.40757
1.38177
1.35451
1.32607
1.2968
1.26689
1.23668
1.20636
1.17611
1.14597
1.11594
1.08594
1.05593
1.02571
0.995438
0.964733
0.933726
0.902232
0.870284
0.837732
0.804821
0.771746
0.738922
0.706265
0.673487
0.640164
0.606229
0.570733
0.533746
0.494845
0.454582
0.414288
0.373811
0.332188
0.291056
0.250814
0.211615
0.172239
0.134262
0.0976197
0.063932
0.0366762
0.0105226
-18.2867
-18.3828
-18.5573
-18.4957
-17.9624
-16.9975
-15.7207
-14.2382
-12.6709
-11.1149
-9.64362
-8.29459
-7.08202
-6.00649
-5.06545
-4.24637
-3.53523
-2.91766
-2.38079
-1.91327
-1.50501
-1.14718
-0.832489
-0.55502
-0.309356
-0.0915046
0.102571
0.275761
0.430459
0.568694
0.691928
0.801672
0.900444
0.988867
1.06775
1.13788
1.19997
1.25486
1.30308
1.34517
1.3816
1.41273
1.43889
1.46042
1.4776
1.49059
1.49968
1.50492
1.50649
1.50451
1.49904
1.49025
1.47815
1.46302
1.44525
1.42515
1.40283
1.37854
1.35255
1.32514
1.29665
1.26741
1.2376
1.20753
1.17743
1.14742
1.11757
1.08781
1.05813
1.02843
0.998516
0.968532
0.938044
0.90726
0.875969
0.844093
0.811736
0.779034
0.746126
0.713514
0.681166
0.648809
0.615974
0.582452
0.547347
0.510732
0.471739
0.43104
0.390137
0.348799
0.306708
0.265151
0.22524
0.186076
0.147003
0.109713
0.0758516
0.0449667
0.0250293
0.00246095
-18.2992
-18.376
-18.4826
-18.3749
-17.8376
-16.8885
-15.6387
-14.1913
-12.6585
-11.1321
-9.68368
-8.35166
-7.14924
-6.08065
-5.14156
-4.32107
-3.60665
-2.985
-2.44379
-1.97211
-1.56001
-1.19877
-0.8811
-0.601068
-0.353238
-0.133198
0.0625331
0.237046
0.392897
0.532119
0.656335
0.767072
0.866562
0.955607
1.03507
1.10571
1.16826
1.22364
1.27232
1.31489
1.35179
1.38334
1.40988
1.43172
1.44912
1.46227
1.47143
1.47668
1.47812
1.47591
1.47009
1.46072
1.44807
1.43243
1.41421
1.39369
1.37101
1.34641
1.32019
1.29264
1.26409
1.23488
1.2052
1.17529
1.14545
1.11572
1.08619
1.05674
1.02743
0.998109
0.9685
0.938846
0.908619
0.877942
0.846882
0.815203
0.783127
0.750592
0.717861
0.685495
0.653493
0.621585
0.589258
0.556201
0.521505
0.485274
0.446105
0.405057
0.363468
0.321155
0.278605
0.237033
0.197174
0.157391
0.118909
0.0823504
0.0513963
0.0237234
0.0114691
-0.00688191
-18.3112
-18.3688
-18.4172
-18.2655
-17.7228
-16.789
-15.5643
-14.1517
-12.6525
-11.1541
-9.72711
-8.41065
-7.21762
-6.1535
-5.21506
-4.39294
-3.67553
-3.05025
-2.50521
-2.02984
-1.6143
-1.24992
-0.929521
-0.647068
-0.397204
-0.175297
0.0220351
0.197841
0.35476
0.494839
0.619859
0.731382
0.831438
0.920912
1.00078
1.07181
1.13475
1.19059
1.23975
1.28282
1.32022
1.35225
1.3792
1.40137
1.41902
1.43236
1.4416
1.44682
1.44813
1.44567
1.43947
1.42962
1.41645
1.40029
1.38155
1.36056
1.33749
1.31258
1.28611
1.25844
1.22986
1.20073
1.17121
1.1415
1.11196
1.08255
1.05338
1.02429
0.995363
0.966464
0.937166
0.90764
0.877766
0.847253
0.816442
0.785112
0.753241
0.720861
0.688347
0.656259
0.62463
0.593192
0.561387
0.528812
0.494554
0.458573
0.419343
0.377812
0.3355
0.292162
0.24951
0.208016
0.167237
0.127004
0.089233
0.0533732
0.0251548
0.00080249
-0.00372215
-0.0175945
-18.3232
-18.3649
-18.3694
-18.1822
-17.6341
-16.7133
-15.5096
-14.1231
-12.6495
-11.1731
-9.76373
-8.46042
-7.27559
-6.2156
-5.27843
-4.4556
-3.73601
-3.10783
-2.55965
-2.08126
-1.66291
-1.29599
-0.973387
-0.689042
-0.437589
-0.214289
-0.0156175
0.161298
0.319149
0.459962
0.585677
0.697821
0.798513
0.888746
0.969199
1.04061
1.10383
1.15998
1.20945
1.25289
1.29068
1.32305
1.3503
1.37272
1.39056
1.40401
1.41326
1.4184
1.41955
1.41681
1.41024
1.39991
1.38621
1.36951
1.35028
1.32886
1.30544
1.28025
1.25363
1.2259
1.19735
1.16834
1.13903
1.10957
1.08034
1.05128
1.0225
0.993758
0.965213
0.936416
0.907577
0.87818
0.848585
0.818381
0.787803
0.756712
0.725028
0.692829
0.660555
0.628762
0.597513
0.566537
0.535233
0.503101
0.469295
0.433337
0.394068
0.351893
0.308837
0.264748
0.222484
0.179924
0.138341
0.0978667
0.060632
0.025563
-0.000383377
-0.0218642
-0.0192048
-0.0290987
-18.3356
-18.365
-18.3385
-18.1245
-17.5716
-16.6601
-15.4718
-14.1044
-12.6501
-11.1909
-9.79537
-8.50223
-7.32383
-6.26712
-5.33097
-4.50756
-3.78632
-3.15586
-2.60523
-2.12452
-1.70401
-1.33513
-1.01079
-0.724992
-0.472242
-0.247887
-0.0483569
0.129275
0.287741
0.429005
0.55516
0.667686
0.7688
0.859652
0.940579
1.01252
1.07628
1.13275
1.18248
1.22623
1.26432
1.29694
1.3244
1.34698
1.36492
1.3784
1.38761
1.39263
1.39358
1.39056
1.38362
1.37285
1.35865
1.34147
1.32183
1.30004
1.27635
1.251
1.2243
1.19659
1.16815
1.13933
1.11024
1.08104
1.05214
1.02344
0.995019
0.966513
0.938154
0.909567
0.881126
0.852039
0.822627
0.792611
0.762213
0.731336
0.699855
0.667844
0.635811
0.604314
0.573446
0.54291
0.512074
0.480326
0.446866
0.41077
0.371248
0.328321
0.284573
0.240645
0.197682
0.153798
0.11192
0.0712311
0.0344192
0.000213306
-0.023849
-0.0432255
-0.0341571
-0.040886
-18.3485
-18.3688
-18.3203
-18.0869
-17.53
-16.6254
-15.4485
-14.095
-12.6551
-11.2089
-9.82375
-8.53808
-7.36451
-6.31026
-5.37482
-4.55088
-3.82833
-3.1961
-2.64358
-2.16112
-1.73899
-1.36863
-1.043
-0.756114
-0.502383
-0.277178
-0.0769583
0.101288
0.260304
0.401954
0.528472
0.641335
0.742692
0.833709
0.914831
0.987294
1.05159
1.10832
1.15827
1.20226
1.24058
1.2734
1.301
1.32368
1.34167
1.35513
1.36425
1.36913
1.36987
1.36656
1.35927
1.34808
1.33345
1.31586
1.29587
1.2738
1.24995
1.22453
1.19785
1.17022
1.14194
1.11343
1.08459
1.05562
1.02707
0.998732
0.970387
0.942203
0.914031
0.885886
0.857681
0.828805
0.799522
0.769655
0.739428
0.708756
0.67748
0.645651
0.613859
0.582648
0.552151
0.522017
0.491597
0.460197
0.426872
0.390455
0.35039
0.306677
0.263085
0.218556
0.174333
0.129695
0.0877122
0.0468677
0.0104311
-0.0228299
-0.0453774
-0.0633483
-0.0486182
-0.0529194
-18.3618
-18.3756
-18.3118
-18.0644
-17.5046
-16.6053
-15.4368
-14.0936
-12.6643
-11.2278
-9.85021
-8.56986
-7.39974
-6.34717
-5.41212
-4.58764
-3.86399
-3.23033
-2.67633
-2.19253
-1.76917
-1.39767
-1.07106
-0.783386
-0.528947
-0.303116
-0.102376
0.0763927
0.23604
0.378212
0.505141
0.618299
0.719874
0.811059
0.892583
0.965358
1.02965
1.08645
1.1365
1.18066
1.21917
1.25212
1.27982
1.30255
1.32054
1.33394
1.34294
1.34764
1.34815
1.34456
1.33693
1.32538
1.31038
1.29247
1.27221
1.24999
1.22608
1.20068
1.17405
1.14654
1.11841
1.09022
1.06183
1.03308
1.00488
0.976608
0.948445
0.920686
0.892854
0.864968
0.83692
0.808214
0.779044
0.749305
0.719237
0.688756
0.657677
0.626015
0.594448
0.563502
0.533333
0.503503
0.473353
0.442116
0.408842
0.371861
0.331053
0.287318
0.243415
0.197543
0.152659
0.107536
0.0654882
0.0247332
-0.0114102
-0.0437756
-0.0651097
-0.0822299
-0.0626571
-0.0650971
-18.3754
-18.3847
-18.3104
-18.0535
-17.4919
-16.5966
-15.4344
-14.0987
-12.6771
-11.2475
-9.87544
-8.59875
-7.43085
-6.37926
-5.44429
-4.61924
-3.89465
-3.25981
-2.7046
-2.21973
-1.79539
-1.42291
-1.09539
-0.807007
-0.551991
-0.325739
-0.124833
0.0539883
0.213968
0.356716
0.483668
0.597527
0.699247
0.790455
0.871801
0.94405
1.00888
1.06646
1.11689
1.16128
1.19994
1.23299
1.26071
1.28344
1.30136
1.31465
1.32347
1.32797
1.32823
1.32436
1.31644
1.30458
1.28931
1.27118
1.2508
1.22856
1.2047
1.17941
1.15293
1.12558
1.09748
1.06886
1.04053
1.01321
0.985114
0.957031
0.929298
0.901841
0.874253
0.846558
0.818647
0.790077
0.761005
0.731363
0.701438
0.671134
0.640242
0.608732
0.577371
0.546668
0.516801
0.487184
0.45711
0.425422
0.392079
0.354555
0.313529
0.269588
0.224705
0.177969
0.132818
0.0873739
0.0453022
0.00486575
-0.0310477
-0.0627086
-0.0830945
-0.0997963
-0.076308
-0.0773017
-18.3889
-18.3953
-18.3143
-18.0514
-17.489
-16.5968
-15.4392
-14.1088
-12.6925
-11.2677
-9.89958
-8.62534
-7.4588
-6.4077
-5.47257
-4.64692
-3.92146
-3.28558
-2.72932
-2.24353
-1.81832
-1.44494
-1.11645
-0.827168
-0.571193
-0.343898
-0.141983
0.0375099
0.197405
0.339791
0.467104
0.581073
0.683091
0.774667
0.856758
0.929943
0.994507
1.05068
1.10051
1.14456
1.183
1.21586
1.24343
1.266
1.28376
1.29685
1.30545
1.30971
1.30972
1.30559
1.29743
1.28535
1.26991
1.2517
1.23135
1.20922
1.18556
1.16055
1.13447
1.10775
1.08063
1.05358
1.02458
0.99638
0.968062
0.940232
0.912653
0.885304
0.857853
0.830277
0.802452
0.77397
0.744958
0.715378
0.685568
0.655421
0.624712
0.593366
0.562228
0.531812
0.502381
0.473265
0.444077
0.411565
0.376694
0.338792
0.29749
0.252625
0.207097
0.15992
0.114687
0.0692464
0.0272788
-0.0126464
-0.0483155
-0.0794503
-0.0992107
-0.115937
-0.0896133
-0.0897125
-18.4037
-18.408
-18.3225
-18.0557
-17.4931
-16.6033
-15.4489
-14.122
-12.7092
-11.2876
-9.92196
-8.64918
-7.48338
-6.43246
-5.49704
-4.67083
-3.94468
-3.30806
-2.75109
-2.26483
-1.83926
-1.46573
-1.13718
-0.848073
-0.592479
-0.365445
-0.163796
0.0161604
0.17667
0.31962
0.447057
0.561018
0.662878
0.754275
0.835878
0.908341
0.973092
1.03075
1.08139
1.12598
1.1649
1.19809
1.22587
1.24855
1.26632
1.27935
1.28784
1.29195
1.29177
1.28745
1.2791
1.26683
1.25123
1.23293
1.21249
1.19027
1.16648
1.1413
1.11494
1.08767
1.05975
1.03141
1.00437
0.976904
0.949516
0.922177
0.894966
0.86795
0.840787
0.813425
0.785764
0.757419
0.728505
0.699007
0.669268
0.639124
0.608329
0.576826
0.545525
0.514839
0.484935
0.454945
0.424724
0.393336
0.359248
0.3216
0.279865
0.234583
0.188853
0.141328
0.0959421
0.050519
0.00841023
-0.0313362
-0.0668848
-0.0977692
-0.116654
-0.133247
-0.104346
-0.103497
-18.4119
-18.416
-18.3294
-18.0617
-17.5001
-16.6126
-15.4607
-14.1363
-12.7255
-11.3058
-9.94136
-8.66881
-7.5028
-6.45122
-5.51482
-4.68742
-3.96001
-3.32205
-2.76381
-2.27643
-1.8498
-1.47511
-1.14569
-0.855735
-0.599315
-0.371885
-0.169743
0.0101483
0.170277
0.313213
0.440765
0.554879
0.657012
0.748501
0.830377
0.903139
0.967896
1.02451
1.07473
1.11874
1.15717
1.18991
1.21729
1.23958
1.257
1.26972
1.27794
1.28182
1.28147
1.27705
1.26866
1.25645
1.24101
1.22296
1.20284
1.18102
1.15768
1.13303
1.10725
1.08083
1.05395
1.02635
0.998527
0.970711
0.943056
0.915596
0.888363
0.86129
0.834095
0.806715
0.779017
0.750644
0.721693
0.692173
0.662506
0.632523
0.601959
0.570636
0.539538
0.509121
0.479387
0.450148
0.419403
0.386764
0.351906
0.313297
0.271114
0.225542
0.179726
0.132237
0.0870465
0.0419756
9.85813e-05
-0.0393291
-0.0747363
-0.105545
-0.124511
-0.141405
-0.112346
-0.108316
-18.4339
-18.4377
-18.3503
-18.0828
-17.5226
-16.637
-15.4869
-14.164
-12.7543
-11.3353
-9.97109
-8.69809
-7.53148
-6.47914
-5.5419
-4.71368
-3.98552
-3.34693
-2.78816
-2.30047
-1.87357
-1.49883
-1.16913
-0.879179
-0.622821
-0.395323
-0.193173
-0.0131756
0.14714
0.290118
0.417649
0.531708
0.63373
0.725176
0.806973
0.879617
0.944198
1.00121
1.05143
1.09556
1.13403
1.16679
1.19414
1.21638
1.23373
1.24637
1.25452
1.25834
1.25795
1.25349
1.2451
1.23293
1.21754
1.19955
1.1795
1.15772
1.13443
1.10978
1.08402
1.05739
1.03039
1.00262
0.975108
0.947553
0.9201
0.892791
0.865661
0.838674
0.811604
0.784332
0.756722
0.728415
0.699517
0.670032
0.64036
0.610293
0.579595
0.54811
0.516859
0.486278
0.456213
0.426369
0.395725
0.363361
0.328477
0.289901
0.247721
0.202084
0.156282
0.108912
0.0636896
0.0187207
-0.0231933
-0.062591
-0.097932
-0.12875
-0.147482
-0.164379
-0.13477
-0.137346
-18.3926
-18.3792
-18.4193
-18.4065
-18.3863
-18.3606
-18.3305
-18.2988
-18.2684
-18.2408
-18.2168
-18.1967
-18.1811
-18.1725
-18.1722
-18.1639
-18.8738
-18.8522
-18.8559
-18.8671
-18.859
-18.8355
-18.8058
-18.7743
-18.7433
-18.7149
-18.6902
-18.6702
-18.6547
-18.6432
-18.6356
-18.6204
-19.3274
-19.3952
-19.4835
-19.517
-19.5167
-19.4972
-19.4682
-19.4369
-19.4071
-19.3808
-19.3589
-19.3421
-19.331
-19.325
-19.3197
-19.3078
-19.3973
-19.4893
-19.5396
-19.5648
-19.5721
-19.5601
-19.535
-19.5057
-19.4776
-19.4531
-19.4332
-19.4181
-19.4077
-19.4016
-19.3969
-19.3841
-18.8289
-18.89
-18.9259
-18.9545
-18.9649
-18.9571
-18.9374
-18.9113
-18.8847
-18.8588
-18.8347
-18.813
-18.7944
-18.7796
-18.7686
-18.7498
-17.7147
-17.7605
-17.7958
-17.823
-17.8339
-17.8288
-17.811
-17.7859
-17.7583
-17.7304
-17.7029
-17.6763
-17.6511
-17.6285
-17.6102
-17.5859
-16.2269
-16.2576
-16.2839
-16.3036
-16.3123
-16.3081
-16.2915
-16.267
-16.2389
-16.2087
-16.1766
-16.1427
-16.1078
-16.0738
-16.0434
-16.0129
-14.5001
-14.5167
-14.5318
-14.5426
-14.5468
-14.5411
-14.5239
-14.4989
-14.4698
-14.4373
-14.4015
-14.3624
-14.3208
-14.2788
-14.2409
-14.2064
-12.7216
-12.7222
-12.7248
-12.7272
-12.7269
-12.719
-12.7004
-12.6745
-12.6443
-12.6102
-12.5718
-12.5291
-12.4827
-12.4353
-12.3923
-12.3547
-10.986
-10.9719
-10.9632
-10.9577
-10.9526
-10.9411
-10.92
-10.8927
-10.8616
-10.8265
-10.7867
-10.7422
-10.6936
-10.6437
-10.5983
-10.5593
-9.38155
-9.35582
-9.33838
-9.32698
-9.31755
-9.30251
-9.27918
-9.25085
-9.21912
-9.18347
-9.14323
-9.09819
-9.04903
-8.9986
-8.95276
-8.9135
-7.93832
-7.90453
-7.88047
-7.86417
-7.85065
-7.83196
-7.80633
-7.77701
-7.74487
-7.70914
-7.66916
-7.62472
-7.5765
-7.52725
-7.48252
-7.44401
-6.67111
-6.63332
-6.60588
-6.58669
-6.56979
-6.54782
-6.52047
-6.4907
-6.4586
-6.42328
-6.38413
-6.34099
-6.29454
-6.24737
-6.20459
-6.16732
-5.57307
-5.53356
-5.5046
-5.48321
-5.46217
-5.43652
-5.40791
-5.37803
-5.34624
-5.31164
-5.2737
-5.23233
-5.18818
-5.14368
-5.10336
-5.06769
-4.63057
-4.5912
-4.56221
-4.53943
-4.51526
-4.48735
-4.45828
-4.42851
-4.39714
-4.36337
-4.32678
-4.28731
-4.24564
-4.20403
-4.16649
-4.13275
-3.82329
-3.78485
-3.75611
-3.73237
-3.70672
-3.67812
-3.64906
-3.61957
-3.58875
-3.55594
-3.5208
-3.48333
-3.44422
-3.40558
-3.37093
-3.33917
-3.13347
-3.09683
-3.06858
-3.043
-3.01544
-2.98672
-2.95825
-2.92948
-2.89957
-2.86799
-2.83449
-2.79911
-2.76253
-2.72674
-2.69478
-2.66479
-2.54077
-2.50645
-2.47883
-2.4515
-2.42249
-2.39391
-2.36597
-2.33782
-2.30877
-2.27838
-2.24645
-2.21304
-2.17881
-2.14561
-2.1161
-2.08766
-2.02946
-1.99701
-1.96995
-1.94252
-1.91372
-1.88562
-1.85816
-1.83059
-1.80232
-1.77302
-1.74251
-1.71089
-1.67878
-1.64793
-1.62065
-1.59359
-1.58747
-1.5565
-1.52885
-1.50074
-1.47243
-1.44511
-1.41837
-1.39155
-1.3642
-1.33603
-1.30694
-1.27701
-1.24686
-1.21814
-1.19288
-1.16704
-1.20298
-1.17343
-1.14507
-1.11618
-1.08834
-1.06172
-1.03566
-1.00958
-0.98311
-0.956026
-0.928243
-0.899858
-0.871451
-0.844575
-0.821087
-0.796263
-0.86576
-0.837133
-0.808984
-0.780475
-0.753227
-0.727139
-0.701595
-0.676116
-0.650395
-0.624248
-0.597608
-0.570571
-0.543684
-0.518416
-0.496483
-0.472527
-0.56934
-0.54108
-0.513067
-0.485135
-0.458506
-0.432945
-0.407914
-0.38302
-0.358007
-0.332724
-0.307124
-0.2813
-0.255765
-0.231916
-0.211374
-0.188166
-0.307912
-0.279294
-0.250961
-0.223658
-0.197749
-0.172793
-0.148334
-0.124057
-0.0997507
-0.0752959
-0.0506608
-0.0259367
-0.00160645
0.020981
0.0402243
0.0629873
-0.0760824
-0.04738
-0.0189313
0.00790263
0.0332987
0.0577907
0.0817721
0.10551
0.129185
0.152896
0.176665
0.200409
0.223679
0.245168
0.263243
0.285668
0.130953
0.159162
0.187081
0.213429
0.238441
0.262581
0.286181
0.309472
0.332612
0.355683
0.378701
0.40159
0.423941
0.444501
0.461607
0.483567
0.315869
0.343695
0.37114
0.397069
0.42173
0.445537
0.468779
0.491657
0.514308
0.5368
0.559141
0.581268
0.602804
0.622552
0.638811
0.660358
0.481294
0.509298
0.536261
0.561693
0.585963
0.609422
0.632307
0.654789
0.676984
0.698948
0.720682
0.742129
0.762946
0.781987
0.797484
0.818682
0.629736
0.657959
0.684579
0.709623
0.733558
0.756695
0.779239
0.801343
0.823109
0.844583
0.865762
0.886596
0.906774
0.925196
0.940012
0.960911
0.763217
0.791032
0.817267
0.842063
0.865794
0.888715
0.911009
0.932818
0.954234
0.975296
0.995999
1.0163
1.03593
1.05382
1.06803
1.08868
0.884494
0.911651
0.93732
0.961742
0.98517
1.0078
1.0298
1.05129
1.07235
1.09301
1.11327
1.13309
1.15222
1.16964
1.18331
1.20374
0.992884
1.01964
1.04498
1.06912
1.09229
1.11466
1.13639
1.1576
1.17835
1.19866
1.21853
1.23792
1.25661
1.27364
1.28683
1.30708
1.08911
1.11571
1.14092
1.16492
1.18794
1.21015
1.2317
1.25268
1.27317
1.29319
1.31273
1.33175
1.35008
1.36676
1.37953
1.39963
1.17491
1.20139
1.22648
1.25039
1.2733
1.29539
1.31678
1.33758
1.35786
1.37762
1.39686
1.41557
1.43356
1.44996
1.46234
1.48232
1.2514
1.27773
1.30272
1.32654
1.34935
1.37133
1.39259
1.41323
1.43331
1.45285
1.47183
1.49025
1.50796
1.5241
1.53614
1.55602
1.31939
1.3456
1.37049
1.39422
1.41695
1.43882
1.45996
1.48045
1.50035
1.51969
1.53843
1.5566
1.57404
1.58996
1.60169
1.62148
1.37961
1.4057
1.43049
1.45413
1.47677
1.49855
1.51957
1.53993
1.55967
1.57881
1.59735
1.61528
1.63249
1.64821
1.65967
1.67937
1.43269
1.45866
1.48336
1.50692
1.52947
1.55115
1.57207
1.5923
1.61189
1.63087
1.64922
1.66693
1.68393
1.69949
1.71069
1.73033
1.47918
1.50504
1.52966
1.55314
1.57562
1.59722
1.61804
1.63815
1.65762
1.67644
1.69462
1.71215
1.72896
1.74437
1.75535
1.77492
1.51957
1.54535
1.56988
1.59329
1.61571
1.63723
1.65796
1.67798
1.69732
1.71601
1.73403
1.75139
1.76804
1.78332
1.7941
1.81363
1.55437
1.58005
1.6045
1.62784
1.65018
1.67164
1.69229
1.71222
1.73146
1.75003
1.76792
1.78514
1.80164
1.81681
1.82742
1.8469
1.58415
1.6097
1.63406
1.65732
1.67959
1.70098
1.72156
1.7414
1.76055
1.77902
1.7968
1.81389
1.83026
1.84534
1.85581
1.87526
1.60897
1.63446
1.65877
1.68198
1.7042
1.72553
1.74605
1.76583
1.78491
1.8033
1.82098
1.83798
1.85425
1.86927
1.87962
1.89904
1.62945
1.65488
1.67914
1.70232
1.72451
1.7458
1.76628
1.786
1.80503
1.82335
1.84097
1.85789
1.87409
1.88906
1.89932
1.91872
1.64591
1.67132
1.69557
1.71874
1.74092
1.7622
1.78266
1.80237
1.82136
1.83965
1.85722
1.87409
1.89024
1.90517
1.91536
1.93474
1.65854
1.68395
1.70822
1.7314
1.75359
1.77488
1.79535
1.81506
1.83404
1.85231
1.86986
1.8867
1.90281
1.91772
1.92786
1.94723
1.66751
1.69297
1.71726
1.74048
1.76271
1.78402
1.80451
1.82423
1.84322
1.86149
1.87904
1.89586
1.91195
1.92684
1.93695
1.9563
1.67315
1.69866
1.72301
1.74627
1.76854
1.78989
1.81041
1.83015
1.84917
1.86745
1.88501
1.90183
1.91791
1.9328
1.94286
1.96221
1.6755
1.7011
1.72554
1.74888
1.77121
1.79262
1.81319
1.83297
1.85202
1.87034
1.88791
1.90474
1.92082
1.93571
1.94574
1.96508
1.67473
1.70046
1.72501
1.74845
1.77086
1.79234
1.81297
1.83281
1.8519
1.87025
1.88785
1.90469
1.92077
1.93568
1.94567
1.965
1.6709
1.6968
1.72149
1.74503
1.76755
1.78911
1.8098
1.8297
1.84884
1.86723
1.88486
1.90171
1.91779
1.9327
1.94265
1.96196
1.66408
1.69017
1.71501
1.73869
1.76131
1.78296
1.80373
1.82369
1.84287
1.8613
1.87895
1.89581
1.91188
1.9268
1.93667
1.95597
1.65435
1.68065
1.70566
1.72947
1.75219
1.77393
1.79477
1.81478
1.834
1.85245
1.87011
1.88696
1.90301
1.91791
1.92769
1.94696
1.64162
1.66814
1.69332
1.71727
1.74011
1.76194
1.78285
1.80291
1.82218
1.84065
1.85831
1.87514
1.89114
1.90602
1.91567
1.93491
1.62618
1.6529
1.67825
1.70234
1.72528
1.74718
1.76815
1.78825
1.80753
1.82599
1.84362
1.86039
1.87631
1.89115
1.90063
1.91985
1.60831
1.63523
1.66073
1.68494
1.70797
1.72993
1.75093
1.77104
1.7903
1.80873
1.8263
1.84297
1.85879
1.87359
1.88288
1.90206
1.58795
1.61505
1.64069
1.665
1.6881
1.7101
1.73112
1.75122
1.77046
1.78885
1.80634
1.82291
1.83861
1.85337
1.86243
1.88157
1.56528
1.59252
1.61828
1.64266
1.66581
1.68785
1.70886
1.72893
1.74812
1.76642
1.78381
1.80023
1.81577
1.83047
1.83925
1.85836
1.54057
1.56793
1.59377
1.61821
1.64139
1.66343
1.68442
1.70445
1.72356
1.74176
1.75901
1.77527
1.79062
1.80526
1.81372
1.83278
1.51409
1.54153
1.56744
1.59192
1.61512
1.63715
1.65811
1.67809
1.69712
1.71522
1.73234
1.74842
1.76358
1.77822
1.78632
1.80533
1.48608
1.51356
1.53948
1.56397
1.58715
1.60914
1.63005
1.64993
1.66885
1.68681
1.70376
1.71962
1.73455
1.74924
1.75692
1.77599
1.4568
1.48426
1.51014
1.53457
1.55768
1.57958
1.60036
1.62011
1.63885
1.65661
1.67333
1.68891
1.7035
1.7183
1.72533
1.7446
1.42654
1.45395
1.47976
1.50412
1.52714
1.54894
1.5696
1.5892
1.60778
1.62535
1.64186
1.65717
1.67137
1.68644
1.69284
1.71209
1.39569
1.42301
1.44874
1.473
1.49593
1.51761
1.53814
1.55758
1.57598
1.59337
1.6097
1.62476
1.63837
1.65406
1.6595
1.67883
1.36439
1.39157
1.41716
1.44129
1.46406
1.48559
1.50594
1.52518
1.54334
1.56047
1.57659
1.59151
1.60406
1.62055
1.62541
1.64483
1.33291
1.35993
1.38536
1.40932
1.43193
1.45328
1.47344
1.49247
1.5104
1.52724
1.54306
1.5579
1.57016
1.58538
1.59084
1.60987
1.30136
1.32818
1.35343
1.37722
1.39965
1.42081
1.44077
1.45959
1.47729
1.4939
1.50941
1.52374
1.53657
1.55093
1.55681
1.57561
1.26984
1.29648
1.32155
1.34516
1.36742
1.3884
1.40817
1.42678
1.44426
1.46063
1.47585
1.48984
1.50284
1.51691
1.52277
1.54137
1.23832
1.26475
1.28963
1.31307
1.33515
1.35595
1.37553
1.39393
1.41118
1.4273
1.44228
1.4563
1.46932
1.48282
1.48882
1.50724
1.2068
1.23302
1.25773
1.28099
1.30289
1.3235
1.34288
1.36108
1.37812
1.3941
1.40916
1.42306
1.43582
1.44903
1.45507
1.47335
1.17516
1.20118
1.22571
1.24881
1.27054
1.291
1.31022
1.32828
1.34533
1.36138
1.37622
1.38982
1.40243
1.41541
1.42146
1.43963
1.14351
1.16931
1.19367
1.21662
1.23824
1.25857
1.27773
1.29582
1.31278
1.32853
1.3431
1.35652
1.36902
1.3818
1.38783
1.40592
1.11171
1.13731
1.1615
1.18433
1.20584
1.22614
1.24527
1.26318
1.27986
1.29539
1.3098
1.32307
1.33542
1.34804
1.35401
1.37205
1.07971
1.10514
1.12916
1.15185
1.17325
1.1934
1.21229
1.22996
1.24647
1.26184
1.27607
1.28917
1.30137
1.31385
1.31976
1.33777
1.04729
1.07259
1.09644
1.11892
1.1401
1.16002
1.17871
1.1962
1.21253
1.22771
1.24174
1.25464
1.26669
1.27908
1.28491
1.30295
1.01439
1.03947
1.06311
1.08538
1.10634
1.12604
1.14451
1.16178
1.17788
1.19281
1.20661
1.21929
1.23116
1.24354
1.24925
1.26738
0.980927
1.00577
1.0292
1.05126
1.07201
1.0915
1.10975
1.12679
1.14263
1.15731
1.17087
1.18335
1.19506
1.20752
1.2131
1.23143
0.946936
0.971591
0.994819
1.01668
1.03723
1.0565
1.0745
1.09126
1.10682
1.12122
1.13454
1.14684
1.15839
1.17103
1.17654
1.19498
0.912737
0.937183
0.960208
0.981869
1.0022
1.02122
1.03895
1.05541
1.07067
1.08481
1.09793
1.11009
1.12152
1.13449
1.13985
1.15849
0.87843
0.902637
0.925424
0.946827
0.966865
0.985556
1.00293
1.01904
1.03398
1.04787
1.06085
1.07294
1.08422
1.09771
1.10289
1.12173
0.843898
0.867804
0.890287
0.911363
0.931048
0.949369
0.966384
0.982176
0.996863
1.01059
1.02353
1.03565
1.04669
1.06092
1.06562
1.08476
0.809127
0.832615
0.854666
0.8753
0.89455
0.912473
0.92915
0.944672
0.959165
0.972818
0.985835
0.998207
1.00871
1.02416
1.02833
1.0478
0.773594
0.796591
0.81817
0.838366
0.857228
0.874819
0.891232
0.906613
0.921075
0.934752
0.947884
0.960786
0.97097
0.986185
0.991109
1.01038
0.736795
0.759332
0.780489
0.80029
0.818803
0.836165
0.852496
0.867888
0.88247
0.89634
0.909602
0.922421
0.934135
0.948287
0.953841
0.972934
0.698886
0.720969
0.741714
0.761284
0.779753
0.797145
0.813562
0.829124
0.843928
0.858064
0.87162
0.884595
0.896578
0.910403
0.91643
0.935419
0.660005
0.682044
0.702893
0.722534
0.741069
0.758634
0.775318
0.7912
0.806371
0.820903
0.834792
0.847793
0.859941
0.873807
0.880033
0.898983
0.621804
0.644059
0.665053
0.684944
0.703821
0.721767
0.738865
0.755181
0.77071
0.78526
0.79892
0.81202
0.824574
0.838466
0.844845
0.863781
0.584594
0.607146
0.628521
0.648813
0.668107
0.686448
0.703771
0.719929
0.735146
0.749893
0.764153
0.777674
0.790439
0.80441
0.810837
0.829767
0.547486
0.57064
0.592552
0.613256
0.632642
0.650724
0.667873
0.684483
0.700515
0.715831
0.730413
0.744164
0.757084
0.771203
0.777584
0.796496
0.510415
0.533848
0.555698
0.576162
0.595692
0.614518
0.632569
0.649785
0.666198
0.681835
0.696683
0.710622
0.7236
0.737903
0.744123
0.763045
0.47144
0.495038
0.517504
0.538968
0.559397
0.578826
0.597306
0.614899
0.631652
0.647584
0.662665
0.676745
0.689666
0.704179
0.710126
0.729037
0.432373
0.456852
0.480014
0.501958
0.522763
0.54253
0.561332
0.579216
0.596207
0.612317
0.627525
0.641656
0.654346
0.669184
0.674727
0.693747
0.393009
0.417804
0.441221
0.46339
0.484416
0.504386
0.523364
0.541396
0.558496
0.574668
0.589905
0.60405
0.61622
0.631624
0.636593
0.655813
0.353498
0.378333
0.401841
0.424129
0.445288
0.465387
0.484458
0.502501
0.519511
0.535497
0.550554
0.564726
0.576032
0.592114
0.596438
0.615708
0.310685
0.334933
0.357917
0.379754
0.400535
0.420327
0.439172
0.45706
0.473941
0.489747
0.504565
0.519157
0.529359
0.545941
0.550023
0.569365
0.268257
0.291746
0.314049
0.335228
0.355339
0.374426
0.392519
0.409652
0.425836
0.441038
0.455258
0.469459
0.47999
0.495868
0.499998
0.519217
0.216898
0.238258
0.258674
0.278224
0.296944
0.314845
0.331925
0.348174
0.363588
0.378139
0.391776
0.405826
0.415247
0.431416
0.435292
0.454638
0.16727
0.185615
0.203301
0.220363
0.236836
0.252737
0.26807
0.28283
0.297009
0.310617
0.323683
0.336361
0.34709
0.360658
0.365582
0.384109
0.0992874
0.111382
0.123266
0.135027
0.146676
0.158194
0.169554
0.180722
0.191668
0.202371
0.212843
0.223151
0.233191
0.24557
0.250998
0.269383
0.0520834
0.05926
0.0665618
0.0739561
0.0814717
0.089142
0.09699
0.10503
0.113268
0.121701
0.130328
0.139155
0.148171
0.157725
0.166288
0.177936
)
;

boundaryField
{
    frontAndBack
    {
        type            empty;
    }
    inlet
    {
        type            zeroGradient;
    }
    outlet
    {
        type            fixedValue;
        value           uniform 0;
    }
    walls
    {
        type            zeroGradient;
    }
}


// ************************************************************************* //
