/*--------------------------------*- C++ -*----------------------------------*\
| =========                 |                                                 |
| \\      /  F ield         | OpenFOAM: The Open Source CFD Toolbox           |
|  \\    /   O peration     | Version:  v2012                                 |
|   \\  /    A nd           | Website:  www.openfoam.com                      |
|    \\/     M anipulation  |                                                 |
\*---------------------------------------------------------------------------*/
FoamFile
{
    version     2.0;
    format      ascii;
    class       volScalarField;
    location    "0.13";
    object      p;
}
// * * * * * * * * * * * * * * * * * * * * * * * * * * * * * * * * * * * * * //

dimensions      [0 2 -2 0 0 0 0];


internalField   nonuniform List<scalar> 
5600
(
-1.00546
-1.46359
-1.84396
-2.16255
-2.47346
-2.78372
-3.08502
-3.36672
-3.62985
-3.87997
-4.11655
-4.34121
-4.55569
-4.76194
-4.96219
-5.15798
-5.35033
-5.54004
-5.72713
-5.91221
-6.09482
-6.27534
-6.45281
-6.62936
-6.80407
-6.97762
-7.14996
-7.32124
-7.49187
-7.66229
-7.83196
-8.0009
-8.16925
-8.33687
-8.50439
-8.67032
-8.83726
-9.00135
-9.16727
-9.33095
-9.49515
-9.6587
-9.8204
-9.98335
-10.1419
-10.305
-10.4634
-10.6245
-10.7838
-10.9418
-11.102
-11.2573
-11.4173
-11.5713
-11.7306
-11.8855
-12.0409
-12.1975
-12.3497
-12.5074
-12.6571
-12.8147
-12.9654
-13.1192
-13.2717
-13.4223
-13.5779
-13.725
-13.8813
-14.0284
-14.1845
-14.3343
-14.4857
-14.6403
-14.7872
-14.9428
-15.0889
-15.2414
-15.3899
-15.5386
-15.6899
-15.8353
-15.9871
-16.1322
-16.2824
-16.4304
-16.5767
-16.7269
-16.873
-17.0228
-17.1685
-17.3184
-17.4656
-17.6142
-17.7626
-17.912
-18.0624
-18.2186
-18.3754
-18.5931
-1.06449
-1.48377
-1.86057
-2.18037
-2.49144
-2.80205
-3.10327
-3.38523
-3.64873
-3.89889
-4.1357
-4.36066
-4.57547
-4.7821
-4.98271
-5.17881
-5.37145
-5.56141
-5.74867
-5.93382
-6.11664
-6.29726
-6.4748
-6.65146
-6.8263
-6.99997
-7.17242
-7.34377
-7.51451
-7.685
-7.85478
-8.02377
-8.19217
-8.35979
-8.52738
-8.69331
-8.86031
-9.0244
-9.19038
-9.35411
-9.51828
-9.68195
-9.84357
-10.0067
-10.1652
-10.3282
-10.4867
-10.6477
-10.8073
-10.965
-11.1255
-11.2805
-11.4407
-11.5946
-11.7538
-11.909
-12.0639
-12.2209
-12.3727
-12.5307
-12.6803
-12.8378
-12.9889
-13.1421
-13.2952
-13.4451
-13.6012
-13.7481
-13.9044
-14.0519
-14.2072
-14.358
-14.5085
-14.6639
-14.8104
-14.9659
-15.1125
-15.2641
-15.4137
-15.5616
-15.7132
-15.8587
-16.0099
-16.156
-16.3052
-16.454
-16.5998
-16.7501
-16.8966
-17.0455
-17.1924
-17.3413
-17.4888
-17.6379
-17.785
-17.9363
-18.0849
-18.2423
-18.396
-18.609
-1.10274
-1.4964
-1.87331
-2.19374
-2.50265
-2.81076
-3.11089
-3.39246
-3.6557
-3.90556
-4.14209
-4.36713
-4.58198
-4.78858
-4.98922
-5.18534
-5.37801
-5.56797
-5.75524
-5.9404
-6.12322
-6.30388
-6.48159
-6.65829
-6.83304
-7.00671
-7.17906
-7.35043
-7.52106
-7.69153
-7.86122
-8.03014
-8.19861
-8.36623
-8.5338
-8.69972
-8.86668
-9.03077
-9.19667
-9.36042
-9.52445
-9.68816
-9.84961
-10.0127
-10.1711
-10.3341
-10.4928
-10.6536
-10.8133
-10.971
-11.1314
-11.2865
-11.4466
-11.6007
-11.7598
-11.9152
-12.0701
-12.2271
-12.3791
-12.537
-12.6868
-12.8442
-12.9955
-13.1487
-13.3019
-13.4519
-13.6079
-13.7549
-13.9109
-14.0586
-14.2136
-14.3645
-14.5149
-14.6703
-14.8168
-14.9723
-15.1191
-15.2706
-15.4203
-15.5682
-15.7199
-15.8654
-16.0165
-16.1628
-16.3118
-16.4608
-16.6064
-16.7568
-16.9034
-17.0521
-17.1992
-17.348
-17.4955
-17.6444
-17.7917
-17.9428
-18.0914
-18.2498
-18.4028
-18.6118
-1.15146
-1.51288
-1.88869
-2.21059
-2.51822
-2.8254
-3.1259
-3.40809
-3.67196
-3.92215
-4.15925
-4.38431
-4.59963
-4.80644
-5.00712
-5.20317
-5.39569
-5.58539
-5.7724
-5.9572
-6.13991
-6.32043
-6.49822
-6.67496
-6.84985
-7.02383
-7.19649
-7.36825
-7.53908
-7.70979
-7.87964
-8.04871
-8.2172
-8.38489
-8.55252
-8.71854
-8.88556
-9.04981
-9.21573
-9.3797
-9.54378
-9.70769
-9.86932
-10.0326
-10.1912
-10.3542
-10.513
-10.6737
-10.8337
-10.9912
-11.1518
-11.307
-11.4671
-11.6213
-11.7801
-11.9359
-12.0902
-12.2477
-12.3991
-12.5571
-12.707
-12.864
-13.0159
-13.1679
-13.322
-13.4712
-13.6275
-13.7748
-13.9301
-14.0791
-14.2328
-14.3853
-14.5347
-14.6905
-14.8375
-14.9916
-15.1401
-15.29
-15.4408
-15.5881
-15.7393
-15.8859
-16.0357
-16.1832
-16.3311
-16.4806
-16.6265
-16.776
-16.9239
-17.0712
-17.2195
-17.3675
-17.5154
-17.6643
-17.8116
-17.962
-18.1121
-18.2667
-18.4226
-18.6174
-1.20108
-1.53001
-1.90443
-2.22879
-2.53481
-2.84116
-3.14135
-3.42337
-3.68726
-3.93725
-4.17457
-4.39939
-4.61491
-4.82194
-5.02283
-5.21904
-5.41176
-5.60157
-5.78875
-5.97361
-6.15634
-6.33682
-6.51467
-6.69117
-6.86598
-7.03969
-7.21219
-7.38375
-7.55434
-7.72499
-7.89466
-8.06381
-8.23228
-8.40011
-8.56769
-8.73384
-8.9007
-9.06518
-9.23086
-9.39494
-9.55879
-9.72273
-9.8842
-10.0472
-10.2061
-10.3686
-10.5279
-10.688
-10.8483
-11.0056
-11.166
-11.3215
-11.481
-11.636
-11.7939
-11.9502
-12.1044
-12.2619
-12.4138
-12.5714
-12.722
-12.8782
-13.031
-13.1827
-13.3372
-13.4865
-13.6425
-13.7904
-13.9447
-14.0948
-14.2473
-14.4004
-14.5496
-14.7052
-14.8525
-15.0062
-15.1555
-15.3048
-15.4561
-15.6035
-15.7544
-15.9017
-16.0508
-16.1991
-16.3466
-16.4961
-16.6422
-16.7912
-16.9397
-17.0865
-17.2351
-17.383
-17.5309
-17.6796
-17.8272
-17.9774
-18.1272
-18.2824
-18.4359
-18.6256
-1.25111
-1.54934
-1.92172
-2.24904
-2.55343
-2.85883
-3.15864
-3.44067
-3.7048
-3.95497
-4.19254
-4.4177
-4.6335
-4.84079
-5.04189
-5.23822
-5.43104
-5.62084
-5.8081
-5.99296
-6.17554
-6.35596
-6.53395
-6.7104
-6.88537
-7.05904
-7.23164
-7.40321
-7.57383
-7.74435
-7.91409
-8.08313
-8.25153
-8.41934
-8.58662
-8.75306
-8.91936
-9.08428
-9.24948
-9.41371
-9.57766
-9.74155
-9.90337
-10.0661
-10.2257
-10.3876
-10.5475
-10.7072
-10.8678
-11.0252
-11.1854
-11.3417
-11.5005
-11.6563
-11.8135
-11.9704
-12.1242
-12.2818
-12.434
-12.5908
-12.7426
-12.8977
-13.0514
-13.2018
-13.357
-13.5062
-13.6613
-13.8111
-13.9632
-14.1154
-14.2665
-14.421
-14.5699
-14.7244
-14.8743
-15.0252
-15.1766
-15.3246
-15.4761
-15.624
-15.7735
-15.9224
-16.0701
-16.2192
-16.3664
-16.5156
-16.6626
-16.8104
-16.9601
-17.1061
-17.255
-17.4029
-17.5507
-17.6994
-17.8472
-17.9968
-18.1469
-18.3008
-18.4531
-18.6358
-1.30052
-1.57116
-1.9408
-2.27133
-2.57426
-2.87862
-3.17813
-3.46024
-3.72456
-3.97485
-4.21253
-4.43793
-4.65381
-4.86126
-5.06249
-5.25891
-5.4518
-5.64164
-5.82893
-6.01379
-6.19639
-6.37682
-6.5549
-6.73135
-6.90638
-7.08003
-7.25268
-7.42421
-7.595
-7.76534
-7.93519
-8.10416
-8.27257
-8.44048
-8.60753
-8.77444
-8.94013
-9.10565
-9.27035
-9.43458
-9.59875
-9.76221
-9.92467
-10.0863
-10.2471
-10.4077
-10.5682
-10.7275
-10.8878
-11.046
-11.205
-11.3629
-11.5202
-11.677
-11.8334
-11.9906
-12.1446
-12.3015
-12.4553
-12.6103
-12.764
-12.9173
-13.072
-13.2222
-13.3769
-13.5277
-13.6806
-13.8331
-13.9825
-14.1367
-14.2865
-14.441
-14.5913
-14.7438
-14.8957
-15.0451
-15.1977
-15.3452
-15.4966
-15.6455
-15.794
-15.9441
-16.0909
-16.2404
-16.3877
-16.5364
-16.6841
-16.8312
-16.9812
-17.1274
-17.2759
-17.424
-17.5719
-17.7203
-17.8684
-18.0176
-18.1674
-18.3208
-18.471
-18.6469
-1.34749
-1.59564
-1.96222
-2.29579
-2.59751
-2.90088
-3.20019
-3.48236
-3.7468
-3.99717
-4.23496
-4.46058
-4.67654
-4.88418
-5.08556
-5.28211
-5.47507
-5.66497
-5.85228
-6.03717
-6.21977
-6.40017
-6.5783
-6.75476
-6.9298
-7.10347
-7.27611
-7.44766
-7.61852
-7.78882
-7.95867
-8.12765
-8.29605
-8.464
-8.63098
-8.79805
-8.96354
-9.12929
-9.29379
-9.45819
-9.62241
-9.78539
-9.94853
-10.1093
-10.2712
-10.4308
-10.5919
-10.7512
-10.9108
-11.0701
-11.2276
-11.3872
-11.5431
-11.7006
-11.8567
-12.0136
-12.1684
-12.324
-12.4798
-12.6323
-12.788
-12.9398
-13.0949
-13.2459
-13.3991
-13.552
-13.7025
-13.8572
-14.0047
-14.1599
-14.3103
-14.4637
-14.6158
-14.7662
-14.9206
-15.0681
-15.2213
-15.3697
-15.5197
-15.6697
-15.8172
-15.9678
-16.1145
-16.2638
-16.4117
-16.5596
-16.7079
-16.8548
-17.0045
-17.1513
-17.2993
-17.4474
-17.5957
-17.7436
-17.8921
-18.0408
-18.1901
-18.3427
-18.4906
-18.6587
-1.39047
-1.62271
-1.98657
-2.32257
-2.62341
-2.92595
-3.22513
-3.50732
-3.77183
-4.02231
-4.26018
-4.48597
-4.702
-4.90979
-5.11127
-5.3079
-5.5009
-5.69083
-5.87814
-6.06305
-6.24564
-6.426
-6.60415
-6.78064
-6.95569
-7.12939
-7.30201
-7.4736
-7.64449
-7.81481
-7.9846
-8.15361
-8.32201
-8.48995
-8.65698
-8.82395
-8.98955
-9.15523
-9.31977
-9.48422
-9.64834
-9.81125
-9.97447
-10.1353
-10.2972
-10.4568
-10.6179
-10.7772
-10.9366
-11.0963
-11.2534
-11.4134
-11.5689
-11.7268
-11.8827
-12.0392
-12.1948
-12.3493
-12.5065
-12.6577
-12.8145
-12.9657
-13.1203
-13.2724
-13.4239
-13.5785
-13.7276
-13.883
-14.0306
-14.1851
-14.3366
-14.4884
-14.642
-14.7913
-14.9458
-15.0944
-15.2464
-15.3961
-15.5453
-15.6957
-15.8433
-15.9936
-16.1409
-16.2896
-16.4381
-16.5855
-16.7339
-16.8814
-17.03
-17.1776
-17.3254
-17.4734
-17.6218
-17.7694
-17.9182
-18.0664
-18.2151
-18.3666
-18.5122
-18.6711
-1.42766
-1.6519
-2.01443
-2.35184
-2.65215
-2.95425
-3.25339
-3.53554
-3.80009
-4.05066
-4.28857
-4.51446
-4.73051
-4.93839
-5.13991
-5.33661
-5.52963
-5.71959
-5.90691
-6.09184
-6.27443
-6.45474
-6.63292
-6.80943
-6.98448
-7.15819
-7.33079
-7.5024
-7.67334
-7.84366
-8.01339
-8.18244
-8.35083
-8.51876
-8.68585
-8.85269
-9.01845
-9.184
-9.34867
-9.51309
-9.67714
-9.84012
-10.0031
-10.1642
-10.3259
-10.4859
-10.6466
-10.8061
-10.9655
-11.125
-11.2824
-11.4419
-11.598
-11.7555
-11.9116
-12.0679
-12.2238
-12.3782
-12.535
-12.6869
-12.8429
-12.995
-13.1488
-13.3016
-13.4527
-13.6072
-13.7568
-13.9111
-14.0603
-14.2134
-14.3661
-14.5169
-14.6708
-14.8207
-14.9738
-15.1244
-15.2747
-15.4253
-15.5742
-15.7242
-15.8724
-16.0222
-16.17
-16.3182
-16.467
-16.6144
-16.7626
-16.9105
-17.0587
-17.2066
-17.3542
-17.5023
-17.6505
-17.7982
-17.9469
-18.0948
-18.2428
-18.3927
-18.536
-18.685
-1.45501
-1.68119
-2.04485
-2.38219
-2.68237
-2.98463
-3.28385
-3.56587
-3.83042
-4.08105
-4.31894
-4.54483
-4.76085
-4.96873
-5.17025
-5.36696
-5.55998
-5.74995
-5.93726
-6.12223
-6.30479
-6.48505
-6.66323
-6.83974
-7.01479
-7.18851
-7.36108
-7.53269
-7.70368
-7.874
-8.04368
-8.21274
-8.38115
-8.54906
-8.7162
-8.88295
-9.04882
-9.21429
-9.37901
-9.54346
-9.70744
-9.87047
-10.0333
-10.1947
-10.356
-10.5164
-10.6768
-10.8365
-10.9959
-11.1552
-11.3129
-11.4719
-11.6285
-11.7857
-11.9421
-12.0982
-12.2541
-12.4087
-12.5649
-12.7177
-12.8728
-13.0256
-13.1789
-13.332
-13.4833
-13.6371
-13.7876
-13.9407
-14.0911
-14.2435
-14.3963
-14.5473
-14.7008
-14.8513
-15.0037
-15.1547
-15.305
-15.4553
-15.6047
-15.7543
-15.9029
-16.0523
-16.2004
-16.3486
-16.4971
-16.6449
-16.7928
-16.9409
-17.089
-17.2368
-17.3846
-17.5326
-17.6808
-17.8285
-17.9769
-18.1247
-18.272
-18.4199
-18.5609
-18.701
-1.4698
-1.70783
-2.07491
-2.41065
-2.71115
-3.01416
-3.31357
-3.59537
-3.85988
-4.11055
-4.34835
-4.57414
-4.79009
-4.99787
-5.19934
-5.39603
-5.58901
-5.77898
-5.96626
-6.15125
-6.33379
-6.51399
-6.69216
-6.86867
-7.04372
-7.21743
-7.38999
-7.56158
-7.73263
-7.90294
-8.07259
-8.24165
-8.41007
-8.57796
-8.74514
-8.91184
-9.07776
-9.24321
-9.40791
-9.57244
-9.73632
-9.89938
-10.0621
-10.2236
-10.3849
-10.5454
-10.7057
-10.8654
-11.0249
-11.184
-11.3419
-11.5006
-11.6575
-11.8146
-11.971
-12.1272
-12.283
-12.4377
-12.5934
-12.7469
-12.9015
-13.0546
-13.2079
-13.3607
-13.5125
-13.6656
-13.8168
-13.9692
-14.1202
-14.2724
-14.4251
-14.5767
-14.7294
-14.8807
-15.0324
-15.1839
-15.334
-15.4843
-15.6339
-15.783
-15.932
-16.0808
-16.2295
-16.3774
-16.5259
-16.6738
-16.8215
-16.9699
-17.1176
-17.2659
-17.4132
-17.5614
-17.7097
-17.8571
-18.0058
-18.1528
-18.3002
-18.4458
-18.585
-18.7181
-1.47351
-1.7314
-2.10296
-2.436
-2.73721
-3.04133
-3.34099
-3.62252
-3.88698
-4.13767
-4.37533
-4.60096
-4.81679
-5.02443
-5.22579
-5.42242
-5.61536
-5.80531
-5.99255
-6.17759
-6.36009
-6.54022
-6.71836
-6.89487
-7.06991
-7.2436
-7.41614
-7.58768
-7.7588
-7.92908
-8.09872
-8.26776
-8.43621
-8.60408
-8.77128
-8.93796
-9.1039
-9.26936
-9.43405
-9.59864
-9.76246
-9.92552
-10.0882
-10.2498
-10.411
-10.5716
-10.7318
-10.8915
-11.051
-11.21
-11.3681
-11.5265
-11.6837
-11.8407
-11.9972
-12.1533
-12.3091
-12.4641
-12.6194
-12.7734
-12.9276
-13.081
-13.2343
-13.387
-13.539
-13.6917
-13.8433
-13.9954
-14.1469
-14.2988
-14.4516
-14.6033
-14.7556
-14.9074
-15.0585
-15.2103
-15.3601
-15.5107
-15.6599
-15.809
-15.9581
-16.1066
-16.2557
-16.4032
-16.5521
-16.6997
-16.8476
-16.996
-17.1434
-17.2922
-17.439
-17.5877
-17.7355
-17.8833
-18.0316
-18.1785
-18.3256
-18.4694
-18.6075
-18.7348
-1.46844
-1.75273
-2.12893
-2.45865
-2.76091
-3.06632
-3.36626
-3.64744
-3.91182
-4.16253
-4.40002
-4.62545
-4.84116
-5.04862
-5.24984
-5.44638
-5.63926
-5.8292
-6.01638
-6.20147
-6.38393
-6.564
-6.74211
-6.91862
-7.09365
-7.26731
-7.43982
-7.61133
-7.7825
-7.95276
-8.12238
-8.29141
-8.45987
-8.62772
-8.79493
-8.96157
-9.12754
-9.2929
-9.45769
-9.62224
-9.7861
-9.94909
-10.1118
-10.2734
-10.4346
-10.5953
-10.7555
-10.9154
-11.0746
-11.2338
-11.392
-11.5502
-11.7077
-11.8646
-12.0213
-12.1772
-12.3332
-12.4882
-12.6434
-12.7976
-12.9517
-13.1052
-13.2584
-13.4112
-13.5631
-13.7157
-13.8674
-14.0193
-14.1711
-14.3227
-14.4756
-14.6271
-14.7795
-14.9311
-15.0824
-15.2339
-15.3838
-15.5343
-15.6833
-15.8327
-15.9815
-16.1303
-16.2792
-16.4267
-16.5757
-16.7231
-16.8714
-17.0193
-17.1672
-17.3156
-17.4627
-17.6113
-17.7589
-17.9071
-18.0548
-18.2021
-18.3482
-18.4915
-18.6281
-18.7511
-1.4571
-1.77218
-2.15256
-2.47888
-2.78245
-3.08921
-3.38955
-3.67037
-3.93467
-4.18534
-4.42264
-4.64779
-4.86332
-5.0706
-5.27167
-5.4681
-5.66088
-5.85079
-6.03791
-6.22302
-6.40543
-6.58542
-6.76348
-6.93999
-7.115
-7.28867
-7.46108
-7.63263
-7.80383
-7.97405
-8.14364
-8.31269
-8.48117
-8.64904
-8.81626
-8.98292
-9.14895
-9.31431
-9.47927
-9.64372
-9.80766
-9.97064
-10.1335
-10.2951
-10.4564
-10.6171
-10.7773
-10.9374
-11.0965
-11.2558
-11.4139
-11.5721
-11.7296
-11.8864
-12.0431
-12.1989
-12.355
-12.5099
-12.6651
-12.8193
-12.9734
-13.127
-13.28
-13.4329
-13.5847
-13.7375
-13.889
-14.0411
-14.1928
-14.3444
-14.4973
-14.6486
-14.8011
-14.9524
-15.1039
-15.2551
-15.4051
-15.5556
-15.7044
-15.854
-16.0025
-16.1515
-16.3002
-16.4479
-16.5967
-16.7442
-16.8926
-17.0403
-17.1885
-17.3365
-17.484
-17.6323
-17.78
-17.9282
-18.0757
-18.2232
-18.3687
-18.5119
-18.6469
-18.7673
-1.44157
-1.79016
-2.17379
-2.49706
-2.802
-3.10998
-3.41081
-3.69129
-3.95558
-4.2062
-4.44338
-4.66827
-4.88352
-5.09057
-5.29157
-5.48787
-5.68064
-5.87044
-6.05765
-6.24279
-6.42516
-6.60508
-6.78305
-6.95952
-7.13446
-7.30811
-7.48048
-7.65213
-7.82331
-7.99358
-8.16319
-8.33228
-8.50085
-8.66885
-8.83617
-9.00293
-9.16903
-9.33447
-9.49948
-9.66381
-9.82773
-9.99064
-10.1535
-10.3151
-10.4763
-10.6371
-10.7973
-10.9573
-11.1164
-11.2758
-11.4337
-11.592
-11.7495
-11.9063
-12.0631
-12.2189
-12.375
-12.5298
-12.6851
-12.8393
-12.9934
-13.1469
-13.2999
-13.4529
-13.6047
-13.7576
-13.909
-14.0611
-14.2127
-14.3644
-14.517
-14.6684
-14.8209
-14.9719
-15.1237
-15.2745
-15.4248
-15.5752
-15.7241
-15.8736
-16.0221
-16.1713
-16.3197
-16.4677
-16.6163
-16.764
-16.9123
-17.06
-17.2082
-17.3561
-17.5039
-17.6519
-17.7998
-17.9478
-18.0953
-18.2427
-18.3878
-18.5308
-18.6643
-18.7832
-1.42283
-1.80686
-2.19285
-2.51391
-2.82018
-3.12906
-3.43011
-3.71009
-3.97436
-4.22477
-4.46161
-4.68676
-4.90154
-5.10822
-5.30899
-5.50509
-5.69773
-5.88738
-6.07464
-6.25964
-6.44202
-6.62201
-6.80012
-6.97676
-7.15186
-7.32561
-7.49816
-7.66995
-7.84119
-8.01152
-8.18109
-8.35007
-8.51856
-8.68649
-8.85374
-9.02044
-9.18647
-9.35186
-9.51681
-9.68109
-9.84501
-10.0079
-10.1706
-10.3322
-10.4934
-10.6541
-10.8143
-10.9743
-11.1333
-11.2927
-11.4505
-11.6088
-11.7662
-11.923
-12.0797
-12.2355
-12.3915
-12.5463
-12.7015
-12.8556
-13.0097
-13.1632
-13.3161
-13.469
-13.6208
-13.7736
-13.9249
-14.0772
-14.2288
-14.3806
-14.5331
-14.6846
-14.837
-14.988
-15.1398
-15.2904
-15.4409
-15.591
-15.7399
-15.8895
-16.0378
-16.1871
-16.3353
-16.4835
-16.6319
-16.7797
-16.9279
-17.0757
-17.2239
-17.3716
-17.5196
-17.6674
-17.8156
-17.9634
-18.1111
-18.2584
-18.4035
-18.5466
-18.6797
-18.798
-1.40198
-1.82119
-2.20844
-2.52886
-2.83705
-3.14754
-3.44892
-3.72843
-3.99272
-4.24299
-4.47959
-4.70501
-4.91945
-5.12599
-5.32677
-5.52299
-5.71582
-5.90581
-6.09339
-6.27864
-6.46122
-6.64126
-6.81945
-6.99608
-7.17111
-7.34462
-7.51697
-7.68865
-7.85982
-8.03012
-8.1997
-8.36872
-8.53722
-8.70518
-8.87245
-9.03917
-9.20524
-9.37066
-9.53563
-9.69994
-9.86387
-10.0267
-10.1895
-10.3511
-10.5123
-10.673
-10.8332
-10.9932
-11.1523
-11.3116
-11.4696
-11.6279
-11.7853
-11.9422
-12.0989
-12.2547
-12.4108
-12.5656
-12.7209
-12.875
-13.0292
-13.1827
-13.3357
-13.4887
-13.6405
-13.7933
-13.9446
-14.0969
-14.2483
-14.4002
-14.5524
-14.7041
-14.8563
-15.0073
-15.1592
-15.3096
-15.4604
-15.6104
-15.7595
-15.9089
-16.0574
-16.2067
-16.3548
-16.5032
-16.6514
-16.7995
-16.9474
-17.0954
-17.2435
-17.3913
-17.5394
-17.687
-17.8353
-17.9829
-18.1307
-18.2776
-18.4228
-18.5651
-18.6973
-18.8144
-1.38737
-1.83577
-2.22068
-2.5384
-2.84741
-3.15968
-3.46158
-3.74054
-4.005
-4.25527
-4.49175
-4.71679
-4.93105
-5.13748
-5.33814
-5.53426
-5.72697
-5.91684
-6.10429
-6.28936
-6.47164
-6.65127
-6.82925
-7.00568
-7.18058
-7.35398
-7.52613
-7.6977
-7.86878
-8.03901
-8.20851
-8.37743
-8.54585
-8.71373
-8.88092
-9.04757
-9.21356
-9.37892
-9.54382
-9.70806
-9.87193
-10.0347
-10.1974
-10.359
-10.5201
-10.6809
-10.841
-11.0009
-11.16
-11.3193
-11.4772
-11.6354
-11.7928
-11.9496
-12.1063
-12.2621
-12.4181
-12.5728
-12.7281
-12.8821
-13.0363
-13.1897
-13.3427
-13.4956
-13.6474
-13.8002
-13.9515
-14.1038
-14.2552
-14.4072
-14.5594
-14.7111
-14.8634
-15.0144
-15.1663
-15.3167
-15.4674
-15.6173
-15.7664
-15.9158
-16.0642
-16.2135
-16.3617
-16.51
-16.6582
-16.8063
-16.9542
-17.1022
-17.2503
-17.3981
-17.5461
-17.6938
-17.8421
-17.9897
-18.1376
-18.2845
-18.4298
-18.5724
-18.7049
-18.8224
-1.3569
-1.8506
-2.24429
-2.56255
-2.87176
-3.18454
-3.4872
-3.7652
-4.02997
-4.28035
-4.51673
-4.74158
-4.95563
-5.16177
-5.36217
-5.55805
-5.75058
-5.9403
-6.12765
-6.31265
-6.49496
-6.67465
-6.8526
-7.02901
-7.20386
-7.37724
-7.5494
-7.72093
-7.89195
-8.06215
-8.23162
-8.40054
-8.56894
-8.73681
-8.904
-9.07065
-9.23664
-9.402
-9.5669
-9.73115
-9.89502
-10.0578
-10.2205
-10.3821
-10.5433
-10.704
-10.8641
-11.024
-11.1831
-11.3424
-11.5003
-11.6586
-11.8159
-11.9728
-12.1294
-12.2853
-12.4413
-12.596
-12.7513
-12.9053
-13.0595
-13.2129
-13.366
-13.5188
-13.6707
-13.8234
-13.9748
-14.1271
-14.2785
-14.4305
-14.5826
-14.7344
-14.8866
-15.0376
-15.1894
-15.3398
-15.4906
-15.6404
-15.7897
-15.9389
-16.0875
-16.2367
-16.3849
-16.5333
-16.6814
-16.8296
-16.9773
-17.1255
-17.2735
-17.4213
-17.5693
-17.717
-17.8654
-18.0129
-18.1609
-18.3076
-18.453
-18.5952
-18.7276
-18.8446
-18.6064
-19.0575
-19.5713
-19.6628
-19.3439
-18.6071
-17.3145
-15.4452
-13.2528
-11.0233
-9.09219
-7.58645
-6.41947
-5.4934
-4.70093
-3.99455
-3.39249
-2.87728
-2.45328
-2.15282
-2.12461
-2.31186
-2.55755
-2.72419
-2.61471
-2.11016
-1.3578
-0.782549
-0.46803
-0.255493
-0.0571497
0.150127
0.376401
0.612658
0.869388
1.1258
1.34447
1.51453
1.63273
1.71001
1.7601
1.79312
1.81422
1.8254
1.82791
1.82287
1.81159
1.7949
1.77399
1.74978
1.72331
1.69494
1.66457
1.63175
1.59783
1.5635
1.52811
1.49454
1.46188
1.43016
1.39695
1.36291
1.3297
1.29632
1.26282
1.22928
1.19563
1.16197
1.12827
1.09454
1.0608
1.02704
0.99328
0.959515
0.925749
0.891982
0.858215
0.824447
0.790679
0.756908
0.723135
0.689361
0.655588
0.621814
0.588037
0.554254
0.520462
0.486654
0.45282
0.418938
0.384975
0.350871
0.316523
0.28178
0.24631
0.209756
0.170955
0.129757
0.081525
0.0336318
-18.6741
-18.9811
-19.4701
-19.5775
-19.2639
-18.5419
-17.269
-15.4183
-13.2442
-11.0275
-9.10393
-7.59951
-6.42813
-5.49794
-4.70447
-4.00221
-3.40702
-2.90488
-2.49939
-2.23553
-2.25117
-2.47937
-2.75065
-2.92406
-2.80253
-2.25608
-1.4236
-0.789534
-0.445239
-0.218279
-0.0207115
0.174675
0.388339
0.6144
0.862141
1.1166
1.32729
1.49438
1.61259
1.69227
1.74417
1.77881
1.80076
1.81225
1.81484
1.80984
1.7986
1.78198
1.76108
1.73687
1.71042
1.68206
1.65153
1.6187
1.58481
1.55056
1.51546
1.48208
1.44933
1.4172
1.38412
1.35029
1.31698
1.28362
1.2501
1.21654
1.18288
1.1492
1.1155
1.08177
1.04803
1.01427
0.980507
0.946741
0.912975
0.879209
0.845441
0.811674
0.777905
0.744134
0.710362
0.676588
0.642815
0.609042
0.575267
0.541487
0.5077
0.473899
0.440079
0.40622
0.372298
0.338264
0.304037
0.269497
0.23438
0.198402
0.16063
0.120933
0.0755902
0.0303998
-18.6551
-18.9728
-19.4075
-19.4953
-19.1756
-18.4584
-17.2043
-15.3816
-13.2288
-11.0272
-9.11474
-7.61092
-6.43419
-5.49488
-4.70169
-4.00611
-3.41415
-2.93761
-2.54521
-2.32804
-2.38672
-2.66174
-2.96352
-3.14525
-3.00672
-2.4265
-1.49755
-0.792844
-0.415438
-0.170548
0.0260004
0.206432
0.404255
0.61785
0.856106
1.1067
1.30789
1.47159
1.59026
1.67262
1.72664
1.76309
1.78595
1.79777
1.80044
1.79545
1.78424
1.7677
1.74681
1.72261
1.69619
1.66782
1.63716
1.60427
1.57041
1.53617
1.50143
1.4683
1.4355
1.40296
1.36979
1.3363
1.30292
1.26953
1.23601
1.20243
1.16875
1.13507
1.10136
1.06763
1.03389
1.00013
0.966364
0.932598
0.898832
0.865066
0.831298
0.797531
0.763762
0.729992
0.696219
0.662447
0.628674
0.594902
0.561128
0.527351
0.493569
0.459778
0.425973
0.39214
0.358263
0.324308
0.290215
0.255903
0.221181
0.185846
0.149224
0.111205
0.0690686
0.026875
-18.6969
-18.9734
-19.3594
-19.4245
-19.0876
-18.3637
-17.1226
-15.3327
-13.2061
-11.0259
-9.12774
-7.62075
-6.43824
-5.48253
-4.69072
-4.00401
-3.41868
-2.96693
-2.58967
-2.4258
-2.53105
-2.85975
-3.1943
-3.38628
-3.22521
-2.61739
-1.58738
-0.790702
-0.374795
-0.110816
0.0854446
0.247314
0.425242
0.623866
0.854332
1.09339
1.28562
1.44616
1.56597
1.6507
1.70737
1.7458
1.76966
1.78183
1.78454
1.77955
1.76838
1.75192
1.73106
1.70685
1.68045
1.65209
1.62131
1.58837
1.55449
1.5202
1.48585
1.453
1.42018
1.38718
1.354
1.32084
1.28736
1.25393
1.2204
1.18681
1.15311
1.11942
1.08571
1.05198
1.01823
0.98447
0.950706
0.91694
0.883174
0.849407
0.81564
0.781872
0.748104
0.714333
0.680561
0.646789
0.613017
0.579246
0.545475
0.511701
0.477925
0.444143
0.410355
0.376552
0.342726
0.308857
0.274915
0.240857
0.206575
0.17196
0.136615
0.100473
0.0618861
0.0230284
-18.7151
-18.966
-19.3092
-19.3539
-19.0011
-18.2629
-17.0295
-15.2685
-13.172
-11.0265
-9.14631
-7.63121
-6.43859
-5.46165
-4.66822
-3.9893
-3.42319
-2.97704
-2.64075
-2.53026
-2.68456
-3.07124
-3.4388
-3.64269
-3.45973
-2.80411
-1.71203
-0.786679
-0.316347
-0.035456
0.159814
0.299662
0.452823
0.635225
0.855933
1.07583
1.26074
1.41805
1.53961
1.62637
1.68619
1.72674
1.75171
1.76427
1.76701
1.76199
1.75086
1.73449
1.71365
1.68943
1.66305
1.63468
1.60382
1.57081
1.53691
1.50255
1.46851
1.43597
1.40316
1.36969
1.3367
1.30368
1.27013
1.23669
1.20313
1.16952
1.1358
1.1021
1.06839
1.03465
1.00089
0.967135
0.933371
0.899604
0.865838
0.832071
0.798304
0.764536
0.730768
0.696998
0.663226
0.629454
0.595683
0.561913
0.528144
0.494374
0.460604
0.426834
0.393064
0.359294
0.325524
0.291752
0.257978
0.224202
0.190408
0.156594
0.122668
0.0886168
0.0539553
0.0188166
-18.7337
-18.9585
-19.2541
-19.2741
-18.9057
-18.149
-16.9227
-15.1893
-13.1264
-11.0272
-9.1681
-7.64483
-6.43304
-5.43192
-4.62642
-3.95227
-3.41268
-2.983
-2.7044
-2.64127
-2.84442
-3.29128
-3.69184
-3.90564
-3.70985
-2.97232
-1.83962
-0.804833
-0.241945
0.0653689
0.250652
0.365661
0.489587
0.655834
0.856283
1.05615
1.23406
1.38779
1.51034
1.59959
1.66281
1.70567
1.73191
1.7449
1.74768
1.74262
1.73151
1.71523
1.69442
1.67017
1.6438
1.61543
1.58448
1.55143
1.51751
1.4831
1.44917
1.41706
1.38418
1.35049
1.31758
1.2846
1.25109
1.21762
1.18402
1.15038
1.11662
1.08291
1.04919
1.01545
0.981699
0.947938
0.914174
0.880407
0.84664
0.812874
0.779106
0.745339
0.711571
0.677801
0.644029
0.610258
0.576488
0.54272
0.508952
0.475187
0.441424
0.407666
0.373917
0.340183
0.306475
0.272811
0.239222
0.205758
0.172506
0.139578
0.107223
0.0754911
0.0451668
0.0141748
-18.7499
-18.9473
-19.1927
-19.1838
-18.7965
-18.0207
-16.7967
-15.093
-13.0751
-11.0238
-9.18426
-7.65649
-6.41601
-5.38687
-4.56883
-3.90545
-3.38672
-3.00135
-2.7738
-2.75214
-3.00521
-3.51055
-3.94502
-4.16693
-3.96423
-3.13799
-1.9319
-0.833413
-0.16029
0.194498
0.36147
0.446836
0.53983
0.685492
0.855537
1.03521
1.20389
1.35468
1.47749
1.57018
1.63697
1.68236
1.71005
1.72355
1.72637
1.72126
1.71017
1.69397
1.67316
1.64887
1.6225
1.59413
1.56311
1.53001
1.49609
1.46169
1.42772
1.39605
1.36307
1.32934
1.29638
1.26348
1.23003
1.19652
1.16288
1.12922
1.09543
1.06171
1.02797
0.994216
0.960459
0.926697
0.892932
0.859164
0.825397
0.79163
0.757863
0.724096
0.690327
0.656558
0.622787
0.589016
0.555247
0.52148
0.487715
0.453954
0.420199
0.386455
0.352729
0.319034
0.285395
0.251849
0.218463
0.185341
0.152684
0.120731
0.090105
0.0609308
0.0353955
0.0090159
-18.7645
-18.9333
-19.1265
-19.0842
-18.6748
-17.8793
-16.6552
-14.9828
-13.0183
-11.0133
-9.19527
-7.65846
-6.38094
-5.32846
-4.50487
-3.85337
-3.35999
-3.01938
-2.84085
-2.86073
-3.16212
-3.71338
-4.19009
-4.42046
-4.20492
-3.30655
-2.01095
-0.835127
-0.0633899
0.345881
0.494643
0.543287
0.603829
0.715393
0.851983
1.01136
1.16935
1.31734
1.44152
1.53808
1.6085
1.65664
1.68597
1.70005
1.70292
1.69775
1.68666
1.67051
1.64966
1.6253
1.59892
1.57055
1.53947
1.50633
1.47244
1.43808
1.40409
1.37259
1.3397
1.30593
1.2729
1.24007
1.20667
1.17311
1.13941
1.10572
1.07186
1.03815
1.00442
0.970665
0.936908
0.903145
0.869379
0.835612
0.801845
0.768078
0.734311
0.700543
0.666775
0.633006
0.599235
0.565466
0.531697
0.497932
0.46417
0.430415
0.396668
0.362939
0.329238
0.295586
0.262023
0.228607
0.195444
0.162699
0.130692
0.0998059
0.0710767
0.0447021
0.024459
0.0031894
-18.7778
-18.9176
-19.0568
-18.9763
-18.5413
-17.7258
-16.4991
-14.8576
-12.9464
-10.9887
-9.19468
-7.64836
-6.33519
-5.263
-4.43438
-3.79331
-3.3287
-3.03628
-2.90863
-2.96576
-3.30815
-3.88979
-4.41393
-4.65291
-4.41642
-3.46449
-2.08372
-0.812171
0.0569002
0.510671
0.6425
0.654969
0.675712
0.741726
0.84583
0.983714
1.13167
1.27661
1.40285
1.50326
1.57731
1.6284
1.65952
1.67423
1.67717
1.67193
1.66079
1.64461
1.62363
1.59918
1.57282
1.54448
1.51332
1.48014
1.44631
1.41204
1.37812
1.34644
1.31381
1.28005
1.24694
1.21418
1.18087
1.14727
1.11353
1.07985
1.04597
1.01222
0.978447
0.944681
0.910917
0.87715
0.843382
0.809613
0.775846
0.742078
0.708311
0.674543
0.640775
0.607006
0.573236
0.539467
0.5057
0.471936
0.438177
0.404427
0.370689
0.336975
0.303299
0.269693
0.236208
0.202927
0.17
0.137654
0.106347
0.0766066
0.0499389
0.0265892
0.0121989
-0.00347655
-18.7904
-18.9011
-18.986
-18.8634
-18.3999
-17.5635
-16.3352
-14.7271
-12.8707
-10.9624
-9.18957
-7.63
-6.2826
-5.18658
-4.35418
-3.72894
-3.29907
-3.05691
-2.9773
-3.06523
-3.43196
-4.03639
-4.6006
-4.84879
-4.58626
-3.59483
-2.13819
-0.775984
0.179783
0.670706
0.791931
0.77147
0.744174
0.762905
0.838566
0.955101
1.0925
1.23446
1.36227
1.46594
1.54351
1.59761
1.63058
1.64594
1.64894
1.6436
1.63235
1.616
1.59485
1.57033
1.5439
1.51555
1.4844
1.45116
1.41738
1.38321
1.34946
1.31737
1.28506
1.25138
1.21815
1.18536
1.1521
1.11843
1.08462
1.05093
1.01695
0.983264
0.949502
0.915736
0.881972
0.848206
0.814439
0.78067
0.746903
0.713135
0.679368
0.6456
0.611833
0.578064
0.544295
0.510527
0.47676
0.442999
0.409244
0.3755
0.341772
0.308077
0.274432
0.240878
0.207484
0.174358
0.141695
0.109786
0.0792358
0.0507233
0.02629
0.00616566
-0.00171904
-0.0113541
-18.8021
-18.8863
-18.9222
-18.7585
-18.2676
-17.4119
-16.1843
-14.6098
-12.8052
-10.9423
-9.18535
-7.60606
-6.22266
-5.10681
-4.27697
-3.6713
-3.27962
-3.08729
-3.04596
-3.15434
-3.52236
-4.1436
-4.73576
-4.98814
-4.69547
-3.6735
-2.16298
-0.7351
0.280445
0.794636
0.912643
0.866706
0.800051
0.774837
0.826645
0.926302
1.05475
1.19411
1.32263
1.42865
1.50903
1.56612
1.60086
1.61674
1.61967
1.61412
1.60258
1.5859
1.56461
1.54005
1.51348
1.48516
1.45406
1.4208
1.38709
1.35307
1.31956
1.28697
1.25488
1.22138
1.18816
1.15537
1.12219
1.08854
1.05466
1.02105
0.987124
0.953195
0.91939
0.885609
0.851838
0.818066
0.784296
0.750526
0.716758
0.68299
0.649223
0.615454
0.581687
0.547918
0.514149
0.480382
0.446617
0.412857
0.379104
0.345365
0.311644
0.277963
0.244341
0.210829
0.177509
0.144514
0.112086
0.0805841
0.0507649
0.023446
0.00126425
-0.0157016
-0.01671
-0.0203825
-18.8131
-18.8766
-18.8735
-18.6755
-18.1616
-17.2907
-16.0637
-14.5145
-12.7496
-10.9228
-9.17712
-7.5778
-6.16388
-5.03971
-4.21752
-3.62954
-3.27365
-3.12424
-3.11078
-3.23082
-3.59382
-4.21289
-4.81408
-5.05771
-4.7409
-3.69728
-2.16218
-0.698557
0.346864
0.872036
0.988289
0.927835
0.83935
0.779895
0.811468
0.900134
1.02289
1.16008
1.2873
1.39436
1.47743
1.53676
1.57261
1.58902
1.59206
1.58636
1.57451
1.55757
1.53614
1.51136
1.48456
1.45611
1.42506
1.39185
1.3581
1.3242
1.29082
1.25799
1.22591
1.19252
1.15922
1.12631
1.09306
1.05942
1.02537
0.991475
0.957921
0.92407
0.890291
0.856517
0.82275
0.78898
0.755211
0.721442
0.687674
0.653906
0.620139
0.58637
0.552603
0.518834
0.485067
0.4513
0.417536
0.383779
0.350029
0.316299
0.282587
0.248927
0.215336
0.181878
0.14865
0.115808
0.0836314
0.052527
0.0233919
-0.00285753
-0.0229699
-0.0372044
-0.0316003
-0.0301699
-18.8247
-18.8724
-18.8408
-18.6166
-18.0845
-17.2025
-15.9753
-14.4444
-12.7092
-10.9087
-9.16992
-7.55106
-6.11413
-4.98821
-4.17436
-3.60316
-3.27879
-3.16267
-3.1722
-3.29684
-3.65461
-4.25729
-4.85291
-5.08705
-4.74565
-3.68797
-2.14617
-0.670152
0.384398
0.912879
1.02709
0.959094
0.859982
0.783516
0.796404
0.87854
0.997509
1.1312
1.2576
1.36522
1.44999
1.51049
1.54708
1.56387
1.56701
1.56118
1.54907
1.53198
1.51051
1.48568
1.45882
1.43024
1.39917
1.3661
1.33243
1.29864
1.26517
1.23236
1.20027
1.16709
1.13387
1.10096
1.06768
1.03414
1.0002
0.966013
0.932322
0.89844
0.864627
0.830838
0.797059
0.763287
0.729514
0.695746
0.661975
0.628207
0.59444
0.560671
0.526905
0.493135
0.459368
0.4256
0.391839
0.35808
0.324334
0.2906
0.256895
0.223238
0.189655
0.156216
0.123018
0.0902407
0.0582019
0.0273525
-0.00127955
-0.0267088
-0.0450918
-0.0571887
-0.0456132
-0.0402369
-18.8371
-18.8728
-18.8212
-18.5771
-18.0316
-17.1416
-15.9141
-14.3962
-12.6825
-10.901
-9.16534
-7.52909
-6.07561
-4.94993
-4.14503
-3.59128
-3.29505
-3.20641
-3.22951
-3.35753
-3.70688
-4.29103
-4.87338
-5.09623
-4.73109
-3.66438
-2.12435
-0.650287
0.402016
0.929871
1.04267
0.970373
0.865326
0.785737
0.782445
0.859799
0.974852
1.1057
1.23251
1.34089
1.42603
1.48696
1.5241
1.5411
1.54424
1.53827
1.52601
1.50885
1.48737
1.46255
1.43559
1.40684
1.37568
1.34251
1.30861
1.2747
1.24125
1.20841
1.17616
1.14292
1.10956
1.07656
1.04322
1.00951
0.975836
0.94184
0.908139
0.874318
0.840514
0.806748
0.772966
0.739203
0.705427
0.671662
0.63789
0.604124
0.570355
0.536588
0.502821
0.469052
0.435285
0.401519
0.367758
0.334002
0.300259
0.266531
0.232842
0.199198
0.165658
0.13226
0.0991621
0.0665239
0.0347027
0.00417319
-0.023944
-0.0486492
-0.0655282
-0.0760933
-0.0591165
-0.0507029
-18.8499
-18.8773
-18.8115
-18.5528
-17.9978
-17.102
-15.8745
-14.366
-12.6677
-10.9004
-9.16552
-7.5145
-6.04775
-4.92319
-4.12968
-3.59355
-3.32186
-3.25261
-3.28176
-3.41136
-3.75174
-4.32202
-4.88945
-5.09914
-4.71251
-3.63766
-2.10216
-0.637467
0.407711
0.933721
1.04668
0.972329
0.862375
0.781831
0.770972
0.842142
0.954424
1.08446
1.21105
1.31944
1.40474
1.46593
1.50331
1.5204
1.52355
1.51757
1.50537
1.48835
1.46706
1.44239
1.41551
1.38684
1.35583
1.32276
1.28885
1.25489
1.22132
1.18845
1.15621
1.12317
1.08988
1.05679
1.02361
0.989596
0.955751
0.921708
0.887915
0.854083
0.820251
0.78648
0.75269
0.718926
0.685149
0.651382
0.617611
0.583844
0.550075
0.516307
0.48254
0.448772
0.415005
0.381238
0.347476
0.313719
0.279976
0.246243
0.212553
0.178898
0.145352
0.111929
0.0788255
0.0461575
0.0143271
-0.0161532
-0.0440895
-0.0684125
-0.0841916
-0.0939594
-0.0722456
-0.061619
-18.863
-18.8848
-18.8091
-18.5405
-17.979
-17.0793
-15.8524
-14.3507
-12.6638
-10.9066
-9.17133
-7.50783
-6.0289
-4.90744
-4.12809
-3.60872
-3.35649
-3.29627
-3.32795
-3.45617
-3.79117
-4.3531
-4.90674
-5.10164
-4.69673
-3.61148
-2.08019
-0.625689
0.412129
0.935603
1.04805
0.971249
0.856893
0.772817
0.760021
0.825378
0.936719
1.06602
1.19226
1.30067
1.38611
1.4474
1.48481
1.50192
1.50499
1.49887
1.48643
1.46908
1.44739
1.42235
1.39517
1.3662
1.33489
1.30157
1.2675
1.23346
1.19985
1.16691
1.13452
1.10139
1.068
1.03501
1.00197
0.96828
0.934536
0.900608
0.866838
0.833033
0.799224
0.765454
0.731673
0.697909
0.664134
0.630368
0.596597
0.562831
0.52906
0.495295
0.461525
0.427761
0.39399
0.360228
0.326465
0.292714
0.258971
0.22525
0.191568
0.157946
0.124422
0.0910743
0.0580597
0.0255555
-0.00603301
-0.0361673
-0.0635858
-0.0873368
-0.101921
-0.111146
-0.0853525
-0.0729353
-18.876
-18.8944
-18.8122
-18.5373
-17.9719
-17.0699
-15.844
-14.3473
-12.6687
-10.9186
-9.18282
-7.50856
-6.01839
-4.90275
-4.13891
-3.63466
-3.39358
-3.336
-3.36598
-3.49271
-3.82715
-4.38452
-4.92659
-5.10592
-4.68435
-3.58544
-2.05446
-0.606546
0.42409
0.942163
1.05044
0.968696
0.850097
0.764367
0.74824
0.812443
0.921607
1.04995
1.1759
1.28436
1.36991
1.43129
1.46881
1.48616
1.4895
1.48375
1.47181
1.45497
1.4338
1.40911
1.38197
1.35301
1.32176
1.2885
1.25442
1.22035
1.18671
1.15381
1.1215
1.08841
1.05494
1.02178
0.988504
0.954588
0.920711
0.886714
0.852899
0.819078
0.785259
0.751483
0.717699
0.683933
0.650158
0.616391
0.58262
0.548853
0.515083
0.481317
0.447547
0.413782
0.380012
0.346249
0.312484
0.278732
0.244985
0.211262
0.177564
0.143936
0.110371
0.0770075
0.0439012
0.0113255
-0.0204303
-0.0507208
-0.0783883
-0.102225
-0.116727
-0.126123
-0.0976633
-0.0842912
-18.8907
-18.9066
-18.82
-18.5412
-17.9735
-17.0705
-15.8456
-14.3525
-12.6795
-10.9345
-9.19837
-7.51546
-6.01629
-4.90905
-4.15991
-3.66559
-3.4282
-3.3686
-3.39544
-3.52232
-3.85911
-4.4147
-4.9479
-5.11308
-4.67418
-3.55817
-2.02192
-0.577148
0.445161
0.953922
1.05427
0.965187
0.839344
0.752313
0.733744
0.791455
0.904585
1.0334
1.15957
1.26807
1.35344
1.41445
1.45142
1.46817
1.47084
1.46436
1.45158
1.43424
1.41253
1.3874
1.36018
1.33108
1.29971
1.26637
1.23225
1.19817
1.16451
1.13156
1.09915
1.06613
1.03284
0.999792
0.966697
0.93299
0.899205
0.865271
0.831483
0.797668
0.76386
0.730084
0.696305
0.662538
0.628765
0.594997
0.561227
0.52746
0.49369
0.459924
0.426155
0.39239
0.358621
0.324857
0.291096
0.257343
0.223602
0.189881
0.156202
0.12258
0.0890593
0.055733
0.0227278
-0.0097233
-0.0412465
-0.0712419
-0.0983542
-0.121717
-0.135026
-0.14411
-0.112661
-0.0983447
-18.8987
-18.9144
-18.8265
-18.5469
-17.9792
-17.077
-15.854
-14.3639
-12.6946
-10.9525
-9.21616
-7.52704
-6.02391
-4.92798
-4.18992
-3.69554
-3.45463
-3.38968
-3.41401
-3.54361
-3.88515
-4.44159
-4.96853
-5.11753
-4.66605
-3.53253
-1.98787
-0.544494
0.468886
0.966719
1.05876
0.964941
0.838566
0.746796
0.727054
0.787558
0.898624
1.02653
1.15243
1.26091
1.34631
1.40739
1.44458
1.46167
1.46465
1.45853
1.44635
1.42902
1.40751
1.38252
1.35527
1.32615
1.29478
1.26144
1.22731
1.19322
1.15955
1.12661
1.09426
1.06113
1.02773
0.994612
0.961404
0.927587
0.89374
0.859775
0.825967
0.792149
0.758337
0.724561
0.690779
0.657013
0.623239
0.589472
0.555701
0.521935
0.488164
0.454399
0.420629
0.386864
0.353094
0.319331
0.285568
0.251815
0.218072
0.184348
0.15066
0.117035
0.0834917
0.050146
0.0170915
-0.0154311
-0.0470657
-0.0772173
-0.104591
-0.128173
-0.141918
-0.151411
-0.119864
-0.102273
-18.9206
-18.9359
-18.8473
-18.568
-18.0012
-17.1009
-15.8802
-14.3925
-12.7249
-10.984
-9.2477
-7.55605
-6.05385
-4.96629
-4.2329
-3.73221
-3.48372
-3.41573
-3.44012
-3.5717
-3.91548
-4.4721
-4.99461
-5.13796
-4.67039
-3.5231
-1.97164
-0.528718
0.477637
0.96429
1.04693
0.946954
0.816676
0.725782
0.705711
0.764189
0.87577
1.00465
1.13073
1.23925
1.32451
1.38534
1.42225
1.43891
1.44167
1.43531
1.42282
1.40543
1.38383
1.35876
1.3315
1.30236
1.27097
1.23762
1.20349
1.16939
1.13573
1.10278
1.07038
1.03729
1.00393
0.970822
0.937642
0.903869
0.870043
0.836091
0.802288
0.768474
0.734662
0.700886
0.667105
0.633339
0.599565
0.565798
0.532027
0.49826
0.46449
0.430724
0.396955
0.363189
0.329421
0.295656
0.261896
0.228141
0.194401
0.160674
0.126995
0.0933652
0.0598386
0.0264939
-0.00653319
-0.0390305
-0.0706117
-0.100697
-0.127927
-0.151446
-0.164849
-0.174355
-0.142017
-0.131116
-18.849
-18.8368
-18.8869
-18.8861
-18.8722
-18.8496
-18.8191
-18.7831
-18.7461
-18.7124
-18.6827
-18.657
-18.6361
-18.6234
-18.6224
-18.6225
-19.4935
-19.4709
-19.4949
-19.5131
-19.5077
-19.4869
-19.4594
-19.4295
-19.3995
-19.3716
-19.3473
-19.3276
-19.3125
-19.3012
-19.2942
-19.2806
-19.7504
-19.8279
-19.9108
-19.942
-19.9428
-19.9284
-19.9063
-19.8824
-19.8598
-19.8402
-19.8244
-19.8132
-19.8068
-19.8048
-19.8026
-19.7919
-19.7873
-19.8754
-19.9225
-19.9477
-19.9564
-19.9484
-19.93
-19.9083
-19.8876
-19.8698
-19.8554
-19.8447
-19.8378
-19.8344
-19.8318
-19.8199
-19.4429
-19.5006
-19.5333
-19.5567
-19.5613
-19.5486
-19.5291
-19.5056
-19.4814
-19.4584
-19.4375
-19.4193
-19.4039
-19.392
-19.3831
-19.3665
-18.6792
-18.7215
-18.747
-18.7584
-18.7515
-18.7302
-18.6995
-18.6646
-18.6299
-18.597
-18.5666
-18.539
-18.5142
-18.493
-18.4772
-18.4527
-17.3631
-17.3913
-17.4027
-17.4006
-17.3853
-17.3582
-17.3212
-17.2792
-17.2366
-17.1944
-17.1526
-17.1113
-17.0707
-17.0327
-16.9997
-16.9676
-15.4747
-15.4916
-15.4938
-15.486
-15.4704
-15.4457
-15.4107
-15.3696
-15.3261
-15.2808
-15.2335
-15.184
-15.1329
-15.0828
-15.0386
-15.0002
-13.259
-13.2594
-13.2552
-13.2494
-13.2419
-13.2272
-13.2011
-13.1671
-13.1285
-13.0855
-13.0379
-12.9855
-12.9293
-12.8723
-12.8213
-12.7785
-11.0138
-11.0028
-10.9973
-10.9981
-11.0009
-10.9965
-10.9798
-10.9542
-10.9223
-10.8843
-10.8398
-10.7891
-10.7334
-10.676
-10.6241
-10.5808
-9.074
-9.05811
-9.05295
-9.05659
-9.06281
-9.06135
-9.04789
-9.02591
-8.99774
-8.96324
-8.92217
-8.87486
-8.8225
-8.76838
-8.71898
-8.67719
-7.56629
-7.54671
-7.53587
-7.53267
-7.53155
-7.52305
-7.50453
-7.47979
-7.45039
-7.41591
-7.37603
-7.33094
-7.28161
-7.23092
-7.18451
-7.14446
-6.40473
-6.38546
-6.36975
-6.35952
-6.35013
-6.3331
-6.30786
-6.27852
-6.24594
-6.20948
-6.16875
-6.12385
-6.07558
-6.0265
-5.98163
-5.94241
-5.48175
-5.46177
-5.44174
-5.42515
-5.40776
-5.38271
-5.35112
-5.3167
-5.27972
-5.23958
-5.19599
-5.14898
-5.09925
-5.04916
-5.00356
-4.96385
-4.69086
-4.66994
-4.64597
-4.62294
-4.5972
-4.56403
-4.52549
-4.48456
-4.44155
-4.39607
-4.34786
-4.29682
-4.24346
-4.19007
-4.14178
-4.10031
-3.97943
-3.95022
-3.91743
-3.88504
-3.84968
-3.80751
-3.76041
-3.71142
-3.66141
-3.61004
-3.55682
-3.50134
-3.44376
-3.38628
-3.33444
-3.2906
-3.36157
-3.31125
-3.25973
-3.21007
-3.15982
-3.10523
-3.04732
-2.98927
-2.93222
-2.87548
-2.81801
-2.75879
-2.6975
-2.63612
-2.5807
-2.53439
-2.83623
-2.76715
-2.69013
-2.61604
-2.54683
-2.47921
-2.41218
-2.34715
-2.2849
-2.22434
-2.16384
-2.10181
-2.03741
-1.97248
-1.91367
-1.86503
-2.38338
-2.28713
-2.19407
-2.10713
-2.0261
-1.94942
-1.87591
-1.80614
-1.74037
-1.67717
-1.61457
-1.55047
-1.4836
-1.41574
-1.35404
-1.30211
-2.03999
-1.90514
-1.78182
-1.67092
-1.57674
-1.49741
-1.42708
-1.36005
-1.29514
-1.23282
-1.1712
-1.10767
-1.04046
-0.971232
-0.90737
-0.852178
-1.93943
-1.71392
-1.52725
-1.37895
-1.26531
-1.17862
-1.1081
-1.0431
-0.981225
-0.922977
-0.865856
-0.806648
-0.743234
-0.677145
-0.615852
-0.562704
-2.06823
-1.76704
-1.51286
-1.31488
-1.16886
-1.0627
-0.979894
-0.908167
-0.84489
-0.788553
-0.735533
-0.682379
-0.62735
-0.572312
-0.523525
-0.481244
-2.27869
-1.93549
-1.64848
-1.42076
-1.24739
-1.11975
-1.02107
-0.939925
-0.873106
-0.816888
-0.767226
-0.721188
-0.677761
-0.638921
-0.608731
-0.581315
-2.43393
-2.08438
-1.80386
-1.58207
-1.40996
-1.27368
-1.16402
-1.07679
-1.00733
-0.95084
-0.903869
-0.864526
-0.832045
-0.805212
-0.783382
-0.762732
-2.34303
-2.03146
-1.7904
-1.60712
-1.46656
-1.35358
-1.25895
-1.1784
-1.10917
-1.04937
-0.997813
-0.953916
-0.918068
-0.892521
-0.878626
-0.866838
-1.90708
-1.68173
-1.50658
-1.37098
-1.26247
-1.17448
-1.10317
-1.04523
-0.998152
-0.960335
-0.930708
-0.908382
-0.892544
-0.882925
-0.878252
-0.869266
-1.26532
-1.16229
-1.07831
-1.00992
-0.952548
-0.905166
-0.866646
-0.835841
-0.811915
-0.794274
-0.78229
-0.775091
-0.771472
-0.770128
-0.769443
-0.759643
-0.769383
-0.749538
-0.726777
-0.704619
-0.684372
-0.666818
-0.652373
-0.641222
-0.633293
-0.628149
-0.625179
-0.623568
-0.62241
-0.621246
-0.619983
-0.606932
-0.495812
-0.518787
-0.529049
-0.531307
-0.528327
-0.52255
-0.515887
-0.509467
-0.503916
-0.499444
-0.495849
-0.492538
-0.488647
-0.483909
-0.480087
-0.464571
-0.302244
-0.345661
-0.37179
-0.385545
-0.390679
-0.390129
-0.386095
-0.380152
-0.373258
-0.366003
-0.358678
-0.351251
-0.343217
-0.334259
-0.328907
-0.310649
-0.103188
-0.145939
-0.171722
-0.185132
-0.189757
-0.188333
-0.182921
-0.175025
-0.16568
-0.155535
-0.144944
-0.134007
-0.122468
-0.10961
-0.103049
-0.0842835
0.119657
0.0933916
0.0796426
0.075267
0.0769998
0.0830355
0.0918037
0.102246
0.113435
0.124323
0.134924
0.145929
0.157526
0.1696
0.179417
0.199254
0.362251
0.35285
0.351261
0.354984
0.362426
0.372603
0.384465
0.397409
0.411416
0.426756
0.442976
0.459304
0.475538
0.491181
0.503461
0.52373
0.612157
0.617244
0.627084
0.641062
0.658024
0.676195
0.694537
0.712827
0.731157
0.749597
0.768087
0.786625
0.805091
0.822563
0.836078
0.856623
0.88069
0.898418
0.91837
0.93997
0.962095
0.983779
1.00476
1.02522
1.04542
1.06541
1.0852
1.10485
1.12419
1.14219
1.15577
1.17621
1.14109
1.16589
1.19226
1.21826
1.24292
1.26609
1.28793
1.30897
1.32966
1.35002
1.37007
1.38985
1.40913
1.42691
1.43991
1.46014
1.3695
1.40177
1.43142
1.45865
1.4837
1.5068
1.52834
1.54908
1.56944
1.58934
1.60878
1.62778
1.64615
1.66308
1.67506
1.69495
1.54315
1.57913
1.61119
1.63963
1.66529
1.68856
1.71004
1.73061
1.75058
1.76985
1.78846
1.80642
1.82362
1.83957
1.85037
1.86986
1.66155
1.6978
1.72996
1.75812
1.78363
1.80685
1.82841
1.84893
1.86851
1.88715
1.90497
1.922
1.93822
1.9535
1.96323
1.98245
1.736
1.76949
1.80007
1.82776
1.85289
1.8759
1.89742
1.91777
1.93694
1.95507
1.97227
1.98856
2.00398
2.01881
2.02763
2.0467
1.7835
1.81399
1.84252
1.86907
1.89338
1.91587
1.93695
1.95674
1.97531
1.99286
2.00948
2.02513
2.03989
2.05444
2.06258
2.08157
1.8143
1.84259
1.86942
1.89465
1.91806
1.9398
1.96018
1.97927
1.99727
2.0143
2.03043
2.04558
2.05983
2.07419
2.08186
2.10079
1.83412
1.86072
1.8863
1.91047
1.93293
1.95392
1.97365
1.99224
2.00981
2.02646
2.04222
2.05701
2.07088
2.08513
2.09245
2.11133
1.84482
1.87056
1.89534
1.91872
1.94049
1.961
1.98036
1.99863
2.0159
2.03227
2.04775
2.06227
2.07585
2.09004
2.0971
2.11593
1.8472
1.87262
1.89689
1.91986
1.94144
1.96179
1.98094
1.99899
2.01605
2.03222
2.04754
2.0619
2.07525
2.08945
2.09623
2.11503
1.84209
1.86741
1.89147
1.9143
1.93586
1.95611
1.97513
1.99305
2.01
2.02613
2.04145
2.05577
2.0689
2.08315
2.08963
2.10842
1.83073
1.85595
1.87975
1.90236
1.92388
1.94408
1.96306
1.98096
1.99796
2.01417
2.02954
2.04383
2.0567
2.07108
2.07723
2.09604
1.81393
1.83904
1.86274
1.88528
1.90672
1.92687
1.94588
1.96386
1.98096
1.99719
2.0125
2.0267
2.03923
2.05382
2.05961
2.07848
1.79299
1.81806
1.84181
1.86435
1.88562
1.9057
1.92473
1.94278
1.95989
1.97604
1.99123
2.00539
2.01749
2.03239
2.03778
2.05676
1.76878
1.79378
1.81767
1.84021
1.8613
1.88129
1.90026
1.91827
1.93528
1.95131
1.96638
1.98057
1.99215
2.00747
2.01245
2.03151
1.74226
1.76719
1.79089
1.81324
1.83427
1.85416
1.873
1.89088
1.90779
1.92369
1.93856
1.95295
1.96383
1.97979
1.98428
2.00353
1.7139
1.73905
1.76275
1.78495
1.80588
1.82566
1.84435
1.86202
1.87876
1.89455
1.90903
1.92381
1.93376
1.95029
1.9545
1.97383
1.68375
1.70889
1.73246
1.75471
1.77562
1.79527
1.81386
1.83137
1.84792
1.86367
1.87771
1.89293
1.90261
1.91918
1.92333
1.94267
1.6509
1.67609
1.69976
1.72184
1.74262
1.76228
1.78081
1.79826
1.81468
1.83037
1.84443
1.85889
1.86938
1.88553
1.88981
1.90912
1.61697
1.64196
1.66529
1.6873
1.70809
1.72766
1.74608
1.76346
1.77983
1.79524
1.80953
1.82394
1.83438
1.85049
1.8548
1.8741
1.58241
1.60723
1.6307
1.6528
1.67353
1.69295
1.71121
1.72844
1.74471
1.76009
1.77436
1.78865
1.79905
1.81518
1.81949
1.8388
1.54672
1.57146
1.59504
1.61737
1.63845
1.65818
1.67639
1.69342
1.70964
1.72499
1.73909
1.75351
1.76371
1.77997
1.78425
1.80357
1.51296
1.53743
1.56044
1.5821
1.6025
1.62185
1.64036
1.65784
1.67417
1.68956
1.70351
1.71819
1.72808
1.74459
1.74872
1.76816
1.48049
1.5051
1.52812
1.5498
1.57016
1.58929
1.60735
1.62446
1.64059
1.65594
1.66961
1.6845
1.69441
1.71066
1.71505
1.73439
1.44911
1.47359
1.49664
1.51834
1.5387
1.55781
1.57581
1.59282
1.60882
1.62415
1.63772
1.65217
1.66257
1.67839
1.68302
1.70225
1.41558
1.44004
1.46313
1.48484
1.50524
1.52441
1.54246
1.55954
1.57557
1.59083
1.6047
1.61899
1.62955
1.64527
1.64996
1.66917
1.38146
1.40595
1.42894
1.45055
1.4709
1.49007
1.50815
1.52525
1.54134
1.5566
1.57055
1.58475
1.59544
1.6111
1.61583
1.63505
1.34836
1.37276
1.39569
1.4173
1.43764
1.45679
1.47483
1.49187
1.50791
1.52306
1.53707
1.55111
1.56194
1.57746
1.58227
1.60145
1.31495
1.3394
1.36242
1.38409
1.40447
1.42366
1.44173
1.45876
1.4748
1.48992
1.50396
1.51793
1.52883
1.54428
1.54914
1.5683
1.28149
1.306
1.32907
1.35078
1.3712
1.39043
1.40852
1.42557
1.44162
1.45675
1.4708
1.48475
1.49566
1.51109
1.51596
1.53511
1.24797
1.27252
1.29563
1.31736
1.33782
1.35707
1.37518
1.39223
1.40827
1.42339
1.43744
1.45139
1.46231
1.47773
1.48261
1.50176
1.21435
1.23893
1.26206
1.28382
1.30429
1.32355
1.34168
1.35874
1.37479
1.38992
1.40397
1.41792
1.42884
1.44427
1.44914
1.46829
1.1807
1.20529
1.22843
1.25021
1.27069
1.28996
1.30809
1.32515
1.3412
1.35632
1.37037
1.38433
1.39524
1.41068
1.41554
1.4347
1.14701
1.17161
1.19476
1.21654
1.23702
1.2563
1.27443
1.2915
1.30755
1.32267
1.33672
1.35068
1.36158
1.37702
1.38189
1.40104
1.11328
1.13789
1.16104
1.18283
1.20332
1.22259
1.24073
1.25779
1.27384
1.28897
1.30301
1.31698
1.32788
1.34332
1.34818
1.36734
1.07954
1.10415
1.12731
1.14909
1.16958
1.18886
1.207
1.22406
1.24011
1.25524
1.26928
1.28325
1.29415
1.30959
1.31445
1.33361
1.04579
1.0704
1.09356
1.11534
1.13583
1.15511
1.17325
1.19031
1.20636
1.22149
1.23553
1.2495
1.2604
1.27585
1.2807
1.29986
1.01203
1.03664
1.0598
1.08158
1.10208
1.12135
1.13949
1.15655
1.1726
1.18773
1.20178
1.21575
1.22664
1.24209
1.24695
1.26611
0.978261
1.00288
1.02603
1.04782
1.06831
1.08759
1.10573
1.12279
1.13884
1.15397
1.16801
1.18198
1.19287
1.20833
1.21318
1.23234
0.944494
0.96911
0.992267
1.01405
1.03455
1.05383
1.07196
1.08903
1.10508
1.1202
1.13425
1.14822
1.15911
1.17456
1.17942
1.19858
0.910728
0.935344
0.958501
0.980286
1.00078
1.02006
1.0382
1.05526
1.07131
1.08644
1.10048
1.11445
1.12534
1.14079
1.14565
1.16481
0.876961
0.901577
0.924734
0.946518
0.967012
0.986292
1.00443
1.02149
1.03754
1.05267
1.06671
1.08068
1.09158
1.10703
1.11188
1.13104
0.843193
0.867808
0.890965
0.91275
0.933244
0.952524
0.970661
0.987723
1.00377
1.0189
1.03294
1.04691
1.0578
1.07326
1.07811
1.09727
0.809424
0.834039
0.857196
0.87898
0.899474
0.918753
0.936889
0.953951
0.970001
0.985128
0.999173
1.01314
1.02404
1.03949
1.04434
1.0635
0.775653
0.800268
0.823425
0.845209
0.865702
0.884982
0.903118
0.920181
0.936229
0.951356
0.9654
0.97937
0.990262
1.00571
1.01057
1.02973
0.74188
0.766495
0.789651
0.811435
0.831928
0.851207
0.869344
0.886406
0.902455
0.917583
0.931628
0.945598
0.95649
0.971941
0.976796
0.995955
0.708106
0.73272
0.755876
0.77766
0.798153
0.817432
0.835569
0.852631
0.868679
0.883805
0.897849
0.911819
0.922711
0.938162
0.943018
0.962178
0.674331
0.698945
0.7221
0.743883
0.764375
0.783653
0.801788
0.81885
0.834899
0.850026
0.864071
0.878041
0.888934
0.904383
0.909239
0.928398
0.640556
0.665168
0.688321
0.710103
0.730594
0.749871
0.768006
0.785067
0.801115
0.816239
0.830282
0.84425
0.855144
0.870593
0.87545
0.894609
0.606777
0.631386
0.654536
0.676315
0.696804
0.716079
0.734211
0.75127
0.767317
0.782443
0.796489
0.810456
0.821352
0.836798
0.841656
0.860814
0.57299
0.597594
0.62074
0.642515
0.663
0.682272
0.700404
0.717463
0.733508
0.74863
0.762671
0.776632
0.78753
0.802973
0.807833
0.826992
0.539192
0.563787
0.586926
0.608695
0.629174
0.648441
0.666565
0.683616
0.699656
0.714778
0.728825
0.742786
0.753689
0.769126
0.773989
0.793145
0.505372
0.529953
0.553079
0.574835
0.595304
0.614561
0.632679
0.649729
0.66577
0.680884
0.694922
0.708869
0.719776
0.735207
0.740074
0.759229
0.471518
0.496074
0.519177
0.540914
0.561366
0.580608
0.598711
0.615742
0.631763
0.646868
0.660915
0.674856
0.685779
0.701185
0.706065
0.725213
0.437602
0.462115
0.485179
0.50688
0.5273
0.546514
0.564594
0.581614
0.597631
0.612722
0.626754
0.640657
0.651594
0.666974
0.671872
0.691014
0.403581
0.428019
0.451015
0.472657
0.493025
0.512193
0.530232
0.547206
0.563178
0.578238
0.592272
0.606145
0.617119
0.632441
0.637369
0.656495
0.369375
0.393684
0.416564
0.438101
0.458375
0.477461
0.49543
0.512347
0.528272
0.543288
0.557302
0.571101
0.582118
0.59737
0.602344
0.621454
0.334852
0.358938
0.381617
0.402975
0.423088
0.442032
0.459876
0.476687
0.492527
0.507469
0.521455
0.535154
0.546247
0.561352
0.566406
0.585474
0.299814
0.323526
0.345869
0.366925
0.386771
0.40548
0.423118
0.439753
0.455443
0.470256
0.484168
0.497712
0.508896
0.523823
0.528986
0.548008
0.263832
0.286891
0.308641
0.329164
0.348534
0.366819
0.384084
0.400396
0.415815
0.430405
0.444175
0.457481
0.468788
0.483346
0.488709
0.50762
0.226443
0.248443
0.269242
0.288918
0.307539
0.325169
0.341868
0.357699
0.372722
0.386992
0.400536
0.413579
0.424956
0.439225
0.444765
0.463625
0.186144
0.206215
0.225243
0.243298
0.26044
0.276722
0.292201
0.306937
0.320992
0.334434
0.34731
0.359731
0.371025
0.384516
0.390408
0.409013
0.142766
0.160089
0.176667
0.192566
0.207836
0.222527
0.236679
0.250383
0.263748
0.276805
0.289518
0.301846
0.313377
0.326681
0.332941
0.351506
0.0903072
0.102056
0.113365
0.124277
0.134822
0.14504
0.154975
0.164703
0.174334
0.183973
0.193701
0.203554
0.213335
0.225055
0.230928
0.24917
0.0384496
0.045195
0.0520595
0.059096
0.0663692
0.0739303
0.0818006
0.0899827
0.0984864
0.107288
0.116343
0.125605
0.134991
0.145019
0.153607
0.165577
)
;

boundaryField
{
    frontAndBack
    {
        type            empty;
    }
    inlet
    {
        type            zeroGradient;
    }
    outlet
    {
        type            fixedValue;
        value           uniform 0;
    }
    walls
    {
        type            zeroGradient;
    }
}


// ************************************************************************* //
