/*--------------------------------*- C++ -*----------------------------------*\
| =========                 |                                                 |
| \\      /  F ield         | OpenFOAM: The Open Source CFD Toolbox           |
|  \\    /   O peration     | Version:  v2012                                 |
|   \\  /    A nd           | Website:  www.openfoam.com                      |
|    \\/     M anipulation  |                                                 |
\*---------------------------------------------------------------------------*/
FoamFile
{
    version     2.0;
    format      ascii;
    class       volScalarField;
    location    "0.278";
    object      p;
}
// * * * * * * * * * * * * * * * * * * * * * * * * * * * * * * * * * * * * * //

dimensions      [0 2 -2 0 0 0 0];


internalField   nonuniform List<scalar> 
5600
(
-0.536753
-0.994879
-1.3754
-1.69384
-2.00471
-2.31494
-2.61633
-2.89809
-3.16109
-3.41138
-3.64786
-3.87256
-4.08701
-4.29328
-4.49352
-4.6893
-4.88162
-5.07133
-5.25856
-5.44352
-5.62632
-5.80662
-5.98442
-6.16062
-6.33559
-6.509
-6.68131
-6.8526
-7.02328
-7.19361
-7.36326
-7.53228
-7.70048
-7.8682
-8.03557
-8.20213
-8.36821
-8.53362
-8.69846
-8.86265
-9.02628
-9.18933
-9.35176
-9.51346
-9.67471
-9.8354
-9.99565
-10.1553
-10.3146
-10.4733
-10.6317
-10.7895
-10.9468
-11.1037
-11.2602
-11.4163
-11.572
-11.7272
-11.882
-12.0362
-12.1902
-12.3438
-12.497
-12.6499
-12.8023
-12.9544
-13.1061
-13.2575
-13.4086
-13.5593
-13.7097
-13.8598
-14.0097
-14.1593
-14.3085
-14.4575
-14.6062
-14.7548
-14.9029
-15.0509
-15.1986
-15.3463
-15.4935
-15.6408
-15.7876
-15.9344
-16.0809
-16.2274
-16.3737
-16.5196
-16.6653
-16.8108
-16.9568
-17.1025
-17.249
-17.3956
-17.5447
-17.6978
-17.8545
-18.0957
-0.595788
-1.01506
-1.39201
-1.71165
-2.02271
-2.33327
-2.63459
-2.9166
-3.17995
-3.43031
-3.667
-3.89201
-4.10679
-4.31343
-4.51403
-4.71013
-4.90275
-5.09269
-5.2801
-5.46513
-5.64815
-5.82855
-6.00641
-6.18271
-6.35782
-6.53136
-6.70377
-6.87514
-7.04592
-7.21634
-7.38607
-7.55517
-7.72339
-7.89114
-8.05855
-8.22513
-8.39126
-8.55669
-8.72156
-8.88578
-9.04945
-9.21253
-9.37499
-9.53671
-9.698
-9.85868
-10.0189
-10.1786
-10.3379
-10.4966
-10.655
-10.8128
-10.9701
-11.1271
-11.2836
-11.4396
-11.5953
-11.7505
-11.9052
-12.0595
-12.2135
-12.367
-12.5203
-12.673
-12.8255
-12.9775
-13.1293
-13.2806
-13.4317
-13.5824
-13.7328
-13.883
-14.0328
-14.1824
-14.3316
-14.4807
-14.6293
-14.7779
-14.926
-15.074
-15.2217
-15.3694
-15.5166
-15.6639
-15.8107
-15.9575
-16.104
-16.2506
-16.3966
-16.5428
-16.6883
-16.8341
-16.9796
-17.126
-17.2713
-17.4197
-17.5658
-17.7229
-17.8746
-18.1086
-0.634036
-1.02768
-1.40476
-1.725
-2.03393
-2.34197
-2.64222
-2.92382
-3.18695
-3.43696
-3.67339
-3.89849
-4.11328
-4.31993
-4.52053
-4.71668
-4.90927
-5.09928
-5.28665
-5.47173
-5.65471
-5.83518
-6.01319
-6.18956
-6.36457
-6.53809
-6.71043
-6.88179
-7.05247
-7.22286
-7.39251
-7.56155
-7.72982
-7.89758
-8.06497
-8.23154
-8.39764
-8.56304
-8.72788
-8.89205
-9.05566
-9.21869
-9.38107
-9.54271
-9.70392
-9.86462
-10.0249
-10.1846
-10.3438
-10.5026
-10.661
-10.8188
-10.9761
-11.133
-11.2896
-11.4457
-11.6015
-11.7567
-11.9116
-12.0659
-12.2199
-12.3736
-12.5269
-12.6797
-12.8322
-12.9843
-13.1361
-13.2875
-13.4386
-13.5893
-13.7398
-13.89
-14.0399
-14.1895
-14.3387
-14.4878
-14.6365
-14.785
-14.9332
-15.0813
-15.229
-15.3766
-15.5239
-15.6712
-15.818
-15.9648
-16.1113
-16.2579
-16.404
-16.5502
-16.6957
-16.8415
-16.987
-17.1335
-17.2788
-17.4271
-17.5737
-17.7314
-17.8822
-18.1071
-0.682761
-1.04416
-1.42015
-1.74184
-2.04951
-2.3566
-2.65723
-2.93945
-3.20322
-3.45354
-3.69055
-3.91567
-4.13094
-4.33778
-4.53843
-4.73451
-4.92696
-5.11671
-5.30378
-5.48855
-5.67137
-5.85177
-6.02978
-6.20626
-6.38136
-6.55518
-6.72789
-6.89959
-7.07051
-7.24111
-7.41094
-7.58012
-7.7484
-7.91624
-8.08369
-8.25035
-8.41653
-8.58204
-8.74698
-8.91128
-9.07503
-9.23822
-9.40078
-9.56262
-9.72401
-9.88472
-10.045
-10.2048
-10.3641
-10.5229
-10.6813
-10.8392
-10.9966
-11.1536
-11.3101
-11.4661
-11.6219
-11.777
-11.9317
-12.0859
-12.2399
-12.3934
-12.5466
-12.6994
-12.8518
-13.0038
-13.1556
-13.3069
-13.458
-13.6087
-13.7591
-13.9092
-14.0591
-14.2086
-14.3578
-14.5069
-14.6556
-14.8041
-14.9522
-15.1002
-15.248
-15.3956
-15.5428
-15.6901
-15.8369
-15.9837
-16.1302
-16.2767
-16.4229
-16.5689
-16.7146
-16.8602
-17.006
-17.152
-17.2978
-17.4453
-17.5925
-17.7482
-17.9037
-18.1068
-0.732387
-1.06128
-1.4359
-1.76003
-2.06611
-2.37235
-2.67269
-2.95473
-3.21851
-3.46865
-3.70586
-3.93076
-4.14621
-4.35329
-4.55413
-4.75039
-4.94303
-5.1329
-5.32011
-5.50498
-5.68777
-5.8682
-6.04617
-6.22253
-6.39743
-6.57109
-6.74357
-6.91509
-7.08578
-7.25626
-7.42602
-7.59517
-7.76351
-7.93145
-8.09889
-8.26561
-8.43176
-8.59729
-8.76217
-8.92646
-9.09011
-9.25323
-9.41562
-9.57741
-9.73869
-9.89939
-10.0597
-10.2194
-10.3786
-10.5374
-10.6957
-10.8535
-11.0108
-11.1677
-11.3242
-11.4804
-11.6362
-11.7914
-11.9463
-12.1006
-12.2546
-12.4082
-12.5616
-12.7145
-12.867
-13.0191
-13.1709
-13.3223
-13.4735
-13.6242
-13.7747
-13.9249
-14.0748
-14.2244
-14.3737
-14.5227
-14.6715
-14.82
-14.9682
-15.1163
-15.264
-15.4116
-15.5589
-15.7062
-15.8531
-15.9998
-16.1464
-16.2929
-16.4392
-16.5851
-16.7309
-16.8765
-17.0223
-17.1683
-17.3141
-17.4616
-17.6086
-17.7639
-17.9163
-18.1115
-0.782418
-1.08061
-1.45318
-1.78029
-2.08474
-2.39001
-2.68997
-2.97205
-3.23605
-3.48638
-3.72382
-3.94908
-4.16479
-4.37216
-4.57319
-4.76957
-4.96231
-5.15218
-5.33944
-5.52435
-5.70693
-5.88738
-6.06539
-6.24181
-6.41677
-6.59047
-6.76301
-6.93455
-7.1053
-7.27562
-7.44541
-7.61448
-7.78281
-7.95064
-8.11795
-8.28459
-8.45065
-8.61613
-8.78097
-8.94523
-9.10887
-9.2722
-9.43466
-9.59654
-9.75787
-9.91868
-10.079
-10.2388
-10.3981
-10.557
-10.7154
-10.8733
-11.0307
-11.1876
-11.3442
-11.5003
-11.6561
-11.8113
-11.9661
-12.1205
-12.2745
-12.4281
-12.5812
-12.734
-12.8865
-13.0386
-13.1904
-13.3417
-13.4928
-13.6436
-13.794
-13.9442
-14.094
-14.2436
-14.3929
-14.542
-14.6907
-14.8392
-14.9874
-15.1354
-15.2832
-15.4308
-15.5782
-15.7254
-15.8723
-16.019
-16.1656
-16.3121
-16.4583
-16.6043
-16.75
-16.8957
-17.0415
-17.1875
-17.3331
-17.4804
-17.6273
-17.7812
-17.9324
-18.118
-0.831832
-1.10243
-1.47223
-1.80259
-2.10556
-2.4098
-2.70946
-2.99163
-3.25581
-3.50625
-3.74381
-3.96931
-4.1851
-4.39263
-4.59378
-4.79026
-4.98307
-5.17299
-5.36027
-5.54519
-5.72777
-5.90824
-6.08633
-6.26278
-6.43777
-6.61147
-6.78403
-6.95557
-7.12644
-7.29665
-7.46647
-7.63553
-7.8039
-7.97171
-8.13903
-8.30566
-8.47171
-8.63717
-8.80197
-8.96622
-9.12982
-9.2931
-9.45552
-9.61732
-9.77856
-9.93929
-10.0995
-10.2592
-10.4185
-10.5773
-10.7356
-10.8935
-11.0509
-11.2079
-11.3644
-11.5206
-11.6764
-11.8316
-11.9865
-12.1408
-12.2948
-12.4484
-12.6017
-12.7546
-12.9071
-13.0592
-13.2109
-13.3623
-13.5135
-13.6642
-13.8147
-13.9649
-14.1148
-14.2644
-14.4136
-14.5627
-14.7115
-14.86
-15.0082
-15.1563
-15.3041
-15.4517
-15.599
-15.7462
-15.8931
-16.0399
-16.1865
-16.333
-16.4792
-16.6253
-16.7709
-16.9167
-17.0624
-17.2084
-17.3541
-17.501
-17.6477
-17.8
-17.9494
-18.1247
-0.878809
-1.12693
-1.49363
-1.82707
-2.12881
-2.43207
-2.73151
-3.01373
-3.27806
-3.52856
-3.76624
-3.99195
-4.20784
-4.41554
-4.61685
-4.81346
-5.00635
-5.19631
-5.38362
-5.56856
-5.75116
-5.93159
-6.10972
-6.28618
-6.46119
-6.6349
-6.80747
-6.97903
-7.14993
-7.32015
-7.48995
-7.65902
-7.8274
-7.99521
-8.16252
-8.32916
-8.49522
-8.66067
-8.82548
-8.98978
-9.15342
-9.31654
-9.47899
-9.6408
-9.80207
-9.96277
-10.123
-10.2827
-10.442
-10.6007
-10.759
-10.9169
-11.0742
-11.2314
-11.3878
-11.5439
-11.6997
-11.8549
-12.0097
-12.164
-12.318
-12.4715
-12.6248
-12.7776
-12.9301
-13.0822
-13.234
-13.3854
-13.5366
-13.6873
-13.8378
-13.988
-14.1379
-14.2875
-14.4368
-14.5859
-14.7347
-14.8831
-15.0314
-15.1794
-15.3272
-15.4748
-15.6222
-15.7693
-15.9163
-16.063
-16.2096
-16.3561
-16.5024
-16.6484
-16.7941
-16.9398
-17.0855
-17.2314
-17.3771
-17.5237
-17.67
-17.8204
-17.9675
-18.132
-0.921788
-1.154
-1.51795
-1.85387
-2.1547
-2.45716
-2.75645
-3.03868
-3.30311
-3.55368
-3.79147
-4.01733
-4.23331
-4.44114
-4.64257
-4.83924
-5.03219
-5.22217
-5.40948
-5.59444
-5.77703
-5.95741
-6.13558
-6.31206
-6.48709
-6.66081
-6.83339
-7.00497
-7.1759
-7.34614
-7.5159
-7.68497
-7.85336
-8.02118
-8.18849
-8.35512
-8.52118
-8.68662
-8.85144
-9.01574
-9.17938
-9.34246
-9.50494
-9.66676
-9.82804
-9.98875
-10.149
-10.3087
-10.4679
-10.6267
-10.785
-10.9429
-11.1002
-11.2573
-11.4138
-11.5699
-11.7256
-11.8808
-12.0356
-12.1899
-12.3439
-12.4974
-12.6506
-12.8034
-12.9559
-13.1079
-13.2597
-13.4112
-13.5623
-13.7131
-13.8635
-14.0137
-14.1635
-14.3131
-14.4623
-14.6114
-14.7601
-14.9087
-15.0569
-15.2049
-15.3527
-15.5003
-15.6477
-15.7948
-15.9418
-16.0885
-16.2351
-16.3816
-16.5279
-16.6739
-16.8196
-16.9653
-17.111
-17.2569
-17.4024
-17.5487
-17.6944
-17.8429
-17.9871
-18.1401
-0.958968
-1.1832
-1.54579
-1.88314
-2.18343
-2.48548
-2.7847
-3.06689
-3.33138
-3.58202
-3.81987
-4.04581
-4.26183
-4.46973
-4.67122
-4.86795
-5.06093
-5.25093
-5.43825
-5.62323
-5.80582
-5.98615
-6.16435
-6.34084
-6.51589
-6.6896
-6.86218
-7.03377
-7.20473
-7.375
-7.5447
-7.71378
-7.88218
-8.05002
-8.21731
-8.38395
-8.55001
-8.71544
-8.88026
-9.04458
-9.20823
-9.3713
-9.53377
-9.69559
-9.85686
-10.0176
-10.1778
-10.3375
-10.4968
-10.6555
-10.8138
-10.9717
-11.1291
-11.2861
-11.4426
-11.5987
-11.7544
-11.9096
-12.0644
-12.2187
-12.3727
-12.5262
-12.6795
-12.8323
-12.9847
-13.1368
-13.2886
-13.44
-13.5911
-13.7419
-13.8923
-14.0425
-14.1923
-14.3419
-14.4911
-14.6402
-14.7889
-14.9374
-15.0856
-15.2336
-15.3814
-15.5289
-15.6763
-15.8234
-15.9703
-16.1171
-16.2636
-16.41
-16.5564
-16.7023
-16.8481
-16.9938
-17.1395
-17.2852
-17.4306
-17.5765
-17.7215
-17.8678
-18.0085
-18.1501
-0.986324
-1.2125
-1.5762
-1.9135
-2.21366
-2.51587
-2.81516
-3.09721
-3.36172
-3.6124
-3.85025
-4.07616
-4.29218
-4.50006
-4.70157
-4.8983
-5.09129
-5.2813
-5.46861
-5.65361
-5.83618
-6.01645
-6.19465
-6.37114
-6.54621
-6.71991
-6.89247
-7.06407
-7.23506
-7.40534
-7.57501
-7.74408
-7.9125
-8.08034
-8.24762
-8.41426
-8.58033
-8.74576
-8.91056
-9.07493
-9.23856
-9.40162
-9.56407
-9.72591
-9.88718
-10.0479
-10.2081
-10.3678
-10.5271
-10.6858
-10.8441
-11.002
-11.1594
-11.3165
-11.473
-11.6291
-11.7847
-11.9399
-12.0947
-12.2491
-12.403
-12.5566
-12.7098
-12.8626
-13.015
-13.1672
-13.3189
-13.4704
-13.6214
-13.7722
-13.9226
-14.0728
-14.2226
-14.3722
-14.5214
-14.6704
-14.8192
-14.9677
-15.1159
-15.2639
-15.4117
-15.5592
-15.7066
-15.8537
-16.0007
-16.1474
-16.2939
-16.4404
-16.5867
-16.7327
-16.8784
-17.0241
-17.1698
-17.3154
-17.4608
-17.6062
-17.7504
-17.8944
-18.0317
-18.1635
-1.00111
-1.23914
-1.60626
-1.94196
-2.24244
-2.54542
-2.84487
-3.12671
-3.39119
-3.64189
-3.87967
-4.10547
-4.32142
-4.5292
-4.73066
-4.92736
-5.12032
-5.31033
-5.4976
-5.68264
-5.86518
-6.04538
-6.22358
-6.40007
-6.57515
-6.74883
-6.92138
-7.09296
-7.264
-7.43428
-7.60392
-7.77299
-7.94141
-8.10926
-8.27654
-8.44318
-8.60924
-8.77468
-8.93944
-9.10386
-9.26748
-9.43051
-9.59296
-9.7548
-9.91608
-10.0768
-10.237
-10.3967
-10.556
-10.7148
-10.8731
-11.031
-11.1883
-11.3454
-11.5019
-11.658
-11.8136
-11.9688
-12.1236
-12.2779
-12.4319
-12.5855
-12.7386
-12.8914
-13.0439
-13.196
-13.3478
-13.4993
-13.6503
-13.8011
-13.9516
-14.1018
-14.2516
-14.4012
-14.5504
-14.6995
-14.8483
-14.9968
-15.145
-15.293
-15.4408
-15.5884
-15.7358
-15.8829
-16.0299
-16.1766
-16.3232
-16.4697
-16.616
-16.7621
-16.9079
-17.0536
-17.1992
-17.3447
-17.4899
-17.635
-17.7785
-17.9205
-18.0549
-18.1792
-1.00483
-1.26271
-1.63429
-1.96732
-2.2685
-2.57259
-2.87228
-3.15385
-3.41829
-3.669
-3.90666
-4.13229
-4.34813
-4.55575
-4.75711
-4.95375
-5.14667
-5.33667
-5.52389
-5.70897
-5.89148
-6.07161
-6.24979
-6.42626
-6.60134
-6.77499
-6.94753
-7.11907
-7.29017
-7.46043
-7.63004
-7.7991
-7.96754
-8.13539
-8.30268
-8.46931
-8.63537
-8.80082
-8.96557
-9.13003
-9.29365
-9.45665
-9.6191
-9.78094
-9.9422
-10.1029
-10.2631
-10.4229
-10.5821
-10.7408
-10.8991
-11.057
-11.2144
-11.3715
-11.528
-11.6841
-11.8398
-11.995
-12.1498
-12.3042
-12.4582
-12.6117
-12.765
-12.9178
-13.0703
-13.2224
-13.3742
-13.5256
-13.6768
-13.8275
-13.9781
-14.1283
-14.2782
-14.4278
-14.5771
-14.7261
-14.8749
-15.0234
-15.1717
-15.3197
-15.4675
-15.615
-15.7623
-15.9094
-16.0564
-16.2031
-16.3497
-16.496
-16.6423
-16.7883
-16.9342
-17.0799
-17.2255
-17.3711
-17.5163
-17.6609
-17.8037
-17.9445
-18.0766
-18.1955
-0.999748
-1.28404
-1.66026
-1.98997
-2.2922
-2.59758
-2.89755
-3.17877
-3.44314
-3.69386
-3.93135
-4.15678
-4.3725
-4.57994
-4.78117
-4.97771
-5.17057
-5.36056
-5.54772
-5.73285
-5.91532
-6.09539
-6.27354
-6.45001
-6.62508
-6.79871
-6.97121
-7.14272
-7.31386
-7.48411
-7.65371
-7.82275
-7.99121
-8.15903
-8.32632
-8.49293
-8.659
-8.82437
-8.98918
-9.15366
-9.31726
-9.48027
-9.64272
-9.80456
-9.96584
-10.1266
-10.2868
-10.4466
-10.6059
-10.7646
-10.923
-11.0808
-11.2383
-11.3954
-11.552
-11.7081
-11.8638
-12.0191
-12.1739
-12.3283
-12.4823
-12.6359
-12.7891
-12.942
-13.0944
-13.2464
-13.3982
-13.5497
-13.7008
-13.8516
-14.0021
-14.1523
-14.3022
-14.4518
-14.601
-14.7501
-14.8989
-15.0474
-15.1957
-15.3437
-15.4915
-15.6391
-15.7864
-15.9336
-16.0806
-16.2273
-16.3741
-16.5206
-16.6669
-16.8129
-16.9586
-17.1043
-17.2498
-17.3953
-17.5403
-17.6849
-17.8276
-17.9665
-18.0969
-18.2118
-0.988417
-1.3035
-1.68388
-2.0102
-2.31374
-2.62047
-2.92085
-3.2017
-3.46599
-3.71667
-3.95397
-4.17911
-4.39466
-4.60192
-4.803
-4.99943
-5.19219
-5.38214
-5.56925
-5.75441
-5.93681
-6.11682
-6.2949
-6.47138
-6.64642
-6.82007
-6.99247
-7.16402
-7.33519
-7.5054
-7.67498
-7.84402
-8.01251
-8.18035
-8.34765
-8.51429
-8.6804
-8.84578
-9.01074
-9.17516
-9.33879
-9.50186
-9.66438
-9.82628
-9.98762
-10.1484
-10.3087
-10.4685
-10.6278
-10.7866
-10.9449
-11.1027
-11.2602
-11.4173
-11.5738
-11.7299
-11.8856
-12.0408
-12.1956
-12.35
-12.504
-12.6576
-12.8108
-12.9636
-13.1161
-13.2681
-13.4199
-13.5714
-13.7225
-13.8732
-14.0238
-14.1739
-14.3238
-14.4733
-14.6226
-14.7716
-14.9204
-15.0689
-15.2171
-15.3651
-15.5128
-15.6603
-15.8076
-15.9547
-16.1016
-16.2482
-16.3947
-16.541
-16.6873
-16.8333
-16.9792
-17.1249
-17.2705
-17.4161
-17.561
-17.7052
-17.8473
-17.9864
-18.1157
-18.2278
-0.972884
-1.32148
-1.70512
-2.02837
-2.33329
-2.64126
-2.9421
-3.22261
-3.4869
-3.73752
-3.97471
-4.19959
-4.41485
-4.62189
-4.82289
-5.0192
-5.21196
-5.4018
-5.58899
-5.77417
-5.95655
-6.13647
-6.31448
-6.49091
-6.66588
-6.83951
-7.01186
-7.18352
-7.35467
-7.52493
-7.69453
-7.8636
-8.03221
-8.20016
-8.36756
-8.5343
-8.70047
-8.86596
-9.03092
-9.19526
-9.35884
-9.52189
-9.6844
-9.84628
-10.0076
-10.1684
-10.3287
-10.4884
-10.6477
-10.8065
-10.9648
-11.1226
-11.2801
-11.4372
-11.5937
-11.7498
-11.9055
-12.0608
-12.2156
-12.37
-12.524
-12.6776
-12.8308
-12.9836
-13.1361
-13.2881
-13.4399
-13.5914
-13.7425
-13.8933
-14.0439
-14.194
-14.3439
-14.4935
-14.6428
-14.7918
-14.9406
-15.0892
-15.2374
-15.3855
-15.5333
-15.6809
-15.8282
-15.9754
-16.1224
-16.2693
-16.416
-16.5625
-16.7088
-16.8548
-17.0006
-17.1462
-17.2917
-17.4372
-17.5821
-17.7264
-17.8681
-18.0051
-18.1333
-18.2434
-0.954147
-1.33817
-1.72417
-2.04522
-2.35147
-2.66034
-2.9614
-3.24141
-3.50568
-3.75609
-3.99294
-4.21809
-4.43288
-4.63954
-4.84032
-5.03642
-5.22905
-5.41873
-5.60598
-5.79102
-5.97342
-6.1534
-6.33154
-6.50815
-6.68327
-6.85702
-7.02954
-7.20134
-7.37255
-7.54287
-7.71243
-7.88139
-8.04992
-8.2178
-8.38513
-8.55181
-8.71791
-8.88335
-9.04824
-9.21255
-9.37612
-9.53912
-9.70155
-9.86338
-10.0247
-10.1854
-10.3456
-10.5054
-10.6646
-10.8234
-10.9816
-11.1394
-11.2968
-11.4539
-11.6104
-11.7664
-11.922
-12.0772
-12.232
-12.3864
-12.5403
-12.6939
-12.847
-12.9998
-13.1522
-13.3042
-13.456
-13.6074
-13.7584
-13.9092
-14.0596
-14.2097
-14.3595
-14.509
-14.6583
-14.8072
-14.9559
-15.1044
-15.2526
-15.4006
-15.5483
-15.6958
-15.843
-15.9901
-16.137
-16.2837
-16.4301
-16.5765
-16.7227
-16.8687
-17.0145
-17.1602
-17.3057
-17.4512
-17.5961
-17.7403
-17.8823
-18.0204
-18.1485
-18.2579
-0.93329
-1.35251
-1.73976
-2.06017
-2.36834
-2.67882
-2.98022
-3.25975
-3.52404
-3.77432
-4.01092
-4.23633
-4.45079
-4.65732
-4.8581
-5.05433
-5.24714
-5.43716
-5.62473
-5.81001
-5.99261
-6.17265
-6.35088
-6.52747
-6.70251
-6.87604
-7.04835
-7.22005
-7.39117
-7.56147
-7.73105
-7.90004
-8.06859
-8.23649
-8.40384
-8.57055
-8.73668
-8.90215
-9.06706
-9.23139
-9.39499
-9.55799
-9.72039
-9.88223
-10.0435
-10.2043
-10.3646
-10.5243
-10.6836
-10.8424
-11.0006
-11.1585
-11.3159
-11.473
-11.6295
-11.7856
-11.9413
-12.0966
-12.2514
-12.4058
-12.5598
-12.7134
-12.8666
-13.0194
-13.1718
-13.3239
-13.4757
-13.6271
-13.7783
-13.929
-14.0795
-14.2297
-14.3796
-14.5291
-14.6784
-14.8275
-14.9762
-15.1247
-15.273
-15.421
-15.5688
-15.7164
-15.8637
-16.0108
-16.1578
-16.3046
-16.4512
-16.5977
-16.7439
-16.89
-17.0358
-17.1814
-17.327
-17.4724
-17.6172
-17.7613
-17.9027
-18.0394
-18.1661
-18.2739
-0.918686
-1.36708
-1.752
-2.06972
-2.3787
-2.69096
-2.99288
-3.27186
-3.53633
-3.7866
-4.02308
-4.24811
-4.46239
-4.66881
-4.86947
-5.06559
-5.25828
-5.44819
-5.63564
-5.82074
-6.00303
-6.18266
-6.36068
-6.53707
-6.71199
-6.8854
-7.05751
-7.2291
-7.40013
-7.57036
-7.73985
-7.90875
-8.07722
-8.24504
-8.41231
-8.57895
-8.745
-8.9104
-9.07525
-9.23951
-9.40305
-9.566
-9.72836
-9.89015
-10.0514
-10.2121
-10.3723
-10.532
-10.6913
-10.85
-11.0082
-11.166
-11.3234
-11.4804
-11.6369
-11.793
-11.9486
-12.1038
-12.2586
-12.4129
-12.5669
-12.7204
-12.8736
-13.0264
-13.1788
-13.3308
-13.4825
-13.6339
-13.785
-13.9357
-14.0862
-14.2364
-14.3862
-14.5357
-14.6849
-14.8339
-14.9826
-15.1311
-15.2793
-15.4273
-15.5751
-15.7226
-15.8699
-16.017
-16.1639
-16.3106
-16.4572
-16.6035
-16.7498
-16.8958
-17.0416
-17.1872
-17.3328
-17.4782
-17.623
-17.7672
-17.9089
-18.0464
-18.1734
-18.2819
-0.888213
-1.38191
-1.77561
-2.09387
-2.40305
-2.71581
-3.01849
-3.29652
-3.56129
-3.81168
-4.04806
-4.2729
-4.48697
-4.6931
-4.89349
-5.08938
-5.28189
-5.47165
-5.659
-5.84402
-6.02635
-6.20603
-6.38403
-6.56041
-6.73526
-6.90866
-7.08077
-7.25232
-7.42331
-7.5935
-7.76297
-7.93185
-8.10031
-8.26812
-8.43539
-8.60202
-8.76808
-8.93348
-9.09833
-9.2626
-9.42614
-9.58909
-9.75146
-9.91326
-10.0745
-10.2352
-10.3954
-10.5552
-10.7144
-10.8731
-11.0314
-11.1891
-11.3466
-11.5036
-11.6601
-11.8162
-11.9718
-12.127
-12.2818
-12.4361
-12.5901
-12.7437
-12.8968
-13.0496
-13.202
-13.3541
-13.5058
-13.6572
-13.8083
-13.959
-14.1095
-14.2597
-14.4095
-14.559
-14.7083
-14.8573
-15.006
-15.1545
-15.3027
-15.4507
-15.5985
-15.746
-15.8933
-16.0404
-16.1873
-16.334
-16.4806
-16.627
-16.7733
-16.9193
-17.0651
-17.2107
-17.3563
-17.5017
-17.6465
-17.7906
-17.9322
-18.0693
-18.1961
-18.3041
-18.0762
-18.3397
-19.0761
-19.2008
-18.6591
-17.576
-16.1164
-14.4133
-12.6529
-10.931
-9.33754
-7.90074
-6.63656
-5.53971
-4.59676
-3.78793
-3.0959
-2.50085
-1.9874
-1.54338
-1.15722
-0.818884
-0.521668
-0.259318
-0.0264458
0.181784
0.368086
0.534944
0.684883
0.820181
0.943368
1.05443
1.15337
1.24193
1.32106
1.39142
1.45399
1.50905
1.55746
1.59989
1.6365
1.66771
1.6938
1.71482
1.73088
1.74198
1.7482
1.74954
1.74637
1.73913
1.72784
1.71285
1.69471
1.67394
1.65111
1.62683
1.60153
1.57567
1.54949
1.5231
1.4966
1.47014
1.44366
1.41732
1.39081
1.36401
1.3366
1.30852
1.27975
1.25026
1.22009
1.18956
1.15869
1.12733
1.09545
1.06183
1.0256
0.987466
0.947759
0.910461
0.873532
0.83725
0.800127
0.761888
0.723713
0.68612
0.648436
0.609512
0.568609
0.526158
0.482594
0.439007
0.393671
0.347281
0.299091
0.250011
0.197794
0.147133
0.0809322
0.0427355
-18.1167
-18.2658
-18.9697
-19.1112
-18.5816
-17.5189
-16.0815
-14.3979
-12.6532
-10.9426
-9.35764
-7.92554
-6.66383
-5.56801
-4.62487
-3.81513
-3.12157
-2.52476
-2.00953
-1.5638
-1.17612
-0.836518
-0.538185
-0.274746
-0.0410014
0.167853
0.354607
0.52191
0.672005
0.807323
0.929883
1.04066
1.1397
1.22836
1.30765
1.37814
1.44074
1.49598
1.54449
1.58696
1.62357
1.65474
1.68078
1.70168
1.71759
1.72851
1.73453
1.73566
1.73229
1.72485
1.71337
1.69822
1.67995
1.65909
1.6362
1.6119
1.58662
1.56082
1.53475
1.50855
1.48225
1.456
1.42971
1.40354
1.37716
1.35044
1.32307
1.29504
1.26637
1.23702
1.20701
1.1767
1.14607
1.11502
1.08359
1.05042
1.01458
0.976842
0.937212
0.899579
0.862356
0.825575
0.788026
0.749547
0.7108
0.672677
0.634793
0.595692
0.554708
0.512415
0.468984
0.425883
0.380909
0.33484
0.287158
0.238868
0.187849
0.138646
0.075498
0.0395885
-18.1114
-18.2733
-18.8949
-19.0196
-18.4947
-17.4496
-16.0346
-14.3731
-12.6478
-10.9529
-9.3784
-7.95332
-6.69594
-5.60169
-4.65817
-3.84718
-3.15168
-2.55282
-2.03561
-1.58795
-1.19856
-0.857428
-0.557728
-0.293017
-0.0581856
0.151546
0.338987
0.50706
0.657681
0.793576
0.915562
1.02546
1.12451
1.21334
1.29279
1.36345
1.4261
1.48152
1.53021
1.57277
1.60936
1.6405
1.66646
1.68723
1.70295
1.71365
1.71944
1.72033
1.71671
1.70902
1.69732
1.68197
1.66355
1.64255
1.61958
1.59526
1.57003
1.54433
1.51842
1.49243
1.46636
1.44036
1.4143
1.38831
1.36207
1.33543
1.30811
1.28013
1.25155
1.22237
1.19254
1.16247
1.13214
1.10139
1.07044
1.03782
1.00242
0.965096
0.925736
0.887504
0.850044
0.812687
0.774616
0.735764
0.696633
0.6578
0.619683
0.580384
0.539287
0.497207
0.453921
0.411336
0.366831
0.321106
0.274015
0.226601
0.176952
0.129321
0.0697618
0.036004
-18.137
-18.2933
-18.8328
-18.936
-18.406
-17.374
-15.9797
-14.3433
-12.639
-10.9622
-9.40022
-7.98415
-6.73238
-5.64021
-4.69639
-3.88404
-3.18652
-2.58569
-2.06651
-1.61657
-1.22505
-0.881979
-0.58056
-0.314347
-0.0782034
0.132625
0.320949
0.489876
0.641152
0.777721
0.89951
1.00846
1.10759
1.19665
1.27631
1.34719
1.41003
1.46561
1.51448
1.55712
1.59377
1.62496
1.65075
1.67135
1.68686
1.69731
1.7028
1.7034
1.69948
1.6915
1.67951
1.6639
1.64529
1.62416
1.6011
1.57677
1.55165
1.52606
1.50031
1.47456
1.44877
1.42306
1.39725
1.37146
1.34537
1.31885
1.29159
1.26366
1.23516
1.20616
1.17654
1.14671
1.11679
1.08636
1.05576
1.02386
0.988983
0.952118
0.913133
0.874208
0.836443
0.798448
0.759752
0.720385
0.680993
0.641401
0.602944
0.563428
0.522203
0.480355
0.437263
0.395204
0.3513
0.305959
0.259545
0.213103
0.165008
0.119111
0.0636532
0.0320028
-18.1566
-18.3041
-18.7704
-18.8507
-18.319
-17.2985
-15.9221
-14.3126
-12.6306
-10.9739
-9.42622
-8.02029
-6.77427
-5.68458
-4.74082
-3.92714
-3.22747
-2.62435
-2.10279
-1.65012
-1.25598
-0.910621
-0.607171
-0.339234
-0.101602
0.110438
0.299747
0.469481
0.621417
0.758475
0.880499
0.989266
1.08871
1.17809
1.25804
1.3292
1.39233
1.44812
1.49718
1.5399
1.57664
1.60788
1.6335
1.65393
1.66921
1.67936
1.68449
1.6847
1.68042
1.67206
1.65974
1.64382
1.62498
1.60373
1.5806
1.55627
1.53126
1.5058
1.48023
1.45475
1.42929
1.40389
1.37836
1.35282
1.3269
1.30052
1.27334
1.24548
1.21707
1.18822
1.15883
1.12933
1.09988
1.0699
1.03949
1.0082
0.974092
0.937774
0.899174
0.859722
0.821378
0.782698
0.743268
0.703273
0.663567
0.623421
0.58442
0.544644
0.503284
0.461669
0.418861
0.3773
0.334155
0.289267
0.24362
0.19825
0.15191
0.107935
0.0571198
0.0275368
-18.1742
-18.3122
-18.7045
-18.7564
-18.225
-17.2167
-15.8629
-14.2832
-12.6253
-10.9904
-9.45842
-8.064
-6.8243
-5.73753
-4.794
-3.97874
-3.27636
-2.66994
-2.14512
-1.68924
-1.29212
-0.944171
-0.63842
-0.368509
-0.129184
0.0842306
0.274687
0.445298
0.598035
0.735575
0.858333
0.967723
1.0676
1.15739
1.23773
1.30928
1.37276
1.42887
1.47815
1.52101
1.55784
1.58903
1.61456
1.63481
1.6498
1.6596
1.66429
1.66402
1.65929
1.65051
1.6378
1.62154
1.60242
1.58109
1.55788
1.53352
1.50857
1.48329
1.45797
1.43281
1.40769
1.38264
1.35746
1.3322
1.30649
1.28027
1.2532
1.22542
1.19712
1.1684
1.13925
1.11011
1.08115
1.05175
1.02173
0.99066
0.95754
0.921883
0.883703
0.843928
0.804679
0.76525
0.724973
0.68427
0.644082
0.60371
0.563983
0.523839
0.482336
0.440969
0.398569
0.357428
0.315223
0.27087
0.226083
0.181893
0.137534
0.0956898
0.050116
0.0225453
-18.1903
-18.3164
-18.6344
-18.6528
-18.1214
-17.1263
-15.797
-14.2495
-12.6204
-11.0105
-9.49682
-8.11589
-6.8837
-5.8
-4.85661
-4.03941
-3.33367
-2.72324
-2.19435
-1.73467
-1.33404
-0.983058
-0.674602
-0.402371
-0.161043
0.0539646
0.245817
0.417534
0.571322
0.709571
0.833256
0.943557
1.04395
1.13427
1.21512
1.28717
1.35113
1.40763
1.45722
1.50028
1.53719
1.56834
1.59377
1.61378
1.62843
1.63779
1.64197
1.64115
1.63587
1.62672
1.61359
1.59693
1.57744
1.55586
1.53257
1.50826
1.48337
1.45831
1.43329
1.4085
1.38375
1.35911
1.3343
1.30938
1.28392
1.25789
1.23096
1.20329
1.17511
1.14652
1.11758
1.08881
1.06033
1.03156
1.00213
0.971445
0.939282
0.904273
0.86655
0.826584
0.786211
0.745918
0.704677
0.663204
0.622348
0.581899
0.541606
0.500835
0.459133
0.418107
0.376218
0.3354
0.29426
0.250576
0.20675
0.163865
0.121733
0.0822431
0.0425688
0.0169285
-18.205
-18.3161
-18.5613
-18.5417
-18.0099
-17.0292
-15.7254
-14.211
-12.6128
-11.0298
-9.53659
-8.17089
-6.94784
-5.86658
-4.92337
-4.10474
-3.3961
-2.782
-2.24905
-1.78538
-1.38089
-1.02645
-0.714855
-0.439957
-0.196324
0.0201847
0.213481
0.386455
0.541429
0.680563
0.805211
0.916541
1.01758
1.10857
1.19006
1.26275
1.32727
1.38424
1.4342
1.47751
1.51452
1.54564
1.57093
1.59063
1.60503
1.6139
1.61748
1.61603
1.61009
1.60028
1.58656
1.56949
1.5497
1.52783
1.50444
1.48018
1.45546
1.43066
1.40599
1.38157
1.35724
1.33304
1.30867
1.28414
1.25897
1.23317
1.20642
1.17889
1.15085
1.12234
1.09363
1.06525
1.03725
1.00912
0.980375
0.950517
0.919102
0.884751
0.847536
0.807296
0.765863
0.724532
0.682208
0.63989
0.598294
0.55791
0.516887
0.475444
0.43346
0.392946
0.351579
0.311058
0.270928
0.228167
0.185421
0.143967
0.104316
0.0674029
0.0343204
0.0104975
-18.2188
-18.3124
-18.4866
-18.4247
-17.8913
-16.9263
-15.6493
-14.1667
-12.5994
-11.0436
-9.57234
-8.22346
-7.01089
-5.93517
-4.99388
-4.17438
-3.46291
-2.84508
-2.30802
-1.84039
-1.43214
-1.07434
-0.759665
-0.482078
-0.236072
-0.0176238
0.177389
0.351873
0.508202
0.648427
0.774139
0.886621
0.988466
1.08023
1.16248
1.2359
1.30108
1.35862
1.40902
1.45262
1.48977
1.52086
1.54597
1.56529
1.57911
1.58727
1.59011
1.58799
1.58145
1.57087
1.55655
1.53901
1.51888
1.4968
1.47336
1.44913
1.42462
1.4001
1.3758
1.3518
1.32794
1.30422
1.28035
1.25626
1.23143
1.2059
1.17935
1.15198
1.12404
1.0956
1.06724
1.03931
1.01182
0.984328
0.95636
0.927393
0.896715
0.863083
0.826429
0.785687
0.743463
0.70091
0.657404
0.614151
0.572064
0.531608
0.489336
0.447348
0.405154
0.365222
0.324392
0.284244
0.24492
0.203387
0.161868
0.121957
0.0850417
0.0509033
0.02513
0.00300302
-18.2317
-18.306
-18.412
-18.304
-17.7665
-16.8173
-15.5673
-14.1198
-12.5871
-11.0608
-9.61237
-8.28045
-7.07803
-6.00929
-5.06997
-4.24912
-3.53435
-2.91238
-2.37089
-1.89902
-1.4868
-1.12547
-0.807663
-0.527366
-0.279079
-0.0583729
0.138351
0.314172
0.471663
0.612893
0.739611
0.853202
0.955867
1.04844
1.13151
1.20574
1.27169
1.32991
1.38088
1.42487
1.46222
1.49331
1.51826
1.5372
1.55029
1.55769
1.55969
1.55681
1.54958
1.53833
1.52342
1.50536
1.48485
1.46255
1.43905
1.41489
1.3906
1.36641
1.34253
1.31901
1.29565
1.27247
1.24913
1.22556
1.20106
1.17586
1.14956
1.12222
1.09439
1.0662
1.03828
1.01082
0.983893
0.957078
0.929915
0.901832
0.871933
0.839058
0.802876
0.761669
0.718721
0.67481
0.630032
0.585949
0.543878
0.502125
0.458764
0.416282
0.374141
0.334495
0.294395
0.254742
0.216048
0.17596
0.135827
0.0975306
0.0635812
0.0323435
0.0146115
-0.00596695
-18.244
-18.2992
-18.3468
-18.1947
-17.6518
-16.7179
-15.493
-14.0804
-12.5811
-11.0827
-9.65577
-8.33936
-7.14634
-6.08211
-5.14346
-4.32103
-3.60324
-2.97759
-2.43219
-1.95653
-1.54075
-1.17618
-0.855492
-0.572654
-0.322224
-0.0996317
0.0987033
0.275854
0.434419
0.576537
0.704109
0.818616
0.921969
1.01524
1.09902
1.17396
1.2406
1.29947
1.351
1.39538
1.43295
1.46404
1.4888
1.50738
1.51991
1.52657
1.52775
1.52407
1.51609
1.50413
1.48861
1.47002
1.44914
1.42666
1.40315
1.3791
1.3551
1.3313
1.30789
1.28475
1.26205
1.23944
1.21659
1.19358
1.16943
1.14438
1.1183
1.0911
1.06347
1.03569
1.00817
0.98123
0.954923
0.928803
0.902427
0.875197
0.846059
0.813962
0.77794
0.736557
0.692722
0.647418
0.601429
0.557408
0.514278
0.470613
0.42664
0.383642
0.341876
0.302182
0.262992
0.22395
0.185778
0.147134
0.108454
0.0717012
0.0405761
0.0122922
0.00285967
-0.0165604
-18.2563
-18.2956
-18.2992
-18.1114
-17.5631
-16.6421
-15.4383
-14.0518
-12.5781
-11.1018
-9.69237
-8.38906
-7.20424
-6.14419
-5.20683
-4.38371
-3.66375
-3.03514
-2.48654
-2.00776
-1.58909
-1.22188
-0.89887
-0.614038
-0.361959
-0.137951
0.0616999
0.240004
0.399497
0.54239
0.670692
0.785954
0.889921
0.98403
1.06875
1.1444
1.21163
1.271
1.3229
1.36753
1.40518
1.43618
1.46068
1.47887
1.49085
1.49678
1.49716
1.49272
1.48405
1.47147
1.45541
1.4364
1.41527
1.39271
1.36926
1.3454
1.32174
1.29837
1.27544
1.25282
1.23061
1.20855
1.18607
1.16329
1.13965
1.11474
1.08878
1.06187
1.0345
1.00704
0.979932
0.953556
0.927886
0.902425
0.876779
0.850311
0.821839
0.790406
0.754414
0.712712
0.667905
0.621303
0.575091
0.530465
0.485276
0.440394
0.395969
0.352605
0.311165
0.271649
0.233244
0.19487
0.157133
0.119702
0.0823407
0.0468959
0.0180943
-0.00764458
-0.0092932
-0.0281032
-18.2688
-18.2959
-18.2683
-18.0539
-17.5006
-16.589
-15.4006
-14.0331
-12.5788
-11.1196
-9.72399
-8.43083
-7.25244
-6.19568
-5.25938
-4.43569
-3.71406
-3.08315
-2.53206
-2.05088
-1.62998
-1.26072
-0.935925
-0.649552
-0.39616
-0.171073
0.0294488
0.20849
0.368589
0.51198
0.640768
0.756528
0.860891
0.955605
1.0411
1.11734
1.1852
1.24515
1.29738
1.34218
1.37986
1.41073
1.43497
1.45279
1.46427
1.46955
1.46922
1.46413
1.4549
1.44181
1.42533
1.40606
1.38483
1.36231
1.33902
1.31539
1.2921
1.26917
1.24672
1.22457
1.20281
1.18089
1.15896
1.13634
1.11312
1.08843
1.06263
1.03591
1.00876
0.981614
0.954939
0.929122
0.904071
0.879228
0.854252
0.828445
0.800595
0.76949
0.733436
0.691089
0.645219
0.597804
0.551921
0.50513
0.458515
0.412838
0.36803
0.324615
0.283447
0.244348
0.206524
0.168797
0.131441
0.0949288
0.0586052
0.0241919
-0.0025914
-0.0266834
-0.0213161
-0.039654
-18.2818
-18.2998
-18.2503
-18.0163
-17.459
-16.5543
-15.3773
-14.0237
-12.5838
-11.1376
-9.75235
-8.46665
-7.2931
-6.23881
-5.30323
-4.47902
-3.75608
-3.12337
-2.57035
-2.08738
-1.6648
-1.29402
-0.967881
-0.680367
-0.42598
-0.200056
0.0011656
0.180798
0.341403
0.485222
0.614412
0.73056
0.835267
0.930285
1.01607
1.09271
1.16112
1.22156
1.27405
1.31895
1.3566
1.38732
1.41131
1.42877
1.4398
1.4445
1.44357
1.43795
1.42825
1.41478
1.39804
1.37867
1.35745
1.33507
1.31204
1.28875
1.26583
1.24335
1.22137
1.19954
1.17801
1.15635
1.13497
1.11272
1.08968
1.06516
1.03949
1.01293
0.986011
0.959182
0.932933
0.907665
0.883225
0.858973
0.834614
0.809357
0.782056
0.750984
0.714544
0.671206
0.624297
0.577273
0.530026
0.481329
0.433884
0.387581
0.34264
0.299357
0.258545
0.219924
0.182538
0.145351
0.108431
0.072531
0.0369309
0.00335309
-0.0217425
-0.0448393
-0.0334135
-0.0510668
-18.2952
-18.3067
-18.2418
-17.9938
-17.4337
-16.5342
-15.3656
-14.0223
-12.593
-11.1564
-9.77879
-8.49841
-7.32831
-6.27572
-5.34054
-4.51579
-3.79175
-3.15759
-2.60305
-2.11871
-1.69486
-1.32291
-0.995771
-0.707422
-0.452307
-0.225765
-0.023992
0.156112
0.317198
0.461498
0.591061
0.707547
0.81257
0.90784
0.993846
1.07079
1.13952
1.20017
1.25277
1.29769
1.33525
1.36577
1.3895
1.40662
1.41722
1.42143
1.41999
1.41394
1.4039
1.39019
1.37337
1.35402
1.33291
1.3107
1.28794
1.26509
1.24263
1.22062
1.19883
1.17739
1.15612
1.13502
1.11396
1.09196
1.06906
1.04468
1.01913
0.992735
0.966034
0.939512
0.913674
0.888942
0.865098
0.841412
0.817596
0.79273
0.765652
0.734386
0.697201
0.652619
0.605803
0.558119
0.508914
0.459197
0.411197
0.364538
0.319653
0.276671
0.236208
0.198035
0.160988
0.124206
0.0877718
0.0522038
0.0171368
-0.0158982
-0.0396586
-0.0621629
-0.0460085
-0.0624974
-18.3088
-18.3158
-18.2404
-17.983
-17.4211
-16.5256
-15.3632
-14.0274
-12.6058
-11.1761
-9.80401
-8.52729
-7.35941
-6.3078
-5.37271
-4.54739
-3.82241
-3.18706
-2.6313
-2.14588
-1.72101
-1.34808
-1.02001
-0.730928
-0.475223
-0.248205
-0.0460394
0.134369
0.295766
0.440439
0.570304
0.687094
0.792401
0.887891
0.974096
1.05125
1.1201
1.18082
1.23344
1.27827
1.31567
1.34595
1.36937
1.38615
1.39637
1.40017
1.39835
1.39199
1.38177
1.36803
1.35129
1.3321
1.31122
1.28926
1.26654
1.24379
1.22232
1.20054
1.17899
1.15802
1.13718
1.11642
1.09558
1.07379
1.05101
1.02674
1.0013
0.975051
0.948552
0.92231
0.896852
0.872628
0.849356
0.826206
0.802879
0.778271
0.750908
0.719001
0.680826
0.635816
0.588715
0.539402
0.489108
0.438834
0.390497
0.343807
0.299137
0.256495
0.216322
0.178492
0.141678
0.105214
0.069168
0.0337532
-0.000895607
-0.0336646
-0.0564281
-0.0787288
-0.0591253
-0.0739322
-18.3223
-18.3265
-18.2444
-17.9808
-17.4181
-16.5258
-15.368
-14.0375
-12.6212
-11.1964
-9.82814
-8.55386
-7.38734
-6.33624
-5.401
-4.57507
-3.84922
-3.21283
-2.65599
-2.16964
-1.74388
-1.37007
-1.04107
-0.751173
-0.494738
-0.267021
-0.0641909
0.116771
0.278551
0.423486
0.553425
0.67014
0.775293
0.870627
0.956726
1.03381
1.10257
1.16319
1.21568
1.26033
1.29747
1.32747
1.35056
1.367
1.3769
1.38039
1.37832
1.37181
1.3616
1.34798
1.33146
1.31261
1.29225
1.27116
1.24986
1.22772
1.20498
1.18303
1.16179
1.14108
1.12049
1.09996
1.07928
1.05766
1.03496
1.01078
0.985416
0.959289
0.932956
0.906944
0.881802
0.858003
0.835214
0.81252
0.789723
0.765564
0.73799
0.704619
0.664984
0.620623
0.571815
0.521422
0.470616
0.420052
0.371716
0.32532
0.281052
0.238898
0.199153
0.161735
0.125157
0.0889167
0.0529976
0.0175594
-0.0169525
-0.0496761
-0.0719173
-0.0943543
-0.0724456
-0.0855564
-18.3372
-18.3393
-18.2526
-17.9852
-17.4222
-16.5322
-15.3777
-14.0508
-12.6379
-11.2162
-9.85052
-8.57769
-7.41193
-6.36099
-5.42548
-4.59898
-3.87245
-3.2353
-2.67775
-2.1909
-1.76477
-1.39072
-1.06161
-0.771685
-0.515323
-0.287777
-0.0851225
0.0958524
0.257643
0.402689
0.532983
0.650236
0.755946
0.851796
0.938381
1.0159
1.08497
1.14578
1.19833
1.24293
1.27993
1.30972
1.33256
1.34874
1.35841
1.36167
1.35939
1.35277
1.34246
1.32878
1.31217
1.29316
1.27247
1.25072
1.22812
1.20709
1.18578
1.16484
1.14427
1.12407
1.10392
1.08375
1.06334
1.04193
1.01938
0.995327
0.970083
0.944093
0.917915
0.892077
0.867119
0.843487
0.820672
0.797701
0.774167
0.749399
0.720851
0.687918
0.648681
0.604027
0.554135
0.503237
0.452068
0.401282
0.352875
0.306483
0.262195
0.220036
0.180259
0.142878
0.106425
0.0703088
0.0345875
-0.000745432
-0.0349146
-0.0675235
-0.0891169
-0.111532
-0.0877435
-0.0989287
-18.3454
-18.3473
-18.2594
-17.9912
-17.4293
-16.5415
-15.3895
-14.065
-12.6542
-11.2344
-9.86991
-8.59733
-7.43134
-6.37976
-5.44327
-4.61558
-3.88777
-3.24928
-2.69046
-2.20251
-1.77534
-1.4003
-1.07031
-0.779727
-0.52276
-0.294651
-0.0915945
0.0895207
0.251465
0.396593
0.526865
0.643761
0.748993
0.844456
0.930607
1.00768
1.07629
1.13666
1.18879
1.23297
1.26959
1.29906
1.32165
1.33766
1.34726
1.35057
1.34848
1.34216
1.33226
1.31905
1.30299
1.28462
1.26476
1.24396
1.22261
1.20097
1.17925
1.15813
1.13736
1.11709
1.09691
1.07673
1.05629
1.03484
1.01224
0.988146
0.962872
0.936882
0.910746
0.885014
0.860254
0.836961
0.814842
0.792197
0.768585
0.744038
0.714365
0.679947
0.640389
0.594621
0.544408
0.493333
0.442258
0.391813
0.343816
0.297861
0.253991
0.21221
0.172741
0.135561
0.0991845
0.0630658
0.0273029
-0.00813921
-0.0424259
-0.0751766
-0.0968811
-0.119503
-0.0956051
-0.103567
-18.3674
-18.369
-18.2804
-18.0122
-17.4517
-16.566
-15.4158
-14.0928
-12.683
-11.264
-9.89964
-8.6266
-7.46003
-6.40769
-5.47035
-4.64183
-3.91329
-3.27416
-2.71481
-2.22655
-1.79913
-1.4239
-1.09384
-0.803172
-0.546203
-0.318152
-0.115131
0.0660209
0.22797
0.373068
0.503313
0.620293
0.725746
0.821218
0.90746
0.984583
1.05319
1.11349
1.16552
1.20958
1.24607
1.27544
1.29795
1.31389
1.32349
1.32685
1.32486
1.31867
1.3089
1.29577
1.27976
1.2614
1.24142
1.22051
1.19894
1.17763
1.15622
1.13523
1.11479
1.09472
1.07473
1.05471
1.03441
1.01308
0.990591
0.966577
0.94138
0.915453
0.88935
0.863613
0.838777
0.815282
0.792583
0.769931
0.745995
0.72082
0.691248
0.656755
0.616945
0.571128
0.520871
0.469798
0.418804
0.368454
0.320492
0.274571
0.230704
0.188937
0.149461
0.112284
0.075949
0.0398421
0.00414933
-0.0312805
-0.065466
-0.0981964
-0.119785
-0.142317
-0.118138
-0.131582
-18.315
-18.3021
-18.3419
-18.3296
-18.3099
-18.2845
-18.2546
-18.2231
-18.1929
-18.1654
-18.1414
-18.1213
-18.1058
-18.0973
-18.0969
-18.0887
-18.8045
-18.7819
-18.785
-18.7957
-18.7873
-18.7636
-18.7337
-18.702
-18.671
-18.6424
-18.6177
-18.5977
-18.5822
-18.5706
-18.563
-18.5479
-19.2558
-19.3236
-19.4118
-19.4452
-19.4447
-19.4251
-19.3961
-19.3647
-19.3349
-19.3086
-19.2866
-19.2698
-19.2587
-19.2528
-19.2475
-19.2356
-19.3259
-19.4179
-19.4681
-19.4932
-19.5004
-19.4883
-19.4632
-19.4339
-19.4058
-19.3813
-19.3614
-19.3462
-19.3358
-19.3298
-19.325
-19.3122
-18.7575
-18.8186
-18.8545
-18.883
-18.8933
-18.8855
-18.8657
-18.8396
-18.813
-18.7872
-18.763
-18.7413
-18.7227
-18.7079
-18.6969
-18.6781
-17.6433
-17.689
-17.7243
-17.7515
-17.7624
-17.7572
-17.7395
-17.7143
-17.6868
-17.6588
-17.6313
-17.6047
-17.5795
-17.5569
-17.5386
-17.5143
-16.1553
-16.186
-16.2123
-16.232
-16.2407
-16.2365
-16.2199
-16.1954
-16.1673
-16.1371
-16.105
-16.0711
-16.0363
-16.0022
-15.9718
-15.9413
-14.4285
-14.4451
-14.4602
-14.4711
-14.4752
-14.4696
-14.4524
-14.4274
-14.3983
-14.3658
-14.33
-14.291
-14.2493
-14.2073
-14.1695
-14.135
-12.6501
-12.6507
-12.6534
-12.6557
-12.6555
-12.6476
-12.6291
-12.6031
-12.5729
-12.5388
-12.5005
-12.4578
-12.4114
-12.364
-12.321
-12.2834
-10.9147
-10.9007
-10.892
-10.8865
-10.8814
-10.8699
-10.8488
-10.8216
-10.7905
-10.7553
-10.7156
-10.6711
-10.6225
-10.5726
-10.5272
-10.4882
-9.31052
-9.28482
-9.26739
-9.25598
-9.24655
-9.23151
-9.20818
-9.17984
-9.14812
-9.11247
-9.07223
-9.02719
-8.97804
-8.92761
-8.88177
-8.84252
-7.86748
-7.83369
-7.80963
-7.79331
-7.77979
-7.76109
-7.73545
-7.70612
-7.67397
-7.63825
-7.59826
-7.55382
-7.5056
-7.45635
-7.41162
-7.3731
-6.60023
-6.56245
-6.53499
-6.51578
-6.49887
-6.47689
-6.44953
-6.41974
-6.38763
-6.35231
-6.31315
-6.27
-6.22354
-6.17637
-6.13357
-6.0963
-5.50198
-5.46245
-5.43347
-5.41206
-5.39101
-5.36536
-5.33673
-5.30684
-5.27504
-5.24043
-5.20248
-5.16109
-5.11693
-5.07241
-5.03209
-4.99641
-4.55904
-4.51966
-4.49067
-4.46788
-4.44371
-4.4158
-4.38672
-4.35694
-4.32557
-4.29179
-4.25519
-4.21571
-4.17402
-4.13239
-4.09484
-4.06109
-3.75125
-3.71282
-3.68409
-3.66036
-3.63472
-3.60613
-3.57708
-3.54759
-3.51678
-3.48396
-3.44882
-3.41134
-3.37221
-3.33356
-3.2989
-3.26714
-3.06113
-3.0245
-2.99626
-2.97071
-2.94318
-2.91448
-2.88603
-2.85727
-2.82736
-2.79579
-2.76229
-2.7269
-2.69031
-2.65452
-2.62256
-2.59256
-2.46838
-2.43409
-2.40651
-2.3792
-2.35022
-2.32166
-2.29373
-2.2656
-2.23656
-2.20617
-2.17425
-2.14083
-2.1066
-2.0734
-2.0439
-2.01546
-1.95725
-1.92486
-1.89784
-1.87045
-1.84168
-1.81361
-1.78617
-1.75861
-1.73034
-1.70104
-1.67054
-1.63892
-1.60682
-1.57597
-1.5487
-1.52165
-1.51557
-1.48467
-1.45708
-1.42901
-1.40073
-1.37343
-1.34671
-1.31991
-1.29256
-1.2644
-1.23531
-1.20539
-1.17525
-1.14654
-1.12129
-1.09545
-1.13157
-1.10212
-1.07379
-1.04493
-1.01711
-0.990513
-0.964462
-0.938386
-0.911917
-0.884835
-0.857055
-0.828675
-0.800276
-0.773409
-0.749928
-0.725109
-0.794888
-0.766351
-0.738252
-0.709771
-0.682538
-0.656453
-0.630905
-0.60542
-0.579692
-0.55354
-0.526897
-0.49986
-0.472975
-0.447711
-0.425781
-0.401826
-0.499017
-0.470833
-0.442854
-0.414931
-0.388296
-0.362719
-0.337668
-0.312753
-0.287719
-0.26242
-0.236805
-0.21097
-0.185427
-0.16157
-0.141018
-0.117806
-0.237871
-0.209318
-0.181013
-0.153707
-0.127777
-0.102788
-0.0782925
-0.053978
-0.0296359
-0.00514795
0.0195176
0.04427
0.0686271
0.0912407
0.110512
0.133288
-0.00599817
0.022635
0.0510668
0.077924
0.103366
0.127913
0.151953
0.175749
0.199481
0.223246
0.247067
0.270862
0.294182
0.315719
0.333845
0.356295
0.201581
0.229717
0.257623
0.284005
0.309075
0.333284
0.356958
0.380324
0.403538
0.426683
0.449774
0.47274
0.495166
0.5158
0.532983
0.554981
0.387466
0.415209
0.442673
0.468665
0.493405
0.517299
0.540631
0.563601
0.586345
0.608932
0.631372
0.653601
0.675242
0.695092
0.711458
0.733056
0.554344
0.582239
0.609228
0.634735
0.659098
0.68266
0.705653
0.728247
0.750557
0.772641
0.794501
0.81608
0.837032
0.856204
0.87184
0.8931
0.70458
0.73276
0.759408
0.784523
0.808551
0.831796
0.854457
0.876685
0.898583
0.920198
0.941528
0.962524
0.982867
1.00145
1.01644
1.03741
0.840114
0.867933
0.89421
0.919085
0.942919
0.965958
0.988381
1.01033
1.0319
1.05312
1.07401
1.09451
1.11433
1.13241
1.14683
1.16757
0.963606
0.990765
1.01651
1.04103
1.06458
1.08735
1.1095
1.13116
1.1524
1.17325
1.19372
1.21377
1.23313
1.25077
1.26468
1.28521
1.0746
1.10134
1.12672
1.15094
1.17422
1.19673
1.21862
1.23999
1.26093
1.28146
1.30157
1.32122
1.34018
1.35744
1.37092
1.39128
1.17339
1.19993
1.22515
1.24922
1.27235
1.29469
1.3164
1.33757
1.35828
1.37854
1.39835
1.41767
1.43629
1.45324
1.46634
1.48656
1.26181
1.28816
1.31324
1.3372
1.36022
1.38244
1.404
1.42501
1.44552
1.46555
1.48509
1.50413
1.52246
1.53915
1.55192
1.57202
1.34075
1.36693
1.39189
1.41575
1.43867
1.46079
1.48223
1.50309
1.52343
1.54326
1.56258
1.58137
1.59944
1.61591
1.62839
1.6484
1.41096
1.43697
1.4618
1.48556
1.50839
1.53042
1.55175
1.57249
1.59269
1.61235
1.63148
1.65005
1.66791
1.68419
1.69642
1.71635
1.47337
1.49917
1.52384
1.54748
1.57022
1.59215
1.6134
1.63403
1.65409
1.67362
1.69258
1.71097
1.72865
1.74477
1.7568
1.77667
1.52828
1.55395
1.57853
1.60208
1.62474
1.6466
1.66777
1.68831
1.70829
1.7277
1.74654
1.76479
1.78233
1.79834
1.81022
1.83004
1.5766
1.60218
1.62669
1.6502
1.6728
1.69462
1.71573
1.73621
1.75612
1.77545
1.7942
1.81236
1.8298
1.84574
1.85749
1.87728
1.61897
1.64452
1.66901
1.69251
1.71512
1.73693
1.75803
1.77849
1.79836
1.81765
1.83635
1.85445
1.87183
1.88771
1.89937
1.91913
1.65559
1.68116
1.70569
1.72923
1.75187
1.77371
1.79484
1.81531
1.83519
1.85447
1.87315
1.89122
1.90856
1.92441
1.93601
1.95575
1.68685
1.71248
1.73708
1.76068
1.78338
1.80527
1.82643
1.84694
1.86684
1.88614
1.90482
1.92289
1.94021
1.95605
1.96759
1.98732
1.71303
1.73878
1.76348
1.78718
1.80996
1.83191
1.85314
1.87369
1.89363
1.91296
1.93166
1.94973
1.96705
1.98289
1.99438
2.0141
1.73421
1.76015
1.785
1.80882
1.83171
1.85376
1.87505
1.89567
1.91566
1.93503
1.95376
1.97185
1.98917
2.005
2.01645
2.03615
1.75047
1.77665
1.80169
1.82567
1.84868
1.87083
1.89221
1.9129
1.93294
1.95236
1.97112
1.98922
2.00655
2.02238
2.03376
2.05344
1.76182
1.78827
1.81353
1.83769
1.86084
1.88311
1.90458
1.92535
1.94545
1.9649
1.98369
2.0018
2.01911
2.03493
2.04623
2.06589
1.76831
1.79506
1.82056
1.84491
1.86822
1.8906
1.91217
1.93299
1.95314
1.97262
1.99142
2.00951
2.02679
2.04257
2.05375
2.07338
1.76992
1.79699
1.82275
1.84729
1.87076
1.89326
1.91492
1.93581
1.956
1.9755
1.99429
2.01234
2.02956
2.04529
2.05631
2.07589
1.76703
1.79442
1.82042
1.84516
1.86877
1.89139
1.91312
1.93406
1.95426
1.97375
1.9925
2.01047
2.02758
2.04324
2.05405
2.07358
1.76007
1.78776
1.814
1.83891
1.86264
1.88534
1.90711
1.92806
1.94824
1.96768
1.98634
2.00419
2.02117
2.03672
2.04729
2.06675
1.74903
1.777
1.80345
1.82852
1.85235
1.87511
1.89691
1.91784
1.93798
1.95734
1.97589
1.99359
2.0104
2.02583
2.03612
2.05551
1.73427
1.76249
1.78912
1.81432
1.83824
1.86104
1.88284
1.90374
1.92381
1.94305
1.96145
1.97896
1.99556
2.01087
2.02081
2.04013
1.71631
1.74471
1.77149
1.79678
1.82075
1.84356
1.86533
1.88617
1.90613
1.92523
1.94345
1.96073
1.97708
1.99225
2.0018
2.02104
1.69565
1.72418
1.75104
1.77637
1.80036
1.82314
1.84485
1.86559
1.88541
1.90434
1.92234
1.93935
1.95542
1.97047
1.97955
1.99872
1.67288
1.70147
1.72834
1.75367
1.77761
1.80032
1.82192
1.8425
1.86214
1.88084
1.89855
1.91524
1.93098
1.94591
1.95448
1.97359
1.64862
1.67719
1.70404
1.72931
1.75318
1.77577
1.79723
1.81763
1.83703
1.85547
1.87288
1.8892
1.90456
1.91943
1.92742
1.94651
1.6233
1.65182
1.6786
1.70379
1.72756
1.75004
1.77134
1.79156
1.81075
1.82894
1.84605
1.86202
1.87699
1.89192
1.89923
1.91829
1.59736
1.62577
1.65243
1.67751
1.70116
1.7235
1.74464
1.76466
1.78363
1.80156
1.8184
1.83401
1.8485
1.86376
1.87022
1.88955
1.57102
1.59923
1.62572
1.65063
1.6741
1.69625
1.71718
1.73696
1.75566
1.77331
1.7899
1.80517
1.81884
1.83466
1.8402
1.85946
1.54442
1.57238
1.59863
1.6233
1.64655
1.66846
1.68914
1.70865
1.72705
1.74436
1.76066
1.77593
1.78857
1.80443
1.81003
1.8293
1.51767
1.54532
1.57128
1.59571
1.61871
1.64038
1.66081
1.68006
1.69818
1.71519
1.73109
1.74584
1.75922
1.77352
1.78004
1.79862
1.49093
1.51828
1.54398
1.56814
1.59089
1.61231
1.63248
1.65146
1.66931
1.68603
1.70159
1.71592
1.72929
1.74312
1.74955
1.76794
1.46419
1.49125
1.51671
1.54064
1.56316
1.58436
1.60431
1.62306
1.64066
1.6571
1.67237
1.68663
1.69995
1.71323
1.71969
1.73785
1.4376
1.46439
1.48963
1.51337
1.5357
1.55671
1.57647
1.59503
1.61241
1.62865
1.64393
1.65808
1.67113
1.68406
1.69051
1.70848
1.4109
1.43745
1.46251
1.4861
1.50829
1.52917
1.54879
1.56721
1.5845
1.6008
1.61596
1.62981
1.64265
1.65531
1.6617
1.67952
1.38396
1.41026
1.43515
1.45863
1.48073
1.50152
1.52106
1.53947
1.55681
1.57294
1.58779
1.60141
1.61408
1.62648
1.63281
1.6505
1.35648
1.38266
1.40737
1.43072
1.45274
1.47348
1.49302
1.51137
1.52847
1.54431
1.55894
1.57235
1.5848
1.59695
1.60316
1.62077
1.32834
1.35446
1.37908
1.40228
1.42415
1.44476
1.46408
1.48215
1.499
1.51462
1.529
1.54215
1.55434
1.56625
1.57234
1.58991
1.29944
1.32537
1.34981
1.37281
1.39445
1.41479
1.43385
1.45167
1.46824
1.48355
1.49759
1.51038
1.52227
1.53401
1.53996
1.55757
1.26973
1.29536
1.3195
1.34221
1.36356
1.3836
1.40236
1.41984
1.43601
1.45089
1.46449
1.47688
1.48846
1.50012
1.50593
1.52369
1.23929
1.26456
1.28835
1.31073
1.33176
1.35145
1.36981
1.38682
1.40248
1.41684
1.42995
1.44195
1.45327
1.465
1.4707
1.48868
1.20845
1.2333
1.25671
1.27873
1.29936
1.3186
1.33643
1.35287
1.36795
1.38178
1.39448
1.40617
1.41731
1.42932
1.43485
1.45321
1.17721
1.20159
1.22455
1.24607
1.26617
1.28481
1.302
1.31781
1.33233
1.34571
1.3581
1.36963
1.38067
1.39319
1.39859
1.41716
1.1454
1.16918
1.19153
1.21242
1.23183
1.24978
1.26633
1.28156
1.29563
1.30871
1.32097
1.33248
1.34337
1.35691
1.3615
1.3806
1.11289
1.13584
1.15736
1.17744
1.19609
1.21337
1.22936
1.24415
1.25793
1.27092
1.28332
1.29507
1.30562
1.32004
1.32438
1.34379
1.0786
1.10064
1.12132
1.14065
1.15865
1.17536
1.19092
1.20553
1.21927
1.23233
1.24495
1.25724
1.26793
1.28261
1.28772
1.30692
1.04176
1.06301
1.08296
1.10162
1.11913
1.13567
1.15124
1.16595
1.17996
1.19335
1.20624
1.21873
1.2305
1.24423
1.25004
1.26908
1.00307
1.02357
1.04306
1.06164
1.0792
1.09578
1.11154
1.12658
1.14097
1.1548
1.16815
1.18101
1.19311
1.20654
1.21291
1.23184
0.963487
0.984325
1.00406
1.02274
1.04055
1.05755
1.07381
1.0894
1.10439
1.11883
1.13243
1.14513
1.15742
1.17101
1.17764
1.19655
0.926447
0.947461
0.967502
0.986666
1.00501
1.02258
1.03943
1.05554
1.07058
1.08467
1.09838
1.11168
1.12449
1.13816
1.14499
1.16389
0.890048
0.91188
0.9327
0.952584
0.971536
0.989439
1.00607
1.02174
1.0371
1.05211
1.06652
1.08024
1.09337
1.1072
1.11411
1.13302
0.854453
0.877091
0.898469
0.918455
0.937101
0.954881
0.972277
0.989186
1.00541
1.02097
1.03581
1.04987
1.06325
1.07728
1.08416
1.10306
0.817854
0.840789
0.862246
0.882791
0.902701
0.921856
0.940179
0.957711
0.974479
0.990512
1.00577
1.02012
1.03365
1.0479
1.0546
1.07351
0.779947
0.803864
0.82677
0.848627
0.869428
0.889234
0.908128
0.926175
0.943412
0.95984
0.975393
0.989924
1.00344
1.01795
1.0243
1.0432
0.742799
0.767997
0.791833
0.814398
0.835818
0.856197
0.875614
0.894113
0.911716
0.928429
0.944184
0.958766
0.972037
0.986898
0.992673
1.01182
0.705856
0.731762
0.756197
0.779298
0.801189
0.82197
0.841721
0.860498
0.878307
0.895132
0.910947
0.925521
0.938209
0.953698
0.958625
0.977819
0.668461
0.694776
0.719596
0.743066
0.765316
0.786434
0.806445
0.825351
0.84315
0.859834
0.87548
0.890169
0.901744
0.918123
0.922403
0.941819
0.629795
0.656485
0.681642
0.70534
0.727683
0.748788
0.768741
0.78756
0.805222
0.8217
0.83702
0.851541
0.863411
0.878468
0.883561
0.902591
0.588971
0.615712
0.640901
0.664677
0.687102
0.708206
0.728019
0.746583
0.763927
0.780073
0.795017
0.808721
0.821143
0.835659
0.840906
0.859775
0.546339
0.572899
0.597878
0.621371
0.643476
0.664268
0.683792
0.702071
0.719113
0.734955
0.74975
0.763616
0.776149
0.790059
0.795505
0.814253
0.502563
0.528823
0.553506
0.576688
0.598442
0.618832
0.637907
0.655703
0.672279
0.687944
0.702677
0.716175
0.728413
0.742157
0.747629
0.766332
0.458255
0.483627
0.507567
0.530152
0.551437
0.571451
0.590221
0.607809
0.624476
0.640061
0.654422
0.667668
0.679839
0.693555
0.699068
0.717787
0.412457
0.437299
0.460766
0.48289
0.503698
0.523236
0.541681
0.559164
0.575463
0.590561
0.604649
0.617731
0.629732
0.643514
0.648905
0.667692
0.365582
0.389776
0.412648
0.434244
0.454614
0.473905
0.492089
0.50908
0.524974
0.539898
0.553922
0.566981
0.578902
0.592915
0.598178
0.617054
0.316683
0.340004
0.362112
0.38305
0.40287
0.421548
0.439115
0.455654
0.471244
0.485951
0.49983
0.5128
0.524472
0.538832
0.543859
0.562859
0.266453
0.288367
0.309267
0.329179
0.348133
0.366141
0.383209
0.399379
0.414695
0.429208
0.442992
0.455967
0.467075
0.482071
0.48645
0.505634
0.212543
0.232258
0.251145
0.269232
0.286532
0.30306
0.318891
0.334187
0.348979
0.363176
0.376793
0.390621
0.400747
0.417139
0.421294
0.440747
0.159668
0.176733
0.193343
0.209489
0.22518
0.240411
0.255122
0.269199
0.282627
0.295465
0.307756
0.319692
0.330551
0.343839
0.349319
0.368192
0.089287
0.100664
0.111878
0.122999
0.134052
0.145063
0.156049
0.166998
0.1779
0.188753
0.199528
0.210175
0.220519
0.232722
0.238514
0.256828
0.0472363
0.0539581
0.0610903
0.0685695
0.0763603
0.0844327
0.0927589
0.101313
0.110069
0.119005
0.128105
0.137336
0.146692
0.156572
0.16505
0.177387
)
;

boundaryField
{
    frontAndBack
    {
        type            empty;
    }
    inlet
    {
        type            zeroGradient;
    }
    outlet
    {
        type            fixedValue;
        value           uniform 0;
    }
    walls
    {
        type            zeroGradient;
    }
}


// ************************************************************************* //
