/*--------------------------------*- C++ -*----------------------------------*\
| =========                 |                                                 |
| \\      /  F ield         | OpenFOAM: The Open Source CFD Toolbox           |
|  \\    /   O peration     | Version:  v2012                                 |
|   \\  /    A nd           | Website:  www.openfoam.com                      |
|    \\/     M anipulation  |                                                 |
\*---------------------------------------------------------------------------*/
FoamFile
{
    version     2.0;
    format      ascii;
    class       volScalarField;
    location    "0.265";
    object      p;
}
// * * * * * * * * * * * * * * * * * * * * * * * * * * * * * * * * * * * * * //

dimensions      [0 2 -2 0 0 0 0];


internalField   nonuniform List<scalar> 
5600
(
-0.518048
-0.976218
-1.35652
-1.67518
-1.98609
-2.29625
-2.59765
-2.87924
-3.14256
-3.39253
-3.62911
-3.85386
-4.06816
-4.27469
-4.4747
-4.67075
-4.86283
-5.05271
-5.23981
-5.4246
-5.60762
-5.78776
-5.96565
-6.14185
-6.3167
-6.49028
-6.6625
-6.83375
-7.00459
-7.17475
-7.34461
-7.51343
-7.6817
-7.84938
-8.01664
-8.18331
-8.34924
-8.51473
-8.67959
-8.84377
-9.00744
-9.17043
-9.33287
-9.49456
-9.65581
-9.81652
-9.97675
-10.1364
-10.2956
-10.4544
-10.6128
-10.7705
-10.9279
-11.0848
-11.2413
-11.3973
-11.5531
-11.7083
-11.863
-12.0173
-12.1713
-12.3249
-12.4781
-12.6309
-12.7833
-12.9354
-13.0872
-13.2385
-13.3896
-13.5403
-13.6907
-13.8408
-13.9907
-14.1403
-14.2894
-14.4385
-14.5872
-14.7357
-14.8839
-15.0319
-15.1796
-15.3272
-15.4745
-15.6217
-15.7686
-15.9154
-16.0619
-16.2084
-16.3546
-16.5005
-16.6462
-16.7917
-16.9377
-17.0835
-17.2299
-17.3765
-17.5255
-17.6782
-17.8336
-18.0681
-0.577083
-0.996401
-1.37313
-1.69301
-2.00406
-2.31458
-2.61591
-2.89774
-3.16144
-3.41144
-3.64826
-3.8733
-4.08795
-4.29484
-4.49521
-4.69158
-4.88396
-5.07407
-5.26136
-5.44621
-5.62944
-5.80968
-5.98763
-6.16394
-6.33894
-6.51264
-6.68496
-6.85629
-7.02723
-7.19748
-7.36743
-7.53632
-7.7046
-7.87232
-8.03961
-8.20632
-8.37228
-8.5378
-8.7027
-8.8669
-9.03061
-9.19363
-9.3561
-9.51781
-9.6791
-9.8398
-10
-10.1597
-10.319
-10.4777
-10.6361
-10.7939
-10.9512
-11.1081
-11.2646
-11.4206
-11.5764
-11.7315
-11.8862
-12.0405
-12.1945
-12.3481
-12.5013
-12.6541
-12.8065
-12.9586
-13.1103
-13.2616
-13.4127
-13.5634
-13.7139
-13.864
-14.0138
-14.1634
-14.3126
-14.4616
-14.6103
-14.7588
-14.907
-15.055
-15.2027
-15.3503
-15.4976
-15.6448
-15.7917
-15.9385
-16.0849
-16.2315
-16.3776
-16.5237
-16.6692
-16.815
-16.9606
-17.107
-17.2523
-17.4006
-17.5466
-17.7033
-17.8536
-18.0811
-0.615329
-1.00903
-1.38586
-1.70639
-2.01526
-2.3233
-2.62352
-2.90497
-3.16842
-3.41809
-3.65467
-3.87975
-4.09448
-4.3013
-4.50174
-4.69811
-4.89049
-5.08066
-5.2679
-5.45283
-5.63599
-5.81633
-5.9944
-6.17079
-6.34568
-6.51936
-6.69161
-6.86295
-7.03378
-7.20399
-7.37386
-7.5427
-7.71103
-7.87876
-8.04604
-8.21272
-8.37866
-8.54415
-8.70901
-8.87317
-9.03682
-9.19978
-9.36218
-9.52381
-9.68501
-9.84574
-10.006
-10.1657
-10.3249
-10.4837
-10.6421
-10.7998
-10.9572
-11.1141
-11.2707
-11.4268
-11.5826
-11.7378
-11.8926
-12.0469
-12.201
-12.3546
-12.5079
-12.6607
-12.8133
-12.9653
-13.1171
-13.2685
-13.4196
-13.5703
-13.7208
-13.871
-14.0209
-14.1704
-14.3197
-14.4687
-14.6175
-14.766
-14.9142
-15.0622
-15.2099
-15.3576
-15.5048
-15.6521
-15.799
-15.9458
-16.0923
-16.2389
-16.385
-16.5311
-16.6766
-16.8224
-16.9679
-17.1144
-17.2598
-17.4081
-17.5545
-17.7119
-17.8613
-18.0811
-0.664051
-1.02551
-1.40124
-1.72326
-2.03082
-2.33794
-2.63853
-2.9206
-3.1847
-3.43467
-3.67185
-3.89691
-4.11216
-4.31913
-4.51966
-4.71591
-4.9082
-5.09808
-5.28503
-5.46968
-5.65263
-5.83293
-6.01099
-6.18749
-6.36248
-6.53645
-6.70907
-6.88075
-7.05181
-7.22225
-7.39229
-7.56128
-7.72962
-7.89742
-8.06476
-8.23154
-8.39756
-8.56315
-8.72812
-8.89239
-9.05619
-9.21931
-9.38189
-9.54372
-9.7051
-9.86584
-10.0261
-10.1859
-10.3452
-10.504
-10.6624
-10.8203
-10.9777
-11.1347
-11.2911
-11.4472
-11.6029
-11.758
-11.9127
-12.0669
-12.2209
-12.3745
-12.5277
-12.6804
-12.8328
-12.9849
-13.1366
-13.2879
-13.439
-13.5896
-13.7401
-13.8902
-14.0401
-14.1896
-14.3388
-14.4878
-14.6365
-14.785
-14.9332
-15.0812
-15.2289
-15.3765
-15.5238
-15.671
-15.8179
-15.9647
-16.1112
-16.2577
-16.4038
-16.5498
-16.6955
-16.8411
-16.9869
-17.133
-17.2787
-17.4262
-17.5733
-17.7286
-17.883
-18.0822
-0.713676
-1.04264
-1.41698
-1.74146
-2.0474
-2.3537
-2.65399
-2.93586
-3.20001
-3.44975
-3.68719
-3.91198
-4.12745
-4.33463
-4.53536
-4.73178
-4.92427
-5.11426
-5.30135
-5.48613
-5.66902
-5.84937
-6.02737
-6.20374
-6.37858
-6.55234
-6.72475
-6.89627
-7.06706
-7.23744
-7.40734
-7.57634
-7.74472
-7.91263
-8.07997
-8.24678
-8.41281
-8.57838
-8.74331
-8.90757
-9.07126
-9.23432
-9.39673
-9.55852
-9.71979
-9.88052
-10.0408
-10.2005
-10.3597
-10.5185
-10.6768
-10.8346
-10.9919
-11.1488
-11.3053
-11.4614
-11.6172
-11.7724
-11.9273
-12.0816
-12.2356
-12.3893
-12.5426
-12.6955
-12.848
-13.0002
-13.152
-13.3033
-13.4545
-13.6052
-13.7557
-13.9059
-14.0558
-14.2054
-14.3546
-14.5037
-14.6525
-14.801
-14.9492
-15.0972
-15.245
-15.3926
-15.5399
-15.6871
-15.834
-15.9808
-16.1274
-16.2738
-16.4201
-16.566
-16.7118
-16.8574
-17.0032
-17.1493
-17.295
-17.4425
-17.5894
-17.7443
-17.8958
-18.0884
-0.763707
-1.06196
-1.43427
-1.76172
-2.06602
-2.37136
-2.67128
-2.95317
-3.21755
-3.46747
-3.70516
-3.93029
-4.14603
-4.35349
-4.55442
-4.75095
-4.94356
-5.13353
-5.32068
-5.50551
-5.68817
-5.86856
-6.0466
-6.22301
-6.39793
-6.57171
-6.74418
-6.91574
-7.08655
-7.25682
-7.42671
-7.59568
-7.76401
-7.93182
-8.09906
-8.26574
-8.43172
-8.59721
-8.7621
-8.92634
-9.09003
-9.25329
-9.41576
-9.57765
-9.73897
-9.89981
-10.0601
-10.2199
-10.3792
-10.5381
-10.6965
-10.8544
-11.0117
-11.1687
-11.3252
-11.4814
-11.6372
-11.7924
-11.9472
-12.1015
-12.2556
-12.4091
-12.5623
-12.7151
-12.8676
-13.0197
-13.1715
-13.3228
-13.4738
-13.6245
-13.775
-13.9252
-14.075
-14.2246
-14.3738
-14.5229
-14.6717
-14.8202
-14.9684
-15.1164
-15.2642
-15.4118
-15.5591
-15.7063
-15.8532
-16
-16.1466
-16.293
-16.4393
-16.5852
-16.7309
-16.8766
-17.0224
-17.1684
-17.3141
-17.4614
-17.6081
-17.7618
-17.9121
-18.0962
-0.813121
-1.08377
-1.45336
-1.78399
-2.08684
-2.39116
-2.69077
-2.97276
-3.23728
-3.48736
-3.72514
-3.95054
-4.16635
-4.37395
-4.57503
-4.77163
-4.96434
-5.15431
-5.34152
-5.52636
-5.709
-5.88943
-6.06754
-6.24398
-6.41894
-6.5927
-6.76521
-6.93678
-7.10767
-7.27786
-7.44774
-7.61673
-7.7851
-7.95289
-8.12015
-8.28679
-8.45281
-8.61825
-8.78309
-8.94735
-9.11093
-9.27421
-9.43663
-9.59843
-9.75967
-9.9204
-10.0806
-10.2403
-10.3996
-10.5584
-10.7167
-10.8746
-11.0319
-11.189
-11.3455
-11.5016
-11.6575
-11.8127
-11.9675
-12.1218
-12.2759
-12.4295
-12.5827
-12.7356
-12.8881
-13.0402
-13.192
-13.3434
-13.4945
-13.6452
-13.7957
-13.9459
-14.0958
-14.2453
-14.3946
-14.5437
-14.6925
-14.8409
-14.9892
-15.1372
-15.285
-15.4326
-15.58
-15.7272
-15.8741
-16.0209
-16.1674
-16.3139
-16.4602
-16.6062
-16.7518
-16.8976
-17.0433
-17.1893
-17.335
-17.482
-17.6286
-17.7806
-17.9294
-18.104
-0.860099
-1.10825
-1.4748
-1.80844
-2.1101
-2.41343
-2.71281
-2.9949
-3.25949
-3.50971
-3.74756
-3.97318
-4.18909
-4.39685
-4.59812
-4.7948
-4.98763
-5.17762
-5.36488
-5.54975
-5.73239
-5.91278
-6.09093
-6.26738
-6.44236
-6.61612
-6.78865
-6.96024
-7.13116
-7.30136
-7.47121
-7.64022
-7.8086
-7.97638
-8.14366
-8.31028
-8.47631
-8.64176
-8.80658
-8.97092
-9.1345
-9.29767
-9.46012
-9.62189
-9.78318
-9.94388
-10.1041
-10.2638
-10.4231
-10.5818
-10.7401
-10.898
-11.0553
-11.2124
-11.3689
-11.525
-11.6807
-11.8359
-11.9907
-12.145
-12.299
-12.4526
-12.6058
-12.7586
-12.9111
-13.0632
-13.215
-13.3665
-13.5176
-13.6683
-13.8188
-13.969
-14.1189
-14.2684
-14.4177
-14.5668
-14.7157
-14.8641
-15.0124
-15.1604
-15.3082
-15.4557
-15.6031
-15.7503
-15.8972
-16.044
-16.1906
-16.337
-16.4833
-16.6293
-16.775
-16.9207
-17.0664
-17.2124
-17.358
-17.5047
-17.6509
-17.8011
-17.9477
-18.1124
-0.903079
-1.13532
-1.49916
-1.8352
-2.136
-2.4385
-2.73774
-3.01989
-3.2845
-3.53487
-3.77277
-3.99858
-4.21457
-4.42244
-4.62384
-4.82058
-5.01347
-5.20346
-5.39075
-5.57563
-5.75825
-5.93861
-6.11678
-6.29326
-6.46826
-6.64202
-6.81457
-6.98618
-7.15712
-7.32736
-7.49715
-7.66617
-7.83456
-8.00235
-8.16962
-8.33625
-8.50228
-8.66772
-8.83254
-8.99688
-9.16048
-9.32359
-9.48607
-9.64785
-9.80915
-9.96985
-10.1301
-10.2898
-10.449
-10.6078
-10.7661
-10.924
-11.0813
-11.2384
-11.3949
-11.551
-11.7066
-11.8618
-12.0166
-12.1709
-12.3249
-12.4784
-12.6316
-12.7844
-12.9369
-13.089
-13.2408
-13.3922
-13.5433
-13.6941
-13.8445
-13.9947
-14.1445
-14.2941
-14.4432
-14.5923
-14.7411
-14.8896
-15.0379
-15.1859
-15.3337
-15.4812
-15.6286
-15.7758
-15.9227
-16.0695
-16.216
-16.3625
-16.5088
-16.6548
-16.8005
-16.9463
-17.092
-17.2378
-17.3834
-17.5297
-17.6753
-17.8237
-17.9676
-18.1213
-0.940259
-1.1645
-1.52703
-1.86446
-2.16474
-2.46679
-2.76599
-3.04813
-3.31273
-3.56324
-3.80115
-4.02706
-4.24309
-4.45102
-4.6525
-4.84926
-5.04221
-5.23221
-5.41952
-5.60443
-5.78704
-5.96735
-6.14554
-6.32205
-6.49706
-6.67082
-6.84337
-7.01498
-7.18595
-7.35621
-7.52596
-7.69498
-7.86339
-8.03118
-8.19845
-8.36508
-8.5311
-8.69656
-8.86135
-9.02572
-9.18933
-9.35241
-9.5149
-9.67668
-9.83798
-9.99868
-10.1589
-10.3186
-10.4778
-10.6366
-10.7949
-10.9528
-11.1101
-11.2672
-11.4237
-11.5798
-11.7354
-11.8906
-12.0454
-12.1998
-12.3537
-12.5073
-12.6605
-12.8133
-12.9658
-13.1178
-13.2696
-13.4211
-13.5721
-13.7229
-13.8733
-14.0235
-14.1733
-14.3229
-14.4721
-14.6211
-14.7699
-14.9184
-15.0666
-15.2146
-15.3623
-15.5098
-15.6572
-15.8044
-15.9513
-16.0981
-16.2445
-16.391
-16.5373
-16.6832
-16.829
-16.9747
-17.1204
-17.2662
-17.4116
-17.5575
-17.7024
-17.8486
-17.9894
-18.132
-0.967615
-1.19379
-1.55746
-1.8948
-2.19497
-2.49717
-2.79645
-3.07848
-3.34303
-3.59365
-3.83152
-4.05743
-4.27344
-4.48135
-4.68285
-4.87961
-5.07258
-5.26257
-5.44988
-5.63481
-5.81741
-5.99765
-6.17584
-6.35237
-6.52738
-6.70112
-6.87366
-7.04527
-7.21628
-7.38654
-7.55626
-7.72527
-7.89371
-8.06151
-8.22876
-8.3954
-8.56141
-8.72688
-8.89165
-9.05606
-9.21967
-9.38272
-9.54521
-9.70699
-9.86829
-10.029
-10.1892
-10.349
-10.5082
-10.667
-10.8252
-10.9831
-11.1404
-11.2975
-11.454
-11.6101
-11.7657
-11.921
-12.0757
-12.2301
-12.384
-12.5376
-12.6908
-12.8436
-12.9961
-13.1482
-13.2999
-13.4514
-13.6025
-13.7532
-13.9036
-14.0538
-14.2036
-14.3532
-14.5024
-14.6514
-14.8001
-14.9486
-15.0969
-15.2448
-15.3926
-15.5401
-15.6875
-15.8347
-15.9816
-16.1284
-16.2749
-16.4214
-16.5676
-16.7136
-16.8593
-17.005
-17.1507
-17.2964
-17.4417
-17.5872
-17.7314
-17.8754
-18.0129
-18.146
-0.982403
-1.22044
-1.58753
-1.92326
-2.22375
-2.52669
-2.82617
-3.108
-3.37248
-3.62316
-3.86093
-4.08675
-4.30267
-4.51049
-4.71194
-4.90866
-5.10162
-5.29159
-5.47889
-5.66384
-5.84641
-6.02659
-6.20476
-6.3813
-6.55631
-6.73005
-6.90257
-7.07417
-7.24523
-7.41548
-7.58518
-7.75416
-7.92263
-8.09043
-8.25767
-8.42432
-8.59032
-8.75581
-8.92053
-9.08499
-9.2486
-9.41161
-9.5741
-9.73589
-9.89719
-10.0579
-10.2181
-10.3779
-10.5371
-10.6959
-10.8542
-11.0121
-11.1694
-11.3264
-11.483
-11.639
-11.7946
-11.9499
-12.1046
-12.259
-12.4129
-12.5665
-12.7197
-12.8725
-13.0249
-13.1771
-13.3288
-13.4803
-13.6314
-13.7821
-13.9326
-14.0828
-14.2326
-14.3822
-14.5314
-14.6804
-14.8292
-14.9777
-15.126
-15.274
-15.4218
-15.5693
-15.7167
-15.8639
-16.0108
-16.1576
-16.3042
-16.4507
-16.597
-16.743
-16.8888
-17.0345
-17.1801
-17.3257
-17.471
-17.616
-17.7596
-17.9016
-18.0363
-18.1621
-0.986118
-1.244
-1.61557
-1.94861
-2.24981
-2.55386
-2.85358
-3.13515
-3.39956
-3.65028
-3.88791
-4.11357
-4.32938
-4.53705
-4.73838
-4.93505
-5.12797
-5.31791
-5.50518
-5.69017
-5.87272
-6.05282
-6.23097
-6.4075
-6.5825
-6.75622
-6.92871
-7.10027
-7.27139
-7.44162
-7.61131
-7.78028
-7.94876
-8.11657
-8.2838
-8.45046
-8.61646
-8.78195
-8.94667
-9.11115
-9.27477
-9.43775
-9.60023
-9.76203
-9.92331
-10.084
-10.2442
-10.404
-10.5632
-10.7219
-10.8802
-11.0381
-11.1955
-11.3526
-11.5091
-11.6651
-11.8208
-11.976
-12.1308
-12.2852
-12.4392
-12.5928
-12.746
-12.8988
-13.0513
-13.2034
-13.3552
-13.5067
-13.6578
-13.8085
-13.9591
-14.1093
-14.2592
-14.4088
-14.558
-14.7071
-14.8559
-15.0044
-15.1526
-15.3007
-15.4484
-15.596
-15.7433
-15.8904
-16.0373
-16.1841
-16.3306
-16.477
-16.6232
-16.7692
-16.9151
-17.0608
-17.2065
-17.3521
-17.4972
-17.6419
-17.7848
-17.9256
-18.0582
-18.1787
-0.98104
-1.26533
-1.64155
-1.97126
-2.27351
-2.57884
-2.87885
-3.16008
-3.42441
-3.67514
-3.91261
-4.13806
-4.35375
-4.56124
-4.76244
-4.95901
-5.15187
-5.3418
-5.52902
-5.71405
-5.89656
-6.0766
-6.25472
-6.43125
-6.60624
-6.77993
-6.9524
-7.12392
-7.29509
-7.4653
-7.63497
-7.80393
-7.97241
-8.14021
-8.30745
-8.47408
-8.64009
-8.80549
-8.97028
-9.13477
-9.29838
-9.46136
-9.62384
-9.78566
-9.94694
-10.1077
-10.2679
-10.4277
-10.587
-10.7457
-10.9041
-11.0618
-11.2194
-11.3765
-11.533
-11.6891
-11.8448
-12.0001
-12.1549
-12.3093
-12.4633
-12.617
-12.7702
-12.923
-13.0754
-13.2275
-13.3793
-13.5307
-13.6818
-13.8326
-13.9831
-14.1333
-14.2831
-14.4327
-14.582
-14.731
-14.8798
-15.0283
-15.1766
-15.3247
-15.4724
-15.62
-15.7673
-15.9145
-16.0615
-16.2083
-16.355
-16.5016
-16.6479
-16.7938
-16.9395
-17.0851
-17.2308
-17.3763
-17.5213
-17.666
-17.8087
-17.9477
-18.0786
-18.1952
-0.969709
-1.28478
-1.66518
-1.99149
-2.29505
-2.60173
-2.90215
-3.18301
-3.44726
-3.69795
-3.93523
-4.16039
-4.37591
-4.58322
-4.78427
-4.98072
-5.1735
-5.36339
-5.55054
-5.73561
-5.91805
-6.09803
-6.27608
-6.45262
-6.62758
-6.80128
-6.97366
-7.14521
-7.31642
-7.48659
-7.65623
-7.82522
-7.9937
-8.16154
-8.32878
-8.49544
-8.66149
-8.8269
-8.99184
-9.15627
-9.31991
-9.48295
-9.6455
-9.80739
-9.96872
-10.1295
-10.2898
-10.4496
-10.6089
-10.7677
-10.926
-11.0837
-11.2413
-11.3983
-11.5548
-11.7109
-11.8666
-12.0219
-12.1767
-12.3311
-12.4851
-12.6387
-12.7919
-12.9447
-13.0971
-13.2492
-13.401
-13.5524
-13.7035
-13.8542
-14.0048
-14.1549
-14.3047
-14.4543
-14.6036
-14.7526
-14.9013
-15.0498
-15.198
-15.346
-15.4938
-15.6413
-15.7885
-15.9356
-16.0825
-16.2292
-16.3756
-16.522
-16.6682
-16.8142
-16.96
-17.1058
-17.2514
-17.397
-17.542
-17.6862
-17.8284
-17.9677
-18.0975
-18.2113
-0.954175
-1.30276
-1.68641
-2.00966
-2.31459
-2.62252
-2.9234
-3.20392
-3.46817
-3.71881
-3.95597
-4.18087
-4.39611
-4.60319
-4.80417
-5.00049
-5.19326
-5.38304
-5.57028
-5.75538
-5.93778
-6.11769
-6.29565
-6.47215
-6.64705
-6.82072
-6.99307
-7.16471
-7.33591
-7.50611
-7.67577
-7.84481
-8.01339
-8.18136
-8.34869
-8.51544
-8.68157
-8.84707
-9.01203
-9.17636
-9.33997
-9.50299
-9.66551
-9.82739
-9.9887
-10.1495
-10.3098
-10.4695
-10.6288
-10.7876
-10.9459
-11.1037
-11.2612
-11.4182
-11.5748
-11.7309
-11.8865
-12.0418
-12.1966
-12.351
-12.505
-12.6586
-12.8118
-12.9646
-13.1171
-13.2692
-13.421
-13.5724
-13.7235
-13.8743
-14.0249
-14.1751
-14.3249
-14.4745
-14.6238
-14.7728
-14.9216
-15.0701
-15.2184
-15.3664
-15.5142
-15.6618
-15.8092
-15.9564
-16.1034
-16.2502
-16.3969
-16.5434
-16.6897
-16.8357
-16.9815
-17.1271
-17.2727
-17.4181
-17.5631
-17.7074
-17.8492
-17.9864
-18.1152
-18.227
-0.935438
-1.31946
-1.70547
-2.02651
-2.33277
-2.6416
-2.9427
-3.22272
-3.48695
-3.73737
-3.9742
-4.19936
-4.41413
-4.62083
-4.82159
-5.0177
-5.21036
-5.39997
-5.58727
-5.77224
-5.95464
-6.13462
-6.31271
-6.48939
-6.66445
-6.83822
-7.01075
-7.18252
-7.35379
-7.52405
-7.69367
-7.86261
-8.03109
-8.19901
-8.36626
-8.53295
-8.69902
-8.86445
-9.02936
-9.19365
-9.35725
-9.52021
-9.68266
-9.84449
-10.0058
-10.1665
-10.3267
-10.4865
-10.6457
-10.8045
-10.9627
-11.1205
-11.2779
-11.4349
-11.5914
-11.7475
-11.9031
-12.0583
-12.2131
-12.3674
-12.5214
-12.6749
-12.8281
-12.9808
-13.1332
-13.2853
-13.437
-13.5884
-13.7395
-13.8902
-14.0406
-14.1908
-14.3405
-14.49
-14.6392
-14.7882
-14.9369
-15.0854
-15.2336
-15.3815
-15.5293
-15.6767
-15.824
-15.9711
-16.1179
-16.2646
-16.4111
-16.5574
-16.7036
-16.8496
-16.9954
-17.1411
-17.2867
-17.4322
-17.5771
-17.7213
-17.8634
-18.0018
-18.1304
-18.2416
-0.91458
-1.33379
-1.72106
-2.04147
-2.34964
-2.66009
-2.96151
-3.24106
-3.50531
-3.7556
-3.99218
-4.2176
-4.43204
-4.63861
-4.83937
-5.0356
-5.22845
-5.41841
-5.60602
-5.79124
-5.97383
-6.15388
-6.33204
-6.50872
-6.68369
-6.85724
-7.02956
-7.20122
-7.37242
-7.54265
-7.71228
-7.88126
-8.04976
-8.2177
-8.38497
-8.55169
-8.71778
-8.88325
-9.04818
-9.21249
-9.37611
-9.53909
-9.70151
-9.86334
-10.0246
-10.1854
-10.3457
-10.5054
-10.6647
-10.8235
-10.9817
-11.1395
-11.297
-11.4541
-11.6106
-11.7667
-11.9223
-12.0776
-12.2324
-12.3868
-12.5408
-12.6944
-12.8476
-13.0004
-13.1528
-13.3049
-13.4567
-13.6082
-13.7593
-13.91
-14.0605
-14.2107
-14.3606
-14.5101
-14.6594
-14.8084
-14.9572
-15.1057
-15.254
-15.402
-15.5498
-15.6973
-15.8446
-15.9918
-16.1387
-16.2855
-16.4322
-16.5786
-16.7249
-16.8709
-17.0167
-17.1623
-17.3079
-17.4534
-17.5982
-17.7424
-17.8839
-18.0208
-18.148
-18.2577
-0.899976
-1.34837
-1.7333
-2.05101
-2.36
-2.67223
-2.97417
-3.25317
-3.5176
-3.76788
-4.00435
-4.22938
-4.44364
-4.65009
-4.85075
-5.04687
-5.2396
-5.42943
-5.61692
-5.80196
-5.98425
-6.16389
-6.34184
-6.51831
-6.69317
-6.86659
-7.03872
-7.21027
-7.38138
-7.55154
-7.72109
-7.88997
-8.05838
-8.22625
-8.39344
-8.56009
-8.7261
-8.89151
-9.05636
-9.22061
-9.38417
-9.5471
-9.70947
-9.87126
-10.0325
-10.1932
-10.3534
-10.5131
-10.6724
-10.8311
-10.9893
-11.1471
-11.3045
-11.4615
-11.618
-11.774
-11.9297
-12.0849
-12.2396
-12.394
-12.5479
-12.7015
-12.8546
-13.0074
-13.1598
-13.3118
-13.4636
-13.615
-13.766
-13.9168
-14.0672
-14.2174
-14.3672
-14.5167
-14.6659
-14.8149
-14.9636
-15.1121
-15.2603
-15.4083
-15.556
-15.7035
-15.8508
-15.9979
-16.1448
-16.2916
-16.4381
-16.5845
-16.7307
-16.8767
-17.0225
-17.1681
-17.3137
-17.4592
-17.604
-17.7482
-17.89
-18.0278
-18.1554
-18.2656
-0.869503
-1.3632
-1.75691
-2.07516
-2.38434
-2.69709
-2.99978
-3.27783
-3.54257
-3.79296
-4.02933
-4.25417
-4.46823
-4.67439
-4.87477
-5.07066
-5.2632
-5.45289
-5.64028
-5.82525
-6.00757
-6.18726
-6.36519
-6.54165
-6.71644
-6.88986
-7.06199
-7.23349
-7.40456
-7.57468
-7.7442
-7.91308
-8.08147
-8.24933
-8.41652
-8.58316
-8.74918
-8.91459
-9.07945
-9.24369
-9.40727
-9.57019
-9.73257
-9.89437
-10.0556
-10.2163
-10.3765
-10.5363
-10.6955
-10.8542
-11.0125
-11.1702
-11.3277
-11.4847
-11.6412
-11.7972
-11.9528
-12.108
-12.2628
-12.4172
-12.5711
-12.7247
-12.8779
-13.0306
-13.183
-13.3351
-13.4868
-13.6383
-13.7893
-13.9401
-14.0905
-14.2407
-14.3905
-14.54
-14.6892
-14.8382
-14.987
-15.1354
-15.2837
-15.4317
-15.5794
-15.7269
-15.8742
-16.0213
-16.1683
-16.315
-16.4616
-16.608
-16.7542
-16.9002
-17.046
-17.1916
-17.3372
-17.4826
-17.6275
-17.7717
-17.9133
-18.0507
-18.1781
-18.2878
-18.071
-18.3346
-19.0682
-19.1923
-18.6505
-17.568
-16.1092
-14.4065
-12.6462
-10.9237
-9.32965
-7.89225
-6.62771
-5.531
-4.58856
-3.78057
-3.08947
-2.49538
-1.9826
-1.53896
-1.1526
-0.813509
-0.514977
-0.25078
-0.0158438
0.194707
0.383461
0.552831
0.705135
0.842809
0.968181
1.08083
1.181
1.27073
1.35078
1.4223
1.48637
1.54286
1.59248
1.63513
1.67099
1.70002
1.72226
1.73786
1.74706
1.75052
1.74854
1.74135
1.72983
1.71472
1.69683
1.67714
1.65625
1.63491
1.61355
1.59234
1.57118
1.55004
1.5288
1.5076
1.48602
1.4636
1.44007
1.41566
1.39041
1.36417
1.33723
1.30999
1.28249
1.25458
1.22479
1.19057
1.15352
1.11349
1.07593
1.04
1.00475
0.968991
0.932138
0.895379
0.859445
0.823699
0.786248
0.7469
0.704375
0.66113
0.617669
0.573106
0.527163
0.481677
0.435699
0.390529
0.345881
0.302563
0.259636
0.21693
0.171725
0.127415
0.0729181
0.034299
-18.1098
-18.2617
-18.9618
-19.1027
-18.573
-17.5109
-16.0742
-14.3912
-12.6465
-10.9354
-9.34976
-7.91705
-6.65499
-5.5593
-4.61664
-3.80772
-3.11506
-2.5192
-2.00461
-1.55929
-1.17143
-0.831068
-0.531454
-0.26617
-0.0303682
0.180806
0.370022
0.539847
0.692331
0.83013
0.954982
1.06726
1.16764
1.25741
1.33771
1.40935
1.47347
1.52993
1.5795
1.62202
1.6577
1.68651
1.70849
1.72383
1.73275
1.73592
1.73367
1.72623
1.71451
1.69925
1.68128
1.66155
1.64069
1.61944
1.59826
1.57729
1.55638
1.53552
1.51453
1.49352
1.47203
1.44964
1.42611
1.40172
1.37655
1.3505
1.32382
1.29693
1.26989
1.24262
1.21362
1.18
1.14357
1.10394
1.06578
1.02958
0.993655
0.957301
0.920043
0.882712
0.84593
0.809838
0.772134
0.732573
0.690236
0.647068
0.604081
0.5599
0.514105
0.468699
0.422935
0.377982
0.333527
0.290407
0.247823
0.205644
0.161497
0.118692
0.0675015
0.0305569
-18.1037
-18.2687
-18.8871
-19.0111
-18.4861
-17.4415
-16.0273
-14.3664
-12.6411
-10.9456
-9.37052
-7.94484
-6.68711
-5.59299
-4.64992
-3.83972
-3.14509
-2.54715
-2.03053
-1.58331
-1.19374
-0.851855
-0.550905
-0.284363
-0.04749
0.164559
0.354463
0.525058
0.678135
0.816574
0.940913
1.05234
1.15286
1.24269
1.32323
1.39518
1.45931
1.51576
1.56527
1.60763
1.64309
1.67164
1.69331
1.70833
1.71692
1.71974
1.71715
1.70941
1.69746
1.68199
1.66389
1.64411
1.62335
1.60224
1.58128
1.56059
1.54002
1.51948
1.49876
1.47796
1.45656
1.43421
1.41069
1.38631
1.36124
1.33538
1.30898
1.2825
1.256
1.22933
1.20131
1.16835
1.1326
1.09353
1.05464
1.01815
0.981451
0.944375
0.906519
0.868793
0.831027
0.794475
0.756488
0.716685
0.67455
0.631491
0.589014
0.545317
0.499684
0.454367
0.408881
0.364159
0.319924
0.277031
0.234853
0.193254
0.150304
0.109152
0.0617013
0.0264723
-18.1284
-18.288
-18.825
-18.9275
-18.3974
-17.3659
-15.9724
-14.3366
-12.6322
-10.955
-9.39236
-7.97569
-6.72358
-5.63152
-4.68813
-3.87652
-3.17982
-2.57989
-2.06125
-1.61174
-1.22004
-0.876222
-0.573583
-0.305564
-0.0674076
0.145726
0.336512
0.507955
0.661773
0.80087
0.925046
1.03571
1.13643
1.22656
1.30731
1.37957
1.44371
1.50035
1.54974
1.59187
1.62708
1.6553
1.67659
1.69123
1.69942
1.70181
1.6988
1.69068
1.67842
1.66274
1.6445
1.62471
1.60408
1.58316
1.56244
1.54209
1.52189
1.50173
1.48132
1.46075
1.43947
1.41715
1.39364
1.36927
1.3443
1.31865
1.29253
1.26659
1.24075
1.2145
1.18758
1.15551
1.12051
1.08206
1.04256
1.00554
0.968002
0.93007
0.891449
0.853318
0.8147
0.777455
0.73914
0.699082
0.657118
0.614267
0.572298
0.529214
0.483765
0.438564
0.393417
0.348942
0.304955
0.262328
0.220616
0.179664
0.138068
0.098744
0.0554666
0.0220792
-18.1472
-18.2981
-18.7625
-18.8422
-18.3104
-17.2904
-15.9147
-14.3058
-12.6238
-10.9667
-9.41836
-8.01188
-6.76551
-5.6759
-4.73253
-3.91954
-3.22064
-2.61836
-2.0973
-1.64502
-1.25071
-0.904608
-0.59998
-0.330269
-0.0906642
0.123653
0.315431
0.487692
0.642254
0.781841
0.906327
1.01706
1.11822
1.20879
1.28988
1.36236
1.42663
1.48346
1.5327
1.57462
1.60954
1.63742
1.65825
1.67236
1.68005
1.68189
1.67837
1.6698
1.65719
1.6413
1.62294
1.60314
1.58269
1.56198
1.54154
1.52155
1.5018
1.48207
1.46203
1.44172
1.42058
1.39832
1.37482
1.35047
1.32558
1.30015
1.27437
1.24908
1.22402
1.19826
1.17202
1.14125
1.10715
1.06937
1.02951
0.991587
0.953152
0.914227
0.874696
0.835987
0.796864
0.758633
0.719903
0.679575
0.637737
0.595259
0.55375
0.511414
0.466197
0.421169
0.376407
0.332203
0.288496
0.246187
0.204974
0.16478
0.124713
0.0874018
0.0487595
0.0173853
-18.164
-18.3054
-18.6965
-18.7479
-18.2164
-17.2087
-15.8555
-14.2763
-12.6184
-10.9831
-9.45057
-8.05563
-6.8156
-5.72889
-4.78569
-3.97104
-3.26934
-2.6637
-2.13932
-1.68378
-1.28649
-0.937807
-0.630928
-0.359279
-0.118019
0.0976288
0.290568
0.463747
0.619182
0.759355
0.884696
0.996255
1.098
1.18916
1.27071
1.3435
1.40798
1.46486
1.51402
1.55575
1.59032
1.61775
1.63803
1.6515
1.65857
1.6598
1.65568
1.6466
1.63357
1.61752
1.59904
1.57921
1.55884
1.5384
1.51834
1.49879
1.47952
1.46028
1.44067
1.42069
1.39974
1.37755
1.35409
1.32975
1.30492
1.27968
1.25431
1.22973
1.20555
1.18072
1.15451
1.12535
1.09236
1.05533
1.01541
0.976125
0.936708
0.896664
0.856094
0.816585
0.777195
0.737992
0.698595
0.657962
0.616225
0.574319
0.533183
0.491702
0.446815
0.402063
0.357701
0.313802
0.270412
0.228491
0.18778
0.148494
0.110161
0.0750537
0.0415467
0.0123777
-18.1794
-18.3089
-18.6263
-18.6443
-18.1128
-17.1182
-15.7896
-14.2426
-12.6134
-11.0032
-9.48898
-8.10757
-6.87508
-5.7914
-4.84829
-4.03161
-3.32644
-2.71668
-2.18816
-1.72873
-1.32792
-0.976199
-0.666675
-0.392751
-0.149524
0.067707
0.262029
0.436354
0.592919
0.733946
0.860371
0.973071
1.07554
1.16744
1.24961
1.32284
1.3876
1.44453
1.49362
1.53511
1.56925
1.5961
1.61572
1.62846
1.63475
1.63542
1.63066
1.62099
1.6074
1.59096
1.57234
1.55257
1.53231
1.5122
1.49262
1.47358
1.45483
1.43615
1.41704
1.39743
1.37671
1.35464
1.33125
1.30694
1.28218
1.25708
1.23212
1.20823
1.18497
1.16127
1.13544
1.10784
1.076
1.03974
0.999979
0.959047
0.918486
0.877182
0.835465
0.794985
0.75518
0.715561
0.67508
0.634017
0.592447
0.551255
0.51042
0.46984
0.425441
0.381068
0.33712
0.293588
0.250557
0.209089
0.168912
0.130639
0.094308
0.0615967
0.0337711
0.00702289
-18.1935
-18.3079
-18.5529
-18.5331
-18.0013
-17.0211
-15.718
-14.204
-12.6058
-11.0225
-9.52878
-8.16264
-6.93931
-5.85805
-4.91505
-4.09683
-3.38865
-2.77506
-2.24237
-1.7788
-1.3741
-1.01889
-0.706277
-0.429753
-0.184284
0.0346461
0.230289
0.405831
0.563665
0.705747
0.833345
0.947374
1.05077
1.14359
1.22653
1.30031
1.36539
1.42238
1.47133
1.51246
1.54634
1.57254
1.59139
1.60326
1.60861
1.60829
1.60265
1.59236
1.57831
1.56142
1.54264
1.52295
1.50296
1.48323
1.46417
1.44566
1.42749
1.40943
1.39089
1.37175
1.3513
1.32938
1.30609
1.28184
1.25713
1.23211
1.20759
1.18439
1.16208
1.13951
1.11491
1.08857
1.05781
1.02244
0.982759
0.940259
0.898335
0.855612
0.812637
0.7711
0.731025
0.690748
0.649111
0.607535
0.566333
0.52579
0.485294
0.445556
0.401877
0.357963
0.314476
0.271384
0.228768
0.187768
0.148247
0.110996
0.0769967
0.0468685
0.0252845
0.00122654
-18.2068
-18.3036
-18.4781
-18.416
-17.8828
-16.9182
-15.6418
-14.1596
-12.5924
-11.0363
-9.56457
-8.21528
-7.00244
-5.92669
-4.98553
-4.16635
-3.45521
-2.83771
-2.30081
-1.83309
-1.42456
-1.06594
-0.750253
-0.471116
-0.223292
-0.00244577
0.194879
0.371978
0.531318
0.674706
0.803631
0.919178
1.02373
1.11763
1.20147
1.27589
1.34132
1.39838
1.44716
1.48778
1.52091
1.54622
1.56412
1.5751
1.57955
1.57811
1.57157
1.56057
1.546
1.52876
1.50989
1.49028
1.47058
1.45128
1.43275
1.41483
1.39731
1.37991
1.362
1.34341
1.32327
1.30155
1.2784
1.25422
1.22949
1.20458
1.18065
1.15818
1.13685
1.11552
1.0924
1.06718
1.03754
1.00316
0.96325
0.919604
0.876088
0.831802
0.787452
0.745069
0.704857
0.662895
0.620349
0.578264
0.537792
0.497633
0.457658
0.418583
0.375889
0.332542
0.289574
0.246988
0.204866
0.164267
0.125585
0.0893349
0.0579469
0.0305959
0.0158049
-0.00523636
-18.2193
-18.2966
-18.4033
-18.2953
-17.758
-16.8092
-15.5598
-14.1127
-12.58
-11.0534
-9.60465
-8.27237
-7.06969
-6.00085
-5.06159
-4.24092
-3.52637
-2.90455
-2.36311
-1.89101
-1.47841
-1.11626
-0.797408
-0.515641
-0.265544
-0.0426822
0.156534
0.335166
0.49587
0.64052
0.77075
0.887801
0.993598
1.08869
1.17352
1.24865
1.31451
1.37166
1.42027
1.46047
1.49261
1.51694
1.5338
1.54372
1.54718
1.54476
1.53735
1.52559
1.51042
1.49284
1.47386
1.45436
1.43499
1.41618
1.39824
1.38098
1.36412
1.34743
1.33019
1.31223
1.29243
1.27092
1.24798
1.2237
1.19898
1.1745
1.15123
1.12954
1.10927
1.08923
1.06755
1.04344
1.01497
0.981552
0.941246
0.896778
0.85148
0.805534
0.759857
0.717329
0.675564
0.631869
0.588631
0.546175
0.506376
0.466593
0.427346
0.388735
0.347238
0.304587
0.262202
0.220214
0.178609
0.138302
0.100548
0.0654881
0.0367469
0.0122573
0.0049625
-0.0125854
-18.2313
-18.2894
-18.3378
-18.186
-17.6433
-16.7098
-15.4853
-14.0731
-12.5739
-11.0754
-9.64811
-8.33139
-7.1381
-6.07371
-5.13505
-4.31267
-3.595
-2.96932
-2.42385
-1.94786
-1.53159
-1.16623
-0.844467
-0.56023
-0.308014
-0.0833123
0.117556
0.297638
0.459593
0.60539
0.736793
0.855178
0.96211
1.05825
1.144
1.21979
1.28601
1.34321
1.39158
1.43131
1.46275
1.48617
1.50196
1.51081
1.51319
1.50978
1.50149
1.48898
1.47324
1.45536
1.43635
1.41702
1.39806
1.3798
1.36251
1.34591
1.32972
1.31374
1.29708
1.27977
1.26034
1.23896
1.21604
1.19182
1.16737
1.14348
1.12086
1.10001
1.08084
1.06206
1.0417
1.01867
0.991308
0.958528
0.918067
0.872701
0.825572
0.778057
0.732088
0.688381
0.644085
0.599278
0.555351
0.513023
0.473355
0.434255
0.395827
0.357558
0.31729
0.275418
0.233654
0.192101
0.151105
0.111049
0.0740529
0.0404302
0.0142785
-0.00722967
-0.00699885
-0.0208713
-18.2434
-18.2854
-18.2901
-18.1027
-17.5546
-16.634
-15.4307
-14.0445
-12.5708
-11.0944
-9.68475
-8.38119
-7.19609
-6.13583
-5.19838
-4.37522
-3.65525
-3.0265
-2.47771
-1.99855
-1.57931
-1.21134
-0.887256
-0.601052
-0.347213
-0.121085
0.081053
0.262357
0.425425
0.572217
0.704596
0.824133
0.932065
1.02906
1.11568
1.19218
1.25879
1.316
1.36411
1.40337
1.43411
1.45662
1.47141
1.47927
1.48072
1.47644
1.46739
1.45426
1.43811
1.42008
1.40115
1.38208
1.36358
1.3459
1.32915
1.31328
1.29766
1.28236
1.26614
1.24906
1.23013
1.20892
1.18592
1.16203
1.13797
1.11458
1.09263
1.07265
1.05452
1.03689
1.01767
0.995532
0.969191
0.93663
0.896066
0.849621
0.800743
0.752439
0.706449
0.659876
0.61381
0.568193
0.523708
0.481617
0.442173
0.403851
0.366158
0.328192
0.288984
0.247843
0.206661
0.165369
0.124787
0.0850006
0.0489717
0.0166128
-0.00720004
-0.026431
-0.0199559
-0.030126
-18.2558
-18.2855
-18.2591
-18.0451
-17.4921
-16.5809
-15.3929
-14.0257
-12.5714
-11.1122
-9.71641
-8.42303
-7.24435
-6.18736
-5.2509
-4.4271
-3.70537
-3.07423
-2.52286
-2.04126
-1.61975
-1.24975
-0.923911
-0.636172
-0.381063
-0.15382
0.0492249
0.231295
0.395097
0.542572
0.675614
0.795946
0.904597
1.00219
1.08942
1.16645
1.23334
1.29057
1.33856
1.37751
1.40769
1.42943
1.44339
1.45045
1.45115
1.44619
1.43652
1.42297
1.40665
1.38864
1.3699
1.35115
1.33314
1.31602
1.29987
1.28458
1.26941
1.25435
1.23879
1.22185
1.20325
1.18224
1.1594
1.13574
1.11202
1.08914
1.06788
1.04872
1.03155
1.01497
0.996729
0.975339
0.949777
0.91718
0.876138
0.828458
0.778074
0.73031
0.682243
0.633322
0.586129
0.539821
0.495212
0.453327
0.414334
0.376727
0.339653
0.301962
0.263585
0.223053
0.182309
0.141192
0.100739
0.0618117
0.0265336
-0.0051831
-0.0273836
-0.0455349
-0.033615
-0.0400531
-18.2687
-18.2893
-18.2409
-18.0075
-17.4506
-16.5462
-15.3696
-14.0163
-12.5765
-11.1302
-9.74479
-8.45889
-7.28506
-6.23051
-5.29473
-4.47035
-3.74723
-3.11423
-2.56089
-2.07747
-1.65426
-1.28274
-0.955601
-0.666729
-0.410644
-0.182563
0.0212201
0.203905
0.36828
0.51631
0.649903
0.770819
0.879986
0.978041
1.06561
1.14283
1.2098
1.267
1.31486
1.35353
1.38322
1.40431
1.41755
1.42397
1.42407
1.41857
1.4085
1.39476
1.37845
1.36058
1.34216
1.32384
1.30632
1.28977
1.27418
1.25908
1.24448
1.22965
1.21468
1.19806
1.17962
1.15875
1.13608
1.11263
1.08926
1.0669
1.0463
1.02793
1.01169
0.996094
0.978721
0.957983
0.932809
0.899903
0.857909
0.808809
0.758395
0.709589
0.65895
0.608678
0.560647
0.513994
0.469466
0.427985
0.389487
0.352504
0.315957
0.278508
0.240752
0.200711
0.160141
0.119373
0.0791954
0.0409114
0.00579162
-0.0257764
-0.0468396
-0.0642279
-0.0473446
-0.0506092
-18.282
-18.296
-18.2324
-17.985
-17.4252
-16.5261
-15.3579
-14.0148
-12.5857
-11.149
-9.77124
-8.49069
-7.32031
-6.26743
-5.33202
-4.50705
-3.78279
-3.1483
-2.5934
-2.10859
-1.68412
-1.31144
-0.983325
-0.693624
-0.436805
-0.20811
-0.00375176
0.179428
0.34431
0.492906
0.626995
0.748345
0.857898
0.956318
1.04414
1.12145
1.18839
1.24546
1.29306
1.33135
1.36056
1.38106
1.3937
1.39959
1.39923
1.39336
1.38314
1.36943
1.35326
1.33561
1.3175
1.29971
1.2828
1.26681
1.25139
1.23661
1.22262
1.2083
1.19365
1.17728
1.15895
1.13821
1.11569
1.09247
1.06945
1.04758
1.02762
1.01001
0.994677
0.980044
0.963416
0.943124
0.917822
0.884213
0.840822
0.790598
0.74094
0.689255
0.636992
0.58587
0.537254
0.490597
0.446349
0.405326
0.367287
0.330826
0.294672
0.257505
0.22015
0.180366
0.140029
0.099581
0.0597111
0.02131
-0.013754
-0.0451941
-0.0653134
-0.0820889
-0.0609928
-0.0616786
-18.2956
-18.3051
-18.231
-17.9741
-17.4126
-16.5174
-15.3555
-14.0199
-12.5984
-11.1687
-9.79648
-8.5196
-7.35143
-6.29952
-5.36417
-4.53861
-3.81338
-3.17766
-2.62152
-2.13562
-1.71015
-1.33651
-1.00751
-0.717092
-0.459671
-0.230491
-0.0256953
0.15786
0.323119
0.472164
0.606618
0.728245
0.83806
0.936724
1.02467
1.10198
1.16879
1.22563
1.27289
1.31077
1.33952
1.35951
1.37167
1.37719
1.37655
1.37055
1.36042
1.34692
1.33104
1.31373
1.29577
1.27825
1.26232
1.24655
1.2314
1.21723
1.2037
1.18977
1.17534
1.15917
1.14095
1.12033
1.09795
1.07494
1.05224
1.03083
1.01146
0.994579
0.980112
0.966378
0.95043
0.930292
0.904235
0.869369
0.824356
0.774541
0.723604
0.669823
0.61658
0.564903
0.516114
0.469691
0.425838
0.385233
0.347562
0.311464
0.275544
0.238682
0.201533
0.161868
0.121788
0.0814124
0.0415697
0.00300508
-0.0320009
-0.0632863
-0.0826322
-0.0989918
-0.07455
-0.0730597
-18.3091
-18.3157
-18.2349
-17.9719
-17.4096
-16.5176
-15.3603
-14.03
-12.6138
-11.1889
-9.82061
-8.54619
-7.37938
-6.32796
-5.39245
-4.56626
-3.84013
-3.20336
-2.64614
-2.15931
-1.73299
-1.3585
-1.02866
-0.737524
-0.479479
-0.249767
-0.0445204
0.139396
0.304886
0.454106
0.588653
0.710314
0.820185
0.918887
1.0068
1.08396
1.15056
1.20708
1.25397
1.29144
1.31979
1.33937
1.35118
1.35649
1.35579
1.34987
1.33998
1.32687
1.31153
1.29509
1.27868
1.26158
1.24463
1.22876
1.21406
1.20028
1.18703
1.1734
1.15917
1.14315
1.12502
1.10449
1.08224
1.05941
1.03699
1.01598
0.997126
0.980864
0.967111
0.954052
0.938651
0.918775
0.891806
0.85461
0.809149
0.758908
0.706015
0.651285
0.597497
0.545665
0.497081
0.451126
0.407823
0.367788
0.330636
0.294953
0.259299
0.222673
0.185547
0.145947
0.105833
0.0654462
0.025671
-0.0128881
-0.0477851
-0.0789464
-0.0979342
-0.11429
-0.0876493
-0.0846398
-18.3239
-18.3284
-18.2431
-17.9763
-17.4137
-16.5241
-15.3699
-14.0432
-12.6304
-11.2088
-9.84299
-8.57003
-7.40398
-6.35272
-5.41692
-4.59015
-3.86333
-3.22578
-2.66783
-2.18049
-1.75375
-1.37897
-1.04892
-0.757648
-0.499504
-0.269709
-0.064356
0.119755
0.285518
0.4351
0.570045
0.69211
0.802377
0.901395
0.989472
1.06666
1.13313
1.18941
1.236
1.27315
1.30118
1.32047
1.33202
1.33718
1.33639
1.33041
1.32048
1.30729
1.29171
1.27469
1.25687
1.24138
1.22571
1.21099
1.19704
1.18382
1.17104
1.15781
1.14386
1.12804
1.11005
1.08966
1.06757
1.04496
1.02282
1.00216
0.983711
0.967862
0.954407
0.941264
0.92497
0.90408
0.876025
0.839033
0.793497
0.741838
0.688096
0.632905
0.578736
0.526805
0.478251
0.432337
0.38906
0.349001
0.311803
0.276146
0.240572
0.204013
0.166925
0.127378
0.0872536
0.0467406
0.00694571
-0.0316991
-0.0664286
-0.0974694
-0.115786
-0.131822
-0.103055
-0.0983075
-18.3321
-18.3364
-18.2499
-17.9823
-17.4208
-16.5334
-15.3817
-14.0575
-12.6468
-11.227
-9.8624
-8.58967
-7.4234
-6.37148
-5.43469
-4.60673
-3.87864
-3.23977
-2.68061
-2.19222
-1.76453
-1.38888
-1.05813
-0.766282
-0.507633
-0.277486
-0.0718957
0.112304
0.278022
0.427411
0.562072
0.683782
0.79364
0.892223
0.979843
1.05656
1.12257
1.17844
1.22468
1.26157
1.28947
1.30876
1.3205
1.32599
1.32561
1.32015
1.31084
1.29836
1.28367
1.26765
1.25127
1.23487
1.21898
1.20397
1.18989
1.17664
1.16385
1.15062
1.13664
1.12079
1.10275
1.08231
1.0602
1.03762
1.01556
0.995091
0.976939
0.961484
0.948515
0.93604
0.919525
0.898649
0.869018
0.831043
0.78403
0.731713
0.677705
0.622487
0.568578
0.517147
0.469108
0.423715
0.380934
0.341312
0.304455
0.269016
0.233536
0.197032
0.159911
0.120323
0.0801808
0.0396636
-9.41904e-05
-0.0387143
-0.0734628
-0.104568
-0.123034
-0.139372
-0.110514
-0.102863
-18.3542
-18.3581
-18.2709
-18.0034
-17.4432
-16.5578
-15.408
-14.0853
-12.6756
-11.2566
-9.89212
-8.61895
-7.45208
-6.3994
-5.46176
-4.63298
-3.90416
-3.26465
-2.70496
-2.21626
-1.78834
-1.41247
-1.08155
-0.789679
-0.531058
-0.300883
-0.0952833
0.0889667
0.25471
0.404159
0.538876
0.660619
0.770495
0.869068
0.956611
1.03318
1.09902
1.15472
1.20083
1.23762
1.26548
1.28486
1.29676
1.30242
1.30216
1.2968
1.28757
1.27513
1.26038
1.24419
1.22759
1.21165
1.19606
1.18136
1.16758
1.15459
1.14203
1.129
1.11518
1.09947
1.08153
1.06119
1.03918
1.01671
0.99475
0.974336
0.956179
0.940589
0.927318
0.914031
0.897273
0.875654
0.846195
0.807684
0.760597
0.708121
0.654014
0.59889
0.545114
0.493783
0.445801
0.400456
0.357708
0.318113
0.281256
0.245831
0.210374
0.173882
0.136768
0.0971766
0.0570158
0.0164813
-0.0233043
-0.0619151
-0.0966298
-0.127691
-0.145999
-0.162254
-0.132919
-0.13074
-18.3122
-18.2988
-18.3391
-18.3264
-18.3063
-18.2806
-18.2505
-18.2187
-18.1883
-18.1607
-18.1366
-18.1164
-18.1008
-18.0922
-18.0918
-18.0836
-18.796
-18.7743
-18.7782
-18.7893
-18.7812
-18.7576
-18.7279
-18.6964
-18.6654
-18.6369
-18.6122
-18.5922
-18.5767
-18.5652
-18.5576
-18.5424
-19.2479
-19.3156
-19.4039
-19.4373
-19.4369
-19.4174
-19.3884
-19.3571
-19.3274
-19.3011
-19.2792
-19.2624
-19.2514
-19.2454
-19.2402
-19.2283
-19.3175
-19.4095
-19.4597
-19.4848
-19.4921
-19.4801
-19.455
-19.4257
-19.3976
-19.3731
-19.3533
-19.3381
-19.3277
-19.3217
-19.3169
-19.3041
-18.7489
-18.81
-18.8459
-18.8744
-18.8848
-18.877
-18.8573
-18.8312
-18.8046
-18.7788
-18.7547
-18.733
-18.7144
-18.6996
-18.6886
-18.6698
-17.6353
-17.681
-17.7163
-17.7435
-17.7544
-17.7493
-17.7315
-17.7064
-17.6788
-17.6509
-17.6234
-17.5968
-17.5716
-17.5491
-17.5308
-17.5065
-16.1481
-16.1787
-16.205
-16.2248
-16.2334
-16.2292
-16.2126
-16.1881
-16.16
-16.1298
-16.0976
-16.0638
-16.029
-15.9949
-15.9645
-15.934
-14.4218
-14.4385
-14.4535
-14.4644
-14.4685
-14.4628
-14.4456
-14.4206
-14.3914
-14.359
-14.3232
-14.2841
-14.2424
-14.2005
-14.1626
-14.1281
-12.6434
-12.644
-12.6467
-12.649
-12.6487
-12.6408
-12.6222
-12.5962
-12.5661
-12.532
-12.4936
-12.4509
-12.4044
-12.357
-12.314
-12.2765
-10.9075
-10.8935
-10.8848
-10.8793
-10.8741
-10.8626
-10.8416
-10.8143
-10.7832
-10.748
-10.7083
-10.6637
-10.6151
-10.5652
-10.5198
-10.4808
-9.30262
-9.27692
-9.25948
-9.24809
-9.23866
-9.22364
-9.20031
-9.17197
-9.14025
-9.10459
-9.06435
-9.0193
-8.97014
-8.91969
-8.87384
-8.83458
-7.85897
-7.82519
-7.80114
-7.78486
-7.77137
-7.7527
-7.72708
-7.69777
-7.66563
-7.62991
-7.58993
-7.54548
-7.49725
-7.44799
-7.40325
-7.36473
-6.59138
-6.5536
-6.52619
-6.50703
-6.49016
-6.46822
-6.44089
-6.41113
-6.37904
-6.34373
-6.30458
-6.26144
-6.21498
-6.16781
-6.12502
-6.08775
-5.49327
-5.45379
-5.42486
-5.40352
-5.38251
-5.35689
-5.3283
-5.29845
-5.26667
-5.23208
-5.19414
-5.15277
-5.10863
-5.06413
-5.02382
-4.98815
-4.55087
-4.51154
-4.48262
-4.4599
-4.43577
-4.4079
-4.37885
-4.34911
-4.31776
-4.284
-4.24742
-4.20796
-4.1663
-4.12469
-4.08717
-4.05344
-3.74396
-3.7056
-3.67694
-3.65324
-3.62764
-3.59908
-3.57005
-3.54058
-3.50978
-3.47699
-3.44186
-3.40441
-3.36531
-3.32669
-3.29206
-3.26031
-3.0548
-3.01826
-2.99009
-2.96456
-2.93704
-2.90835
-2.87992
-2.85116
-2.82127
-2.7897
-2.75622
-2.72086
-2.6843
-2.64853
-2.6166
-2.58662
-2.46302
-2.42882
-2.40128
-2.37398
-2.345
-2.31643
-2.2885
-2.26036
-2.23131
-2.20092
-2.169
-2.1356
-2.10139
-2.06822
-2.03873
-2.0103
-1.95258
-1.92026
-1.89327
-1.86587
-1.83708
-1.80898
-1.78152
-1.75393
-1.72565
-1.69634
-1.66584
-1.63422
-1.60212
-1.57128
-1.54402
-1.51697
-1.51125
-1.4804
-1.4528
-1.42469
-1.39636
-1.36901
-1.34224
-1.31539
-1.288
-1.25981
-1.2307
-1.20076
-1.17061
-1.14188
-1.11662
-1.09077
-1.12703
-1.09758
-1.06926
-1.04036
-1.01248
-0.98581
-0.959688
-0.933548
-0.90702
-0.879888
-0.852063
-0.823642
-0.795204
-0.768299
-0.744782
-0.719942
-0.789573
-0.761032
-0.732902
-0.704369
-0.67706
-0.650892
-0.625262
-0.599701
-0.573901
-0.547682
-0.520975
-0.493874
-0.466925
-0.441597
-0.419606
-0.395617
-0.492351
-0.464196
-0.436205
-0.408202
-0.381464
-0.355784
-0.330636
-0.30563
-0.280509
-0.255124
-0.229424
-0.2035
-0.177864
-0.153914
-0.133273
-0.110012
-0.229381
-0.200908
-0.172611
-0.145219
-0.119176
-0.0940735
-0.0694665
-0.045043
-0.0205934
0.00400277
0.0287801
0.0536494
0.0781278
0.100862
0.120248
0.143087
0.00457078
0.0331904
0.0616735
0.0886282
0.114179
0.138838
0.16299
0.186899
0.210745
0.23463
0.25858
0.282512
0.305975
0.327655
0.34592
0.368443
0.214471
0.242606
0.27057
0.297045
0.322221
0.346542
0.37033
0.393815
0.417155
0.440436
0.463676
0.486803
0.509398
0.530199
0.547548
0.569629
0.402762
0.430454
0.457991
0.484095
0.508953
0.532968
0.556426
0.579528
0.602413
0.625155
0.647766
0.67018
0.692014
0.712054
0.728611
0.7503
0.572119
0.599925
0.62697
0.652575
0.677046
0.700725
0.723844
0.746576
0.76904
0.791294
0.813344
0.835131
0.856299
0.87568
0.891534
0.912891
0.724753
0.752887
0.779565
0.804746
0.828861
0.85221
0.874992
0.89736
0.91942
0.941218
0.962756
0.983979
1.00456
1.02337
1.0386
1.05967
0.862544
0.89028
0.916553
0.941464
0.965365
0.988499
1.01104
1.03313
1.05487
1.0763
1.09741
1.11816
1.13824
1.15656
1.17125
1.1921
0.988098
1.01511
1.0408
1.06531
1.08889
1.11174
1.134
1.15581
1.17723
1.1983
1.21901
1.23933
1.25897
1.27688
1.2911
1.31175
1.10077
1.1273
1.15258
1.17677
1.20008
1.22267
1.24468
1.26622
1.28736
1.30812
1.3285
1.34845
1.36772
1.38527
1.39909
1.41958
1.20064
1.22687
1.25197
1.27604
1.29923
1.32169
1.34356
1.36493
1.38587
1.40641
1.42652
1.44619
1.46515
1.48244
1.49593
1.5163
1.29016
1.31611
1.34099
1.3649
1.38797
1.41032
1.43207
1.45331
1.4741
1.49446
1.51437
1.53381
1.55254
1.56962
1.58286
1.60313
1.37001
1.39579
1.42055
1.44436
1.46734
1.48961
1.51127
1.53242
1.5531
1.57333
1.5931
1.61238
1.63095
1.64788
1.66095
1.68116
1.44145
1.46714
1.49185
1.51563
1.53857
1.56081
1.58243
1.60352
1.62414
1.6443
1.66398
1.68316
1.70163
1.71846
1.7314
1.75156
1.50544
1.53109
1.55579
1.57958
1.60254
1.62479
1.64642
1.6675
1.6881
1.70822
1.72785
1.74697
1.76538
1.78216
1.795
1.81513
1.56197
1.58769
1.61245
1.6363
1.65933
1.68163
1.7033
1.72442
1.74504
1.76516
1.78479
1.80389
1.82227
1.83901
1.85178
1.8719
1.61167
1.63749
1.66236
1.6863
1.7094
1.73177
1.7535
1.77466
1.79531
1.81546
1.8351
1.8542
1.87256
1.88929
1.90201
1.9221
1.6545
1.68052
1.70556
1.72964
1.75287
1.77533
1.79714
1.81837
1.83907
1.85926
1.87892
1.89804
1.9164
1.93312
1.94578
1.96585
1.6906
1.7169
1.74216
1.76642
1.78979
1.81237
1.83427
1.85557
1.87634
1.89657
1.91627
1.93539
1.95376
1.97047
1.98306
2.00311
1.71993
1.74657
1.77209
1.79657
1.82011
1.84282
1.86483
1.88622
1.90704
1.92732
1.94705
1.96618
1.98453
2.00122
2.01372
2.03374
1.74251
1.76954
1.79537
1.82009
1.84382
1.86668
1.8888
1.91027
1.93115
1.95147
1.9712
1.99032
2.00863
2.02528
2.03765
2.05763
1.75848
1.78591
1.81207
1.83703
1.86095
1.88396
1.90619
1.92774
1.94867
1.96901
1.98874
2.00781
2.02606
2.04264
2.05483
2.07476
1.76805
1.79591
1.8224
1.84763
1.87176
1.89492
1.91726
1.93887
1.95983
1.98017
1.99985
2.01884
2.03698
2.05345
2.06542
2.08528
1.7719
1.80019
1.82701
1.85248
1.87679
1.90007
1.92248
1.94413
1.96507
1.98535
2.00493
2.0238
2.04178
2.05811
2.06981
2.08959
1.7703
1.79899
1.8261
1.85179
1.87623
1.8996
1.92204
1.94367
1.96457
1.98476
2.00422
2.02291
2.04069
2.05686
2.06823
2.08792
1.76344
1.79249
1.81988
1.84577
1.87034
1.89379
1.91625
1.93785
1.95867
1.97873
1.99801
2.01648
2.03402
2.04998
2.06097
2.08054
1.75218
1.78153
1.80913
1.83517
1.85983
1.8833
1.90574
1.92727
1.94796
1.96784
1.9869
2.00508
2.02232
2.03806
2.0486
2.06806
1.73728
1.76683
1.79458
1.82071
1.8454
1.86886
1.89123
1.91264
1.93316
1.95283
1.9716
1.98946
2.00635
2.02187
2.03189
2.05125
1.7195
1.74916
1.77697
1.80311
1.82778
1.85117
1.87343
1.89467
1.91499
1.93439
1.95285
1.97033
1.98684
2.00216
2.01159
2.03085
1.69983
1.72948
1.75725
1.78332
1.80789
1.83115
1.85322
1.87424
1.89428
1.91336
1.93144
1.94849
1.96456
1.9797
1.98849
2.00767
1.67888
1.70844
1.73611
1.76205
1.78648
1.80954
1.83139
1.85214
1.87185
1.89056
1.90823
1.92479
1.94039
1.95541
1.96351
1.98267
1.65742
1.68679
1.71427
1.74004
1.76427
1.78712
1.80873
1.82919
1.84857
1.86692
1.88417
1.90026
1.91536
1.93043
1.93766
1.95691
1.63587
1.66502
1.69229
1.71786
1.7419
1.76456
1.78594
1.80615
1.82526
1.8433
1.86023
1.87589
1.89041
1.90587
1.91226
1.93146
1.61438
1.64322
1.67023
1.69557
1.71939
1.74182
1.76297
1.78292
1.80174
1.81948
1.83616
1.85151
1.86489
1.88136
1.88659
1.90601
1.59288
1.62135
1.64804
1.6731
1.69666
1.71884
1.73973
1.75941
1.77794
1.79536
1.8117
1.8269
1.84034
1.85492
1.86133
1.88024
1.57139
1.59948
1.62585
1.65062
1.6739
1.69582
1.71644
1.73586
1.75414
1.77129
1.78731
1.80211
1.81569
1.82962
1.83672
1.855
1.54983
1.57758
1.60367
1.62817
1.65121
1.67288
1.69328
1.71248
1.73052
1.74742
1.76313
1.7776
1.79125
1.80481
1.81164
1.8297
1.52832
1.55576
1.58162
1.6059
1.62873
1.6502
1.6704
1.68939
1.70721
1.72384
1.73929
1.75377
1.76728
1.7802
1.78697
1.80477
1.50658
1.53372
1.55937
1.58352
1.60622
1.62756
1.64763
1.66647
1.6841
1.70061
1.71612
1.73042
1.74355
1.75608
1.76276
1.78033
1.4841
1.51111
1.5366
1.56066
1.58331
1.6046
1.62459
1.64334
1.661
1.67758
1.69287
1.7068
1.71964
1.73185
1.73839
1.75578
1.46058
1.4876
1.51306
1.53705
1.55964
1.58089
1.60086
1.61967
1.63727
1.65354
1.66847
1.6821
1.69465
1.70652
1.71287
1.73013
1.43616
1.46316
1.48856
1.51244
1.53489
1.55604
1.57591
1.59448
1.61174
1.62768
1.64228
1.65553
1.66771
1.67922
1.68538
1.70256
1.41077
1.43755
1.46273
1.48637
1.50857
1.52941
1.54895
1.56717
1.58406
1.59956
1.61365
1.62638
1.6381
1.64932
1.6553
1.67252
1.38425
1.41061
1.43539
1.45866
1.48051
1.50099
1.5201
1.53782
1.5541
1.56893
1.58233
1.59444
1.6057
1.61677
1.62259
1.64002
1.3569
1.38275
1.40704
1.42986
1.45125
1.47121
1.48969
1.50666
1.52213
1.53616
1.54884
1.56039
1.57131
1.58243
1.58816
1.60589
1.32916
1.35437
1.37807
1.4003
1.42103
1.44021
1.45783
1.4739
1.4885
1.50177
1.51388
1.52503
1.53577
1.54727
1.55278
1.57107
1.301
1.32534
1.3482
1.36955
1.38933
1.40752
1.42415
1.43931
1.45315
1.46585
1.4776
1.48859
1.4993
1.51144
1.51686
1.53535
1.27213
1.29526
1.31694
1.33711
1.35574
1.37288
1.3886
1.40302
1.41629
1.42868
1.44038
1.45146
1.4621
1.47546
1.47996
1.49929
1.24123
1.26289
1.2832
1.30213
1.3197
1.33592
1.3509
1.36483
1.37791
1.39031
1.40226
1.4137
1.42393
1.43873
1.44318
1.4625
1.20611
1.22656
1.24581
1.26379
1.28055
1.29628
1.3111
1.32508
1.33834
1.35107
1.36341
1.37541
1.3862
1.39997
1.40578
1.42474
1.16817
1.18742
1.20569
1.22321
1.2399
1.25569
1.27067
1.285
1.29875
1.31201
1.32485
1.33731
1.34941
1.36267
1.36889
1.38785
1.12788
1.1473
1.16593
1.1836
1.20047
1.21666
1.23221
1.24717
1.26161
1.2756
1.28916
1.30193
1.31397
1.32715
1.33397
1.35287
1.09084
1.11043
1.12925
1.14742
1.16494
1.18184
1.19814
1.21388
1.22899
1.24309
1.25631
1.26924
1.28204
1.29551
1.3026
1.32148
1.05545
1.07603
1.09583
1.11489
1.13323
1.15075
1.16721
1.18256
1.19723
1.21176
1.22603
1.23971
1.25294
1.26661
1.27387
1.29276
1.02114
1.04284
1.06349
1.08298
1.10109
1.1182
1.13495
1.15146
1.16752
1.18298
1.19782
1.21196
1.22554
1.23944
1.24675
1.26566
0.986154
1.00841
1.02915
1.0489
1.06827
1.08714
1.10525
1.12266
1.13939
1.15546
1.17081
1.18535
1.1992
1.21334
1.22055
1.23946
0.949739
0.972934
0.995356
1.01695
1.03759
1.05733
1.0762
1.0943
1.11166
1.12827
1.14406
1.1589
1.17288
1.18727
1.19421
1.21312
0.914208
0.939252
0.96301
0.985549
1.00698
1.02741
1.04694
1.06562
1.08346
1.10045
1.11653
1.13149
1.14539
1.16007
1.16646
1.18547
0.8793
0.905365
0.929954
0.953223
0.975307
0.996315
1.01633
1.03541
1.05358
1.07082
1.08702
1.10194
1.11544
1.13056
1.13636
1.15542
0.844031
0.870722
0.895885
0.919662
0.942201
0.963625
0.983992
1.0033
1.02155
1.03874
1.05486
1.06969
1.08225
1.09799
1.10284
1.12213
0.806945
0.834128
0.859761
0.883956
0.906789
0.928359
0.948769
0.968052
0.986177
1.00311
1.01891
1.03375
1.04492
1.0609
1.06573
1.08491
0.767858
0.795267
0.820958
0.845132
0.867943
0.88945
0.909676
0.928657
0.94641
0.962939
0.97823
0.992276
1.00489
1.01945
1.02483
1.04372
0.725135
0.752508
0.778272
0.802472
0.825186
0.846494
0.866457
0.88512
0.902505
0.91863
0.933516
0.947407
0.960152
0.974057
0.979645
0.998371
0.681729
0.70873
0.73403
0.757744
0.77998
0.800821
0.820321
0.83851
0.855441
0.871298
0.8863
0.900109
0.912575
0.926222
0.931901
0.950571
0.637588
0.663808
0.688487
0.711698
0.733488
0.753891
0.772956
0.790802
0.807721
0.823648
0.838297
0.851674
0.86398
0.877562
0.883215
0.901883
0.592525
0.618155
0.642307
0.665017
0.68633
0.706342
0.725372
0.743409
0.760092
0.775479
0.789791
0.803046
0.815288
0.828944
0.834583
0.853309
0.546369
0.571724
0.595631
0.618121
0.639393
0.659601
0.678441
0.695887
0.712171
0.727402
0.741645
0.754854
0.766995
0.780825
0.78635
0.805156
0.500752
0.525843
0.549417
0.571784
0.592958
0.612696
0.631104
0.648351
0.664532
0.679716
0.693964
0.707223
0.71933
0.733443
0.738882
0.757769
0.454526
0.479506
0.503225
0.525518
0.546357
0.565921
0.584305
0.601557
0.617733
0.632912
0.647172
0.660451
0.672394
0.686815
0.692049
0.711021
0.40902
0.433513
0.456725
0.478641
0.49927
0.518737
0.537119
0.554436
0.57072
0.586031
0.600454
0.613928
0.625717
0.640636
0.64561
0.664723
0.364097
0.388229
0.411104
0.432814
0.453425
0.472887
0.491207
0.50846
0.524704
0.540003
0.55445
0.568033
0.579446
0.594781
0.59949
0.618695
0.320499
0.344287
0.366845
0.388169
0.408344
0.4275
0.445693
0.462947
0.479269
0.494631
0.509107
0.523055
0.533771
0.549913
0.554201
0.573501
0.277103
0.300348
0.32248
0.343482
0.363316
0.382002
0.399626
0.416384
0.432449
0.447713
0.461647
0.476614
0.486122
0.502815
0.506983
0.526475
0.233617
0.255881
0.277149
0.29744
0.316769
0.335175
0.352767
0.369534
0.385294
0.400051
0.413873
0.427196
0.438438
0.453157
0.458199
0.477325
0.1869
0.207176
0.226586
0.245162
0.26296
0.280135
0.29676
0.312661
0.327701
0.34192
0.355391
0.368186
0.379689
0.393593
0.399287
0.418006
0.140359
0.157929
0.175018
0.191675
0.207954
0.223911
0.239416
0.254293
0.268575
0.282315
0.295527
0.308182
0.320063
0.333511
0.339757
0.358321
0.081141
0.0923488
0.103435
0.114488
0.125646
0.136909
0.1481
0.159165
0.170101
0.180894
0.191571
0.20213
0.212458
0.224452
0.230328
0.248746
0.039842
0.0477679
0.0558573
0.0640975
0.0725783
0.0812008
0.0898341
0.0985132
0.107269
0.116123
0.125104
0.134217
0.14346
0.153257
0.161643
0.174087
)
;

boundaryField
{
    frontAndBack
    {
        type            empty;
    }
    inlet
    {
        type            zeroGradient;
    }
    outlet
    {
        type            fixedValue;
        value           uniform 0;
    }
    walls
    {
        type            zeroGradient;
    }
}


// ************************************************************************* //
