/*--------------------------------*- C++ -*----------------------------------*\
| =========                 |                                                 |
| \\      /  F ield         | OpenFOAM: The Open Source CFD Toolbox           |
|  \\    /   O peration     | Version:  v2012                                 |
|   \\  /    A nd           | Website:  www.openfoam.com                      |
|    \\/     M anipulation  |                                                 |
\*---------------------------------------------------------------------------*/
FoamFile
{
    version     2.0;
    format      ascii;
    class       volScalarField;
    location    "0.043";
    object      p;
}
// * * * * * * * * * * * * * * * * * * * * * * * * * * * * * * * * * * * * * //

dimensions      [0 2 -2 0 0 0 0];


internalField   nonuniform List<scalar> 
1900
(
-401.586
-402.667
-403.258
-402.987
-402.368
-400.843
-397.957
-389.376
-374.732
-327.661
-401.72
-402.767
-403.231
-403.087
-402.614
-401.369
-398.569
-391.893
-379.366
-355.999
-401.801
-402.846
-403.322
-403.29
-402.977
-402.041
-399.941
-395.543
-388.428
-381.443
-401.955
-402.912
-403.375
-403.48
-403.413
-402.951
-401.813
-399.877
-397.877
-400.942
-402.139
-402.912
-403.484
-403.734
-403.891
-403.983
-403.848
-404.338
-406.581
-416.272
-402.211
-402.97
-403.624
-403.986
-404.388
-404.986
-405.961
-408.399
-414.074
-428.556
-402.108
-403.079
-403.752
-404.253
-404.893
-405.94
-407.834
-411.875
-420.203
-438.065
-402.334
-403.002
-403.716
-404.452
-405.303
-406.74
-409.351
-414.6
-424.822
-445.034
-402.369
-402.951
-403.777
-404.646
-405.589
-407.308
-410.437
-416.486
-427.86
-449.613
-402.283
-403.044
-403.87
-404.719
-405.718
-407.573
-411.02
-417.471
-429.534
-451.925
-294.244
-527.03
-802.338
-980.698
-1074.36
-1097.14
-1054.92
-951.121
-796.654
-597.017
-394.493
-244.999
-149.584
-93.7462
-63.4097
-47.3282
-38.6546
-33.7406
-30.7701
-28.8603
-27.555
-26.5898
-25.8074
-25.1217
-24.4898
-23.8912
-23.3165
-22.7596
-22.2143
-21.6758
-21.1411
-20.6075
-20.0722
-19.5331
-18.9891
-18.4404
-17.8881
-17.3336
-16.7785
-16.2247
-15.6738
-15.1274
-14.5864
-14.0515
-13.5234
-13.0021
-12.488
-11.9813
-11.4825
-10.9922
-10.5112
-10.04
-9.57962
-9.13064
-8.69361
-8.26888
-7.85667
-7.45692
-7.0695
-6.69421
-6.3309
-5.9793
-5.63905
-5.30975
-4.99094
-4.68216
-4.38299
-4.09317
-3.81275
-3.54181
-3.2804
-3.02855
-2.78625
-2.55351
-2.33043
-2.11712
-1.91377
-1.72063
-1.53799
-1.36593
-1.20439
-1.0534
-0.912822
-0.782546
-0.662275
-0.551779
-0.450829
-0.358899
-0.275982
-0.201776
-0.136382
-0.0807507
-0.0333765
0.0016858
0.0305836
0.0457405
0.05571
0.0493346
0.0484675
-0.00236944
-352.901
-547.063
-793.152
-962.033
-1053.38
-1076.98
-1034.68
-930.803
-777.723
-586.411
-396.39
-254.838
-161.702
-104.522
-71.7864
-53.2938
-42.6804
-36.3857
-32.4876
-29.9683
-28.2667
-27.0462
-26.1008
-25.3112
-24.6141
-23.9768
-23.3796
-22.8089
-22.2547
-21.7103
-21.1716
-20.6354
-20.0986
-19.5588
-19.0147
-18.4665
-17.9151
-17.3617
-16.8077
-16.2551
-15.7054
-15.1598
-14.6196
-14.0853
-13.5576
-13.0367
-12.523
-12.0168
-11.5186
-11.0289
-10.5484
-10.0779
-9.61804
-9.16951
-8.73286
-8.3084
-7.89633
-7.49662
-7.10915
-6.73377
-6.3703
-6.01852
-5.67806
-5.34853
-5.0295
-4.72052
-4.42127
-4.13153
-3.85123
-3.58036
-3.31899
-3.06712
-2.8248
-2.59207
-2.36906
-2.15587
-1.95268
-1.75968
-1.57708
-1.40498
-1.2434
-1.09242
-0.951877
-0.821689
-0.701446
-0.591053
-0.489958
-0.39812
-0.314889
-0.240728
-0.174796
-0.119081
-0.0710178
-0.0355076
-0.00609613
0.0109986
0.0229498
0.0196196
0.024122
-0.0175115
-394.746
-559.081
-776.881
-935.517
-1023.59
-1046.35
-1004.15
-902.595
-753.772
-574.315
-398.515
-263.699
-172.309
-114.22
-79.3415
-58.6899
-46.3489
-38.8143
-34.0741
-30.9968
-28.9295
-27.472
-26.3743
-25.4881
-24.7311
-24.0579
-23.4386
-22.8532
-22.2894
-21.7385
-21.1951
-20.6556
-20.1167
-19.5754
-19.0305
-18.4822
-17.9309
-17.378
-16.8247
-16.2727
-15.7236
-15.1788
-14.6391
-14.1054
-13.5781
-13.0576
-12.5443
-12.0384
-11.5406
-11.0513
-10.5713
-10.1013
-9.64188
-9.19372
-8.75736
-8.3331
-7.92112
-7.52141
-7.1339
-6.75842
-6.39482
-6.04283
-5.70215
-5.37239
-5.05315
-4.74401
-4.44463
-4.15478
-3.87437
-3.60345
-3.34205
-3.09019
-2.84791
-2.61528
-2.39242
-2.17944
-1.97646
-1.78369
-1.60131
-1.42942
-1.26805
-1.11721
-0.976789
-0.846633
-0.726424
-0.61592
-0.514719
-0.422631
-0.339147
-0.264674
-0.198264
-0.142193
-0.093608
-0.0574507
-0.0274487
-0.00840405
0.00529839
0.00519428
0.0148984
-0.0175782
-424.128
-561.653
-755.227
-904.743
-989.683
-1012.84
-972.953
-875.084
-732.707
-564.248
-399.985
-270.848
-181.296
-122.589
-85.9293
-63.454
-49.6303
-41.009
-35.5186
-31.9391
-29.5408
-27.8676
-26.6316
-25.6586
-24.8486
-24.1435
-23.5051
-22.908
-22.337
-21.7817
-21.2353
-20.694
-20.1539
-19.6119
-19.0669
-18.5187
-17.968
-17.4156
-16.8629
-16.3116
-15.7631
-15.2187
-14.6793
-14.1456
-13.6184
-13.0979
-12.5845
-12.0788
-11.5811
-11.0921
-10.6123
-10.1426
-9.68344
-9.23553
-8.79938
-8.37527
-7.96334
-7.56363
-7.17605
-6.80047
-6.4367
-6.08453
-5.74365
-5.41369
-5.09426
-4.78497
-4.48549
-4.19561
-3.91525
-3.64437
-3.38299
-3.13112
-2.88881
-2.65618
-2.43335
-2.22042
-2.01752
-1.82482
-1.6425
-1.47062
-1.30923
-1.15839
-1.01798
-0.887861
-0.767702
-0.657225
-0.555995
-0.463831
-0.380167
-0.305462
-0.238633
-0.182138
-0.132995
-0.096294
-0.0655522
-0.0448148
-0.0295167
-0.0268855
-0.0116439
-0.0348934
-447.189
-565.69
-738.173
-879.264
-960.748
-984.005
-946.268
-851.971
-715.254
-555.632
-400.714
-276.754
-188.837
-129.669
-91.5749
-67.5899
-52.512
-42.953
-36.8051
-32.7805
-30.0855
-28.217
-26.8538
-25.7996
-24.9385
-24.2011
-23.5424
-22.9325
-22.3534
-21.7929
-21.2432
-20.6998
-20.1585
-19.616
-19.0709
-18.5231
-17.973
-17.4215
-16.8699
-16.3195
-15.7719
-15.2283
-14.6896
-14.1567
-13.63
-13.1101
-12.5974
-12.0923
-11.5953
-11.1069
-10.6278
-10.1588
-9.7002
-9.2528
-8.81706
-8.39327
-7.98156
-7.58198
-7.19447
-6.8189
-6.45511
-6.10287
-5.7619
-5.43185
-5.11234
-4.80299
-4.50348
-4.2136
-3.93323
-3.66233
-3.40092
-3.14903
-2.90673
-2.67416
-2.45144
-2.23866
-2.03592
-1.84341
-1.66127
-1.48956
-1.32833
-1.17762
-1.03733
-0.907294
-0.787187
-0.676708
-0.575406
-0.483097
-0.399195
-0.324139
-0.256853
-0.199804
-0.150151
-0.112946
-0.081326
-0.0593405
-0.0425259
-0.0378531
-0.0167776
-0.033596
-464.847
-571.07
-726.328
-859.861
-937.596
-959.908
-923.988
-832.988
-701.135
-548.687
-401.226
-281.53
-194.93
-135.439
-96.2339
-71.0372
-54.9367
-44.6047
-37.9119
-33.5177
-30.5773
-28.5485
-27.0831
-25.965
-25.0645
-24.3023
-23.6277
-23.0074
-22.4213
-21.8559
-21.3025
-20.7563
-20.2129
-19.6688
-19.1225
-18.5739
-18.0233
-17.4714
-16.9195
-16.3689
-15.8212
-15.2774
-14.7385
-14.2053
-13.6783
-13.1581
-12.645
-12.1397
-11.6425
-11.154
-10.6748
-10.2057
-9.74711
-9.29969
-8.86394
-8.4401
-8.02831
-7.62859
-7.24091
-6.86515
-6.50115
-6.14868
-5.80749
-5.47723
-5.15753
-4.84803
-4.5484
-4.25844
-3.97802
-3.70709
-3.44563
-3.19368
-2.95131
-2.71868
-2.49594
-2.28315
-2.08044
-1.88799
-1.70591
-1.53423
-1.37302
-1.22232
-1.08205
-0.952048
-0.831993
-0.721563
-0.620288
-0.527939
-0.443917
-0.368554
-0.300839
-0.243133
-0.192964
-0.15512
-0.122472
-0.0996309
-0.0810028
-0.0749821
-0.047477
-0.0576875
-477.842
-575.725
-717.478
-844.984
-919.603
-940.547
-906.414
-818.398
-690.414
-543.422
-401.594
-285.23
-199.706
-140.012
-99.9594
-73.801
-56.8765
-45.9146
-38.7724
-34.07
-30.9217
-28.755
-27.2006
-26.0271
-25.0932
-24.3113
-23.6255
-22.9995
-22.4105
-21.844
-21.2907
-20.745
-20.2024
-19.6593
-19.1142
-18.5669
-18.0177
-17.4672
-16.9165
-16.3673
-15.8207
-15.278
-14.74
-14.2076
-13.6814
-13.1618
-12.6495
-12.1448
-11.6483
-11.1604
-10.6819
-10.2134
-9.75542
-9.30853
-8.87325
-8.44979
-8.03828
-7.63878
-7.25125
-6.87559
-6.51164
-6.15923
-5.81807
-5.48785
-5.1682
-4.85875
-4.55919
-4.2693
-3.98893
-3.71803
-3.45659
-3.20464
-2.96229
-2.72972
-2.50707
-2.29439
-2.09184
-1.89958
-1.71767
-1.54614
-1.38507
-1.23449
-1.09435
-0.964479
-0.844547
-0.734209
-0.632981
-0.540585
-0.456444
-0.380756
-0.312651
-0.254264
-0.203701
-0.165146
-0.131499
-0.108563
-0.0883386
-0.0825377
-0.0491267
-0.0567849
-486.977
-579.331
-711.16
-834.184
-906.749
-925.83
-893.329
-807.752
-682.583
-539.515
-401.787
-287.94
-203.29
-143.513
-102.878
-76.0233
-58.4899
-47.0561
-39.5721
-34.6333
-31.3242
-29.0489
-27.422
-26.2004
-25.2341
-24.4299
-23.7284
-23.0911
-22.4941
-21.9215
-21.3635
-20.8142
-20.2686
-19.7232
-19.1763
-18.6275
-18.0771
-17.5256
-16.9743
-16.4244
-15.8773
-15.3341
-14.7956
-14.2627
-13.736
-13.216
-12.7033
-12.1983
-11.7015
-11.2134
-10.7347
-10.2661
-9.80798
-9.36099
-8.92563
-8.50206
-8.0904
-7.69071
-7.30297
-6.92708
-6.56291
-6.21027
-5.86892
-5.53853
-5.21873
-4.90915
-4.60947
-4.31947
-4.039
-3.76799
-3.50644
-3.25437
-3.01189
-2.77922
-2.55651
-2.3438
-2.14125
-1.94904
-1.76717
-1.59563
-1.43454
-1.28394
-1.1438
-1.01395
-0.894066
-0.78378
-0.682595
-0.590166
-0.505918
-0.429871
-0.361272
-0.302061
-0.251084
-0.211682
-0.177103
-0.154179
-0.131574
-0.126149
-0.0863301
-0.0905541
-492.819
-581.841
-707.109
-827.141
-898.942
-915.575
-884.396
-800.603
-677.191
-536.561
-401.438
-289.247
-205.217
-145.446
-104.492
-77.2281
-59.3273
-47.6054
-39.9134
-34.8332
-31.431
-29.0965
-27.4343
-26.1931
-25.2169
-24.4085
-23.7058
-23.0692
-22.4734
-21.9024
-21.3462
-20.7985
-20.2544
-19.7104
-19.1648
-18.6174
-18.0682
-17.5178
-16.9675
-16.4185
-15.8722
-15.3296
-14.7918
-14.2594
-13.7333
-13.2139
-12.7016
-12.197
-11.7006
-11.213
-10.7347
-10.2665
-9.80878
-9.36213
-8.92712
-8.50385
-8.09242
-7.69291
-7.3053
-6.9295
-6.56542
-6.21287
-5.87162
-5.54136
-5.22169
-4.91223
-4.61266
-4.32273
-4.04231
-3.77134
-3.5098
-3.25775
-3.01527
-2.78261
-2.55996
-2.34734
-2.14496
-1.95295
-1.77121
-1.59976
-1.43871
-1.28817
-1.14813
-1.01844
-0.898781
-0.788707
-0.687696
-0.595339
-0.511116
-0.434898
-0.365976
-0.305977
-0.254477
-0.213651
-0.178579
-0.156437
-0.132988
-0.130706
-0.0856867
-0.0929511
-495.636
-583.168
-705.145
-823.633
-895.623
-910.198
-879.846
-797.146
-674.742
-535.454
-401.742
-290.434
-206.7
-146.879
-105.697
-78.1622
-60.0219
-48.1125
-40.2841
-35.1089
-31.6414
-29.2619
-27.5685
-26.3059
-25.3147
-24.4956
-23.7854
-23.1435
-22.5437
-21.9697
-21.4113
-20.8618
-20.3162
-19.771
-19.2245
-18.6763
-18.1265
-17.5757
-17.025
-16.4757
-15.9291
-15.3863
-14.8482
-14.3157
-13.7893
-13.2697
-12.7572
-12.2525
-11.756
-11.2682
-10.7898
-10.3216
-9.86386
-9.41716
-8.98207
-8.55873
-8.14722
-7.74761
-7.35988
-6.98396
-6.61975
-6.2671
-5.92577
-5.59544
-5.27571
-4.9662
-4.66656
-4.37656
-4.09607
-3.82501
-3.56339
-3.31126
-3.06871
-2.83602
-2.61335
-2.40068
-2.1983
-2.00637
-1.82466
-1.65317
-1.49206
-1.34145
-1.20138
-1.07171
-0.95211
-0.842102
-0.741122
-0.648711
-0.564357
-0.487864
-0.418683
-0.358408
-0.307004
-0.265525
-0.230816
-0.207719
-0.180782
-0.182079
-0.13007
-0.139163
-300.761
-312.269
-320.083
-322.073
-313.418
-296.441
-280.776
-279.044
-538.591
-548.133
-554.228
-554.037
-545.365
-528.765
-509.869
-501.39
-812.078
-819.319
-822.709
-820.083
-811.693
-798.448
-783.192
-773.165
-993.672
-1000.94
-1002.72
-1000.07
-993.941
-985.537
-976.703
-970.097
-1087.7
-1094.05
-1095.33
-1093.75
-1089.69
-1084.24
-1078.95
-1074.91
-1109.13
-1115.94
-1117.5
-1115.86
-1112.71
-1107.35
-1102.3
-1098.08
-1065.14
-1070.84
-1072.37
-1070.37
-1066.13
-1061.02
-1056.74
-1054.14
-960.427
-964.999
-966.225
-964.448
-960.501
-955.629
-951.076
-947.93
-805.334
-809.149
-809.522
-806.656
-801.298
-794.779
-788.811
-785.064
-600.75
-600.519
-598.001
-593.266
-587.007
-580.045
-574.103
-570.511
-391.301
-386.834
-381.35
-375.195
-368.774
-362.815
-358.084
-355.463
-235.635
-227.023
-218.684
-211.169
-204.753
-199.636
-196.102
-194.479
-137.877
-127.79
-118.587
-110.739
-104.531
-100.176
-97.5493
-96.5322
-83.676
-74.9166
-66.7445
-59.7982
-54.4666
-50.8906
-48.9388
-48.1909
-55.6756
-49.0017
-42.6729
-37.2057
-32.9901
-30.1604
-28.6319
-28.147
-41.836
-37.1287
-32.6624
-28.7844
-25.8029
-23.8298
-22.7863
-22.4848
-34.9637
-31.8135
-28.8259
-26.223
-24.2179
-22.8933
-22.1881
-21.9826
-31.329
-29.2774
-27.3303
-25.6291
-24.3149
-23.4485
-22.9856
-22.8474
-29.2131
-27.8925
-26.6378
-25.5384
-24.6849
-24.1211
-23.8162
-23.7189
-27.861
-27.0165
-26.2134
-25.5079
-24.9567
-24.5903
-24.3879
-24.3145
-26.9161
-26.3785
-25.8668
-25.4167
-25.0624
-24.8247
-24.6898
-24.6318
-26.1807
-25.8383
-25.512
-25.2247
-24.9962
-24.8401
-24.7484
-24.7
-25.5435
-25.3235
-25.1136
-24.9287
-24.7795
-24.6744
-24.6104
-24.5661
-24.9498
-24.8063
-24.6687
-24.5475
-24.4479
-24.3743
-24.3285
-24.2866
-24.3765
-24.2807
-24.1874
-24.1055
-24.0362
-23.9813
-23.9472
-23.9073
-23.8144
-23.7485
-23.6823
-23.6243
-23.5733
-23.529
-23.5025
-23.4637
-23.2613
-23.2139
-23.165
-23.1217
-23.0821
-23.0442
-23.0228
-22.9848
-22.717
-22.6809
-22.6433
-22.609
-22.5769
-22.5433
-22.5257
-22.4882
-22.1797
-22.1506
-22.1201
-22.0914
-22.0645
-22.0336
-22.0188
-21.9816
-21.6467
-21.6223
-21.5965
-21.5716
-21.5484
-21.5191
-21.5061
-21.4688
-21.1159
-21.0947
-21.0725
-21.0502
-21.03
-21.0017
-20.99
-20.9525
-20.5851
-20.5662
-20.5466
-20.5261
-20.5083
-20.4807
-20.4698
-20.4323
-20.0518
-20.0344
-20.0166
-19.9972
-19.981
-19.9539
-19.9435
-19.9058
-19.5139
-19.4972
-19.4806
-19.4616
-19.4465
-19.4193
-19.4091
-19.3714
-18.9705
-18.9539
-18.9377
-18.9187
-18.904
-18.8766
-18.8663
-18.8285
-18.4219
-18.405
-18.3888
-18.3693
-18.3545
-18.3267
-18.3161
-18.2783
-17.8692
-17.8516
-17.8351
-17.8148
-17.7997
-17.7714
-17.7604
-17.7225
-17.3141
-17.2955
-17.2784
-17.2573
-17.2417
-17.2128
-17.2015
-17.1636
-16.7583
-16.7387
-16.7209
-16.6988
-16.6826
-16.6532
-16.6417
-16.6036
-16.2038
-16.1831
-16.1646
-16.1415
-16.1248
-16.0948
-16.0831
-16.045
-15.6523
-15.6307
-15.6116
-15.5876
-15.5704
-15.54
-15.5281
-15.4899
-15.1055
-15.0831
-15.0634
-15.0388
-15.0211
-14.9903
-14.9783
-14.9401
-14.5642
-14.5412
-14.5212
-14.496
-14.478
-14.4469
-14.4348
-14.3965
-14.0293
-14.0057
-13.9855
-13.9599
-13.9417
-13.9102
-13.8981
-13.8597
-13.5011
-13.4771
-13.4567
-13.4307
-13.4124
-13.3806
-13.3684
-13.33
-12.9799
-12.9555
-12.935
-12.9087
-12.8901
-12.8581
-12.8458
-12.8073
-12.4657
-12.4409
-12.4203
-12.3936
-12.3748
-12.3425
-12.3301
-12.2915
-11.9588
-11.9335
-11.9126
-11.8855
-11.8665
-11.8339
-11.8213
-11.7826
-11.4597
-11.4338
-11.4126
-11.385
-11.3657
-11.3327
-11.3199
-11.2811
-10.969
-10.9426
-10.9211
-10.8928
-10.8731
-10.8398
-10.8267
-10.7879
-10.4875
-10.4604
-10.4386
-10.4098
-10.3897
-10.356
-10.3428
-10.304
-10.0159
-9.98822
-9.96596
-9.93666
-9.91629
-9.88233
-9.86903
-9.83012
-9.55503
-9.52683
-9.50415
-9.47436
-9.45363
-9.4194
-9.40601
-9.36707
-9.10566
-9.07711
-9.05399
-9.02362
-9.00258
-8.96809
-8.95454
-8.91558
-8.66828
-8.63946
-8.61605
-8.58525
-8.56401
-8.52931
-8.51565
-8.47666
-8.2433
-8.21423
-8.19073
-8.15982
-8.13848
-8.10369
-8.09
-8.05098
-7.831
-7.8018
-7.77826
-7.74731
-7.72596
-7.69118
-7.67752
-7.63849
-7.43125
-7.40202
-7.37851
-7.34758
-7.32626
-7.29152
-7.2779
-7.23887
-7.04386
-7.01467
-6.99123
-6.96035
-6.93911
-6.90442
-6.89086
-6.85181
-6.66864
-6.63954
-6.61621
-6.58541
-6.56428
-6.52964
-6.51614
-6.47708
-6.30545
-6.27648
-6.2533
-6.2226
-6.20162
-6.16702
-6.15361
-6.11452
-5.95406
-5.92523
-5.90225
-5.87169
-5.8509
-5.81637
-5.80304
-5.76394
-5.61407
-5.58542
-5.56269
-5.53232
-5.51176
-5.47731
-5.46407
-5.42494
-5.28502
-5.25656
-5.23412
-5.20394
-5.18362
-5.14928
-5.13614
-5.09697
-4.96643
-4.93814
-4.91597
-4.88597
-4.86591
-4.83167
-4.81865
-4.77944
-4.65779
-4.62966
-4.6077
-4.57783
-4.55798
-4.52381
-4.5109
-4.47165
-4.35869
-4.33075
-4.30891
-4.27912
-4.25942
-4.2253
-4.21247
-4.17317
-4.06893
-4.04117
-4.01933
-3.98958
-3.96994
-3.93579
-3.92298
-3.88365
-3.78853
-3.76085
-3.73897
-3.70923
-3.68959
-3.65539
-3.64258
-3.6032
-3.51755
-3.48987
-3.46794
-3.43817
-3.41847
-3.38419
-3.37129
-3.33189
-3.25613
-3.22841
-3.20644
-3.17665
-3.15691
-3.1226
-3.10967
-3.07022
-3.00428
-2.9765
-2.95453
-2.92471
-2.90494
-2.87059
-2.8576
-2.81812
-2.76198
-2.73414
-2.71219
-2.68236
-2.6626
-2.62827
-2.61528
-2.57574
-2.5292
-2.50127
-2.47931
-2.44941
-2.42962
-2.39524
-2.3822
-2.34265
-2.30602
-2.27796
-2.25593
-2.22592
-2.20607
-2.17164
-2.1586
-2.11902
-2.09256
-2.06428
-2.04211
-2.01188
-1.99184
-1.95719
-1.94396
-1.90433
-1.88906
-1.86053
-1.83822
-1.80779
-1.7876
-1.75283
-1.73954
-1.69994
-1.69576
-1.66695
-1.64448
-1.61378
-1.59333
-1.55829
-1.54473
-1.50497
-1.51288
-1.48387
-1.46141
-1.4305
-1.41
-1.3749
-1.36138
-1.32168
-1.34053
-1.31136
-1.28895
-1.25779
-1.23721
-1.20192
-1.18828
-1.14848
-1.17884
-1.1496
-1.12721
-1.09593
-1.07541
-1.04011
-1.02656
-0.986813
-1.02777
-0.99848
-0.976027
-0.944638
-0.924122
-0.888681
-0.875062
-0.835281
-0.887208
-0.857907
-0.835457
-0.80407
-0.783671
-0.748286
-0.734822
-0.695042
-0.756966
-0.727641
-0.705196
-0.673785
-0.653418
-0.617939
-0.604484
-0.564714
-0.636837
-0.607542
-0.585199
-0.553814
-0.533545
-0.498176
-0.484794
-0.445064
-0.526474
-0.497199
-0.474992
-0.443603
-0.4233
-0.387972
-0.374662
-0.334928
-0.425897
-0.396715
-0.37471
-0.343336
-0.322968
-0.287881
-0.274569
-0.234929
-0.334181
-0.305035
-0.283124
-0.251916
-0.231503
-0.196506
-0.183261
-0.143643
-0.251794
-0.222657
-0.200754
-0.170046
-0.149992
-0.115127
-0.10186
-0.0623402
-0.177732
-0.148629
-0.126858
-0.0963153
-0.0763336
-0.0415514
-0.0284412
0.0110737
-0.112986
-0.0841724
-0.0627704
-0.0325156
-0.0129104
0.0218544
0.0349148
0.0743139
-0.0573795
-0.0285088
-0.00731139
0.0231135
0.0426309
0.0771909
0.0901011
0.129539
-0.0110669
0.0171722
0.0375901
0.0675107
0.0864566
0.120996
0.13365
0.17291
0.0240855
0.0525449
0.0728892
0.103089
0.121687
0.155977
0.168554
0.207917
0.0515554
0.0785196
0.0971294
0.125941
0.143303
0.176735
0.188046
0.226831
0.0653969
0.0920171
0.110475
0.1395
0.156492
0.190022
0.201824
0.240953
0.0730929
0.0971097
0.11159
0.135817
0.147963
0.176506
0.183504
0.220437
0.0643314
0.0870406
0.101659
0.128334
0.143856
0.177543
0.189175
0.228287
0.0574671
0.0736726
0.0789278
0.0920071
0.0884792
0.100491
0.0926978
0.123362
0.00274018
0.0197332
0.0338733
0.0671613
0.0976472
0.153127
0.184172
0.230651
)
;

boundaryField
{
    frontAndBack
    {
        type            empty;
    }
    inlet
    {
        type            zeroGradient;
    }
    outlet
    {
        type            fixedValue;
        value           uniform 0;
    }
    walls
    {
        type            zeroGradient;
    }
}


// ************************************************************************* //
