/*--------------------------------*- C++ -*----------------------------------*\
| =========                 |                                                 |
| \\      /  F ield         | OpenFOAM: The Open Source CFD Toolbox           |
|  \\    /   O peration     | Version:  v2012                                 |
|   \\  /    A nd           | Website:  www.openfoam.com                      |
|    \\/     M anipulation  |                                                 |
\*---------------------------------------------------------------------------*/
FoamFile
{
    version     2.0;
    format      ascii;
    class       volScalarField;
    location    "0.128";
    object      p;
}
// * * * * * * * * * * * * * * * * * * * * * * * * * * * * * * * * * * * * * //

dimensions      [0 2 -2 0 0 0 0];


internalField   nonuniform List<scalar> 
1900
(
-299.622
-300.722
-301.622
-302.283
-302.96
-303.727
-304.532
-305.361
-305.973
-306.577
-300.077
-300.876
-301.704
-302.379
-303.06
-303.821
-304.631
-305.469
-306.229
-307.05
-300.363
-300.928
-301.695
-302.409
-303.106
-303.867
-304.693
-305.576
-306.469
-307.715
-300.547
-300.991
-301.725
-302.468
-303.178
-303.94
-304.784
-305.709
-306.721
-308.095
-300.645
-301.039
-301.753
-302.505
-303.22
-303.986
-304.847
-305.807
-306.888
-308.277
-300.662
-301.06
-301.78
-302.535
-303.253
-304.027
-304.904
-305.889
-307.003
-308.371
-300.596
-301.056
-301.806
-302.557
-303.276
-304.06
-304.951
-305.951
-307.078
-308.402
-300.445
-301.036
-301.83
-302.556
-303.269
-304.065
-304.969
-305.979
-307.109
-308.391
-300.188
-301.029
-301.891
-302.579
-303.276
-304.077
-304.985
-305.995
-307.118
-308.36
-299.754
-300.929
-301.881
-302.561
-303.259
-304.073
-304.991
-306.009
-307.134
-308.357
-305.919
-318.279
-337.562
-339.207
-320.079
-286.052
-243.019
-198.244
-157.318
-122.528
-94.1816
-71.7595
-54.2993
-40.7542
-30.1793
-21.8377
-15.2143
-9.88434
-5.51005
-1.8818
1.12483
3.63616
5.78283
7.63765
9.2283
10.5831
11.7474
12.7733
13.6727
14.452
15.1243
15.7024
16.2019
16.6322
16.9965
17.3017
17.5542
17.7599
17.9249
18.0527
18.1471
18.2105
18.2425
18.2462
18.2256
18.1829
18.1185
18.0336
17.93
17.81
17.6741
17.5225
17.3561
17.1764
16.9837
16.7792
16.5642
16.3385
16.102
15.8555
15.5994
15.3345
15.0615
14.78
14.4899
14.1914
13.8851
13.5713
13.2503
12.9221
12.5867
12.2443
11.895
11.539
11.1764
10.8074
10.4319
10.0501
9.66212
9.26815
8.86807
8.4623
8.05058
7.63328
7.21023
6.78169
6.34759
5.90813
5.46338
5.01351
4.55862
4.0989
3.63421
3.16505
2.69022
2.2125
1.72489
1.24268
0.73356
0.27922
-309.336
-321.605
-333.412
-332.126
-313.079
-280.333
-239.751
-197.438
-158.318
-124.592
-96.6709
-74.2422
-56.566
-42.6975
-31.7791
-23.1252
-16.2298
-10.6675
-6.10856
-2.34696
0.751544
3.33688
5.54792
7.45133
9.07454
10.4576
11.6463
12.6877
13.5958
14.3808
15.057
15.6372
16.134
16.5616
16.929
17.2382
17.4939
17.7035
17.8723
18.0037
18.1017
18.1681
18.2013
18.2059
18.1864
18.1443
18.0803
17.996
17.8934
17.7745
17.6396
17.4883
17.3222
17.1429
16.9506
16.7465
16.5321
16.3069
16.0709
15.8245
15.5686
15.304
15.0314
14.7501
14.4601
14.1617
13.8557
13.5421
13.2213
12.8931
12.5579
12.2156
11.8664
11.5104
11.1479
10.7789
10.4035
10.0217
9.63368
9.23964
8.83955
8.43372
8.02197
7.6046
7.1815
6.75293
6.31881
5.87937
5.43467
4.98489
4.53016
4.07066
3.60644
3.13775
2.66457
2.18748
1.7055
1.22189
0.729573
0.251903
-310.271
-317.92
-326.263
-324.072
-306.102
-275.371
-237.27
-197.127
-159.466
-126.593
-99.0045
-76.5625
-58.6875
-44.5346
-33.3206
-24.4089
-17.2904
-11.5347
-6.82193
-2.9458
0.250135
2.93092
5.22714
7.18931
8.85375
10.2775
11.5094
12.5813
13.5079
14.306
14.9928
15.5813
16.0813
16.51
16.8813
17.1937
17.4509
17.6614
17.8309
17.9628
18.0604
18.1249
18.1565
18.1612
18.1432
18.1026
18.0399
17.9567
17.8555
17.7387
17.6056
17.4557
17.2908
17.1121
16.9202
16.7163
16.5016
16.2762
16.0402
15.7939
15.5381
15.2738
15.0016
14.7206
14.4308
14.1328
13.8271
13.5137
13.1931
12.8651
12.53
12.1877
11.8386
11.4827
11.1202
10.7511
10.3757
9.99385
9.60584
9.21174
8.81159
8.40565
7.99383
7.57637
7.15322
6.72458
6.29046
5.851
5.40635
4.95664
4.50208
4.04278
3.57905
3.11083
2.63933
2.16296
1.68658
1.2019
0.727138
0.223779
-310.492
-316.294
-321.939
-318.557
-301.089
-271.665
-235.203
-196.607
-160.105
-127.985
-100.75
-78.3683
-60.3727
-46.01
-34.5677
-25.4491
-18.1428
-12.2232
-7.38371
-3.41229
-0.134073
2.61379
4.95646
6.94922
8.63585
10.0769
11.3269
12.4151
13.3526
14.1597
14.8597
15.4659
15.984
16.4277
16.8105
17.1335
17.4014
17.6209
17.7966
17.9321
18.0307
18.0943
18.1257
18.1311
18.1141
18.0741
18.0112
17.9275
17.8253
17.7068
17.5727
17.423
17.259
17.0808
16.8891
16.6855
16.4708
16.2455
16.0098
15.7641
15.509
15.2449
14.9721
14.6907
14.4011
14.1035
13.7981
13.4849
13.1645
12.8365
12.5016
12.1594
11.8103
11.4545
11.0919
10.7229
10.3474
9.96549
9.57737
9.18319
8.78294
8.37687
7.96495
7.54736
7.12415
6.69544
6.26133
5.82186
5.37729
4.92765
4.47328
4.01419
3.55097
3.08323
2.61343
2.13781
1.66714
1.18113
0.724015
0.196014
-310.518
-314.805
-318.111
-313.454
-296.275
-267.994
-233.033
-195.92
-160.559
-129.164
-102.281
-79.9741
-61.8779
-47.3359
-35.6985
-26.3975
-18.9257
-12.8594
-7.90377
-3.84611
-0.493378
2.32089
4.71141
6.73609
8.44922
9.91547
11.1877
12.2946
13.2451
14.0601
14.7635
15.3749
15.9008
16.3479
16.7305
17.0527
17.3214
17.5434
17.7215
17.8599
17.9629
18.0327
18.0711
18.083
18.0711
18.0354
17.9768
17.8974
17.7982
17.6806
17.5467
17.3978
17.2346
17.0572
16.8659
16.6621
16.4475
16.2222
15.9863
15.7403
15.4849
15.2202
14.9461
14.6636
14.3735
14.0754
13.7696
13.456
13.1352
12.8067
12.4715
12.1289
11.7796
11.4236
11.0609
10.6917
10.3161
9.93412
9.54593
9.15173
8.75161
8.34566
7.9338
7.51621
7.09306
6.66438
6.23037
5.79096
5.34656
4.89705
4.44295
3.98414
3.52145
3.05426
2.58609
2.11138
1.64596
1.15936
0.718427
0.171112
-310.399
-313.509
-315.041
-309.398
-292.507
-265.228
-231.494
-195.545
-161.05
-130.179
-103.554
-81.299
-63.1095
-48.4159
-36.6264
-27.1759
-19.5612
-13.376
-8.33177
-4.20517
-0.78973
2.08006
4.50727
6.55569
8.29033
9.7793
11.0684
12.1846
13.1424
13.9639
14.6748
15.2932
15.8262
16.2786
16.6625
16.9875
17.2612
17.4889
17.6712
17.8104
17.9121
17.9821
18.0222
18.0349
18.0222
17.9848
17.9248
17.8447
17.7458
17.6295
17.4973
17.3499
17.188
17.0122
16.8231
16.6216
16.4088
16.1851
15.9506
15.7058
15.4513
15.1872
14.9139
14.6321
14.3422
14.0441
13.738
13.424
13.1028
12.7738
12.4383
12.0953
11.7458
11.3895
11.0266
10.6573
10.2816
9.89967
9.51162
9.11748
8.71747
8.31155
7.89982
7.4823
7.0593
6.63076
6.19691
5.75765
5.31347
4.86419
4.4104
3.95194
3.48979
3.02325
2.55654
2.08296
1.62179
1.13611
0.707839
0.152322
-310.21
-312.445
-312.667
-306.231
-289.501
-262.955
-230.134
-195.076
-161.265
-130.839
-104.467
-82.2845
-64.05
-49.2628
-37.3696
-27.8103
-20.0796
-13.8008
-8.69703
-4.51473
-1.03767
1.87737
4.32437
6.38954
8.15001
9.66166
10.9627
12.0822
13.0468
13.8796
14.5985
15.2223
15.7584
16.214
16.6029
16.9315
17.2073
17.4371
17.6207
17.7616
17.8649
17.9362
17.9788
17.9937
17.9819
17.9451
17.8863
17.8078
17.7105
17.595
17.4626
17.3143
17.1514
16.975
16.7852
16.5827
16.3687
16.1438
15.9084
15.6627
15.4073
15.1428
14.8693
14.5874
14.2973
13.9992
13.6933
13.3798
13.059
12.7308
12.3958
12.0535
11.7046
11.3489
10.9866
10.6177
10.2427
9.86107
9.47359
9.07981
8.68013
8.27447
7.86312
7.44597
7.02332
6.59517
6.16165
5.72274
5.27889
4.82998
4.37656
3.91852
3.45691
2.99106
2.5255
2.05323
1.59476
1.11183
0.690398
0.143288
-310.013
-311.622
-310.914
-303.872
-287.217
-261.198
-229.052
-194.666
-161.383
-131.312
-105.168
-83.0532
-64.7913
-49.9566
-37.9873
-28.3248
-20.5085
-14.1755
-9.01498
-4.76555
-1.24083
1.69346
4.15917
6.25473
8.0415
9.56148
10.8628
11.9916
12.9719
13.8148
14.5343
15.1557
15.6961
16.1598
16.5533
16.8817
17.1558
17.3866
17.5742
17.718
17.8215
17.8922
17.9353
17.9516
17.9405
17.904
17.845
17.7663
17.6688
17.5532
17.4205
17.2721
17.1092
16.9329
16.7431
16.5405
16.3262
16.1014
15.866
15.6202
15.3645
15.0995
14.8257
14.5434
14.2529
13.9543
13.6479
13.3339
13.0127
12.6841
12.3488
12.0062
11.657
11.3011
10.9388
10.57
10.195
9.81352
9.42625
9.03279
8.63343
8.22831
7.81754
7.40101
6.97897
6.55153
6.11866
5.68042
5.23718
4.78891
4.33607
3.8786
3.41762
2.95248
2.48781
2.01703
1.55971
1.08124
0.660206
0.138649
-309.856
-311.036
-309.717
-302.257
-285.628
-259.947
-228.241
-194.296
-161.363
-131.533
-105.533
-83.4744
-65.2202
-50.354
-38.3277
-28.6149
-20.762
-14.3929
-9.19438
-4.91736
-1.37356
1.57989
4.06189
6.16795
7.96007
9.48453
10.7914
11.9254
12.9097
13.7547
14.4756
15.099
15.6425
16.1094
16.5041
16.8331
17.1082
17.3408
17.5305
17.6754
17.7793
17.8506
17.895
17.9126
17.9024
17.8662
17.8077
17.7298
17.6333
17.5185
17.3866
17.2387
17.0762
16.9003
16.711
16.5088
16.2948
16.0702
15.835
15.5895
15.334
15.0693
14.796
14.5142
14.2241
13.926
13.6203
13.3071
12.9865
12.6587
12.3245
11.9825
11.6337
11.2784
10.9166
10.5483
10.1737
9.79273
9.40575
9.01253
8.61329
8.20811
7.79731
7.38065
6.95858
6.53112
6.09822
5.65991
5.21666
4.76837
4.31556
3.85819
3.39735
2.93232
2.46764
1.99763
1.53989
1.0658
0.639741
0.148967
-309.799
-310.776
-309.167
-301.515
-284.923
-259.447
-228.001
-194.31
-161.572
-131.866
-105.939
-83.901
-65.6277
-50.724
-38.6594
-28.9108
-21.0211
-14.6187
-9.3967
-5.10185
-1.53611
1.44347
3.93878
6.05178
7.85221
9.38494
10.6963
11.8323
12.8195
13.6683
14.3923
15.017
15.5618
16.0309
16.4277
16.7583
17.0347
17.2681
17.4589
17.6052
17.7102
17.7824
17.8276
17.846
17.8366
17.8012
17.7434
17.6661
17.5702
17.4559
17.3244
17.1771
17.0151
16.8396
16.6509
16.4491
16.2356
16.0114
15.7768
15.5317
15.2767
15.0123
14.7393
14.4578
14.1681
13.8701
13.5645
13.2513
12.9308
12.6029
12.2685
11.9275
11.5791
11.2238
10.8622
10.494
10.1196
9.73893
9.35213
8.9592
8.56028
8.15572
7.74522
7.32873
6.90682
6.47955
6.04672
5.60846
5.16527
4.71697
4.26425
3.80689
3.34627
2.88164
2.41699
1.94798
1.48901
1.02018
0.591407
0.112926
-314.073
-315.342
-316.519
-316.763
-316.246
-314.976
-313.67
-313.762
-333.208
-334.724
-335.67
-336.005
-335.684
-334.969
-334.106
-333.757
-348.321
-351.157
-352.673
-353.239
-353.129
-352.819
-352.511
-352.171
-346.897
-350.262
-352.115
-352.862
-352.689
-352.174
-351.695
-351.057
-325.751
-328.651
-330.387
-330.946
-330.605
-329.868
-329.084
-328.157
-289.993
-292.049
-293.341
-293.795
-293.469
-292.521
-291.108
-289.508
-244.964
-246.037
-246.887
-247.288
-247.03
-246.002
-244.217
-242.158
-198.427
-198.458
-198.712
-198.926
-198.648
-197.567
-195.616
-193.372
-156.289
-155.593
-155.331
-155.236
-154.834
-153.718
-151.763
-149.557
-120.786
-119.663
-119.117
-118.845
-118.355
-117.252
-115.404
-113.362
-92.2216
-90.9956
-90.3484
-89.9541
-89.3927
-88.3484
-86.6742
-84.8481
-69.8815
-68.7288
-68.0921
-67.628
-67.0275
-66.0681
-64.5942
-63.0105
-52.6417
-51.6314
-51.0424
-50.5763
-49.9956
-49.1316
-47.8535
-46.4919
-39.3777
-38.5403
-38.0355
-37.6043
-37.0687
-36.3079
-35.2184
-34.0641
-29.0809
-28.4008
-27.9582
-27.561
-27.0865
-26.4312
-25.5099
-24.5332
-20.9938
-20.4559
-20.0544
-19.6761
-19.2605
-18.7022
-17.9242
-17.0825
-14.5778
-14.1526
-13.8002
-13.4562
-13.0913
-12.612
-11.9514
-11.1947
-9.40833
-9.07188
-8.77443
-8.4767
-8.15744
-7.74357
-7.18056
-6.5019
-5.15454
-4.89032
-4.64478
-4.39198
-4.11495
-3.75619
-3.273
-2.684
-1.6105
-1.4023
-1.19856
-0.984159
-0.74429
-0.432056
-0.0130712
0.497473
1.34683
1.51971
1.69669
1.87908
2.08689
2.36018
2.72661
3.17244
3.82645
3.97477
4.13153
4.28932
4.4719
4.71389
5.03779
5.43123
5.94266
6.06618
6.20045
6.33864
6.50217
6.71949
7.00904
7.36001
7.77224
7.87619
7.99127
8.11324
8.26028
8.45612
8.71622
9.03142
9.34626
9.43816
9.54156
9.65217
9.78614
9.96399
10.1989
10.4835
10.695
10.7831
10.8753
10.9758
11.0991
11.2623
11.4763
11.7351
11.8564
11.9441
12.0277
12.1188
12.232
12.382
12.5777
12.8145
12.8708
12.9505
13.0264
13.1108
13.2162
13.3553
13.5356
13.7537
13.7595
13.8316
13.9014
13.9801
14.0787
14.2081
14.3746
14.5762
14.5298
14.5962
14.6618
14.7363
14.8292
14.9503
15.1047
15.2917
15.1946
15.2559
15.3174
15.3878
15.4757
15.5894
15.7331
15.9073
15.7661
15.8226
15.8804
15.9473
16.0307
16.1379
16.2722
16.435
16.2611
16.3122
16.3662
16.4295
16.5088
16.6099
16.7358
16.8885
16.688
16.7349
16.7854
16.8454
16.9207
17.0163
17.1345
17.2782
17.0495
17.0941
17.1425
17.2
17.272
17.3629
17.4741
17.6097
17.3525
17.3954
17.4423
17.4977
17.5668
17.6534
17.7583
17.8866
17.6028
17.6442
17.6894
17.7429
17.8093
17.8921
17.9915
18.1132
17.8062
17.8461
17.8899
17.9416
18.0057
18.0849
18.1792
18.295
17.9692
18.0077
18.05
18.1
18.1618
18.2378
18.3275
18.4379
18.0953
18.1326
18.1737
18.2223
18.282
18.3551
18.4405
18.5459
18.1879
18.2241
18.2641
18.3112
18.369
18.4393
18.5207
18.6217
18.2495
18.2843
18.3231
18.3688
18.4248
18.4924
18.5702
18.667
18.2803
18.3142
18.352
18.3966
18.4509
18.5162
18.5907
18.6837
18.2829
18.3161
18.3531
18.3967
18.4497
18.5129
18.5844
18.674
18.2614
18.2938
18.33
18.3726
18.4243
18.4855
18.5541
18.6406
18.2179
18.2496
18.285
18.3267
18.377
18.4363
18.5023
18.5858
18.153
18.1842
18.2189
18.2598
18.3089
18.3665
18.43
18.5108
18.0675
18.0982
18.1325
18.1726
18.2206
18.2766
18.3379
18.4162
17.9632
17.9934
18.0272
18.0666
18.1136
18.1681
18.2273
18.3033
17.8424
17.872
17.9052
17.9439
17.9899
18.043
18.1001
18.174
17.7059
17.7351
17.7677
17.8057
17.8508
17.9025
17.9577
18.0296
17.554
17.5828
17.6151
17.6525
17.6967
17.7472
17.8007
17.8707
17.3874
17.4159
17.4478
17.4847
17.5282
17.5775
17.6294
17.6977
17.2072
17.2355
17.267
17.3034
17.3461
17.3943
17.4447
17.5113
17.0142
17.0422
17.0733
17.1093
17.1513
17.1985
17.2474
17.3125
16.8094
16.8371
16.868
16.9034
16.9447
16.991
17.0386
17.1023
16.5939
16.6212
16.6516
16.6866
16.7273
16.7725
16.8188
16.8812
16.3678
16.3948
16.4249
16.4595
16.4994
16.5438
16.5889
16.65
16.1311
16.158
16.1878
16.2219
16.2613
16.3048
16.3488
16.4088
15.8845
15.9111
15.9407
15.9744
16.0132
16.056
16.0988
16.1577
15.6281
15.6545
15.6839
15.7173
15.7556
15.7976
15.8394
15.8973
15.363
15.3892
15.4183
15.4513
15.4891
15.5304
15.5712
15.6281
15.0896
15.1156
15.1443
15.1769
15.2141
15.2547
15.2946
15.3506
14.8079
14.8336
14.8621
14.8943
14.931
14.9709
15.0099
15.065
14.5176
14.5431
14.5713
14.6033
14.6395
14.6788
14.717
14.7713
14.219
14.2444
14.2724
14.3041
14.3399
14.3786
14.416
14.4695
13.9125
13.9377
13.9656
13.997
14.0324
14.0706
14.1072
14.1601
13.5987
13.6238
13.6514
13.6825
13.7175
13.7551
13.791
13.8432
13.2774
13.3024
13.3298
13.3607
13.3953
13.4324
13.4677
13.5192
12.9491
12.9739
13.0012
13.0317
13.066
13.1026
13.1372
13.1881
12.6136
12.6382
12.6654
12.6957
12.7296
12.7658
12.7998
12.8502
12.2711
12.2957
12.3226
12.3527
12.3863
12.4221
12.4554
12.5053
11.9217
11.9462
11.973
12.0029
12.0362
12.0716
12.1044
12.1538
11.5656
11.59
11.6167
11.6464
11.6794
11.7144
11.7466
11.7955
11.203
11.2273
11.2539
11.2834
11.3161
11.3507
11.3825
11.431
10.8339
10.8582
10.8846
10.914
10.9464
10.9806
11.0119
11.0599
10.4584
10.4826
10.509
10.5382
10.5704
10.6043
10.6351
10.6827
10.0766
10.1008
10.127
10.156
10.1879
10.2215
10.2519
10.2991
9.68859
9.7127
9.73892
9.76778
9.79948
9.83274
9.86272
9.9096
9.29461
9.31867
9.34478
9.37346
9.4049
9.43782
9.46736
9.51387
8.89455
8.9186
8.94466
8.97322
9.00446
9.03712
9.0663
9.11249
8.48878
8.5128
8.53876
8.56717
8.59816
8.63051
8.65927
8.70511
8.07708
8.10109
8.12701
8.1553
8.18612
8.21824
8.24669
8.29226
7.6598
7.68379
7.70965
7.73782
7.76842
7.80028
7.82844
7.87378
7.23677
7.26076
7.28657
7.31465
7.34509
7.37675
7.40499
7.45079
6.80823
6.83218
6.85792
6.88586
6.91609
6.94743
6.97549
7.02139
6.37411
6.39802
6.42368
6.45149
6.48154
6.51264
6.54042
6.58608
5.93461
5.95845
5.98402
6.01169
6.04155
6.07242
6.09992
6.14533
5.48979
5.51355
5.53899
5.56649
5.59613
5.62674
5.65391
5.699
5.03982
5.06348
5.08881
5.11616
5.1456
5.17602
5.20294
5.24782
4.58476
4.60826
4.63338
4.66049
4.68963
4.71972
4.74625
4.7907
4.12485
4.14819
4.17315
4.20006
4.22899
4.25889
4.28523
4.32959
3.65973
3.6827
3.70728
3.73381
3.76234
3.79185
3.81777
3.86172
3.1902
3.21285
3.2371
3.26327
3.29143
3.32059
3.34618
3.38989
2.71397
2.73554
2.75884
2.7842
2.8117
2.84039
2.86568
2.90927
2.23579
2.25692
2.27972
2.30449
2.33131
2.35931
2.38397
2.42688
1.74353
1.76117
1.78109
1.80365
1.82896
1.85619
1.88077
1.9247
1.26284
1.28127
1.30125
1.32314
1.34707
1.37231
1.39488
1.43521
0.739352
0.746923
0.758015
0.77321
0.792907
0.815989
0.834936
0.883355
0.302175
0.320231
0.336617
0.351749
0.366669
0.383739
0.400931
0.376909
)
;

boundaryField
{
    frontAndBack
    {
        type            empty;
    }
    inlet
    {
        type            zeroGradient;
    }
    outlet
    {
        type            fixedValue;
        value           uniform 0;
    }
    walls
    {
        type            zeroGradient;
    }
}


// ************************************************************************* //
