/*--------------------------------*- C++ -*----------------------------------*\
| =========                 |                                                 |
| \\      /  F ield         | OpenFOAM: The Open Source CFD Toolbox           |
|  \\    /   O peration     | Version:  v2012                                 |
|   \\  /    A nd           | Website:  www.openfoam.com                      |
|    \\/     M anipulation  |                                                 |
\*---------------------------------------------------------------------------*/
FoamFile
{
    version     2.0;
    format      ascii;
    class       volScalarField;
    location    "0.005";
    object      p;
}
// * * * * * * * * * * * * * * * * * * * * * * * * * * * * * * * * * * * * * //

dimensions      [0 2 -2 0 0 0 0];


internalField   nonuniform List<scalar> 
5600
(
12.6835
11.823
10.9017
10.7003
10.8947
10.7091
10.3045
10.0022
9.78416
9.54488
9.28647
9.03116
8.77898
8.52644
8.2735
8.0206
7.76774
7.51488
7.26202
7.00915
6.75629
6.50343
6.25056
5.9977
5.74483
5.49197
5.2391
4.98623
4.73336
4.48049
4.22763
3.97476
3.72189
3.46902
3.21615
2.96329
2.71042
2.45755
2.20469
1.95182
1.69895
1.44608
1.1932
0.940333
0.687461
0.43459
0.181718
-0.0711541
-0.324026
-0.576897
-0.829768
-1.08264
-1.33551
-1.58838
-1.84125
-2.09413
-2.347
-2.59988
-2.85275
-3.10563
-3.3585
-3.61138
-3.86425
-4.11713
-4.37
-4.62288
-4.87575
-5.12863
-5.3815
-5.63438
-5.88726
-6.14014
-6.39301
-6.64589
-6.89877
-7.15165
-7.40453
-7.6574
-7.91028
-8.16316
-8.41604
-8.66892
-8.9218
-9.17468
-9.42756
-9.68044
-9.93332
-10.1862
-10.4391
-10.692
-10.9451
-11.1983
-11.4526
-11.7088
-11.9739
-12.2551
-12.6131
-13.1425
-14.3706
-18.4797
12.6182
11.8088
10.8859
10.6804
10.872
10.6875
10.2809
9.97925
9.7612
9.52207
9.26355
9.00823
8.75606
8.50352
8.25058
7.99769
7.74483
7.49197
7.2391
6.98624
6.73338
6.48051
6.22765
5.97478
5.72192
5.46905
5.21619
4.96332
4.71045
4.45758
4.20471
3.95184
3.69897
3.44611
3.19324
2.94037
2.6875
2.43464
2.18177
1.9289
1.67603
1.42316
1.17029
0.917417
0.664545
0.411674
0.158802
-0.0940705
-0.346942
-0.599813
-0.852685
-1.10555
-1.35843
-1.6113
-1.86417
-2.11705
-2.36992
-2.62279
-2.87567
-3.12855
-3.38142
-3.63429
-3.88717
-4.14004
-4.39292
-4.64579
-4.89867
-5.15154
-5.40442
-5.6573
-5.91017
-6.16305
-6.41593
-6.66881
-6.92169
-7.17456
-7.42744
-7.68032
-7.9332
-8.18608
-8.43896
-8.69184
-8.94472
-9.1976
-9.45048
-9.70336
-9.95624
-10.2091
-10.462
-10.7149
-10.968
-11.2212
-11.4754
-11.7315
-11.9962
-12.2764
-12.6345
-13.1551
-14.379
-17.6272
12.5754
11.8039
10.8734
10.6699
10.8638
10.6864
10.2736
9.97302
9.75501
9.51573
9.25723
9.00194
8.74977
8.49723
8.24429
7.99139
7.73854
7.48567
7.23281
6.97995
6.72708
6.47422
6.22136
5.96849
5.71563
5.46276
5.20989
4.95702
4.70416
4.45129
4.19842
3.94555
3.69268
3.43981
3.18695
2.93408
2.68121
2.42835
2.17548
1.92261
1.66974
1.41687
1.164
0.911126
0.658254
0.405382
0.15251
-0.100362
-0.353233
-0.606105
-0.858976
-1.11185
-1.36472
-1.61759
-1.87046
-2.12334
-2.37621
-2.62909
-2.88196
-3.13484
-3.38771
-3.64059
-3.89346
-4.14633
-4.39921
-4.65208
-4.90496
-5.15784
-5.41071
-5.66359
-5.91647
-6.16934
-6.42222
-6.6751
-6.92798
-7.18086
-7.43373
-7.68661
-7.93949
-8.19237
-8.44525
-8.69813
-8.95101
-9.20389
-9.45677
-9.70965
-9.96253
-10.2154
-10.4683
-10.7212
-10.9743
-11.2276
-11.4818
-11.7381
-12.0032
-12.2838
-12.6397
-13.1562
-14.3123
-17.0671
12.5313
11.7888
10.8559
10.6518
10.8449
10.6673
10.2525
9.95125
9.73382
9.49473
9.23608
8.98076
8.7286
8.47607
8.22312
7.97023
7.71737
7.46451
7.21164
6.95878
6.70592
6.45305
6.20019
5.94732
5.69446
5.44159
5.18873
4.93586
4.68299
4.43012
4.17725
3.92438
3.67151
3.41865
3.16578
2.91291
2.66005
2.40718
2.15431
1.90144
1.64857
1.3957
1.14283
0.889958
0.637086
0.384215
0.131343
-0.121529
-0.374401
-0.627272
-0.880144
-1.13301
-1.38589
-1.63876
-1.89163
-2.1445
-2.39738
-2.65025
-2.90313
-3.156
-3.40888
-3.66175
-3.91463
-4.1675
-4.42038
-4.67325
-4.92613
-5.179
-5.43188
-5.68476
-5.93763
-6.19051
-6.44339
-6.69627
-6.94914
-7.20202
-7.4549
-7.70778
-7.96066
-8.21354
-8.46642
-8.7193
-8.97218
-9.22506
-9.47794
-9.73082
-9.9837
-10.2366
-10.4895
-10.7424
-10.9954
-11.2486
-11.5027
-11.7584
-12.0223
-12.3006
-12.6522
-13.1457
-14.2382
-16.4315
12.4862
11.7726
10.8383
10.6331
10.8301
10.656
10.2379
9.93713
9.72027
9.48099
9.2223
8.96701
8.71487
8.46233
8.20939
7.95649
7.70363
7.45077
7.1979
6.94504
6.69218
6.43931
6.18645
5.93359
5.68072
5.42785
5.17499
4.92212
4.66925
4.41638
4.16351
3.91064
3.65778
3.40491
3.15204
2.89917
2.64631
2.39344
2.14057
1.8877
1.63483
1.38196
1.12909
0.876219
0.623347
0.370476
0.117604
-0.135268
-0.38814
-0.641011
-0.893883
-1.14675
-1.39962
-1.6525
-1.90537
-2.15824
-2.41112
-2.66399
-2.91687
-3.16974
-3.42262
-3.67549
-3.92837
-4.18124
-4.43411
-4.68699
-4.93987
-5.19274
-5.44562
-5.69849
-5.95137
-6.20425
-6.45713
-6.71001
-6.96288
-7.21576
-7.46864
-7.72152
-7.9744
-8.22728
-8.48016
-8.73303
-8.98591
-9.2388
-9.49168
-9.74456
-9.99744
-10.2503
-10.5032
-10.7561
-11.0092
-11.2624
-11.5165
-11.7724
-12.0364
-12.3135
-12.6595
-13.1278
-14.126
-15.7972
12.4404
11.7551
10.8186
10.6113
10.8107
10.6388
10.217
9.91513
9.69901
9.45983
9.20101
8.94569
8.69356
8.44102
8.18808
7.93518
7.68232
7.42946
7.1766
6.92373
6.67087
6.41801
6.16514
5.91228
5.65941
5.40655
5.15368
4.90081
4.64794
4.39507
4.14221
3.88934
3.63647
3.3836
3.13073
2.87787
2.625
2.37213
2.11927
1.8664
1.61353
1.36066
1.10778
0.854913
0.602041
0.34917
0.096298
-0.156574
-0.409446
-0.662317
-0.915188
-1.16806
-1.42093
-1.6738
-1.92667
-2.17955
-2.43242
-2.6853
-2.93817
-3.19105
-3.44392
-3.6968
-3.94967
-4.20255
-4.45542
-4.7083
-4.96117
-5.21405
-5.46692
-5.7198
-5.97268
-6.22556
-6.47843
-6.73131
-6.98419
-7.23707
-7.48995
-7.74282
-7.9957
-8.24858
-8.50146
-8.75434
-9.00722
-9.2601
-9.51298
-9.76586
-10.0187
-10.2716
-10.5245
-10.7774
-11.0304
-11.2836
-11.5375
-11.7928
-12.0552
-12.3292
-12.666
-13.1013
-13.9816
-15.1739
12.3947
11.736
10.7968
10.5871
10.7921
10.6207
10.1962
9.89398
9.6789
9.43966
9.18073
8.92541
8.67331
8.42077
8.16783
7.91493
7.66207
7.40921
7.15634
6.90348
6.65062
6.39776
6.14489
5.89203
5.63916
5.3863
5.13343
4.88056
4.62769
4.37482
4.12195
3.86908
3.61622
3.36335
3.11048
2.85761
2.60475
2.35188
2.09901
1.84614
1.59327
1.3404
1.08753
0.83466
0.581788
0.328917
0.0760444
-0.176828
-0.429699
-0.68257
-0.935442
-1.18831
-1.44118
-1.69406
-1.94693
-2.1998
-2.45268
-2.70555
-2.95843
-3.2113
-3.46418
-3.71705
-3.96993
-4.2228
-4.47567
-4.72855
-4.98143
-5.2343
-5.48718
-5.74005
-5.99293
-6.24581
-6.49869
-6.75157
-7.00444
-7.25732
-7.5102
-7.76308
-8.01596
-8.26884
-8.52171
-8.77459
-9.02747
-9.28035
-9.53323
-9.78612
-10.039
-10.2919
-10.5448
-10.7977
-11.0507
-11.3038
-11.5576
-11.8127
-12.0741
-12.3448
-12.6696
-13.065
-13.8072
-14.56
12.3502
11.7148
10.7727
10.5605
10.7686
10.5995
10.1726
9.86953
9.65522
9.41598
9.15694
8.90161
8.64953
8.39699
8.14404
7.89114
7.63828
7.38542
7.13256
6.8797
6.62683
6.37397
6.1211
5.86824
5.61538
5.36251
5.10964
4.85677
4.6039
4.35104
4.09817
3.8453
3.59243
3.33956
3.0867
2.83383
2.58096
2.32809
2.07523
1.82236
1.56949
1.31662
1.06375
0.810874
0.558002
0.305131
0.0522586
-0.200613
-0.453485
-0.706356
-0.959228
-1.2121
-1.46497
-1.71784
-1.97071
-2.22359
-2.47646
-2.72934
-2.98221
-3.23509
-3.48796
-3.74084
-3.99371
-4.24659
-4.49946
-4.75234
-5.00521
-5.25809
-5.51096
-5.76384
-6.01672
-6.2696
-6.52247
-6.77535
-7.02823
-7.28111
-7.53399
-7.78686
-8.03974
-8.29262
-8.5455
-8.79838
-9.05126
-9.30414
-9.55702
-9.8099
-10.0628
-10.3157
-10.5686
-10.8215
-11.0744
-11.3275
-11.5811
-11.8356
-12.0952
-12.3613
-12.6705
-13.0192
-13.6066
-13.9621
12.3085
11.691
10.7462
10.5317
10.7437
10.5756
10.1466
9.84282
9.62926
9.39004
9.13091
8.87557
8.6235
8.37096
8.11801
7.86512
7.61226
7.3594
7.10653
6.85367
6.60081
6.34794
6.09508
5.84221
5.58935
5.33648
5.08362
4.83075
4.57788
4.32501
4.07214
3.81927
3.56641
3.31354
3.06067
2.8078
2.55494
2.30207
2.0492
1.79633
1.54346
1.29059
1.03772
0.784849
0.531977
0.279105
0.0262332
-0.226639
-0.47951
-0.732381
-0.985253
-1.23812
-1.491
-1.74387
-1.99674
-2.24961
-2.50249
-2.75536
-3.00824
-3.26111
-3.51399
-3.76686
-4.01974
-4.27261
-4.52549
-4.77836
-5.03124
-5.28411
-5.53699
-5.78986
-6.04274
-6.29562
-6.5485
-6.80138
-7.05425
-7.30713
-7.56001
-7.81289
-8.06577
-8.31865
-8.57153
-8.82441
-9.07729
-9.33017
-9.58305
-9.83593
-10.0888
-10.3417
-10.5946
-10.8475
-11.1004
-11.3534
-11.6068
-11.8606
-12.1182
-12.3786
-12.6687
-12.9647
-13.386
-13.3854
12.2718
11.6638
10.7171
10.5011
10.7155
10.548
10.1177
9.81355
9.60046
9.36126
9.10206
8.84672
8.59466
8.34212
8.08917
7.83628
7.58342
7.33056
7.07769
6.82483
6.57197
6.3191
6.06624
5.81337
5.56051
5.30764
5.05478
4.80191
4.54904
4.29617
4.0433
3.79043
3.53757
3.2847
3.03183
2.77896
2.5261
2.27323
2.02036
1.76749
1.51462
1.26175
1.00888
0.756008
0.503136
0.250265
-0.00260714
-0.255479
-0.508351
-0.761222
-1.01409
-1.26696
-1.51984
-1.77271
-2.02558
-2.27845
-2.53133
-2.7842
-3.03708
-3.28995
-3.54283
-3.7957
-4.04858
-4.30145
-4.55433
-4.8072
-5.06008
-5.31295
-5.56583
-5.81871
-6.07158
-6.32446
-6.57734
-6.83022
-7.08309
-7.33597
-7.58885
-7.84173
-8.09461
-8.34749
-8.60037
-8.85325
-9.10613
-9.35901
-9.61189
-9.86477
-10.1176
-10.3705
-10.6234
-10.8763
-11.1292
-11.3821
-11.6352
-11.8883
-12.1433
-12.397
-12.665
-12.9036
-13.1546
-12.8378
12.2441
11.6341
10.6867
10.4709
10.6852
10.5176
10.0874
9.78322
9.57015
9.33094
9.07176
8.81641
8.56436
8.31182
8.05887
7.80597
7.55311
7.30025
7.04739
6.79452
6.54166
6.2888
6.03593
5.78307
5.5302
5.27734
5.02447
4.7716
4.51873
4.26586
4.013
3.76013
3.50726
3.25439
3.00152
2.74866
2.49579
2.24292
1.99005
1.73719
1.48432
1.23145
0.978574
0.725702
0.472831
0.219959
-0.032913
-0.285785
-0.538656
-0.791527
-1.0444
-1.29727
-1.55014
-1.80301
-2.05589
-2.30876
-2.56163
-2.81451
-3.06738
-3.32026
-3.57313
-3.82601
-4.07888
-4.33176
-4.58463
-4.83751
-5.09038
-5.34326
-5.59613
-5.84901
-6.10189
-6.35477
-6.60765
-6.86052
-7.1134
-7.36628
-7.61916
-7.87204
-8.12491
-8.37779
-8.63067
-8.88355
-9.13643
-9.38931
-9.64219
-9.89507
-10.148
-10.4008
-10.6537
-10.9066
-11.1595
-11.4123
-11.6651
-11.9173
-12.1697
-12.4161
-12.6609
-12.8426
-12.9353
-12.3571
12.2282
11.6048
10.6582
10.444
10.6558
10.4874
10.0585
9.75477
9.54126
9.30204
9.04292
8.78758
8.53552
8.28298
8.03003
7.77713
7.52427
7.27141
7.01855
6.76568
6.51282
6.25996
6.00709
5.75423
5.50136
5.2485
4.99563
4.74276
4.48989
4.23702
3.98416
3.73129
3.47842
3.22555
2.97268
2.71982
2.46695
2.21408
1.96121
1.70835
1.45548
1.20261
0.949733
0.696862
0.44399
0.191119
-0.0617533
-0.314625
-0.567497
-0.820368
-1.07324
-1.32611
-1.57898
-1.83185
-2.08473
-2.3376
-2.59047
-2.84335
-3.09622
-3.3491
-3.60197
-3.85485
-4.10772
-4.3606
-4.61347
-4.86635
-5.11922
-5.3721
-5.62497
-5.87785
-6.13073
-6.38361
-6.63649
-6.88936
-7.14224
-7.39512
-7.648
-7.90088
-8.15375
-8.40663
-8.65951
-8.91239
-9.16527
-9.41815
-9.67103
-9.92391
-10.1768
-10.4297
-10.6825
-10.9354
-11.1882
-11.441
-11.6935
-11.945
-12.1948
-12.4346
-12.6587
-12.7915
-12.7557
-11.9824
12.2223
11.5777
10.6325
10.4209
10.6287
10.4591
10.0326
9.7295
9.51517
9.27591
9.0169
8.76157
8.50949
8.25695
8.004
7.7511
7.49825
7.24539
6.99252
6.73966
6.48679
6.23393
5.98107
5.7282
5.47534
5.22247
4.9696
4.71674
4.46387
4.211
3.95813
3.70526
3.45239
3.19952
2.94666
2.69379
2.44092
2.18806
1.93519
1.68232
1.42945
1.17658
0.923707
0.670836
0.417964
0.165093
-0.0877795
-0.340651
-0.593523
-0.846394
-1.09927
-1.35214
-1.60501
-1.85788
-2.11075
-2.36363
-2.6165
-2.86938
-3.12225
-3.37512
-3.628
-3.88088
-4.13375
-4.38662
-4.6395
-4.89237
-5.14525
-5.39812
-5.651
-5.90388
-6.15676
-6.40963
-6.66251
-6.91539
-7.16827
-7.42114
-7.67402
-7.9269
-8.17978
-8.43266
-8.68554
-8.93842
-9.1913
-9.44418
-9.69706
-9.94994
-10.2028
-10.4557
-10.7086
-10.9614
-11.2142
-11.4669
-11.7192
-11.97
-12.2177
-12.4519
-12.6592
-12.7534
-12.6201
-11.7071
12.2238
11.553
10.6095
10.4005
10.604
10.4324
10.0078
9.70634
9.49129
9.25202
8.99312
8.7378
8.48571
8.23317
7.98022
7.72732
7.47446
7.2216
6.96874
6.71588
6.46301
6.21015
5.95728
5.70442
5.45156
5.19869
4.94582
4.69295
4.44009
4.18722
3.93435
3.68148
3.42861
3.17574
2.92288
2.67001
2.41714
2.16427
1.91141
1.65854
1.40567
1.1528
0.899926
0.647055
0.394183
0.141311
-0.111561
-0.364432
-0.617304
-0.870175
-1.12305
-1.37592
-1.62879
-1.88166
-2.13453
-2.38741
-2.64028
-2.89316
-3.14603
-3.39891
-3.65178
-3.90466
-4.15753
-4.41041
-4.66328
-4.91615
-5.16903
-5.42191
-5.67478
-5.92766
-6.18054
-6.43341
-6.68629
-6.93917
-7.19205
-7.44493
-7.6978
-7.95068
-8.20356
-8.45644
-8.70932
-8.9622
-9.21508
-9.46796
-9.72084
-9.97372
-10.2266
-10.4795
-10.7323
-10.9852
-11.238
-11.4906
-11.7426
-11.9928
-12.2389
-12.4685
-12.6626
-12.7269
-12.5208
-11.5073
12.2306
11.5308
10.5887
10.3824
10.5816
10.409
9.98933
9.68684
9.47085
9.23166
8.97288
8.71756
8.46544
8.2129
7.95996
7.70706
7.4542
7.20134
6.94848
6.69561
6.44275
6.18989
5.93702
5.68416
5.43129
5.17843
4.92556
4.67269
4.41982
4.16695
3.91409
3.66122
3.40835
3.15548
2.90261
2.64975
2.39688
2.14401
1.89114
1.63828
1.38541
1.13254
0.879664
0.626793
0.373921
0.12105
-0.131823
-0.384694
-0.637566
-0.890437
-1.14331
-1.39618
-1.64905
-1.90192
-2.1548
-2.40767
-2.66054
-2.91342
-3.16629
-3.41917
-3.67204
-3.92492
-4.17779
-4.43067
-4.68354
-4.93642
-5.18929
-5.44217
-5.69504
-5.94792
-6.2008
-6.45368
-6.70655
-6.95943
-7.21231
-7.46519
-7.71807
-7.97094
-8.22382
-8.4767
-8.72958
-8.98246
-9.23534
-9.48822
-9.7411
-9.99398
-10.2469
-10.4997
-10.7526
-11.0055
-11.2582
-11.5108
-11.7628
-12.0128
-12.2578
-12.4842
-12.6683
-12.7101
-12.4508
-11.3651
12.2413
11.511
10.5699
10.3658
10.5613
10.3846
9.96624
9.66647
9.44953
9.21022
8.95157
8.69629
8.44415
8.19161
7.93866
7.68577
7.43291
7.18005
6.92718
6.67432
6.42146
6.16859
5.91573
5.66286
5.41
5.15713
4.90427
4.6514
4.39853
4.14566
3.89279
3.63992
3.38706
3.13419
2.88132
2.62845
2.37559
2.12272
1.86985
1.61698
1.36411
1.11124
0.85837
0.605499
0.352627
0.0997554
-0.153117
-0.405988
-0.65886
-0.911731
-1.1646
-1.41747
-1.67035
-1.92322
-2.17609
-2.42896
-2.68184
-2.93471
-3.18759
-3.44046
-3.69334
-3.94621
-4.19909
-4.45196
-4.70484
-4.95771
-5.21059
-5.46346
-5.71634
-5.96922
-6.22209
-6.47497
-6.72785
-6.98073
-7.2336
-7.48648
-7.73936
-7.99224
-8.24512
-8.498
-8.75088
-9.00376
-9.25663
-9.50952
-9.7624
-10.0153
-10.2682
-10.521
-10.7739
-11.0267
-11.2795
-11.532
-11.7837
-12.0331
-12.2766
-12.4999
-12.6763
-12.7016
-12.4039
-11.267
12.2551
11.4931
10.5529
10.3501
10.5438
10.3676
9.95449
9.6529
9.43557
9.19646
8.93786
8.68254
8.43039
8.17785
7.92491
7.67201
7.41916
7.1663
6.91343
6.66057
6.4077
6.15484
5.90198
5.64911
5.39625
5.14338
4.89051
4.63765
4.38478
4.13191
3.87904
3.62617
3.3733
3.12043
2.86757
2.6147
2.36183
2.10897
1.8561
1.60323
1.35036
1.09749
0.844617
0.591746
0.338874
0.0860025
-0.16687
-0.419741
-0.672613
-0.925484
-1.17836
-1.43123
-1.6841
-1.93697
-2.18984
-2.44272
-2.69559
-2.94847
-3.20134
-3.45421
-3.70709
-3.95997
-4.21284
-4.46571
-4.71859
-4.97146
-5.22434
-5.47722
-5.73009
-5.98297
-6.23585
-6.48872
-6.7416
-6.99448
-7.24736
-7.50024
-7.75311
-8.00599
-8.25887
-8.51175
-8.76463
-9.01751
-9.27039
-9.52327
-9.77615
-10.029
-10.2819
-10.5348
-10.7877
-11.0405
-11.2933
-11.5458
-11.7976
-12.0471
-12.2906
-12.5129
-12.6848
-12.6988
-12.3747
-11.202
12.2713
11.4766
10.5383
10.3349
10.526
10.3429
9.93261
9.63249
9.41446
9.17514
8.91669
8.66141
8.40924
8.1567
7.90376
7.65086
7.39801
7.14515
6.89228
6.63942
6.38655
6.13369
5.88083
5.62796
5.3751
5.12223
4.86936
4.6165
4.36363
4.11076
3.85789
3.60502
3.35215
3.09928
2.84642
2.59355
2.34068
2.08782
1.83495
1.58208
1.32921
1.07634
0.823468
0.570596
0.317724
0.064853
-0.188019
-0.44089
-0.693762
-0.946634
-1.19951
-1.45238
-1.70525
-1.95812
-2.21099
-2.46387
-2.71674
-2.96962
-3.22249
-3.47536
-3.72824
-3.98112
-4.23399
-4.48686
-4.73974
-4.99261
-5.24549
-5.49836
-5.75124
-6.00412
-6.25699
-6.50987
-6.76275
-7.01563
-7.26851
-7.52138
-7.77426
-8.02714
-8.28002
-8.5329
-8.78578
-9.03866
-9.29154
-9.54442
-9.7973
-10.0502
-10.3031
-10.5559
-10.8088
-11.0616
-11.3144
-11.5668
-11.8185
-12.0674
-12.3097
-12.5297
-12.697
-12.7028
-12.3608
-11.1645
12.291
11.4554
10.5275
10.3244
10.5162
10.3341
9.92742
9.62605
9.40803
9.16887
8.91041
8.6551
8.40293
8.15039
7.89746
7.64456
7.3917
7.13884
6.88597
6.63311
6.38025
6.12738
5.87452
5.62165
5.36879
5.11592
4.86306
4.61019
4.35732
4.10445
3.85158
3.59871
3.34584
3.09298
2.84011
2.58724
2.33437
2.08151
1.82864
1.57577
1.3229
1.07003
0.817159
0.564288
0.311416
0.0585449
-0.194328
-0.447198
-0.700071
-0.952942
-1.20581
-1.45868
-1.71156
-1.96443
-2.2173
-2.47018
-2.72305
-2.97592
-3.2288
-3.48167
-3.73455
-3.98742
-4.2403
-4.49317
-4.74605
-4.99892
-5.2518
-5.50467
-5.75755
-6.01043
-6.2633
-6.51618
-6.76906
-7.02194
-7.27481
-7.52769
-7.78057
-8.03345
-8.28633
-8.53921
-8.79209
-9.04497
-9.29785
-9.55073
-9.80361
-10.0565
-10.3094
-10.5622
-10.8151
-11.0679
-11.3207
-11.5732
-11.8249
-12.0741
-12.3167
-12.5369
-12.7035
-12.7058
-12.355
-11.1466
12.3269
11.433
10.503
10.3023
10.4963
10.3076
9.90522
9.60327
9.38516
9.14586
8.8875
8.6322
8.38002
8.12748
7.87454
7.62165
7.36879
7.11593
6.86306
6.6102
6.35734
6.10447
5.85161
5.59874
5.34588
5.09301
4.84015
4.58728
4.33441
4.08154
3.82867
3.5758
3.32293
3.07007
2.8172
2.56433
2.31146
2.0586
1.80573
1.55286
1.29999
1.04712
0.794249
0.541378
0.288506
0.0356345
-0.217238
-0.470109
-0.722981
-0.975852
-1.22872
-1.4816
-1.73447
-1.98734
-2.24021
-2.49309
-2.74596
-2.99883
-3.25171
-3.50458
-3.75746
-4.01033
-4.26321
-4.51608
-4.76896
-5.02183
-5.27471
-5.52758
-5.78046
-6.03334
-6.28621
-6.53909
-6.79197
-7.04485
-7.29773
-7.5506
-7.80348
-8.05636
-8.30924
-8.56212
-8.815
-9.06788
-9.32076
-9.57364
-9.82652
-10.0794
-10.3323
-10.5852
-10.838
-11.0908
-11.3436
-11.596
-11.8477
-12.0967
-12.3389
-12.5584
-12.7235
-12.7237
-12.369
-11.1575
-28.0723
-6.17571
2.54853
5.63378
6.27622
6.14406
6.00852
5.90013
5.80231
5.71831
5.64384
5.57458
5.50852
5.44424
5.38089
5.31806
5.25552
5.19313
5.13082
5.06856
5.00632
4.94409
4.88187
4.81966
4.75745
4.69524
4.63303
4.57082
4.50861
4.4464
4.38419
4.32199
4.25978
4.19758
4.13538
4.07318
4.01097
3.94877
3.88656
3.82436
3.76216
3.69996
3.63776
3.57556
3.51336
3.45116
3.38896
3.32676
3.26456
3.20236
3.14016
3.07797
3.01577
2.95358
2.89139
2.82919
2.767
2.7048
2.64261
2.58041
2.51822
2.45603
2.39384
2.33165
2.26946
2.20727
2.14508
2.08289
2.0207
1.95851
1.89632
1.83414
1.77195
1.70977
1.64758
1.5854
1.52321
1.46103
1.39885
1.33666
1.27448
1.21229
1.15011
1.08793
1.02575
0.963564
0.901378
0.839187
0.776984
0.714759
0.652491
0.590146
0.527656
0.464894
0.401614
0.337371
0.271273
0.202161
0.126685
0.0475569
-26.0701
-6.12715
2.40796
5.39081
6.1106
6.05217
5.95361
5.86484
5.77768
5.6993
5.62773
5.56002
5.49478
5.43095
5.36784
5.30514
5.24266
5.18031
5.11803
5.05577
4.99354
4.93131
4.86909
4.80688
4.74467
4.68247
4.62026
4.55805
4.49584
4.43363
4.37142
4.30922
4.24701
4.18481
4.12261
4.0604
3.9982
3.93599
3.87379
3.81158
3.74938
3.68718
3.62498
3.56279
3.50059
3.43839
3.37619
3.31399
3.25179
3.18959
3.12739
3.0652
3.003
2.94081
2.87861
2.81642
2.75422
2.69203
2.62983
2.56764
2.50545
2.44326
2.38107
2.31888
2.25669
2.1945
2.13231
2.07012
2.00793
1.94574
1.88355
1.82137
1.75918
1.697
1.63481
1.57263
1.51044
1.44826
1.38607
1.32389
1.2617
1.19952
1.13734
1.07516
1.01298
0.950793
0.888609
0.826419
0.764223
0.702007
0.639758
0.577447
0.515022
0.452383
0.389334
0.325522
0.260239
0.192567
0.119848
0.04419
-24.0151
-6.13798
2.26984
5.13884
5.93554
5.95328
5.89372
5.82584
5.75034
5.67821
5.60988
5.54387
5.47956
5.41622
5.35338
5.29083
5.22843
5.16612
5.10386
5.04162
4.97939
4.91716
4.85495
4.79274
4.73053
4.66832
4.60612
4.54391
4.4817
4.41949
4.35728
4.29507
4.23287
4.17067
4.10847
4.04626
3.98406
3.92185
3.85965
3.79744
3.73524
3.67304
3.61084
3.54864
3.48644
3.42424
3.36205
3.29985
3.23765
3.17545
3.11325
3.05106
2.98886
2.92667
2.86447
2.80228
2.74008
2.67789
2.61569
2.5535
2.49131
2.42911
2.36693
2.30474
2.24255
2.18036
2.11817
2.05598
1.99379
1.9316
1.86941
1.80722
1.74504
1.68285
1.62067
1.55848
1.4963
1.43412
1.37193
1.30975
1.24756
1.18538
1.1232
1.06102
0.998837
0.936653
0.87447
0.812284
0.750093
0.687888
0.62566
0.563388
0.501037
0.438535
0.375745
0.312416
0.248048
0.181986
0.112332
0.0405226
-21.8954
-6.11838
2.12698
4.87757
5.75081
5.84729
5.82879
5.78303
5.72013
5.65484
5.59009
5.52599
5.4627
5.39992
5.33738
5.27498
5.21267
5.15041
5.08817
5.02594
4.96372
4.9015
4.83929
4.77708
4.71487
4.65267
4.59046
4.52825
4.46604
4.40383
4.34162
4.27942
4.21721
4.15501
4.09281
4.0306
3.9684
3.90619
3.84399
3.78179
3.71958
3.65738
3.59518
3.53299
3.47079
3.40859
3.34639
3.28419
3.22199
3.15979
3.09759
3.0354
2.9732
2.91101
2.84882
2.78662
2.72442
2.66223
2.60004
2.53784
2.47565
2.41346
2.35127
2.28908
2.22689
2.1647
2.10251
2.04032
1.97813
1.91594
1.85375
1.79157
1.72938
1.6672
1.60501
1.54283
1.48064
1.41846
1.35627
1.29409
1.23191
1.16972
1.10754
1.04536
0.983181
0.920998
0.858817
0.796635
0.73445
0.672257
0.610052
0.547823
0.485554
0.423205
0.360704
0.297916
0.234567
0.170301
0.104034
0.0365037
-19.8856
-6.08652
1.97522
4.6129
5.55758
5.73401
5.75854
5.73616
5.68681
5.62899
5.56819
5.50619
5.44404
5.38187
5.31966
5.25744
5.19522
5.13301
5.0708
5.00859
4.94638
4.88416
4.82195
4.75974
4.69754
4.63533
4.57312
4.51091
4.44871
4.3865
4.32429
4.26208
4.19988
4.13767
4.07547
4.01327
3.95106
3.88886
3.82665
3.76445
3.70225
3.64005
3.57785
3.51565
3.45345
3.39125
3.32905
3.26685
3.20465
3.14245
3.08026
3.01806
2.95587
2.89367
2.83148
2.76929
2.70709
2.64489
2.5827
2.52051
2.45831
2.39612
2.33393
2.27175
2.20955
2.14736
2.08517
2.02299
1.9608
1.89861
1.83642
1.77423
1.71205
1.64986
1.58768
1.52549
1.46331
1.40112
1.33894
1.27675
1.21457
1.15239
1.09021
1.02803
0.965847
0.903666
0.841486
0.779308
0.71713
0.65495
0.592771
0.530591
0.468412
0.406234
0.344054
0.281866
0.219649
0.157376
0.094851
0.0320831
-17.9684
-6.01261
1.81071
4.34835
5.35654
5.61337
5.68289
5.68506
5.65017
5.60046
5.54398
5.48429
5.42338
5.36189
5.30004
5.23801
5.17591
5.11375
5.05157
4.98938
4.92717
4.86497
4.80276
4.74055
4.67834
4.61614
4.55393
4.49172
4.42951
4.3673
4.30509
4.24289
4.18068
4.11848
4.05628
3.99407
3.93187
3.86967
3.80746
3.74526
3.68306
3.62086
3.55866
3.49646
3.43426
3.37206
3.30986
3.24766
3.18546
3.12326
3.06107
2.99887
2.93667
2.87448
2.81229
2.75009
2.6879
2.6257
2.56351
2.50131
2.43912
2.37693
2.31474
2.25255
2.19036
2.12817
2.06598
2.00379
1.9416
1.87941
1.81723
1.75504
1.69285
1.63067
1.56848
1.5063
1.44411
1.38193
1.31975
1.25756
1.19538
1.1332
1.07102
1.00883
0.946655
0.884475
0.822298
0.760123
0.697954
0.635789
0.573638
0.511511
0.449432
0.387443
0.325618
0.264093
0.203126
0.143059
0.084664
0.0271914
-16.1877
-5.90479
1.62432
4.08836
5.14919
5.48583
5.60195
5.62967
5.61007
5.56906
5.51725
5.46007
5.40054
5.33977
5.27832
5.21651
5.15452
5.09243
5.03028
4.9681
4.90591
4.84371
4.7815
4.7193
4.65709
4.59489
4.53268
4.47047
4.40826
4.34605
4.28384
4.22164
4.15943
4.09723
4.03503
3.97282
3.91062
3.84842
3.78621
3.72401
3.66181
3.59961
3.53741
3.47521
3.41301
3.35081
3.28861
3.22641
3.16421
3.10201
3.03982
2.97762
2.91542
2.85323
2.79104
2.72884
2.66665
2.60445
2.54226
2.48006
2.41787
2.35568
2.29349
2.2313
2.16911
2.10692
2.04473
1.98254
1.92035
1.85816
1.79598
1.73379
1.6716
1.60942
1.54723
1.48505
1.42286
1.36068
1.2985
1.23631
1.17413
1.11195
1.04977
0.987586
0.925407
0.863228
0.801053
0.738883
0.676722
0.614574
0.552454
0.490385
0.428416
0.366633
0.305198
0.2444
0.184805
0.127162
0.0733208
0.0217282
-14.5641
-5.74905
1.42178
3.83934
4.93727
5.35205
5.51599
5.57005
5.56641
5.53463
5.48781
5.43334
5.37528
5.31531
5.25429
5.19271
5.13084
5.06882
5.00671
4.94455
4.88237
4.82018
4.75797
4.69577
4.63356
4.57136
4.50915
4.44694
4.38473
4.32253
4.26032
4.19811
4.13591
4.0737
4.0115
3.9493
3.88709
3.82489
3.76268
3.70048
3.63828
3.57608
3.51388
3.45168
3.38948
3.32728
3.26508
3.20288
3.14068
3.07849
3.01629
2.95409
2.8919
2.8297
2.76751
2.70531
2.64312
2.58092
2.51873
2.45654
2.39434
2.33215
2.26996
2.20777
2.14558
2.08339
2.0212
1.95901
1.89683
1.83464
1.77245
1.71026
1.64808
1.58589
1.52371
1.46152
1.39934
1.33715
1.27497
1.21278
1.1506
1.08842
1.02624
0.964059
0.901881
0.839704
0.777532
0.715366
0.653214
0.591084
0.528997
0.466992
0.405142
0.343583
0.28257
0.22256
0.164456
0.109455
0.0606239
0.0155457
-13.1178
-5.55361
1.2022
3.60327
4.72307
5.21313
5.42559
5.50645
5.51924
5.49704
5.45547
5.40389
5.34739
5.28827
5.2277
5.16637
5.10464
5.04269
4.98062
4.91848
4.85631
4.79412
4.73192
4.66972
4.60751
4.54531
4.4831
4.42089
4.35869
4.29648
4.23427
4.17206
4.10986
4.04765
3.98545
3.92325
3.86104
3.79884
3.73663
3.67443
3.61223
3.55003
3.48783
3.42563
3.36343
3.30123
3.23903
3.17683
3.11463
3.05244
2.99024
2.92804
2.86585
2.80365
2.74146
2.67926
2.61707
2.55488
2.49268
2.43049
2.3683
2.3061
2.24391
2.18172
2.11953
2.05734
1.99515
1.93297
1.87078
1.80859
1.7464
1.68421
1.62203
1.55984
1.49766
1.43547
1.37329
1.3111
1.24892
1.18674
1.12455
1.06237
1.00019
0.938011
0.875833
0.813658
0.751489
0.689329
0.627186
0.565075
0.503024
0.441087
0.379363
0.318043
0.25748
0.198313
0.141807
0.0896503
0.0463101
0.00842262
-11.8613
-5.33152
0.968342
3.37862
4.50975
5.07065
5.33156
5.43931
5.4687
5.45627
5.4201
5.37151
5.31664
5.25839
5.1983
5.13723
5.07563
5.01376
4.95173
4.88961
4.82745
4.76527
4.70308
4.64087
4.57867
4.51647
4.45426
4.39205
4.32984
4.26764
4.20543
4.14322
4.08102
4.01881
3.95661
3.89441
3.8322
3.77
3.70779
3.64559
3.58339
3.52119
3.45899
3.39679
3.33459
3.27239
3.21019
3.14799
3.08579
3.0236
2.9614
2.8992
2.83701
2.77481
2.71262
2.65042
2.58823
2.52603
2.46384
2.40165
2.33945
2.27726
2.21507
2.15288
2.09069
2.0285
1.96631
1.90412
1.84193
1.77975
1.71756
1.65537
1.59319
1.531
1.46881
1.40663
1.34445
1.28226
1.22008
1.15789
1.09571
1.03353
0.97135
0.909171
0.846994
0.784821
0.722654
0.6605
0.598368
0.536276
0.474263
0.412396
0.350805
0.289734
0.229641
0.171354
0.116531
0.0673786
0.030023
2.08981e-05
-10.8549
-5.10238
0.745404
3.17427
4.31213
4.93453
5.2401
5.37295
5.41787
5.41458
5.38354
5.3378
5.2845
5.22709
5.16745
5.10663
5.04517
4.98337
4.92137
4.85928
4.79713
4.73496
4.67276
4.61057
4.54836
4.48616
4.42395
4.36174
4.29954
4.23733
4.17512
4.11291
4.05071
3.9885
3.9263
3.8641
3.80189
3.73969
3.67749
3.61528
3.55308
3.49088
3.42868
3.36648
3.30428
3.24208
3.17988
3.11768
3.05549
2.99329
2.93109
2.8689
2.8067
2.7445
2.68231
2.62012
2.55792
2.49573
2.43353
2.37134
2.30915
2.24695
2.18476
2.12258
2.06039
1.9982
1.93601
1.87382
1.81163
1.74944
1.68725
1.62506
1.56288
1.50069
1.43851
1.37632
1.31414
1.25195
1.18977
1.12759
1.0654
1.00322
0.941043
0.878864
0.816689
0.754516
0.692352
0.630203
0.568082
0.506009
0.444031
0.382232
0.320768
0.259937
0.200297
0.142858
0.0896677
0.0434434
0.012214
-0.00967542
-10.1302
-4.90352
0.558069
3.00307
4.14819
4.81851
5.16055
5.31423
5.37197
5.3762
5.34943
5.3061
5.25411
5.1974
5.13815
5.07754
5.0162
4.95445
4.89249
4.83042
4.76828
4.70611
4.64392
4.58172
4.51952
4.45732
4.39511
4.3329
4.2707
4.20849
4.14628
4.08407
4.02187
3.95966
3.89746
3.83526
3.77305
3.71085
3.64865
3.58644
3.52424
3.46204
3.39984
3.33764
3.27544
3.21324
3.15104
3.08884
3.02664
2.96445
2.90225
2.84005
2.77786
2.71566
2.65347
2.59127
2.52908
2.46689
2.40469
2.3425
2.28031
2.21811
2.15592
2.09373
2.03154
1.96935
1.90716
1.84498
1.78279
1.7206
1.65841
1.59622
1.53404
1.47185
1.40967
1.34748
1.2853
1.22311
1.16093
1.09875
1.03656
0.974382
0.912202
0.850024
0.787849
0.725678
0.663517
0.601372
0.539259
0.477202
0.415255
0.353513
0.292156
0.231527
0.17227
0.115546
0.0637516
0.0200314
-0.00559421
-0.0200628
-9.62759
-4.7478
0.410556
2.86639
4.01927
4.72505
5.09515
5.26507
5.33269
5.34269
5.31925
5.27782
5.22684
5.17069
5.11174
5.05129
4.99004
4.92835
4.86642
4.80436
4.74223
4.68006
4.61787
4.55568
4.49348
4.43127
4.36907
4.30686
4.24465
4.18244
4.12024
4.05803
3.99582
3.93362
3.87142
3.80921
3.74701
3.6848
3.6226
3.5604
3.4982
3.436
3.3738
3.3116
3.2494
3.1872
3.125
3.0628
3.0006
2.9384
2.87621
2.81401
2.75181
2.68962
2.62743
2.56523
2.50304
2.44084
2.37865
2.31645
2.25426
2.19207
2.12988
2.06769
2.0055
1.94331
1.88112
1.81893
1.75674
1.69455
1.63237
1.57018
1.50799
1.44581
1.38362
1.32144
1.25925
1.19707
1.13489
1.0727
1.01052
0.948338
0.886159
0.82398
0.761806
0.699636
0.637476
0.575335
0.513229
0.451184
0.389261
0.327563
0.266291
0.205819
0.146861
0.0906987
0.0400115
-0.00172865
-0.0225591
-0.0307042
-9.27743
-4.63179
0.294498
2.75712
3.91825
4.65015
5.04157
5.22398
5.29908
5.31344
5.29257
5.25259
5.2024
5.14665
5.0879
5.02754
4.96632
4.90464
4.84271
4.78066
4.71853
4.65636
4.59418
4.53198
4.46978
4.40757
4.34537
4.28316
4.22095
4.15875
4.09654
4.03433
3.97212
3.90992
3.84772
3.78551
3.72331
3.66111
3.5989
3.5367
3.4745
3.4123
3.3501
3.2879
3.2257
3.1635
3.1013
3.0391
2.9769
2.91471
2.85251
2.79031
2.72812
2.66592
2.60373
2.54153
2.47934
2.41714
2.35495
2.29276
2.23056
2.16837
2.10618
2.04399
1.9818
1.91961
1.85742
1.79523
1.73304
1.67086
1.60867
1.54648
1.48429
1.42211
1.35992
1.29774
1.23556
1.17337
1.11119
1.049
0.986821
0.92464
0.862461
0.800283
0.738109
0.67594
0.613783
0.551645
0.489546
0.427514
0.365615
0.303962
0.242771
0.182446
0.123749
0.0680453
0.0182384
-0.0219667
-0.038766
-0.0416257
-9.03489
-4.54977
0.202607
2.66963
3.83934
4.59039
4.99784
5.18967
5.2703
5.28789
5.26892
5.23008
5.18064
5.12543
5.06703
5.00689
4.94579
4.88418
4.8223
4.76026
4.69814
4.63598
4.5738
4.51161
4.4494
4.3872
4.325
4.26279
4.20058
4.13837
4.07617
4.01396
3.95175
3.88955
3.82735
3.76514
3.70294
3.64074
3.57853
3.51633
3.45413
3.39193
3.32973
3.26753
3.20533
3.14313
3.08093
3.01873
2.95653
2.89433
2.83214
2.76994
2.70775
2.64555
2.58336
2.52116
2.45897
2.39677
2.33458
2.27238
2.21019
2.148
2.08581
2.02362
1.96143
1.89924
1.83705
1.77486
1.71267
1.65048
1.5883
1.52611
1.46392
1.40174
1.33955
1.27737
1.21518
1.153
1.09082
1.02863
0.966449
0.904269
0.84209
0.779912
0.717738
0.655569
0.593411
0.531273
0.469173
0.40714
0.345238
0.283582
0.222388
0.16207
0.103419
0.0478775
-0.00144612
-0.0406236
-0.0541753
-0.0528211
-8.86945
-4.49505
0.129509
2.59966
3.77798
4.54293
4.96224
5.16105
5.24571
5.26556
5.24763
5.2091
5.15968
5.10442
5.04596
4.98577
4.92465
4.86302
4.80112
4.73908
4.67696
4.6148
4.55262
4.49042
4.42822
4.36602
4.30381
4.2416
4.1794
4.11719
4.05498
3.99277
3.93057
3.86836
3.80616
3.74396
3.68175
3.61955
3.55735
3.49515
3.43294
3.37074
3.30854
3.24634
3.18414
3.12194
3.05974
2.99755
2.93535
2.87315
2.81095
2.74876
2.68656
2.62437
2.56217
2.49998
2.43778
2.37559
2.31339
2.2512
2.18901
2.12681
2.06462
2.00244
1.94025
1.87806
1.81587
1.75368
1.69149
1.6293
1.56711
1.50492
1.44274
1.38055
1.31837
1.25618
1.194
1.13181
1.06963
1.00745
0.945264
0.883084
0.820905
0.758727
0.696554
0.634387
0.572231
0.510098
0.448007
0.385991
0.324121
0.262523
0.201435
0.141302
0.0829677
0.0279248
-0.02057
-0.0586836
-0.0691328
-0.0643156
-8.75859
-4.45939
0.0724727
2.54425
3.73067
4.5054
4.93324
5.13718
5.22518
5.24742
5.23113
5.19366
5.1449
5.09003
5.03181
4.97175
4.9107
4.84911
4.78724
4.72521
4.66309
4.60094
4.53875
4.47656
4.41436
4.35215
4.28995
4.22774
4.16554
4.10333
4.04112
3.97891
3.91671
3.8545
3.7923
3.7301
3.66789
3.60569
3.54349
3.48128
3.41908
3.35688
3.29468
3.23248
3.17028
3.10808
3.04588
2.98368
2.92149
2.85929
2.79709
2.7349
2.6727
2.6105
2.54831
2.48611
2.42392
2.36173
2.29953
2.23734
2.17515
2.11295
2.05076
1.98857
1.92639
1.8642
1.802
1.73982
1.67763
1.61544
1.55325
1.49106
1.42888
1.36669
1.30451
1.24232
1.18014
1.11795
1.05577
0.993587
0.931403
0.869223
0.807044
0.744866
0.682692
0.620524
0.558367
0.496232
0.434136
0.372111
0.310224
0.248596
0.187455
0.127234
0.0687638
0.0135543
-0.035093
-0.0730371
-0.0826376
-0.0738346
-8.69163
-4.44176
0.0275474
2.50094
3.69472
4.47566
4.90854
5.11482
5.2038
5.2264
5.21021
5.17275
5.12396
5.06905
5.0108
4.95072
4.88966
4.82807
4.76619
4.70416
4.64204
4.57989
4.5177
4.45551
4.39331
4.3311
4.2689
4.20669
4.14449
4.08228
4.02007
3.95786
3.89566
3.83345
3.77125
3.70904
3.64684
3.58464
3.52244
3.46023
3.39803
3.33583
3.27363
3.21143
3.14923
3.08703
3.02483
2.96263
2.90043
2.83824
2.77604
2.71384
2.65165
2.58945
2.52726
2.46506
2.40287
2.34068
2.27848
2.21629
2.1541
2.0919
2.02971
1.96752
1.90533
1.84314
1.78095
1.71877
1.65658
1.59439
1.5322
1.47001
1.40783
1.34564
1.28346
1.22127
1.15909
1.0969
1.03472
0.972536
0.910352
0.848172
0.785993
0.723816
0.661642
0.599475
0.537321
0.475189
0.4131
0.351088
0.289227
0.227646
0.16659
0.106522
0.0483198
-0.00645817
-0.0543512
-0.091548
-0.0979011
-0.0924242
-8.66044
-4.44374
-0.00998182
2.46835
3.67042
4.45698
4.89485
5.1041
5.19486
5.21855
5.20303
5.16594
5.11736
5.06257
5.00439
4.94436
4.88332
4.82174
4.75986
4.69784
4.63572
4.57357
4.51139
4.44919
4.38699
4.32479
4.26258
4.20038
4.13817
4.07596
4.01375
3.95155
3.88934
3.82714
3.76493
3.70273
3.64053
3.57832
3.51612
3.45392
3.39171
3.32951
3.26731
3.20511
3.14291
3.08071
3.01852
2.95632
2.89412
2.83192
2.76972
2.70753
2.64533
2.58314
2.52094
2.45875
2.39655
2.33436
2.27217
2.20997
2.14778
2.08559
2.0234
1.96121
1.89902
1.83683
1.77464
1.71245
1.65026
1.58807
1.52588
1.46369
1.40151
1.33932
1.27714
1.21495
1.15277
1.09059
1.0284
0.966219
0.904036
0.841856
0.779677
0.717499
0.655326
0.593158
0.531002
0.468869
0.406776
0.344758
0.282885
0.221282
0.160186
0.100045
0.0417193
-0.0132462
-0.0614502
-0.0987942
-0.106184
-0.0866394
-8.67084
-4.47525
-0.0550612
2.43049
3.64004
4.42959
4.86961
5.07989
5.17112
5.1951
5.17976
5.14278
5.09425
5.0395
4.98133
4.92131
4.86027
4.79869
4.73682
4.6748
4.61268
4.55053
4.48834
4.42615
4.36395
4.30175
4.23954
4.17734
4.11513
4.05292
3.99071
3.92851
3.8663
3.80409
3.74189
3.67969
3.61748
3.55528
3.49308
3.43088
3.36867
3.30647
3.24427
3.18207
3.11987
3.05767
2.99548
2.93328
2.87108
2.80888
2.74668
2.68449
2.62229
2.5601
2.4979
2.43571
2.37351
2.31132
2.24913
2.18693
2.12474
2.06255
2.00036
1.93817
1.87598
1.81379
1.7516
1.68941
1.62722
1.56503
1.50284
1.44065
1.37847
1.31628
1.2541
1.19191
1.12973
1.06755
1.00536
0.943179
0.880996
0.818815
0.756636
0.694459
0.632286
0.570118
0.507963
0.44583
0.38374
0.321726
0.25986
0.19827
0.137199
0.0771037
0.0188582
-0.0359737
-0.0839089
-0.121113
-0.127035
-0.129343
-30.0139
-24.1135
-23.109
-22.8719
-22.4544
-21.7989
-20.827
-19.7363
-18.708
-17.8196
-17.1113
-16.5805
-16.1985
-15.9434
-15.8166
-15.8014
-6.58101
-8.79707
-12.1091
-13.2234
-12.2473
-10.9148
-9.83748
-8.95767
-8.1808
-7.52171
-7.00842
-6.63752
-6.37051
-6.18442
-6.05932
-5.96257
2.80831
3.19344
3.51919
3.82334
4.11357
4.36697
4.65063
5.01693
5.37681
5.64643
5.82586
5.94892
6.03653
6.09463
6.14224
6.20565
6.00999
6.5743
7.16677
7.75805
8.30631
8.74793
9.08122
9.33383
9.51736
9.65169
9.75447
9.83374
9.89405
9.93822
9.97525
10.0208
6.52719
6.87529
7.21119
7.50917
7.74448
7.93707
8.11185
8.26198
8.386
8.48719
8.56846
8.63283
8.68323
8.72183
8.75209
8.78589
6.28162
6.46588
6.63841
6.7896
6.91851
7.03559
7.14017
7.22915
7.30353
7.36502
7.41539
7.45635
7.4894
7.51558
7.5352
7.56027
6.08943
6.19308
6.28832
6.37444
6.45259
6.52272
6.58398
6.63696
6.68256
6.7216
6.75482
6.78295
6.80666
6.82648
6.84046
6.86191
5.95163
6.01655
6.07618
6.13056
6.17978
6.22381
6.26306
6.29794
6.3288
6.35596
6.37977
6.40058
6.41885
6.43525
6.44574
6.46557
5.83814
5.8837
5.92575
5.96433
5.99951
6.0315
6.06051
6.08671
6.11032
6.13155
6.15062
6.16773
6.18317
6.1982
6.20667
6.22581
5.74598
5.78167
5.81484
5.84546
5.87365
5.89956
5.92333
5.9451
5.96505
5.98332
6.00005
6.01533
6.02917
6.04377
6.05106
6.06994
5.66733
5.69784
5.72629
5.75272
5.77726
5.80001
5.82109
5.84063
5.85873
5.87551
5.89106
5.90543
5.91824
5.93281
5.93938
5.95816
5.59588
5.62365
5.64963
5.6739
5.69655
5.71768
5.7374
5.75579
5.77293
5.78893
5.80386
5.81785
5.82998
5.84465
5.85077
5.86952
5.52863
5.55495
5.57962
5.60274
5.6244
5.64467
5.66365
5.68142
5.69806
5.71363
5.72823
5.74212
5.75379
5.76859
5.77444
5.79317
5.46372
5.48925
5.51322
5.53572
5.55683
5.57664
5.59523
5.61267
5.62903
5.64438
5.65878
5.67268
5.68406
5.69896
5.70465
5.72338
5.40003
5.42514
5.44873
5.4709
5.49173
5.51129
5.52967
5.54694
5.56316
5.57839
5.59265
5.60659
5.61779
5.63275
5.63835
5.65708
5.33702
5.3619
5.38529
5.40728
5.42796
5.44739
5.46566
5.48283
5.49897
5.51414
5.52832
5.54228
5.55338
5.56838
5.57393
5.59266
5.27438
5.29913
5.32242
5.34431
5.3649
5.38427
5.40247
5.41959
5.43569
5.45083
5.46496
5.47893
5.48997
5.505
5.51052
5.52925
5.21194
5.23663
5.25985
5.28169
5.30224
5.32156
5.33974
5.35683
5.37291
5.38802
5.40213
5.41611
5.42712
5.44216
5.44767
5.46639
5.1496
5.17426
5.19745
5.21926
5.23978
5.25909
5.27724
5.29432
5.31039
5.32549
5.33958
5.35357
5.36456
5.37961
5.38511
5.40383
5.08732
5.11195
5.13513
5.15693
5.17744
5.19673
5.21488
5.23195
5.24801
5.26311
5.27718
5.29118
5.30216
5.31721
5.3227
5.34143
5.02507
5.0497
5.07286
5.09465
5.11515
5.13444
5.15258
5.16965
5.1857
5.2008
5.21487
5.22887
5.23984
5.2549
5.26039
5.27912
4.96284
4.98746
5.01062
5.03241
5.0529
5.07218
5.09032
5.10739
5.12344
5.13854
5.15261
5.1666
5.17758
5.19263
5.19812
5.21685
4.90062
4.92523
4.94839
4.97018
4.99067
5.00995
5.02809
5.04515
5.0612
5.0763
5.09037
5.10437
5.11534
5.13039
5.13588
5.15461
4.8384
4.86302
4.88617
4.90796
4.92845
4.94773
4.96587
4.98293
4.99898
5.01408
5.02815
5.04214
5.05311
5.06817
5.07366
5.09238
4.77619
4.80081
4.82396
4.84575
4.86624
4.88552
4.90365
4.92071
4.93677
4.95186
4.96593
4.97993
4.9909
5.00595
5.01144
5.03017
4.71398
4.7386
4.76175
4.78354
4.80403
4.82331
4.84144
4.8585
4.87455
4.88965
4.90372
4.91772
4.92868
4.94374
4.94923
4.96796
4.65177
4.67639
4.69954
4.72133
4.74182
4.7611
4.77923
4.79629
4.81234
4.82744
4.84151
4.85551
4.86647
4.88153
4.88702
4.90575
4.58957
4.61418
4.63733
4.65912
4.67961
4.69889
4.71702
4.73408
4.75013
4.76523
4.7793
4.7933
4.80426
4.81932
4.82481
4.84354
4.52736
4.55197
4.57513
4.59691
4.6174
4.63668
4.65481
4.67187
4.68792
4.70302
4.71709
4.73109
4.74205
4.75711
4.7626
4.78133
4.46515
4.48976
4.51291
4.5347
4.55519
4.57447
4.5926
4.60966
4.62572
4.64081
4.65488
4.66888
4.67984
4.6949
4.70039
4.71912
4.40294
4.42755
4.45071
4.47249
4.49298
4.51226
4.5304
4.54746
4.56351
4.57861
4.59267
4.60667
4.61764
4.6327
4.63818
4.65691
4.34073
4.36535
4.3885
4.41028
4.43078
4.45005
4.46819
4.48525
4.5013
4.5164
4.53047
4.54446
4.55543
4.57049
4.57598
4.59471
4.27853
4.30314
4.3263
4.34808
4.36857
4.38785
4.40598
4.42305
4.4391
4.4542
4.46826
4.48226
4.49323
4.50829
4.51377
4.5325
4.21633
4.24094
4.26409
4.28588
4.30637
4.32565
4.34378
4.36084
4.37689
4.39199
4.40606
4.42006
4.43102
4.44608
4.45157
4.4703
4.15412
4.17874
4.20189
4.22368
4.24417
4.26345
4.28158
4.29864
4.31469
4.32979
4.34386
4.35785
4.36882
4.38388
4.38936
4.40809
4.09192
4.11653
4.13969
4.16147
4.18196
4.20124
4.21938
4.23644
4.25249
4.26759
4.28165
4.29565
4.30662
4.32168
4.32716
4.34589
4.02971
4.05433
4.07748
4.09927
4.11976
4.13904
4.15717
4.17423
4.19028
4.20538
4.21945
4.23344
4.24441
4.25947
4.26496
4.28369
3.96751
3.99212
4.01528
4.03706
4.05755
4.07683
4.09497
4.11203
4.12808
4.14318
4.15724
4.17124
4.18221
4.19727
4.20275
4.22148
3.9053
3.92992
3.95307
3.97486
3.99535
4.01463
4.03276
4.04982
4.06587
4.08097
4.09504
4.10903
4.12
4.13506
4.14055
4.15928
3.8431
3.86771
3.89087
3.91265
3.93314
3.95242
3.97056
3.98762
4.00367
4.01877
4.03283
4.04683
4.0578
4.07286
4.07834
4.09707
3.7809
3.80551
3.82867
3.85045
3.87094
3.89022
3.90836
3.92542
3.94147
3.95657
3.97063
3.98463
3.9956
4.01066
4.01614
4.03487
3.7187
3.74331
3.76647
3.78825
3.80874
3.82802
3.84616
3.86322
3.87927
3.89437
3.90843
3.92243
3.9334
3.94846
3.95394
3.97267
3.6565
3.68111
3.70427
3.72605
3.74654
3.76582
3.78396
3.80102
3.81707
3.83217
3.84623
3.86023
3.8712
3.88626
3.89174
3.91047
3.5943
3.61892
3.64207
3.66385
3.68435
3.70362
3.72176
3.73882
3.75487
3.76997
3.78403
3.79803
3.809
3.82406
3.82954
3.84827
3.5321
3.55672
3.57987
3.60165
3.62215
3.64142
3.65956
3.67662
3.69267
3.70777
3.72183
3.73583
3.7468
3.76186
3.76735
3.78607
3.4699
3.49452
3.51767
3.53945
3.55995
3.57922
3.59736
3.61442
3.63047
3.64557
3.65964
3.67363
3.6846
3.69966
3.70515
3.72387
3.4077
3.43232
3.45547
3.47725
3.49775
3.51703
3.53516
3.55222
3.56827
3.58337
3.59744
3.61143
3.6224
3.63746
3.64295
3.66167
3.3455
3.37012
3.39327
3.41506
3.43555
3.45483
3.47296
3.49002
3.50607
3.52117
3.53524
3.54923
3.5602
3.57526
3.58075
3.59947
3.2833
3.30792
3.33107
3.35286
3.37335
3.39263
3.41076
3.42782
3.44387
3.45897
3.47304
3.48703
3.498
3.51306
3.51855
3.53728
3.2211
3.24572
3.26887
3.29066
3.31115
3.33043
3.34856
3.36562
3.38167
3.39677
3.41084
3.42483
3.4358
3.45086
3.45635
3.47508
3.15891
3.18352
3.20668
3.22846
3.24895
3.26823
3.28637
3.30343
3.31948
3.33458
3.34864
3.36264
3.37361
3.38867
3.39415
3.41288
3.09671
3.12133
3.14448
3.16627
3.18676
3.20604
3.22417
3.24123
3.25728
3.27238
3.28645
3.30044
3.31141
3.32647
3.33196
3.35069
3.03452
3.05913
3.08229
3.10407
3.12456
3.14384
3.16198
3.17904
3.19509
3.21019
3.22425
3.23825
3.24922
3.26428
3.26976
3.28849
2.97232
2.99694
3.02009
3.04188
3.06237
3.08165
3.09978
3.11684
3.13289
3.14799
3.16206
3.17605
3.18702
3.20208
3.20757
3.2263
2.91013
2.93474
2.9579
2.97968
3.00017
3.01945
3.03759
3.05465
3.0707
3.0858
3.09986
3.11386
3.12483
3.13989
3.14537
3.1641
2.84794
2.87255
2.8957
2.91749
2.93798
2.95726
2.97539
2.99245
3.0085
3.0236
3.03767
3.05166
3.06263
3.07769
3.08318
3.10191
2.78574
2.81035
2.83351
2.85529
2.87578
2.89506
2.9132
2.93026
2.94631
2.96141
2.97547
2.98947
3.00044
3.0155
3.02098
3.03971
2.72354
2.74816
2.77131
2.7931
2.81359
2.83287
2.851
2.86806
2.88411
2.89921
2.91328
2.92728
2.93824
2.9533
2.95879
2.97752
2.66135
2.68596
2.70912
2.7309
2.7514
2.77067
2.78881
2.80587
2.82192
2.83702
2.85108
2.86508
2.87605
2.89111
2.89659
2.91532
2.59916
2.62377
2.64693
2.66871
2.6892
2.70848
2.72662
2.74368
2.75973
2.77483
2.78889
2.80289
2.81386
2.82891
2.8344
2.85313
2.53696
2.56158
2.58473
2.60652
2.62701
2.64629
2.66442
2.68148
2.69753
2.71263
2.7267
2.74069
2.75166
2.76672
2.77221
2.79094
2.47477
2.49939
2.52254
2.54433
2.56482
2.5841
2.60223
2.61929
2.63534
2.65044
2.66451
2.6785
2.68947
2.70453
2.71002
2.72875
2.41258
2.4372
2.46035
2.48214
2.50263
2.52191
2.54004
2.5571
2.57315
2.58825
2.60232
2.61631
2.62728
2.64234
2.64783
2.66656
2.3504
2.37501
2.39816
2.41995
2.44044
2.45972
2.47785
2.49491
2.51096
2.52606
2.54013
2.55412
2.56509
2.58015
2.58564
2.60437
2.28821
2.31282
2.33597
2.35776
2.37825
2.39753
2.41566
2.43272
2.44877
2.46387
2.47794
2.49194
2.5029
2.51796
2.52345
2.54218
2.22601
2.25063
2.27378
2.29557
2.31606
2.33534
2.35347
2.37053
2.38658
2.40168
2.41575
2.42974
2.44071
2.45577
2.46126
2.47999
2.16382
2.18844
2.21159
2.23338
2.25387
2.27315
2.29128
2.30834
2.32439
2.33949
2.35356
2.36756
2.37852
2.39358
2.39907
2.4178
2.10164
2.12625
2.1494
2.17119
2.19168
2.21096
2.22909
2.24615
2.2622
2.2773
2.29137
2.30537
2.31633
2.33139
2.33688
2.35561
2.03945
2.06406
2.08722
2.109
2.12949
2.14877
2.1669
2.18397
2.20002
2.21511
2.22918
2.24318
2.25415
2.2692
2.27469
2.29342
1.97726
2.00187
2.02503
2.04681
2.0673
2.08658
2.10472
2.12178
2.13783
2.15293
2.16699
2.18099
2.19196
2.20702
2.2125
2.23123
1.91507
1.93968
1.96284
1.98462
2.00511
2.02439
2.04253
2.05959
2.07564
2.09074
2.1048
2.1188
2.12977
2.14483
2.15031
2.16904
1.85288
1.8775
1.90065
1.92243
1.94293
1.9622
1.98034
1.9974
2.01345
2.02855
2.04262
2.05661
2.06758
2.08264
2.08813
2.10685
1.7907
1.81531
1.83847
1.86025
1.88074
1.90002
1.91815
1.93522
1.95127
1.96637
1.98043
1.99443
2.0054
2.02045
2.02594
2.04467
1.72851
1.75313
1.77628
1.79806
1.81856
1.83783
1.85597
1.87303
1.88908
1.90418
1.91825
1.93224
1.94321
1.95827
1.96376
1.98248
1.66633
1.69094
1.7141
1.73588
1.75637
1.77565
1.79378
1.81085
1.8269
1.84199
1.85606
1.87006
1.88103
1.89608
1.90157
1.9203
1.60414
1.62876
1.65191
1.67369
1.69419
1.71346
1.7316
1.74866
1.76471
1.77981
1.79387
1.80787
1.81884
1.8339
1.83938
1.85811
1.54196
1.56657
1.58973
1.61151
1.632
1.65128
1.66942
1.68648
1.70253
1.71763
1.73169
1.74569
1.75666
1.77172
1.7772
1.79593
1.47977
1.50439
1.52754
1.54933
1.56982
1.5891
1.60723
1.62429
1.64034
1.65544
1.66951
1.6835
1.69447
1.70953
1.71502
1.73374
1.41759
1.4422
1.46536
1.48714
1.50763
1.52691
1.54505
1.56211
1.57816
1.59326
1.60732
1.62132
1.63229
1.64735
1.65283
1.67156
1.35541
1.38002
1.40317
1.42496
1.44545
1.46473
1.48286
1.49992
1.51597
1.53107
1.54514
1.55913
1.5701
1.58516
1.59065
1.60938
1.29322
1.31783
1.34099
1.36277
1.38326
1.40254
1.42068
1.43774
1.45379
1.46889
1.48295
1.49695
1.50792
1.52298
1.52846
1.54719
1.23104
1.25565
1.27881
1.30059
1.32108
1.34036
1.3585
1.37556
1.39161
1.40671
1.42077
1.43477
1.44574
1.46079
1.46628
1.48501
1.16886
1.19347
1.21662
1.23841
1.2589
1.27818
1.29631
1.31337
1.32942
1.34452
1.35859
1.37258
1.38355
1.39861
1.4041
1.42282
1.10668
1.13129
1.15444
1.17622
1.19672
1.21599
1.23413
1.25119
1.26724
1.28234
1.2964
1.3104
1.32137
1.33643
1.34191
1.36064
1.04449
1.0691
1.09226
1.11404
1.13453
1.15381
1.17194
1.189
1.20505
1.22015
1.23421
1.24821
1.25918
1.27424
1.27972
1.29845
0.982306
1.00692
1.03007
1.05185
1.07234
1.09162
1.10975
1.12681
1.14286
1.15796
1.17202
1.18602
1.19699
1.21205
1.21753
1.23626
0.920117
0.944725
0.967875
0.989654
1.01014
1.02942
1.04755
1.06461
1.08066
1.09575
1.10982
1.12381
1.13478
1.14984
1.15533
1.17405
0.857922
0.882525
0.905671
0.927446
0.947931
0.967203
0.985334
1.00239
1.01844
1.03353
1.0476
1.06159
1.07256
1.08761
1.0931
1.11183
0.795712
0.820306
0.843443
0.865211
0.88569
0.904957
0.923082
0.940136
0.95618
0.971273
0.985335
0.999326
1.0103
1.02535
1.03084
1.04956
0.733473
0.758049
0.781171
0.802925
0.823392
0.842649
0.860766
0.877812
0.89385
0.908939
0.922999
0.936983
0.947958
0.963002
0.968495
0.987219
0.671179
0.695722
0.718816
0.740544
0.76099
0.780227
0.798329
0.815362
0.831389
0.846469
0.860525
0.874497
0.885478
0.900508
0.906008
0.924727
0.608784
0.633266
0.656305
0.677986
0.69839
0.717592
0.735664
0.752671
0.768678
0.783741
0.79779
0.811739
0.82273
0.837736
0.843249
0.86196
0.5462
0.570566
0.593502
0.615093
0.635418
0.654554
0.672569
0.689529
0.705497
0.720528
0.734561
0.748469
0.759479
0.77444
0.779976
0.798671
0.483262
0.507409
0.530151
0.551572
0.57175
0.59076
0.608668
0.625539
0.641434
0.656406
0.670408
0.684242
0.695284
0.710162
0.71574
0.734407
0.41965
0.443383
0.465759
0.486858
0.506758
0.525529
0.543236
0.559939
0.575694
0.590553
0.60449
0.618193
0.629283
0.644014
0.649665
0.668281
0.354787
0.377748
0.399441
0.419941
0.439323
0.45765
0.474981
0.491371
0.506869
0.521521
0.535321
0.548808
0.559957
0.574443
0.580212
0.598739
0.287513
0.309005
0.329387
0.34873
0.367101
0.384554
0.401141
0.416903
0.431881
0.44611
0.459598
0.472708
0.483884
0.497957
0.503897
0.522286
0.216323
0.235212
0.253272
0.270565
0.287146
0.303058
0.318335
0.333003
0.34708
0.360583
0.373514
0.386061
0.3972
0.410628
0.416856
0.434937
0.136842
0.150589
0.163892
0.176794
0.189348
0.201598
0.213572
0.225293
0.236778
0.248039
0.259087
0.270001
0.279963
0.292702
0.297835
0.316264
0.0526159
0.0597456
0.0669622
0.074314
0.0818525
0.0896144
0.0976204
0.105879
0.114389
0.123136
0.132107
0.141308
0.150394
0.160019
0.17167
0.174042
)
;

boundaryField
{
    frontAndBack
    {
        type            empty;
    }
    inlet
    {
        type            zeroGradient;
    }
    outlet
    {
        type            fixedValue;
        value           uniform 0;
    }
    walls
    {
        type            zeroGradient;
    }
}


// ************************************************************************* //
