/*--------------------------------*- C++ -*----------------------------------*\
| =========                 |                                                 |
| \\      /  F ield         | OpenFOAM: The Open Source CFD Toolbox           |
|  \\    /   O peration     | Version:  v2012                                 |
|   \\  /    A nd           | Website:  www.openfoam.com                      |
|    \\/     M anipulation  |                                                 |
\*---------------------------------------------------------------------------*/
FoamFile
{
    version     2.0;
    format      ascii;
    class       volScalarField;
    location    "0.23";
    object      p;
}
// * * * * * * * * * * * * * * * * * * * * * * * * * * * * * * * * * * * * * //

dimensions      [0 2 -2 0 0 0 0];


internalField   nonuniform List<scalar> 
5600
(
-0.671075
-1.12928
-1.50988
-1.82847
-2.13882
-2.44941
-2.7505
-3.03268
-3.29538
-3.54543
-3.7829
-4.00616
-4.2218
-4.42744
-4.62783
-4.82392
-5.01558
-5.20629
-5.39241
-5.57806
-5.7606
-5.9409
-6.11896
-6.29444
-6.47024
-6.64324
-6.81554
-6.98715
-7.15742
-7.32823
-7.49726
-7.66673
-7.83467
-8.00252
-8.1699
-8.3364
-8.50251
-8.66785
-8.83279
-8.9969
-9.16064
-9.32359
-9.48602
-9.64775
-9.80898
-9.96971
-10.1299
-10.2896
-10.449
-10.6076
-10.766
-10.9237
-11.0812
-11.238
-11.3946
-11.5507
-11.7062
-11.8616
-12.0164
-12.1707
-12.3247
-12.4782
-12.6315
-12.7843
-12.9368
-13.0889
-13.2405
-13.3919
-13.5429
-13.6937
-13.8443
-13.9945
-14.1445
-14.294
-14.443
-14.5919
-14.7404
-14.8887
-15.0369
-15.1851
-15.333
-15.4807
-15.6281
-15.7753
-15.9221
-16.0688
-16.2152
-16.3617
-16.5079
-16.6539
-16.7998
-16.9453
-17.0914
-17.2373
-17.3837
-17.5302
-17.6793
-17.8326
-17.99
-18.2351
-0.730108
-1.14945
-1.52653
-1.84624
-2.15683
-2.46774
-2.76874
-3.05123
-3.3142
-3.5644
-3.80202
-4.02562
-4.24158
-4.44761
-4.64833
-4.84477
-5.03667
-5.22768
-5.41393
-5.59968
-5.78243
-5.96281
-6.14096
-6.31652
-6.49248
-6.66561
-6.83798
-7.00971
-7.18005
-7.35097
-7.52007
-7.68963
-7.85756
-8.02546
-8.19288
-8.3594
-8.52555
-8.69092
-8.8559
-9.02003
-9.18381
-9.34678
-9.50925
-9.67101
-9.83226
-9.99301
-10.1532
-10.3129
-10.4723
-10.6309
-10.7894
-10.947
-11.1046
-11.2614
-11.4179
-11.574
-11.7294
-11.8849
-12.0396
-12.1939
-12.348
-12.5014
-12.6547
-12.8074
-12.96
-13.112
-13.2636
-13.415
-13.5661
-13.7168
-13.8674
-14.0176
-14.1676
-14.3171
-14.4661
-14.615
-14.7635
-14.9118
-15.06
-15.2082
-15.3561
-15.5038
-15.6512
-15.7984
-15.9452
-16.0919
-16.2383
-16.3848
-16.5309
-16.6771
-16.8227
-16.9686
-17.1143
-17.2608
-17.4061
-17.5543
-17.7004
-17.8577
-18.01
-18.2473
-0.768358
-1.16205
-1.53933
-1.85955
-2.16806
-2.47645
-2.77637
-3.05847
-3.32114
-3.57117
-3.80826
-4.03221
-4.24801
-4.45412
-4.65489
-4.85115
-5.04343
-5.23409
-5.42057
-5.60624
-5.78901
-5.96943
-6.14774
-6.32338
-6.49922
-6.67233
-6.84466
-7.01632
-7.18663
-7.35746
-7.52651
-7.69601
-7.864
-8.0319
-8.1993
-8.3658
-8.53193
-8.69727
-8.86221
-9.0263
-9.19002
-9.35294
-9.51532
-9.67701
-9.83817
-9.99895
-10.1591
-10.3189
-10.4782
-10.6369
-10.7953
-10.953
-11.1106
-11.2674
-11.4239
-11.5802
-11.7356
-11.8912
-12.046
-12.2003
-12.3544
-12.5079
-12.6613
-12.8141
-12.9667
-13.1188
-13.2705
-13.4219
-13.5729
-13.7237
-13.8744
-14.0246
-14.1747
-14.3241
-14.4733
-14.6221
-14.7706
-14.919
-15.0672
-15.2154
-15.3633
-15.5111
-15.6584
-15.8057
-15.9525
-16.0992
-16.2456
-16.3921
-16.5383
-16.6845
-16.8301
-16.976
-17.1216
-17.2682
-17.4136
-17.5618
-17.7083
-17.8661
-18.0175
-18.2449
-0.817103
-1.1785
-1.55476
-1.87634
-2.18364
-2.49109
-2.79135
-3.07417
-3.33734
-3.58783
-3.82536
-4.04947
-4.26555
-4.47203
-4.67279
-4.86895
-5.0612
-5.25139
-5.43781
-5.62302
-5.80566
-5.98606
-6.16428
-6.34011
-6.516
-6.68943
-6.86214
-7.03409
-7.2047
-7.37569
-7.54497
-7.71456
-7.8826
-8.05055
-8.21802
-8.38462
-8.55083
-8.71627
-8.88132
-9.04553
-9.20938
-9.37247
-9.53503
-9.69692
-9.85827
-10.019
-10.1793
-10.3391
-10.4985
-10.6572
-10.8157
-10.9734
-11.1311
-11.2879
-11.4444
-11.6006
-11.7559
-11.9114
-12.0661
-12.2203
-12.3744
-12.5278
-12.6811
-12.8338
-12.9863
-13.1384
-13.2899
-13.4414
-13.5923
-13.7431
-13.8937
-14.0439
-14.1938
-14.3433
-14.4924
-14.6412
-14.7897
-14.938
-15.0863
-15.2344
-15.3823
-15.53
-15.6774
-15.8246
-15.9714
-16.1181
-16.2645
-16.411
-16.5572
-16.7032
-16.849
-16.9947
-17.1406
-17.2868
-17.4325
-17.58
-17.7271
-17.8828
-18.0388
-18.2437
-0.866754
-1.19561
-1.57049
-1.89451
-2.20027
-2.50684
-2.80678
-3.08947
-3.35262
-3.60296
-3.84066
-4.06462
-4.28077
-4.48754
-4.68853
-4.88473
-5.07738
-5.26747
-5.4542
-5.63945
-5.82203
-6.00254
-6.18058
-6.35649
-6.53198
-6.70534
-6.87787
-7.04951
-7.22007
-7.39075
-7.56011
-7.72957
-7.89774
-8.06576
-8.23321
-8.39987
-8.56606
-8.73151
-8.8965
-9.06072
-9.22446
-9.38749
-9.54987
-9.71173
-9.87294
-10.0337
-10.1939
-10.3536
-10.513
-10.6717
-10.8301
-10.9877
-11.1452
-11.302
-11.4585
-11.6148
-11.7703
-11.9258
-12.0807
-12.235
-12.3891
-12.5425
-12.6961
-12.8489
-13.0015
-13.1536
-13.3053
-13.4568
-13.6078
-13.7586
-13.9093
-14.0596
-14.2096
-14.3591
-14.5082
-14.6571
-14.8056
-14.954
-15.1022
-15.2504
-15.3983
-15.5461
-15.6935
-15.8408
-15.9876
-16.1342
-16.2807
-16.4271
-16.5734
-16.7195
-16.8653
-17.011
-17.1569
-17.303
-17.4488
-17.5962
-17.7432
-17.8985
-18.0514
-18.2475
-0.916808
-1.21494
-1.58773
-1.91477
-2.21894
-2.52447
-2.82408
-3.10675
-3.3702
-3.62068
-3.85856
-4.083
-4.29933
-4.50638
-4.70764
-4.90385
-5.09671
-5.28671
-5.47356
-5.65881
-5.84117
-6.02178
-6.19974
-6.37587
-6.55125
-6.72473
-6.89734
-7.06889
-7.23968
-7.41004
-7.57958
-7.74884
-7.91707
-8.08493
-8.25228
-8.41886
-8.58494
-8.75036
-8.91528
-9.07951
-9.24323
-9.40647
-9.5689
-9.73085
-9.89213
-10.053
-10.2133
-10.3731
-10.5325
-10.6913
-10.8497
-11.0075
-11.1651
-11.322
-11.4785
-11.6348
-11.7902
-11.9457
-12.1006
-12.2549
-12.409
-12.5624
-12.7157
-12.8685
-13.021
-13.1732
-13.3247
-13.4762
-13.6272
-13.7779
-13.9286
-14.0788
-14.2288
-14.3783
-14.5274
-14.6763
-14.8248
-14.9732
-15.1215
-15.2696
-15.4175
-15.5653
-15.7127
-15.8599
-16.0068
-16.1534
-16.2999
-16.4463
-16.5926
-16.7387
-16.8844
-17.0302
-17.1761
-17.3222
-17.4679
-17.6151
-17.7619
-17.9158
-18.0674
-18.2533
-0.966231
-1.23677
-1.60675
-1.93706
-2.23979
-2.54425
-2.84363
-3.12624
-3.39002
-3.64054
-3.87848
-4.10333
-4.3196
-4.52686
-4.72824
-4.92455
-5.11747
-5.30748
-5.49445
-5.67961
-5.862
-6.04265
-6.22066
-6.39688
-6.57219
-6.74574
-6.91838
-7.08986
-7.26088
-7.43101
-7.60069
-7.76985
-7.93819
-8.10598
-8.27335
-8.43994
-8.60598
-8.77143
-8.93625
-9.10053
-9.2641
-9.42739
-9.58979
-9.75162
-9.91284
-10.0736
-10.2338
-10.3935
-10.5529
-10.7116
-10.87
-11.0278
-11.1853
-11.3422
-11.4987
-11.655
-11.8106
-11.966
-12.1209
-12.2752
-12.4293
-12.5827
-12.7361
-12.889
-13.0415
-13.1937
-13.3453
-13.4968
-13.6478
-13.7986
-13.9493
-14.0995
-14.2495
-14.399
-14.5482
-14.6971
-14.8456
-14.994
-15.1423
-15.2904
-15.4384
-15.5861
-15.7336
-15.8808
-16.0276
-16.1743
-16.3208
-16.4672
-16.6135
-16.7596
-16.9054
-17.0512
-17.197
-17.3431
-17.4888
-17.6357
-17.7823
-17.9346
-18.0842
-18.2595
-1.01321
-1.26128
-1.62812
-1.96154
-2.26307
-2.56649
-2.86573
-3.14827
-3.41233
-3.66285
-3.90083
-4.12607
-4.34228
-4.54979
-4.7513
-4.94777
-5.14073
-5.33079
-5.51785
-5.70295
-5.88542
-6.06598
-6.24405
-6.42033
-6.59557
-6.76919
-6.94183
-7.11332
-7.28437
-7.45449
-7.62421
-7.7933
-7.96171
-8.12948
-8.29684
-8.46345
-8.62947
-8.79495
-8.95974
-9.1241
-9.28765
-9.45086
-9.6133
-9.77508
-9.93636
-10.0971
-10.2573
-10.417
-10.5763
-10.7351
-10.8933
-11.0513
-11.2086
-11.3656
-11.5222
-11.6783
-11.8339
-11.9892
-12.1441
-12.2984
-12.4524
-12.6059
-12.7592
-12.9121
-13.0646
-13.2166
-13.3684
-13.5198
-13.6709
-13.8217
-13.9724
-14.1227
-14.2726
-14.4221
-14.5713
-14.7202
-14.8688
-15.0171
-15.1654
-15.3136
-15.4615
-15.6093
-15.7567
-15.9039
-16.0508
-16.1975
-16.3439
-16.4903
-16.6366
-16.7827
-16.9285
-17.0743
-17.2201
-17.3662
-17.5118
-17.6584
-17.8046
-17.955
-18.1021
-18.2664
-1.05619
-1.28837
-1.65241
-1.98832
-2.289
-2.59156
-2.89072
-3.17315
-3.43743
-3.68798
-3.92599
-4.15154
-4.3677
-4.57542
-4.77699
-4.97358
-5.16655
-5.35662
-5.54377
-5.72878
-5.91132
-6.09178
-6.2699
-6.44625
-6.62144
-6.79511
-6.96774
-7.13926
-7.31031
-7.48049
-7.65017
-7.81924
-7.98767
-8.15546
-8.32278
-8.48942
-8.65544
-8.8209
-8.98571
-9.15005
-9.31364
-9.47679
-9.63925
-9.80104
-9.96233
-10.123
-10.2833
-10.443
-10.6023
-10.7611
-10.9193
-11.0773
-11.2346
-11.3916
-11.5482
-11.7042
-11.8599
-12.0151
-12.17
-12.3243
-12.4783
-12.6319
-12.785
-12.9379
-13.0904
-13.2424
-13.3942
-13.5456
-13.6967
-13.8475
-13.9981
-14.1484
-14.2983
-14.4477
-14.5968
-14.7456
-14.8943
-15.0426
-15.191
-15.3391
-15.487
-15.6348
-15.7823
-15.9294
-16.0763
-16.223
-16.3693
-16.5158
-16.6622
-16.8082
-16.9541
-17.0999
-17.2457
-17.3916
-17.5372
-17.6834
-17.829
-17.9774
-18.1215
-18.2741
-1.09337
-1.31758
-1.68023
-2.01759
-2.31776
-2.61985
-2.91902
-3.20131
-3.46573
-3.71633
-3.95432
-4.18009
-4.39618
-4.60404
-4.80561
-5.00231
-5.19528
-5.38534
-5.57258
-5.75754
-5.94014
-6.12049
-6.29867
-6.47507
-6.6502
-6.82391
-6.99653
-7.16807
-7.33911
-7.50935
-7.67899
-7.84805
-8.01649
-8.18431
-8.35158
-8.51825
-8.68427
-8.84971
-9.01454
-9.17886
-9.3425
-9.5056
-9.66806
-9.82988
-9.99114
-10.1519
-10.3121
-10.4718
-10.6311
-10.7899
-10.9481
-11.1061
-11.2634
-11.4204
-11.5771
-11.733
-11.8887
-12.0439
-12.1988
-12.3532
-12.5071
-12.6607
-12.8138
-12.9667
-13.1192
-13.2712
-13.4231
-13.5744
-13.7255
-13.8763
-14.0268
-14.1773
-14.327
-14.4766
-14.6256
-14.7744
-14.9232
-15.0714
-15.2196
-15.3678
-15.5157
-15.6634
-15.8109
-15.9579
-16.1048
-16.2515
-16.3978
-16.5443
-16.6906
-16.8366
-16.9825
-17.1283
-17.2741
-17.42
-17.5654
-17.7112
-17.8561
-18.0022
-18.1428
-18.2838
-1.12072
-1.34689
-1.71063
-2.04793
-2.34801
-2.65023
-2.94951
-3.23159
-3.49608
-3.74673
-3.98465
-4.2105
-4.4265
-4.6344
-4.83592
-5.03267
-5.22565
-5.41568
-5.60297
-5.7879
-5.97052
-6.15078
-6.32897
-6.50541
-6.68049
-6.85423
-7.02682
-7.19837
-7.36943
-7.53969
-7.7093
-7.87836
-8.04679
-8.21466
-8.38188
-8.54857
-8.71459
-8.88001
-9.04486
-9.20918
-9.37286
-9.53591
-9.69836
-9.86022
-10.0214
-10.1822
-10.3424
-10.5022
-10.6614
-10.8202
-10.9785
-11.1364
-11.2937
-11.4508
-11.6073
-11.7634
-11.919
-12.0743
-12.2291
-12.3835
-12.5374
-12.691
-12.8442
-12.997
-13.1495
-13.3016
-13.4534
-13.6047
-13.7558
-13.9067
-14.0571
-14.2075
-14.3573
-14.5068
-14.6559
-14.8048
-14.9534
-15.1017
-15.2499
-15.3981
-15.5459
-15.6937
-15.8411
-15.9883
-16.1352
-16.2819
-16.4283
-16.5747
-16.7209
-16.867
-17.0128
-17.1586
-17.3044
-17.4502
-17.5956
-17.7409
-17.885
-18.0288
-18.1659
-18.2969
-1.13551
-1.37354
-1.74067
-2.07638
-2.3768
-2.67977
-2.97925
-3.26106
-3.52556
-3.77624
-4.01402
-4.23985
-4.45571
-4.66357
-4.865
-5.06174
-5.2547
-5.44467
-5.63199
-5.81691
-5.99954
-6.17969
-6.3579
-6.53437
-6.70941
-6.88316
-7.05572
-7.22727
-7.39837
-7.56863
-7.73823
-7.90726
-8.0757
-8.24359
-8.41078
-8.5775
-8.74351
-8.90892
-9.07377
-9.23809
-9.4018
-9.56479
-9.72725
-9.88912
-10.0503
-10.2111
-10.3713
-10.5311
-10.6903
-10.8491
-11.0074
-11.1653
-11.3227
-11.4797
-11.6362
-11.7923
-11.9479
-12.1032
-12.258
-12.4124
-12.5663
-12.7199
-12.8731
-13.0259
-13.1784
-13.3305
-13.4822
-13.6336
-13.7848
-13.9355
-14.0861
-14.2365
-14.3863
-14.5359
-14.685
-14.8338
-14.9825
-15.1308
-15.279
-15.4272
-15.5751
-15.7228
-15.8703
-16.0174
-16.1644
-16.311
-16.4576
-16.604
-16.7503
-16.8964
-17.0423
-17.1881
-17.3338
-17.4796
-17.6248
-17.7697
-17.9132
-18.055
-18.189
-18.3125
-1.13922
-1.39712
-1.7687
-2.10172
-2.40288
-2.70694
-3.00668
-3.28819
-3.55266
-3.80337
-4.04098
-4.2667
-4.48239
-4.69014
-4.89143
-5.08813
-5.28106
-5.47098
-5.6583
-5.84324
-6.02585
-6.2059
-6.38411
-6.56059
-6.73557
-6.90934
-7.08185
-7.25338
-7.42452
-7.59477
-7.76437
-7.93338
-8.10183
-8.26973
-8.43691
-8.60363
-8.76964
-8.93506
-9.09991
-9.26426
-9.42797
-9.59093
-9.75339
-9.91525
-10.0765
-10.2373
-10.3974
-10.5572
-10.7164
-10.8751
-11.0335
-11.1913
-11.3488
-11.5059
-11.6624
-11.8184
-11.9741
-12.1294
-12.2842
-12.4386
-12.5926
-12.7462
-12.8994
-13.0522
-13.2047
-13.3568
-13.5086
-13.6601
-13.8112
-13.9619
-14.1126
-14.263
-14.4129
-14.5624
-14.7116
-14.8605
-15.0091
-15.1575
-15.3057
-15.4538
-15.6018
-15.7495
-15.8969
-16.044
-16.1909
-16.3375
-16.484
-16.6303
-16.7764
-16.9225
-17.0685
-17.2144
-17.3602
-17.5058
-17.6511
-17.7957
-17.9385
-18.0789
-18.2106
-18.3287
-1.13415
-1.41845
-1.79466
-2.12437
-2.4266
-2.73191
-3.03197
-3.31309
-3.57751
-3.82824
-4.06565
-4.29121
-4.50675
-4.71435
-4.91547
-5.11209
-5.30498
-5.49485
-5.68214
-5.86711
-6.0497
-6.22967
-6.40786
-6.58436
-6.75929
-6.93307
-7.10553
-7.27703
-7.44822
-7.61843
-7.78804
-7.95703
-8.12549
-8.29337
-8.46057
-8.62724
-8.79328
-8.95861
-9.1235
-9.28791
-9.45156
-9.61457
-9.77699
-9.93887
-10.1001
-10.2609
-10.4211
-10.5809
-10.7402
-10.8989
-11.0573
-11.2151
-11.3727
-11.5298
-11.6863
-11.8424
-11.9981
-12.1534
-12.3083
-12.4627
-12.6167
-12.7703
-12.9236
-13.0764
-13.2288
-13.3809
-13.5326
-13.6841
-13.8352
-13.986
-14.1366
-14.2869
-14.4369
-14.5864
-14.7356
-14.8845
-15.0331
-15.1815
-15.3296
-15.4778
-15.6258
-15.7735
-15.921
-16.0681
-16.2151
-16.3618
-16.5085
-16.6549
-16.8012
-16.9472
-17.093
-17.2388
-17.3845
-17.5301
-17.6752
-17.8197
-17.9622
-18.1009
-18.2309
-18.3449
-1.12282
-1.43791
-1.81828
-2.14459
-2.44814
-2.7548
-3.05527
-3.33601
-3.60036
-3.85105
-4.08827
-4.31355
-4.5289
-4.73634
-4.9373
-5.1338
-5.32662
-5.51643
-5.70367
-5.88867
-6.07119
-6.2511
-6.42921
-6.60575
-6.78063
-6.95443
-7.12679
-7.29833
-7.46955
-7.63972
-7.80931
-7.9783
-8.1468
-8.31468
-8.48192
-8.64857
-8.81469
-8.98003
-9.14505
-9.30943
-9.47305
-9.63618
-9.79864
-9.9606
-10.1219
-10.2827
-10.443
-10.6028
-10.7622
-10.9209
-11.0792
-11.237
-11.3945
-11.5516
-11.7081
-11.8642
-12.0199
-12.1752
-12.3301
-12.4844
-12.6385
-12.792
-12.9453
-13.0981
-13.2505
-13.4026
-13.5543
-13.7058
-13.8569
-14.0076
-14.1583
-14.3085
-14.4585
-14.608
-14.7571
-14.906
-15.0546
-15.2029
-15.3511
-15.4992
-15.6471
-15.7948
-15.9422
-16.0892
-16.2361
-16.3826
-16.5289
-16.6753
-16.8215
-16.9676
-17.1135
-17.2593
-17.4051
-17.5507
-17.6958
-17.84
-17.982
-18.1208
-18.2496
-18.3609
-1.10729
-1.45589
-1.83951
-2.16276
-2.4677
-2.77558
-3.07652
-3.35692
-3.62127
-3.8719
-4.10901
-4.33402
-4.54911
-4.7563
-4.9572
-5.15356
-5.34638
-5.53608
-5.72342
-5.90844
-6.09091
-6.27078
-6.44876
-6.62529
-6.80008
-6.97387
-7.14619
-7.31782
-7.48904
-7.65924
-7.82886
-7.99789
-8.16649
-8.33448
-8.50184
-8.66856
-8.83478
-9.0002
-9.16523
-9.32954
-9.4931
-9.65622
-9.81864
-9.98061
-10.1419
-10.3027
-10.463
-10.6227
-10.7821
-10.9408
-11.0992
-11.2569
-11.4144
-11.5716
-11.728
-11.8842
-12.0398
-12.1951
-12.35
-12.5044
-12.6584
-12.812
-12.9653
-13.1181
-13.2705
-13.4226
-13.5743
-13.7258
-13.8769
-14.0277
-14.1783
-14.3286
-14.4786
-14.6282
-14.7774
-14.9262
-15.0749
-15.2232
-15.3714
-15.5196
-15.6675
-15.8153
-15.9628
-16.11
-16.257
-16.4038
-16.5504
-16.6968
-16.843
-16.9891
-17.1349
-17.2807
-17.4264
-17.5719
-17.7169
-17.8612
-18.0028
-18.1395
-18.2672
-18.3764
-1.08855
-1.47258
-1.85857
-2.1796
-2.48588
-2.79467
-3.09582
-3.37573
-3.64005
-3.89047
-4.12725
-4.3525
-4.56715
-4.77393
-4.97464
-5.17077
-5.36349
-5.55301
-5.74041
-5.92529
-6.10777
-6.28772
-6.4658
-6.64255
-6.81747
-6.99138
-7.16387
-7.33564
-7.50693
-7.67717
-7.84677
-8.01568
-8.1842
-8.35212
-8.51942
-8.68607
-8.85223
-9.01758
-9.18255
-9.34683
-9.51037
-9.67345
-9.83579
-9.99771
-10.1589
-10.3197
-10.48
-10.6396
-10.799
-10.9577
-11.116
-11.2737
-11.4312
-11.5882
-11.7447
-11.9008
-12.0563
-12.2116
-12.3664
-12.5208
-12.6748
-12.8283
-12.9815
-13.1342
-13.2866
-13.4387
-13.5904
-13.7418
-13.8928
-14.0436
-14.1941
-14.3444
-14.4942
-14.6437
-14.7928
-14.9416
-15.0901
-15.2385
-15.3866
-15.5347
-15.6826
-15.8302
-15.9776
-16.1247
-16.2715
-16.4181
-16.5644
-16.7107
-16.8569
-17.003
-17.1489
-17.2946
-17.4404
-17.5859
-17.7309
-17.8751
-18.0169
-18.1548
-18.2823
-18.3909
-1.0677
-1.48691
-1.87416
-2.19455
-2.50275
-2.81315
-3.11463
-3.39407
-3.65841
-3.9087
-4.14523
-4.37074
-4.58506
-4.7917
-4.99244
-5.18865
-5.38159
-5.57143
-5.75916
-5.94428
-6.12696
-6.30699
-6.48511
-6.6619
-6.8367
-7.01041
-7.18268
-7.35433
-7.52556
-7.69576
-7.86539
-8.03433
-8.20287
-8.37081
-8.53813
-8.7048
-8.871
-9.03638
-9.20137
-9.36567
-9.52924
-9.69233
-9.85463
-10.0166
-10.1778
-10.3386
-10.4989
-10.6586
-10.818
-10.9767
-11.135
-11.2928
-11.4503
-11.6074
-11.7638
-11.92
-12.0756
-12.2309
-12.3858
-12.5402
-12.6942
-12.8478
-13.001
-13.1538
-13.3062
-13.4584
-13.6101
-13.7616
-13.9127
-14.0634
-14.214
-14.3643
-14.5143
-14.6638
-14.813
-14.9619
-15.1105
-15.2588
-15.407
-15.5551
-15.7031
-15.8508
-15.9982
-16.1454
-16.2923
-16.4391
-16.5856
-16.732
-16.8782
-17.0242
-17.1701
-17.3159
-17.4616
-17.6071
-17.7521
-17.8962
-18.0374
-18.1739
-18.2999
-18.4069
-1.0531
-1.50148
-1.8864
-2.20409
-2.51311
-2.8253
-3.12729
-3.40619
-3.67068
-3.92099
-4.15739
-4.38252
-4.59667
-4.80318
-5.00382
-5.19991
-5.39275
-5.58245
-5.77007
-5.955
-6.13738
-6.317
-6.49491
-6.6715
-6.84616
-7.01977
-7.19184
-7.36338
-7.53452
-7.70464
-7.8742
-8.04305
-8.2115
-8.37936
-8.5466
-8.7132
-8.87932
-9.04464
-9.20955
-9.37379
-9.5373
-9.70033
-9.8626
-10.0245
-10.1857
-10.3464
-10.5066
-10.6663
-10.8256
-10.9843
-11.1426
-11.3003
-11.4578
-11.6148
-11.7712
-11.9273
-12.0829
-12.2382
-12.393
-12.5473
-12.7013
-12.8548
-13.0081
-13.1608
-13.3132
-13.4653
-13.6169
-13.7684
-13.9194
-14.0702
-14.2207
-14.371
-14.5209
-14.6704
-14.8195
-14.9683
-15.1168
-15.2652
-15.4133
-15.5614
-15.7094
-15.857
-16.0044
-16.1515
-16.2984
-16.445
-16.5915
-16.7378
-16.884
-17.0301
-17.1759
-17.3217
-17.4674
-17.6129
-17.7579
-17.902
-18.0435
-18.1808
-18.3072
-18.4149
-1.02262
-1.51631
-1.91002
-2.22824
-2.53746
-2.85015
-3.1529
-3.43085
-3.69565
-3.94607
-4.18237
-4.40731
-4.62125
-4.82746
-5.02785
-5.22369
-5.41636
-5.60591
-5.79344
-5.97829
-6.1607
-6.34038
-6.51825
-6.69484
-6.86944
-7.04303
-7.2151
-7.3866
-7.5577
-7.72778
-7.89731
-8.06615
-8.23459
-8.40244
-8.56968
-8.73628
-8.90239
-9.06772
-9.23263
-9.39688
-9.56039
-9.72343
-9.8857
-10.0476
-10.2088
-10.3695
-10.5298
-10.6894
-10.8488
-11.0074
-11.1657
-11.3235
-11.4809
-11.638
-11.7944
-11.9505
-12.1061
-12.2614
-12.4162
-12.5705
-12.7245
-12.8781
-13.0313
-13.184
-13.3364
-13.4885
-13.6402
-13.7917
-13.9427
-14.0935
-14.244
-14.3943
-14.5442
-14.6937
-14.8428
-14.9917
-15.1402
-15.2886
-15.4367
-15.5848
-15.7327
-15.8804
-16.0278
-16.1749
-16.3218
-16.4685
-16.615
-16.7613
-16.9075
-17.0536
-17.1994
-17.3452
-17.4909
-17.6364
-17.7814
-17.9254
-18.0668
-18.2037
-18.3299
-18.437
-18.1958
-18.4747
-19.2057
-19.3294
-18.7862
-17.7047
-16.2469
-14.5475
-12.7911
-11.073
-9.48301
-8.04873
-6.78495
-5.68612
-4.73903
-3.92378
-3.22338
-2.61911
-2.09621
-1.6433
-1.24925
-0.904399
-0.600894
-0.332068
-0.0925376
0.12286
0.317654
0.493425
0.651544
0.793659
0.920738
1.03164
1.12632
1.20566
1.27051
1.32145
1.35989
1.3868
1.40344
1.41178
1.41417
1.41359
1.41226
1.41168
1.41277
1.41594
1.42078
1.42585
1.42986
1.43062
1.42667
1.41857
1.40904
1.39914
1.38853
1.37883
1.37091
1.36627
1.35386
1.32617
1.28865
1.24997
1.22111
1.19284
1.16616
1.13864
1.11338
1.0895
1.06543
1.03886
1.00686
0.967457
0.924145
0.881633
0.837258
0.792622
0.753246
0.716593
0.681123
0.65043
0.622164
0.596078
0.572198
0.5495
0.526049
0.501216
0.474942
0.447701
0.420035
0.391982
0.363287
0.333876
0.303369
0.271894
0.23903
0.204452
0.166862
0.126891
0.0794021
0.0331327
-18.2399
-18.4003
-19.0994
-19.2397
-18.7088
-17.6476
-16.212
-14.5321
-12.7914
-11.0846
-9.50291
-8.07326
-6.81189
-5.71408
-4.76683
-3.95069
-3.24885
-2.6429
-2.11814
-1.6635
-1.26781
-0.921441
-0.616657
-0.346586
-0.106124
0.11029
0.305581
0.482004
0.640546
0.78247
0.90846
1.01831
1.11247
1.19113
1.25525
1.30541
1.34304
1.36917
1.38517
1.39305
1.39516
1.39459
1.39358
1.39353
1.39527
1.39909
1.40449
1.40988
1.41377
1.41411
1.40954
1.40099
1.39135
1.3815
1.37127
1.36251
1.35623
1.35415
1.34461
1.31902
1.28351
1.24404
1.21495
1.18493
1.15675
1.12816
1.10169
1.07605
1.05086
1.02359
0.990886
0.951653
0.908576
0.866849
0.823256
0.778981
0.7395
0.703424
0.668258
0.637652
0.609154
0.582889
0.559058
0.536234
0.512639
0.487827
0.461647
0.43455
0.407027
0.379108
0.350524
0.32123
0.290876
0.259622
0.227182
0.193151
0.15675
0.118522
0.0740143
0.0300958
-18.2354
-18.4073
-19.0249
-19.1481
-18.6221
-17.5783
-16.1652
-14.5073
-12.7859
-11.0947
-9.5234
-8.10068
-6.84354
-5.7473
-4.79969
-3.98234
-3.27862
-2.67067
-2.14383
-1.68721
-1.28968
-0.941511
-0.635116
-0.363569
-0.121637
0.0958983
0.291791
0.469102
0.628457
0.770196
0.895071
1.00374
1.09729
1.17514
1.23837
1.2876
1.32424
1.34942
1.3646
1.37188
1.37363
1.37306
1.37247
1.37319
1.37581
1.38048
1.38655
1.39224
1.39596
1.39583
1.39055
1.38149
1.37172
1.36187
1.35202
1.3444
1.34022
1.34052
1.33459
1.31136
1.27811
1.23822
1.20846
1.17652
1.1465
1.11647
1.08882
1.06147
1.03468
1.00659
0.973095
0.933957
0.891318
0.850443
0.807788
0.763951
0.724623
0.688698
0.654105
0.62364
0.59493
0.568428
0.544598
0.521556
0.497828
0.473029
0.446966
0.420053
0.392673
0.364894
0.336426
0.307257
0.277059
0.246029
0.214097
0.180665
0.145589
0.109287
0.0680757
0.0267893
-18.2625
-18.4268
-18.9631
-19.0645
-18.5336
-17.5028
-16.1104
-14.4775
-12.7769
-11.1038
-9.54484
-8.13101
-6.87935
-5.78515
-4.83731
-4.01865
-3.31287
-2.70293
-2.17412
-1.71519
-1.31536
-0.964965
-0.656495
-0.383141
-0.139436
0.0795195
0.276418
0.454511
0.614245
0.755852
0.880148
0.987955
1.08075
1.15759
1.21972
1.26782
1.30322
1.32722
1.34135
1.34786
1.34927
1.34882
1.34886
1.35054
1.35421
1.35985
1.36676
1.37278
1.3763
1.37562
1.36954
1.35991
1.34994
1.34007
1.33056
1.32447
1.32265
1.3249
1.32363
1.30321
1.27244
1.23267
1.20155
1.16756
1.13532
1.10349
1.07443
1.04577
1.01679
0.987657
0.953285
0.914122
0.872217
0.832249
0.790702
0.747389
0.708467
0.672354
0.638561
0.608302
0.579362
0.552647
0.528679
0.505366
0.481514
0.456718
0.430783
0.40407
0.376838
0.3492
0.320853
0.291813
0.261781
0.230999
0.199612
0.166878
0.133266
0.0990895
0.0615133
0.0231871
-18.2833
-18.4371
-18.901
-18.9794
-18.4468
-17.4274
-16.0529
-14.4468
-12.7684
-11.1152
-9.57028
-8.16644
-6.92042
-5.8286
-4.8809
-4.06096
-3.35302
-2.74079
-2.20967
-1.7479
-1.34528
-0.992225
-0.681238
-0.405741
-0.160032
0.0606193
0.258789
0.437647
0.597557
0.739313
0.86344
0.971054
1.06286
1.13835
1.19912
1.24577
1.27962
1.30218
1.31515
1.32081
1.32189
1.32165
1.32258
1.32538
1.33025
1.33701
1.34482
1.35127
1.35462
1.35336
1.34639
1.33609
1.32588
1.31597
1.3068
1.30268
1.30349
1.3076
1.31081
1.29444
1.26655
1.22758
1.1941
1.15798
1.12311
1.08912
1.05826
1.02855
0.997286
0.966612
0.931223
0.891914
0.851106
0.812089
0.77183
0.729161
0.690673
0.654494
0.621568
0.591554
0.562354
0.535438
0.511209
0.487598
0.463598
0.438787
0.412977
0.386468
0.359381
0.331876
0.30365
0.274738
0.24489
0.214383
0.183574
0.151663
0.119647
0.0878082
0.054231
0.0192497
-18.3019
-18.4447
-18.8352
-18.8852
-18.3531
-17.3459
-15.994
-14.4175
-12.7629
-11.1313
-9.60181
-8.20918
-6.96936
-5.88031
-4.93287
-4.11144
-3.40087
-2.78546
-2.25109
-1.7859
-1.38002
-1.02388
-0.709903
-0.43185
-0.18379
0.0389299
0.238631
0.41845
0.57909
0.721214
0.845155
0.952582
1.04323
1.11735
1.17655
1.22134
1.25328
1.27408
1.28595
1.29074
1.2914
1.29136
1.29312
1.29722
1.30359
1.31171
1.32056
1.32752
1.33076
1.32892
1.32104
1.31003
1.29944
1.28935
1.28061
1.27881
1.28283
1.28991
1.29519
1.28443
1.26021
1.22296
1.18604
1.14761
1.10973
1.0732
1.04019
1.00901
0.976463
0.943384
0.906701
0.86718
0.827804
0.78977
0.750987
0.709128
0.670972
0.635137
0.603064
0.573322
0.543813
0.51667
0.492144
0.46819
0.443993
0.419136
0.393431
0.367114
0.340153
0.312755
0.284653
0.255865
0.226217
0.196011
0.165819
0.134853
0.104571
0.0752913
0.0461491
0.0149204
-18.3189
-18.4485
-18.7653
-18.7818
-18.2498
-17.2557
-15.9284
-14.3838
-12.7578
-11.151
-9.63943
-8.25983
-7.02734
-5.94111
-4.99369
-4.17048
-3.45661
-2.83733
-2.29897
-1.82964
-1.41984
-1.06003
-0.742427
-0.461208
-0.210267
0.0150409
0.216692
0.397818
0.559536
0.702106
0.825877
0.932604
1.02196
1.09457
1.1521
1.19469
1.22447
1.24319
1.25327
1.25682
1.25714
1.25763
1.26036
1.266
1.27403
1.28369
1.29377
1.30136
1.30455
1.30218
1.29338
1.28168
1.27057
1.26002
1.25183
1.25238
1.26021
1.27127
1.27795
1.27324
1.25326
1.21829
1.1775
1.13626
1.09499
1.05559
1.02017
0.986914
0.954109
0.917815
0.879474
0.839875
0.802099
0.765091
0.727953
0.687114
0.649245
0.614183
0.582962
0.553518
0.523667
0.496236
0.471409
0.447056
0.422611
0.397654
0.372009
0.345855
0.318979
0.291646
0.263663
0.234986
0.205553
0.175684
0.14616
0.116261
0.087885
0.0613265
0.0371859
0.0101287
-18.3343
-18.4479
-18.6923
-18.6709
-18.1386
-17.1589
-15.857
-14.3453
-12.75
-11.1697
-9.67831
-8.31341
-7.08972
-6.0056
-5.05807
-4.23346
-3.51669
-2.89369
-2.35137
-1.87768
-1.46344
-1.0994
-0.777552
-0.492468
-0.238053
-0.00967419
0.194347
0.377107
0.540041
0.683072
0.806615
0.912383
1.0001
1.07045
1.12503
1.16463
1.19195
1.20871
1.21692
1.21922
1.21915
1.22026
1.22439
1.23171
1.24148
1.2528
1.26419
1.27248
1.27577
1.27301
1.26334
1.25091
1.23917
1.22786
1.22067
1.22329
1.23498
1.25029
1.26049
1.26133
1.2455
1.2129
1.16833
1.12374
1.07872
1.03614
0.998091
0.963347
0.928925
0.889458
0.849414
0.810126
0.773728
0.737852
0.702488
0.662902
0.625483
0.591487
0.561085
0.531905
0.501954
0.474035
0.4489
0.424106
0.399371
0.374245
0.348574
0.322523
0.295674
0.268365
0.240473
0.21188
0.182692
0.15318
0.124358
0.0956355
0.0693983
0.045656
0.0271777
0.00474068
-18.3487
-18.444
-18.6177
-18.5542
-18.0204
-17.0563
-15.7811
-14.3011
-12.7365
-11.1829
-9.71306
-8.3644
-7.15073
-6.07196
-5.12609
-4.30052
-3.58099
-2.95413
-2.40761
-1.92954
-1.51068
-1.14219
-0.815978
-0.526658
-0.26831
-0.0365677
0.170127
0.354801
0.518926
0.662295
0.785412
0.889945
0.975799
1.04362
1.09483
1.13142
1.15605
1.17069
1.17725
1.17817
1.1776
1.17925
1.18486
1.19387
1.20544
1.21854
1.2313
1.24038
1.24396
1.24106
1.23076
1.21761
1.20498
1.19302
1.18753
1.19216
1.20721
1.22715
1.2424
1.2481
1.23632
1.20605
1.15806
1.10984
1.06073
1.01476
0.974402
0.938463
0.900035
0.858072
0.816417
0.778115
0.742516
0.707959
0.674364
0.636259
0.599733
0.566866
0.537191
0.508218
0.47855
0.44993
0.424436
0.399172
0.3741
0.348773
0.323132
0.296954
0.270046
0.242719
0.214871
0.18634
0.157401
0.128308
0.10024
0.0727904
0.0488972
0.0280831
0.0159396
-0.00143755
-18.3621
-18.4373
-18.5432
-18.4338
-17.8959
-16.9476
-15.6994
-14.2542
-12.7239
-11.1995
-9.75199
-8.41976
-7.21572
-6.14379
-5.19967
-4.37258
-3.6499
-3.01887
-2.46775
-1.9851
-1.5614
-1.18815
-0.857487
-0.563794
-0.301333
-0.0662247
0.143163
0.329807
0.495026
0.638701
0.761348
0.864235
0.947777
1.01291
1.06114
1.09474
1.11654
1.12893
1.1343
1.13435
1.1332
1.13521
1.14199
1.15264
1.16591
1.18058
1.19409
1.20444
1.20813
1.20508
1.19475
1.18145
1.1675
1.1563
1.15273
1.15959
1.17788
1.20226
1.22275
1.23289
1.22523
1.19644
1.14633
1.09417
1.04076
0.991557
0.949871
0.910295
0.867682
0.823829
0.780839
0.743457
0.708523
0.67544
0.643436
0.607169
0.571884
0.540039
0.511028
0.482312
0.45272
0.423702
0.397706
0.37206
0.346552
0.320944
0.295055
0.268853
0.241829
0.214491
0.186727
0.158216
0.129435
0.100688
0.0733852
0.0474394
0.0259798
0.0083314
0.00309604
-0.00881074
-18.3748
-18.4304
-18.4779
-18.3248
-17.7816
-16.8486
-15.6253
-14.2148
-12.7176
-11.2208
-9.7943
-8.47711
-7.28204
-6.21436
-5.27072
-4.44189
-3.71629
-3.08158
-2.52635
-2.03956
-1.61153
-1.23391
-0.899087
-0.601327
-0.33503
-0.0967501
0.115182
0.303608
0.46975
0.613599
0.735563
0.836754
0.917984
0.980444
1.02576
1.05643
1.07555
1.08582
1.09026
1.09033
1.08912
1.09152
1.09924
1.11137
1.12588
1.14133
1.15562
1.16655
1.16989
1.16667
1.15696
1.1436
1.12961
1.12022
1.11856
1.12781
1.14919
1.17744
1.20248
1.21637
1.21243
1.18426
1.13317
1.07692
1.01949
0.968571
0.924524
0.879465
0.833909
0.788262
0.744961
0.707619
0.673773
0.642166
0.611504
0.577252
0.543173
0.5122
0.483734
0.455394
0.425772
0.397207
0.370222
0.34404
0.317814
0.29185
0.265536
0.239118
0.212176
0.18483
0.157156
0.128875
0.100366
0.0719251
0.0452888
0.0207675
0.00161367
-0.0128753
-0.0110007
-0.0175235
-18.3874
-18.4268
-18.4303
-18.2418
-17.6932
-16.7731
-15.5708
-14.1862
-12.7143
-11.2393
-9.82997
-8.52551
-7.33832
-6.27457
-5.33211
-4.5025
-3.77472
-3.13705
-2.57849
-2.08822
-1.65665
-1.27546
-0.93724
-0.636236
-0.366902
-0.126066
0.0879073
0.277713
0.444529
0.588405
0.709673
0.80941
0.888734
0.949068
0.992149
1.0207
1.03798
1.04669
1.04996
1.04983
1.04907
1.05217
1.06082
1.07412
1.08958
1.1054
1.11985
1.13119
1.13495
1.13172
1.12247
1.10881
1.09602
1.08816
1.08837
1.09996
1.12405
1.1554
1.18392
1.20065
1.19933
1.17164
1.11945
1.05948
0.999036
0.947941
0.898871
0.849527
0.801814
0.754682
0.711507
0.674436
0.641789
0.611465
0.581873
0.549332
0.516255
0.486266
0.458418
0.430289
0.401024
0.372107
0.343907
0.31687
0.290213
0.263991
0.237482
0.21075
0.183819
0.156469
0.128727
0.100614
0.0724346
0.044634
0.0185614
-0.0048607
-0.0219709
-0.0338501
-0.0252826
-0.0272893
-18.4001
-18.4271
-18.3995
-18.1844
-17.6309
-16.7202
-15.5332
-14.1674
-12.7147
-11.2567
-9.86085
-8.56625
-7.38525
-6.32461
-5.38314
-4.55297
-3.82349
-3.18349
-2.62237
-2.12942
-1.69513
-1.31125
-0.970477
-0.667055
-0.395483
-0.152735
0.0627669
0.253575
0.420833
0.564637
0.685286
0.783859
0.861701
0.920436
0.96186
0.988884
1.00478
1.01222
1.01473
1.01483
1.01475
1.01849
1.02783
1.04182
1.0582
1.07474
1.08941
1.10064
1.1053
1.1019
1.09261
1.07938
1.06751
1.06096
1.063
1.07673
1.10316
1.13705
1.16822
1.18716
1.18731
1.15987
1.10599
1.04265
0.981255
0.928365
0.874088
0.821825
0.772306
0.724674
0.681585
0.645291
0.613747
0.58448
0.555667
0.524666
0.492726
0.46358
0.435875
0.40741
0.378112
0.348192
0.319378
0.292012
0.265137
0.238596
0.212131
0.185553
0.158685
0.131422
0.103668
0.0756049
0.0472115
0.0198091
-0.00582191
-0.0284519
-0.0438922
-0.0538363
-0.0394411
-0.0378062
-18.4132
-18.431
-18.3814
-18.1469
-17.5895
-16.6856
-15.51
-14.1581
-12.7197
-11.2744
-9.88862
-8.60128
-7.42494
-6.36666
-5.42587
-4.59521
-3.8644
-3.22257
-2.65952
-2.16457
-1.72824
-1.34241
-0.999795
-0.69461
-0.421436
-0.177308
0.0393294
0.230883
0.398453
0.542176
0.662337
0.759998
0.836673
0.894146
0.934209
0.959905
0.974662
0.981311
0.983511
0.984013
0.984936
0.989563
0.99956
1.01419
1.03128
1.04816
1.06355
1.0747
1.07971
1.0763
1.06697
1.05425
1.04322
1.03796
1.04171
1.05741
1.086
1.12215
1.1555
1.17634
1.17705
1.14912
1.0929
1.02645
0.96591
0.908457
0.850368
0.795978
0.745137
0.69755
0.654964
0.619538
0.589007
0.560681
0.531043
0.50282
0.4721
0.443089
0.414923
0.386067
0.356433
0.325892
0.296655
0.268922
0.241865
0.215271
0.188689
0.162071
0.135071
0.107844
0.0802027
0.0522317
0.0241417
-0.00296821
-0.0281612
-0.0501648
-0.0642363
-0.0729169
-0.0534558
-0.0488522
-18.4267
-18.4379
-18.3729
-18.1245
-17.5643
-16.6656
-15.4984
-14.1567
-12.7288
-11.2929
-9.91461
-8.63245
-7.45944
-6.40278
-5.46238
-4.63124
-3.8993
-3.25599
-2.69147
-2.19502
-1.75713
-1.36989
-1.02596
-0.719476
-0.445164
-0.200088
0.0173669
0.209459
0.377214
0.520815
0.640529
0.737386
0.813047
0.869475
0.908375
0.932812
0.947032
0.953746
0.956041
0.956979
0.958847
0.964528
0.975402
0.990676
1.00782
1.02514
1.04124
1.05271
1.05772
1.05433
1.04507
1.03284
1.02264
1.01859
1.02392
1.04151
1.07223
1.11056
1.14588
1.16832
1.16874
1.13919
1.07986
1.01182
0.950672
0.888427
0.827797
0.771809
0.72043
0.673131
0.631319
0.596678
0.566994
0.539462
0.511422
0.483855
0.453452
0.424091
0.39553
0.366598
0.336938
0.306538
0.277185
0.24941
0.22237
0.195799
0.169194
0.142531
0.115697
0.0880516
0.060356
0.0320984
0.00401631
-0.0232056
-0.0482934
-0.0699772
-0.0830491
-0.0910937
-0.0672636
-0.0602824
-18.4404
-18.447
-18.3716
-18.1137
-17.5517
-16.657
-15.496
-14.1618
-12.7414
-11.3125
-9.9395
-8.66091
-7.49003
-6.43432
-5.49403
-4.66238
-3.92948
-3.28497
-2.71929
-2.22168
-1.78261
-1.3943
-1.04934
-0.741811
-0.466724
-0.221038
-0.00303103
0.189362
0.357102
0.500432
0.619604
0.715636
0.790357
0.84594
0.88397
0.907723
0.922
0.929259
0.932069
0.933668
0.936268
0.942663
0.954677
0.970003
0.987549
1.0057
1.02224
1.03392
1.03891
1.03556
1.0264
1.01464
1.0052
1.00225
1.00909
1.02854
1.06141
1.10193
1.13906
1.16252
1.16186
1.12946
1.06637
0.999058
0.934134
0.868707
0.8064
0.749527
0.698182
0.651501
0.610498
0.576557
0.547464
0.520145
0.491091
0.463975
0.43444
0.405199
0.376352
0.346964
0.316665
0.285675
0.256124
0.228155
0.201081
0.17449
0.148027
0.121337
0.094431
0.0669538
0.0393637
0.0113205
-0.0164554
-0.043278
-0.0677642
-0.0888833
-0.100848
-0.108446
-0.0809202
-0.0719571
-18.4539
-18.4577
-18.3755
-18.1116
-17.5488
-16.6572
-15.5008
-14.1719
-12.7568
-11.3326
-9.96339
-8.68721
-7.51763
-6.46241
-5.52201
-4.6898
-3.95604
-3.31047
-2.74381
-2.24524
-1.8052
-1.41605
-1.07029
-0.761989
-0.486421
-0.240358
-0.022018
0.170451
0.337984
0.4809
0.599436
0.694641
0.768551
0.823485
0.861126
0.884838
0.899456
0.907333
0.910901
0.913571
0.918245
0.924857
0.936357
0.9519
0.970276
0.988982
1.0058
1.01764
1.02261
1.01928
1.01024
0.998909
0.990183
0.988294
0.996587
1.01788
1.05289
1.09546
1.13398
1.15726
1.15491
1.11893
1.05383
0.984877
0.91651
0.849455
0.786114
0.729065
0.67818
0.632277
0.592189
0.559203
0.531181
0.505022
0.477921
0.452114
0.422176
0.392562
0.36363
0.334245
0.304235
0.273367
0.243505
0.215491
0.188211
0.161545
0.134924
0.108124
0.0811993
0.0535833
0.0258928
-0.00239811
-0.0303394
-0.0574963
-0.0824104
-0.103744
-0.115774
-0.123673
-0.0937676
-0.0836568
-18.4688
-18.4705
-18.3837
-18.116
-17.553
-16.6637
-15.5105
-14.1851
-12.7734
-11.3523
-9.98562
-8.71088
-7.54202
-6.48699
-5.54634
-4.71362
-3.97915
-3.33274
-2.7654
-2.2662
-1.82553
-1.43583
-1.08954
-0.780731
-0.504786
-0.258352
-0.039717
0.152788
0.320101
0.462608
0.580558
0.675078
0.748365
0.80287
0.840379
0.864183
0.878999
0.887108
0.890777
0.893106
0.896033
0.905914
0.918516
0.935427
0.954633
0.973907
0.991081
1.00311
1.00812
1.00487
0.99602
0.985169
0.977206
0.97639
0.986102
1.00914
1.04611
1.09028
1.12938
1.15087
1.14495
1.10599
1.04195
0.968825
0.898706
0.830814
0.766963
0.709928
0.659292
0.613602
0.573637
0.54052
0.512178
0.48546
0.456982
0.430213
0.400598
0.370967
0.34196
0.312525
0.282206
0.251331
0.221628
0.193508
0.166365
0.139674
0.113129
0.0863421
0.059384
0.0318309
0.00415904
-0.0238909
-0.0516475
-0.0783938
-0.102595
-0.123439
-0.134237
-0.14185
-0.109162
-0.0976045
-18.4771
-18.4785
-18.3906
-18.122
-17.56
-16.673
-15.5223
-14.1993
-12.7898
-11.3705
-10.0049
-8.73047
-7.5614
-6.50579
-5.56423
-4.73042
-3.99473
-3.34706
-2.77864
-2.27852
-1.83711
-1.44688
-1.10031
-0.791476
-0.515674
-0.269471
-0.0511946
0.140827
0.3076
0.449557
0.567031
0.661262
0.734535
0.789354
0.827436
0.851968
0.867657
0.876774
0.88156
0.885385
0.891073
0.89869
0.911251
0.928011
0.947211
0.966521
0.983652
0.995572
1.00042
0.997047
0.988149
0.97741
0.969729
0.969415
0.979921
1.00409
1.04248
1.08774
1.12708
1.1481
1.14086
1.09843
1.03301
0.957509
0.886715
0.81882
0.755437
0.699215
0.64941
0.604564
0.565458
0.533163
0.505558
0.479375
0.452073
0.426181
0.396524
0.366679
0.337562
0.307956
0.277596
0.24646
0.216614
0.188488
0.161255
0.134551
0.107972
0.081171
0.054232
0.0266484
-0.00102898
-0.0292232
-0.0570551
-0.0840529
-0.108619
-0.129719
-0.141044
-0.149139
-0.116344
-0.102063
-18.4991
-18.5002
-18.4115
-18.143
-17.5825
-16.6975
-15.5486
-14.2271
-12.8185
-11.4
-10.0347
-8.75977
-7.59013
-6.53381
-5.59144
-4.75683
-4.02039
-3.37204
-2.80314
-2.30267
-1.86092
-1.47043
-1.12376
-0.814929
-0.539167
-0.293091
-0.0750361
0.116691
0.283162
0.424867
0.542163
0.636401
0.709917
0.765051
0.80344
0.828258
0.844188
0.853468
0.858387
0.861915
0.867136
0.875705
0.88897
0.906212
0.925812
0.945419
0.962758
0.974811
0.979736
0.976439
0.967691
0.95725
0.950038
0.950362
0.961663
0.986631
1.02546
1.07055
1.10893
1.12596
1.11793
1.07631
1.00939
0.933509
0.862454
0.794798
0.731753
0.675792
0.626209
0.581549
0.542589
0.510341
0.482718
0.456468
0.428757
0.402354
0.372638
0.342816
0.3137
0.28409
0.253719
0.222711
0.192874
0.164735
0.137541
0.110823
0.0842555
0.0574526
0.0305076
0.00291952
-0.0247639
-0.0528937
-0.080743
-0.10762
-0.132017
-0.153081
-0.164064
-0.172127
-0.138634
-0.130098
-18.4372
-18.4329
-18.4708
-18.4577
-18.4384
-18.4131
-18.3833
-18.3517
-18.3213
-18.2937
-18.2695
-18.2492
-18.2334
-18.2248
-18.2245
-18.2164
-18.9428
-18.9203
-18.9234
-18.9339
-18.9251
-18.9011
-18.871
-18.8392
-18.8081
-18.7795
-18.7547
-18.7346
-18.7191
-18.7075
-18.6999
-18.6848
-19.3857
-19.4534
-19.5413
-19.5744
-19.5737
-19.554
-19.525
-19.4937
-19.464
-19.4377
-19.4159
-19.3993
-19.3883
-19.3825
-19.3773
-19.3654
-19.4546
-19.5464
-19.5963
-19.6212
-19.6283
-19.6162
-19.5911
-19.5618
-19.5337
-19.5093
-19.4894
-19.4743
-19.4639
-19.4578
-19.453
-19.4402
-18.8845
-18.9455
-18.9812
-19.0097
-19.02
-19.0121
-18.9925
-18.9664
-18.9399
-18.9141
-18.89
-18.8684
-18.8499
-18.835
-18.8241
-18.8053
-17.7718
-17.8174
-17.8527
-17.8798
-17.8907
-17.8856
-17.8679
-17.8428
-17.8153
-17.7874
-17.76
-17.7334
-17.7082
-17.6857
-17.6675
-17.6432
-16.2858
-16.3164
-16.3427
-16.3625
-16.3712
-16.3671
-16.3506
-16.3262
-16.2983
-16.2681
-16.2361
-16.2024
-16.1676
-16.1337
-16.1033
-16.0729
-14.5628
-14.5795
-14.5946
-14.6056
-14.6098
-14.6042
-14.5872
-14.5623
-14.5332
-14.5008
-14.4651
-14.4262
-14.3846
-14.3428
-14.3051
-14.2707
-12.7883
-12.789
-12.7918
-12.7942
-12.794
-12.7862
-12.7677
-12.7418
-12.7117
-12.6777
-12.6395
-12.5969
-12.5506
-12.5034
-12.4605
-12.423
-11.0569
-11.0431
-11.0345
-11.0291
-11.0239
-11.0124
-10.9914
-10.9642
-10.9332
-10.8981
-10.8584
-10.814
-10.7656
-10.7158
-10.6706
-10.6317
-9.45625
-9.43073
-9.41336
-9.40193
-9.39242
-9.37733
-9.35397
-9.32562
-9.29389
-9.25827
-9.2181
-9.17317
-9.12415
-9.07387
-9.02816
-8.98899
-8.01576
-7.98218
-7.95812
-7.94167
-7.92795
-7.90909
-7.88333
-7.8539
-7.82169
-7.78593
-7.74596
-7.70158
-7.65344
-7.60429
-7.55966
-7.5212
-6.749
-6.71139
-6.68384
-6.66439
-6.64728
-6.62515
-6.59761
-6.56764
-6.53539
-6.49997
-6.46076
-6.41761
-6.37117
-6.32402
-6.28126
-6.24402
-5.64876
-5.60931
-5.58008
-5.55836
-5.53712
-5.51129
-5.48242
-5.4523
-5.42032
-5.38557
-5.34751
-5.30604
-5.26181
-5.21722
-5.17683
-5.14111
-4.70164
-4.66221
-4.63286
-4.60965
-4.58514
-4.55692
-4.52753
-4.49748
-4.46588
-4.43191
-4.39514
-4.3555
-4.31365
-4.27184
-4.23413
-4.20027
-3.88738
-3.84877
-3.81962
-3.79555
-3.76965
-3.74072
-3.71129
-3.68147
-3.65037
-3.6173
-3.5819
-3.54417
-3.50477
-3.46584
-3.43092
-3.39899
-3.18873
-3.15182
-3.12319
-3.09746
-3.06977
-3.04072
-3.01189
-2.98279
-2.95257
-2.9207
-2.88689
-2.85119
-2.81425
-2.77809
-2.74581
-2.71561
-2.58669
-2.55214
-2.52424
-2.49676
-2.46757
-2.43869
-2.41043
-2.38198
-2.35262
-2.32191
-2.28964
-2.25586
-2.22121
-2.18759
-2.15771
-2.12904
-2.06619
-2.03362
-2.00634
-1.97874
-1.94973
-1.92135
-1.89361
-1.86575
-1.83718
-1.80755
-1.77668
-1.74464
-1.71208
-1.68075
-1.65305
-1.62574
-1.61561
-1.58468
-1.55723
-1.52919
-1.50063
-1.47296
-1.44589
-1.41873
-1.39102
-1.36247
-1.33296
-1.30257
-1.27191
-1.24266
-1.21693
-1.19081
-1.22385
-1.19448
-1.16649
-1.13782
-1.10978
-1.08284
-1.05644
-1.03
-1.00313
-0.975607
-0.947343
-0.918429
-0.889454
-0.862
-0.837987
-0.812871
-0.880956
-0.852691
-0.824699
-0.796115
-0.76861
-0.742198
-0.716291
-0.690412
-0.664248
-0.637609
-0.610422
-0.582785
-0.555254
-0.52933
-0.506793
-0.482513
-0.579125
-0.551875
-0.524299
-0.496198
-0.469183
-0.443175
-0.417661
-0.392243
-0.366662
-0.34076
-0.314483
-0.287925
-0.261612
-0.236981
-0.215717
-0.192084
-0.311846
-0.284801
-0.257156
-0.229701
-0.203374
-0.177903
-0.15286
-0.127935
-0.102921
-0.0776954
-0.0522211
-0.0265917
-0.00131054
0.0222227
0.042355
0.0656441
-0.0732512
-0.0461267
-0.0183772
0.00847869
0.0342074
0.0592013
0.0838104
0.10828
0.132781
0.157412
0.182198
0.207045
0.231476
0.25412
0.273322
0.29634
0.140951
0.167553
0.194822
0.221192
0.246593
0.271342
0.295707
0.319892
0.344045
0.368252
0.392527
0.416783
0.440564
0.462543
0.481064
0.503727
0.335094
0.361157
0.387912
0.413817
0.43885
0.463307
0.487413
0.511331
0.535183
0.559038
0.582901
0.606687
0.629959
0.651422
0.669423
0.691805
0.510452
0.536275
0.562632
0.588159
0.612891
0.637101
0.660986
0.68469
0.708315
0.731912
0.755477
0.778927
0.801834
0.822928
0.840546
0.86273
0.668636
0.694778
0.720911
0.746176
0.770737
0.794816
0.818571
0.842131
0.865595
0.889008
0.912365
0.935581
0.95824
0.979085
0.996436
1.01848
0.811334
0.837908
0.863956
0.889135
0.913672
0.93774
0.961471
0.984985
1.00838
1.0317
1.05494
1.07802
1.10052
1.12121
1.13837
1.16032
0.939482
0.966181
0.992174
1.01738
1.04196
1.06606
1.08981
1.11333
1.13671
1.16001
1.1832
1.20621
1.22863
1.24922
1.26624
1.28813
1.05136
1.07835
1.10458
1.13003
1.15483
1.1791
1.20297
1.22658
1.25003
1.27336
1.29657
1.31957
1.34195
1.36248
1.37939
1.40122
1.14677
1.1745
1.20135
1.22731
1.2525
1.27708
1.30119
1.32498
1.34856
1.37197
1.39523
1.41824
1.44061
1.46108
1.47788
1.49965
1.22705
1.25581
1.28346
1.31004
1.3357
1.36062
1.38498
1.40894
1.43264
1.45612
1.47939
1.50239
1.52471
1.54509
1.56172
1.58342
1.29289
1.32271
1.35118
1.37838
1.40451
1.42979
1.45441
1.47856
1.50236
1.52589
1.54916
1.5721
1.59431
1.61454
1.63091
1.65249
1.34486
1.37584
1.40521
1.4331
1.45975
1.4854
1.51029
1.53459
1.55846
1.58198
1.60517
1.62796
1.64997
1.66996
1.686
1.70742
1.38438
1.41655
1.44682
1.47537
1.5025
1.52846
1.55352
1.5779
1.60174
1.62515
1.64816
1.6707
1.69242
1.71209
1.7277
1.74893
1.41233
1.4456
1.47667
1.5058
1.53331
1.55952
1.5847
1.60908
1.63284
1.65608
1.67883
1.70104
1.72237
1.74163
1.75669
1.77769
1.42984
1.46406
1.49583
1.52546
1.55331
1.5797
1.60493
1.62925
1.65284
1.67581
1.69819
1.71995
1.74076
1.75951
1.77387
1.79459
1.43882
1.47372
1.50599
1.53596
1.56399
1.59044
1.61561
1.63976
1.66306
1.68564
1.70753
1.72869
1.74886
1.767
1.78054
1.80097
1.44156
1.47681
1.5093
1.53936
1.56739
1.59373
1.61869
1.64252
1.66541
1.68746
1.70872
1.72917
1.7486
1.76606
1.77871
1.79885
1.44093
1.47605
1.5084
1.53829
1.56609
1.59215
1.61674
1.64012
1.66246
1.68389
1.70442
1.72407
1.74269
1.75948
1.77123
1.79113
1.43915
1.47371
1.50558
1.53505
1.56244
1.58807
1.6122
1.63506
1.65682
1.67759
1.69739
1.71624
1.73408
1.75027
1.76117
1.78087
1.43784
1.47155
1.50271
1.53157
1.55842
1.58352
1.60713
1.62945
1.65064
1.67078
1.68991
1.70804
1.72517
1.7409
1.75104
1.77059
1.43813
1.47089
1.50129
1.52951
1.55579
1.58037
1.60347
1.62526
1.64589
1.66544
1.68394
1.70142
1.71797
1.73339
1.74282
1.76227
1.44052
1.47248
1.50224
1.52993
1.55574
1.57989
1.60255
1.6239
1.64406
1.66313
1.68114
1.69812
1.71422
1.72957
1.73822
1.75755
1.44476
1.47622
1.50553
1.53284
1.55834
1.58222
1.60464
1.62578
1.64576
1.66467
1.68251
1.69923
1.71504
1.73083
1.73834
1.75783
1.44941
1.48054
1.50959
1.53669
1.56206
1.58587
1.60831
1.62951
1.6496
1.66865
1.68663
1.70327
1.71829
1.73538
1.74121
1.76089
1.45343
1.48439
1.51339
1.54055
1.56602
1.58998
1.61259
1.63399
1.65426
1.67342
1.69142
1.70809
1.72318
1.73752
1.74591
1.76365
1.45477
1.48643
1.51602
1.54369
1.5696
1.59392
1.61676
1.63824
1.65847
1.67743
1.69503
1.71118
1.72608
1.73971
1.74788
1.76493
1.45174
1.48452
1.51507
1.54346
1.56977
1.5942
1.61699
1.63831
1.65822
1.67667
1.69366
1.70969
1.72459
1.73741
1.74509
1.76153
1.44429
1.47774
1.50874
1.5374
1.56388
1.58839
1.61111
1.6322
1.6518
1.6702
1.68764
1.70341
1.71709
1.72865
1.73553
1.75145
1.43489
1.46829
1.49902
1.52734
1.55364
1.57811
1.60087
1.62232
1.64264
1.66141
1.67801
1.69233
1.70473
1.7152
1.72131
1.73687
1.42487
1.45798
1.48841
1.51643
1.54241
1.56676
1.58966
1.6109
1.63014
1.64723
1.66211
1.67489
1.68598
1.69552
1.70113
1.7167
1.41369
1.44605
1.47589
1.50347
1.52901
1.55262
1.57427
1.59379
1.61106
1.62605
1.63889
1.64992
1.65975
1.66865
1.67404
1.69004
1.40267
1.43341
1.46184
1.48806
1.51209
1.53386
1.55328
1.57035
1.58514
1.59786
1.60882
1.61845
1.62746
1.63628
1.64172
1.65839
1.39252
1.42045
1.44625
1.46983
1.49111
1.51004
1.52668
1.54117
1.55377
1.56473
1.5744
1.58332
1.59223
1.60169
1.60725
1.62459
1.38401
1.40719
1.4287
1.44834
1.46604
1.48182
1.49581
1.50811
1.519
1.52891
1.53819
1.54713
1.55642
1.56699
1.57239
1.59066
1.36759
1.38585
1.40308
1.41912
1.43377
1.44697
1.45896
1.47014
1.48063
1.4906
1.50029
1.50984
1.5196
1.53197
1.53634
1.55563
1.33691
1.35147
1.36541
1.37874
1.3917
1.40429
1.41624
1.42757
1.43854
1.44933
1.46005
1.47061
1.48073
1.49478
1.49991
1.51894
1.29675
1.30892
1.32206
1.33541
1.34843
1.36111
1.37363
1.38595
1.39809
1.41004
1.42187
1.43364
1.44542
1.45811
1.46449
1.48345
1.25935
1.2724
1.28559
1.2991
1.31284
1.32665
1.34038
1.35398
1.36743
1.38074
1.39383
1.40615
1.41789
1.43044
1.43787
1.45675
1.2307
1.24466
1.25929
1.27435
1.28956
1.30476
1.3198
1.33446
1.34824
1.36116
1.37376
1.3866
1.39967
1.41287
1.42086
1.43976
1.20491
1.22176
1.23864
1.25531
1.2714
1.28649
1.3009
1.31529
1.33
1.3449
1.35951
1.3737
1.38761
1.40128
1.40969
1.42863
1.18014
1.19867
1.21616
1.23307
1.25005
1.26741
1.28479
1.30169
1.31817
1.33427
1.3499
1.36499
1.37959
1.39373
1.40234
1.42128
1.15388
1.17431
1.19478
1.21514
1.23494
1.25419
1.2729
1.29108
1.30874
1.32586
1.34239
1.35822
1.37337
1.3879
1.39651
1.41542
1.13092
1.15485
1.17798
1.20018
1.22151
1.24206
1.26191
1.2811
1.29967
1.31758
1.33474
1.35104
1.3665
1.38133
1.38972
1.40865
1.10942
1.13568
1.16056
1.18421
1.20677
1.22837
1.24911
1.26904
1.28823
1.30666
1.3242
1.34068
1.35616
1.37118
1.379
1.39802
1.08673
1.11461
1.14084
1.1656
1.18907
1.21143
1.23284
1.25335
1.27297
1.29166
1.30927
1.32559
1.34072
1.35593
1.36289
1.38222
1.06116
1.09028
1.11761
1.1433
1.16752
1.1904
1.21211
1.23273
1.25232
1.27083
1.28814
1.30397
1.31824
1.33399
1.33964
1.35898
1.03011
1.06019
1.08803
1.11402
1.13844
1.16144
1.18311
1.20349
1.22263
1.24053
1.25722
1.27256
1.28547
1.30203
1.30703
1.32649
0.99049
1.02061
1.04876
1.075
1.09945
1.12227
1.14359
1.16351
1.18209
1.19936
1.21534
1.22998
1.24291
1.25754
1.26359
1.28251
0.946925
0.97663
1.00426
1.02996
1.05387
1.07615
1.09689
1.1162
1.13412
1.15071
1.16601
1.18033
1.19369
1.20789
1.21382
1.23258
0.903271
0.931594
0.958067
0.98278
1.00584
1.02732
1.04733
1.06597
1.08342
1.09999
1.11561
1.12975
1.14248
1.15638
1.16222
1.18102
0.857846
0.884968
0.91048
0.934454
0.956995
0.978313
0.998511
1.01745
1.03502
1.05114
1.06596
1.07962
1.09212
1.10613
1.11184
1.13066
0.812765
0.839611
0.865301
0.889585
0.912235
0.933219
0.952598
0.970631
0.987497
1.00324
1.01794
1.03152
1.04382
1.05822
1.06373
1.08266
0.77358
0.800187
0.824924
0.848008
0.869705
0.89005
0.909093
0.926918
0.9436
0.95925
0.973981
0.987702
0.999642
1.01481
1.01965
1.03887
0.735898
0.761442
0.785572
0.808337
0.829756
0.849905
0.868898
0.886794
0.903602
0.919333
0.934149
0.948276
0.959465
0.975702
0.980107
0.999529
0.70013
0.725323
0.749208
0.771891
0.793434
0.813786
0.832927
0.850927
0.867874
0.883741
0.8983
0.913755
0.923346
0.940933
0.944611
0.964443
0.669346
0.694605
0.718765
0.74167
0.763273
0.783614
0.802777
0.820832
0.837802
0.853676
0.868427
0.882459
0.894003
0.909547
0.914428
0.933777
0.641488
0.667162
0.691521
0.714523
0.736047
0.756293
0.775498
0.793632
0.810649
0.826612
0.841586
0.855622
0.867649
0.882774
0.888057
0.907249
0.615572
0.641399
0.665766
0.688519
0.710066
0.73066
0.75006
0.76822
0.785234
0.80118
0.816131
0.830103
0.84221
0.857201
0.862587
0.881738
0.591619
0.617431
0.641655
0.664537
0.686429
0.707025
0.726293
0.744369
0.761347
0.77727
0.792192
0.806115
0.818148
0.833076
0.838457
0.857563
0.568957
0.594435
0.61861
0.641737
0.663541
0.683913
0.703024
0.721014
0.737939
0.753814
0.768683
0.782584
0.794492
0.809487
0.814793
0.833898
0.54572
0.571365
0.59567
0.618744
0.640347
0.660619
0.679724
0.697708
0.714558
0.730294
0.745006
0.758824
0.770521
0.785573
0.790764
0.809866
0.520862
0.54663
0.570991
0.593909
0.615417
0.635662
0.654724
0.672632
0.689387
0.705016
0.719637
0.733476
0.744992
0.760163
0.765243
0.784341
0.494446
0.520112
0.544337
0.567096
0.588542
0.608773
0.627794
0.645605
0.662238
0.677745
0.692249
0.706126
0.717409
0.732767
0.737674
0.756842
0.467083
0.492643
0.516611
0.539153
0.560442
0.580535
0.599435
0.617144
0.633695
0.649136
0.663565
0.677495
0.688623
0.704091
0.7089
0.728073
0.439211
0.464532
0.48829
0.51066
0.531791
0.551731
0.570491
0.588072
0.60451
0.619857
0.634187
0.648131
0.659117
0.674671
0.67943
0.698614
0.410922
0.435955
0.459636
0.481948
0.502949
0.522741
0.541359
0.558823
0.575171
0.590451
0.604717
0.618669
0.629587
0.645164
0.649878
0.669075
0.382045
0.406829
0.430341
0.452538
0.473401
0.493034
0.511515
0.528874
0.545141
0.560358
0.574552
0.588483
0.599326
0.614893
0.619599
0.638778
0.352465
0.376998
0.400252
0.42227
0.442984
0.462437
0.480748
0.49795
0.514099
0.529239
0.543374
0.557293
0.568115
0.583679
0.588385
0.607566
0.321731
0.345948
0.36885
0.39051
0.410926
0.430169
0.448322
0.465393
0.481433
0.496491
0.510559
0.524407
0.535232
0.550689
0.555441
0.574612
0.28995
0.313798
0.336342
0.357645
0.377739
0.396686
0.414542
0.431363
0.447194
0.462077
0.476025
0.489624
0.500603
0.515758
0.520681
0.539754
0.25647
0.279414
0.30115
0.321746
0.341242
0.359712
0.377186
0.393666
0.409205
0.423876
0.43773
0.451095
0.462286
0.477072
0.482228
0.501221
0.22104
0.242881
0.2636
0.283217
0.301815
0.319514
0.336338
0.35228
0.367401
0.381757
0.395391
0.408475
0.419799
0.434253
0.439616
0.458575
0.181745
0.20143
0.220095
0.237818
0.254715
0.270895
0.286402
0.301264
0.315505
0.329134
0.342173
0.354673
0.366042
0.37965
0.385437
0.404113
0.139225
0.155773
0.171824
0.187446
0.202662
0.217496
0.231922
0.245935
0.259546
0.272763
0.285588
0.297988
0.309684
0.323053
0.329293
0.347874
0.087347
0.0978694
0.107891
0.117667
0.127443
0.137314
0.147296
0.157387
0.167541
0.17772
0.187932
0.198169
0.208286
0.220136
0.226044
0.244373
0.0376665
0.0441102
0.0507406
0.0576414
0.0649285
0.0726485
0.0807933
0.0893113
0.098127
0.107173
0.116406
0.125785
0.135269
0.145292
0.153755
0.166325
)
;

boundaryField
{
    frontAndBack
    {
        type            empty;
    }
    inlet
    {
        type            zeroGradient;
    }
    outlet
    {
        type            fixedValue;
        value           uniform 0;
    }
    walls
    {
        type            zeroGradient;
    }
}


// ************************************************************************* //
