/*--------------------------------*- C++ -*----------------------------------*\
| =========                 |                                                 |
| \\      /  F ield         | OpenFOAM: The Open Source CFD Toolbox           |
|  \\    /   O peration     | Version:  v2012                                 |
|   \\  /    A nd           | Website:  www.openfoam.com                      |
|    \\/     M anipulation  |                                                 |
\*---------------------------------------------------------------------------*/
FoamFile
{
    version     2.0;
    format      ascii;
    class       volScalarField;
    location    "0.227";
    object      p;
}
// * * * * * * * * * * * * * * * * * * * * * * * * * * * * * * * * * * * * * //

dimensions      [0 2 -2 0 0 0 0];


internalField   nonuniform List<scalar> 
5600
(
-0.675315
-1.13342
-1.51415
-1.83247
-2.14308
-2.45356
-2.75475
-3.03691
-3.29933
-3.55021
-3.78673
-4.01034
-4.22629
-4.43111
-4.63228
-4.82769
-5.02001
-5.21042
-5.39659
-5.58248
-5.7644
-5.94525
-6.12285
-6.29891
-6.47442
-6.64703
-6.81994
-6.99101
-7.16164
-7.33234
-7.50155
-7.67099
-7.8386
-8.00678
-8.1738
-8.34045
-8.50661
-8.67192
-8.83683
-9.00101
-9.16476
-9.32766
-9.49015
-9.65181
-9.81307
-9.97373
-10.1339
-10.2937
-10.4529
-10.6116
-10.77
-10.9278
-11.0853
-11.242
-11.3987
-11.5546
-11.7103
-11.8657
-12.0201
-12.1746
-12.3285
-12.4821
-12.6355
-12.7882
-12.9407
-13.0926
-13.2444
-13.3957
-13.5468
-13.6977
-13.8483
-13.9984
-14.148
-14.2974
-14.4465
-14.5953
-14.744
-14.8926
-15.041
-15.1891
-15.3369
-15.4846
-15.6317
-15.7789
-15.9257
-16.0723
-16.2188
-16.3654
-16.5117
-16.6578
-16.8037
-16.9492
-17.0952
-17.2409
-17.3871
-17.5335
-17.6823
-17.8353
-17.9916
-18.2289
-0.734351
-1.15359
-1.53077
-1.85025
-2.16112
-2.47186
-2.77301
-3.05543
-3.31816
-3.56919
-3.80583
-4.02981
-4.24606
-4.45127
-4.65277
-4.84854
-5.0411
-5.23182
-5.41809
-5.60412
-5.78621
-5.96718
-6.14484
-6.32099
-6.49668
-6.66937
-6.8424
-7.01356
-7.18427
-7.35507
-7.52436
-7.69388
-7.86149
-8.02973
-8.19677
-8.36346
-8.52966
-8.69499
-8.85994
-9.02413
-9.18793
-9.35086
-9.51339
-9.67506
-9.83635
-9.99702
-10.1572
-10.317
-10.4763
-10.6349
-10.7933
-10.9511
-11.1086
-11.2653
-11.422
-11.5779
-11.7336
-11.889
-12.0433
-12.1978
-12.3518
-12.5053
-12.6587
-12.8113
-12.9639
-13.1158
-13.2675
-13.4189
-13.5699
-13.7209
-13.8714
-14.0215
-14.1712
-14.3205
-14.4696
-14.6184
-14.7671
-14.9157
-15.0641
-15.2122
-15.36
-15.5077
-15.6548
-15.802
-15.9488
-16.0954
-16.2418
-16.3885
-16.5347
-16.681
-16.8266
-16.9725
-17.1181
-17.2644
-17.4095
-17.5576
-17.7034
-17.8604
-18.0116
-18.2418
-0.772602
-1.16621
-1.54354
-1.86357
-2.17237
-2.48053
-2.78069
-3.06262
-3.32519
-3.57586
-3.8121
-4.03645
-4.2524
-4.45789
-4.65922
-4.85502
-5.04782
-5.23819
-5.42479
-5.61062
-5.79283
-5.97376
-6.15166
-6.32783
-6.5034
-6.67613
-6.84904
-7.02021
-7.19085
-7.36156
-7.5308
-7.70026
-7.86792
-8.03616
-8.2032
-8.36986
-8.53604
-8.70134
-8.86625
-9.0304
-9.19414
-9.35701
-9.51946
-9.68106
-9.84226
-10.003
-10.1631
-10.3229
-10.4822
-10.6409
-10.7993
-10.9571
-11.1146
-11.2713
-11.428
-11.584
-11.7398
-11.8952
-12.0497
-12.2042
-12.3582
-12.5119
-12.6653
-12.818
-12.9706
-13.1226
-13.2743
-13.4257
-13.5768
-13.7278
-13.8784
-14.0285
-14.1782
-14.3276
-14.4767
-14.6255
-14.7743
-14.9229
-15.0712
-15.2195
-15.3672
-15.5149
-15.6621
-15.8093
-15.9561
-16.1028
-16.2492
-16.3959
-16.5421
-16.6883
-16.834
-16.9799
-17.1254
-17.2718
-17.417
-17.5651
-17.7114
-17.8688
-18.0192
-18.2411
-0.821329
-1.18268
-1.55894
-1.88038
-2.18797
-2.49514
-2.7957
-3.0783
-3.3414
-3.59251
-3.82919
-4.05375
-4.2699
-4.47587
-4.67704
-4.87291
-5.06551
-5.25551
-5.44207
-5.62732
-5.80958
-5.99032
-6.16825
-6.34456
-6.52016
-6.69325
-6.86648
-7.03801
-7.2089
-7.37978
-7.54926
-7.71881
-7.88653
-8.0548
-8.22194
-8.38867
-8.55494
-8.72034
-8.88536
-9.04963
-9.2135
-9.37654
-9.53917
-9.70098
-9.86236
-10.0231
-10.1832
-10.3431
-10.5025
-10.6612
-10.8196
-10.9775
-11.1351
-11.2919
-11.4485
-11.6044
-11.7601
-11.9155
-12.0697
-12.2243
-12.3782
-12.5317
-12.6851
-12.8377
-12.9902
-13.1421
-13.2938
-13.4452
-13.5962
-13.7471
-13.8977
-14.0477
-14.1974
-14.3467
-14.4958
-14.6446
-14.7934
-14.9419
-15.0903
-15.2384
-15.3862
-15.5339
-15.6811
-15.8282
-15.975
-16.1216
-16.2681
-16.4147
-16.561
-16.7071
-16.8529
-16.9986
-17.1444
-17.2904
-17.4359
-17.5832
-17.7302
-17.8856
-18.0407
-18.2416
-0.87096
-1.19981
-1.57467
-1.89857
-2.20459
-2.51088
-2.81113
-3.09362
-3.35667
-3.60764
-3.84445
-4.06893
-4.28507
-4.49145
-4.69271
-4.88878
-5.08164
-5.27157
-5.45854
-5.64366
-5.82603
-6.00673
-6.18461
-6.36091
-6.53611
-6.70925
-6.88212
-7.05349
-7.22424
-7.39486
-7.56442
-7.73378
-7.90171
-8.06996
-8.23717
-8.40392
-8.57015
-8.73558
-8.90055
-9.06481
-9.22858
-9.39155
-9.554
-9.71578
-9.87703
-10.0377
-10.1979
-10.3577
-10.517
-10.6756
-10.834
-10.9918
-11.1493
-11.306
-11.4626
-11.6187
-11.7744
-11.9299
-12.0844
-12.2389
-12.3929
-12.5465
-12.7
-12.8528
-13.0054
-13.1574
-13.3092
-13.4606
-13.6117
-13.7627
-13.9133
-14.0634
-14.2132
-14.3625
-14.5117
-14.6605
-14.8093
-14.9579
-15.1063
-15.2544
-15.4022
-15.5499
-15.6972
-15.8443
-15.9912
-16.1378
-16.2843
-16.4308
-16.5772
-16.7233
-16.8692
-17.0149
-17.1607
-17.3067
-17.4522
-17.5995
-17.7462
-17.9013
-18.0534
-18.247
-0.920998
-1.21914
-1.59191
-1.91885
-2.22323
-2.52854
-2.82841
-3.11092
-3.37425
-3.62531
-3.86241
-4.08729
-4.3036
-4.51036
-4.71177
-4.90793
-5.10097
-5.29076
-5.47794
-5.66297
-5.84523
-6.02591
-6.20379
-6.3803
-6.55533
-6.72872
-6.90152
-7.07291
-7.24382
-7.41415
-7.58389
-7.75302
-7.92108
-8.0891
-8.25627
-8.42289
-8.58904
-8.75443
-8.91933
-9.08359
-9.24735
-9.41054
-9.57303
-9.73492
-9.89621
-10.057
-10.2172
-10.3771
-10.5365
-10.6952
-10.8537
-11.0115
-11.1691
-11.3259
-11.4826
-11.6386
-11.7944
-11.9499
-12.1042
-12.2588
-12.4129
-12.5664
-12.7197
-12.8723
-13.0249
-13.1769
-13.3286
-13.48
-13.631
-13.782
-13.9326
-14.0826
-14.2324
-14.3817
-14.5309
-14.6797
-14.8285
-14.9771
-15.1255
-15.2736
-15.4215
-15.5691
-15.7164
-15.8635
-16.0103
-16.1569
-16.3035
-16.45
-16.5964
-16.7425
-16.8883
-17.0341
-17.1799
-17.3258
-17.4713
-17.6184
-17.765
-17.9187
-18.0697
-18.2542
-0.970416
-1.24098
-1.61093
-1.94117
-2.24405
-2.54835
-2.84792
-3.13043
-3.39409
-3.64509
-3.88242
-4.10758
-4.32384
-4.5309
-4.73235
-4.92863
-5.12174
-5.31155
-5.49877
-5.68378
-5.86611
-6.04677
-6.22471
-6.40129
-6.57629
-6.74977
-6.92251
-7.09395
-7.26498
-7.43512
-7.60502
-7.774
-7.94223
-8.11013
-8.27737
-8.44396
-8.61009
-8.77549
-8.9403
-9.10461
-9.2682
-9.43149
-9.5939
-9.7557
-9.9169
-10.0776
-10.2378
-10.3976
-10.5569
-10.7156
-10.8739
-11.0318
-11.1893
-11.3463
-11.5028
-11.6589
-11.8147
-11.9701
-12.1246
-12.2791
-12.4332
-12.5867
-12.7401
-12.8928
-13.0454
-13.1975
-13.3492
-13.5006
-13.6517
-13.8026
-13.9533
-14.1033
-14.2531
-14.4025
-14.5516
-14.7005
-14.8493
-14.9979
-15.1463
-15.2944
-15.4423
-15.59
-15.7372
-15.8843
-16.0312
-16.1778
-16.3244
-16.471
-16.6173
-16.7635
-16.9093
-17.0551
-17.2008
-17.3467
-17.4923
-17.639
-17.7854
-17.9375
-18.0868
-18.2616
-1.01739
-1.26549
-1.6323
-1.96566
-2.26731
-2.57063
-2.87
-3.15247
-3.41642
-3.66732
-3.90487
-4.13027
-4.34649
-4.55389
-4.7554
-4.95184
-5.14499
-5.33489
-5.52212
-5.70713
-5.88954
-6.0701
-6.24812
-6.42468
-6.59969
-6.77323
-6.94593
-7.11743
-7.28847
-7.4586
-7.62851
-7.79746
-7.96577
-8.13359
-8.30089
-8.46746
-8.63358
-8.79901
-8.9638
-9.12818
-9.29172
-9.45498
-9.6174
-9.77916
-9.94041
-10.1011
-10.2613
-10.421
-10.5803
-10.739
-10.8973
-11.0552
-11.2126
-11.3697
-11.5262
-11.6822
-11.838
-11.9932
-12.1479
-12.3023
-12.4563
-12.6098
-12.7632
-12.9159
-13.0684
-13.2205
-13.3722
-13.5237
-13.6749
-13.8257
-13.9763
-14.1264
-14.2762
-14.4256
-14.5747
-14.7237
-14.8725
-15.021
-15.1695
-15.3176
-15.4655
-15.6131
-15.7604
-15.9074
-16.0543
-16.201
-16.3475
-16.4941
-16.6404
-16.7866
-16.9324
-17.0782
-17.2239
-17.3698
-17.5153
-17.6617
-17.8077
-17.958
-18.105
-18.2695
-1.06037
-1.29257
-1.65659
-1.99247
-2.29321
-2.59572
-2.89496
-3.17735
-3.44156
-3.69237
-3.93011
-4.15571
-4.37189
-4.57955
-4.78108
-4.97766
-5.17079
-5.36075
-5.54797
-5.73298
-5.91546
-6.09588
-6.274
-6.45054
-6.62557
-6.79917
-6.97183
-7.14338
-7.31443
-7.48461
-7.65443
-7.82342
-7.99175
-8.15955
-8.32685
-8.49344
-8.65952
-8.82497
-8.98976
-9.15413
-9.31771
-9.4809
-9.64335
-9.80512
-9.96639
-10.1271
-10.2873
-10.447
-10.6063
-10.765
-10.9233
-11.0813
-11.2385
-11.3958
-11.5522
-11.7082
-11.864
-12.0191
-12.1738
-12.3282
-12.4822
-12.6358
-12.7889
-12.9418
-13.0942
-13.2462
-13.398
-13.5494
-13.7007
-13.8515
-14.002
-14.1521
-14.3017
-14.4512
-14.6002
-14.7492
-14.8979
-15.0465
-15.1951
-15.3431
-15.491
-15.6386
-15.7859
-15.9329
-16.0798
-16.2264
-16.373
-16.5196
-16.666
-16.8121
-16.958
-17.1038
-17.2495
-17.3952
-17.5406
-17.6867
-17.8322
-17.9806
-18.1248
-18.2782
-1.09755
-1.32178
-1.6844
-2.02175
-2.32196
-2.62404
-2.92324
-3.2055
-3.46989
-3.72065
-3.95851
-4.18424
-4.40035
-4.60819
-4.80971
-5.0064
-5.1995
-5.38951
-5.57675
-5.76175
-5.94429
-6.1246
-6.30279
-6.47931
-6.65435
-6.828
-7.00061
-7.17219
-7.34325
-7.51347
-7.68322
-7.85223
-8.02058
-8.18839
-8.35566
-8.5223
-8.68833
-8.85379
-9.0186
-9.18295
-9.3466
-9.50969
-9.67217
-9.83396
-9.9952
-10.1559
-10.3161
-10.4759
-10.6351
-10.7938
-10.9521
-11.1101
-11.2674
-11.4246
-11.581
-11.737
-11.8928
-12.0479
-12.2027
-12.357
-12.511
-12.6646
-12.8177
-12.9707
-13.123
-13.2751
-13.4269
-13.5782
-13.7296
-13.8803
-14.0308
-14.181
-14.3305
-14.4801
-14.629
-14.778
-14.9268
-15.0753
-15.2238
-15.3718
-15.5196
-15.6672
-15.8144
-15.9615
-16.1084
-16.2549
-16.4014
-16.5481
-16.6944
-16.8405
-16.9864
-17.1322
-17.2779
-17.4235
-17.5688
-17.7145
-17.8593
-18.0055
-18.1464
-18.2887
-1.12491
-1.35108
-1.7148
-2.0521
-2.3522
-2.65444
-2.95372
-3.23578
-3.50027
-3.75099
-3.98887
-4.21464
-4.43066
-4.63856
-4.84004
-5.03678
-5.22983
-5.41987
-5.60712
-5.7921
-5.97468
-6.15488
-6.33312
-6.50961
-6.68466
-6.85833
-7.03089
-7.20249
-7.37357
-7.54382
-7.7135
-7.88253
-8.0509
-8.21872
-8.38596
-8.55264
-8.71863
-8.88411
-9.04891
-9.21326
-9.37696
-9.53997
-9.70248
-9.86427
-10.0255
-10.1863
-10.3464
-10.5062
-10.6654
-10.8242
-10.9825
-11.1404
-11.2977
-11.4548
-11.6113
-11.7674
-11.9231
-12.0782
-12.233
-12.3873
-12.5413
-12.6949
-12.8481
-13.001
-13.1534
-13.3054
-13.4572
-13.6086
-13.7599
-13.9106
-14.0611
-14.2113
-14.3608
-14.5104
-14.6593
-14.8083
-14.957
-15.1055
-15.254
-15.4021
-15.5499
-15.6975
-15.8448
-15.9919
-16.1388
-16.2853
-16.4318
-16.5784
-16.7247
-16.8708
-17.0168
-17.1626
-17.3082
-17.4538
-17.599
-17.7442
-17.8883
-18.0322
-18.1698
-18.3025
-1.13969
-1.37773
-1.74484
-2.08056
-2.38099
-2.68399
-2.98344
-3.26525
-3.52977
-3.78047
-4.01827
-4.24398
-4.45987
-4.66773
-4.86911
-5.06588
-5.25885
-5.44888
-5.63614
-5.82111
-6.0037
-6.18381
-6.36206
-6.53852
-6.71358
-6.88728
-7.05979
-7.23139
-7.40251
-7.57276
-7.74241
-7.91143
-8.07983
-8.24765
-8.41487
-8.58158
-8.74753
-8.91304
-9.0778
-9.24218
-9.40591
-9.56885
-9.73138
-9.89317
-10.0544
-10.2152
-10.3753
-10.5351
-10.6943
-10.8531
-11.0114
-11.1693
-11.3267
-11.4837
-11.6403
-11.7963
-11.9519
-12.1072
-12.2619
-12.4163
-12.5702
-12.7238
-12.877
-13.0298
-13.1822
-13.3343
-13.4861
-13.6375
-13.7887
-13.9394
-14.0901
-14.2403
-14.3899
-14.5394
-14.6884
-14.8373
-14.9861
-15.1346
-15.2831
-15.4312
-15.5791
-15.7267
-15.874
-16.021
-16.168
-16.3145
-16.4611
-16.6077
-16.754
-16.9002
-17.0462
-17.192
-17.3377
-17.4832
-17.6282
-17.773
-17.9164
-18.0584
-18.1932
-18.3184
-1.14341
-1.4013
-1.77287
-2.1059
-2.40706
-2.71117
-3.01087
-3.29236
-3.55689
-3.80756
-4.04524
-4.27083
-4.48655
-4.6943
-4.89554
-5.09229
-5.28518
-5.4752
-5.66245
-5.84743
-6.03001
-6.21003
-6.38828
-6.5647
-6.73976
-6.91347
-7.08592
-7.2575
-7.42866
-7.59891
-7.76853
-7.93753
-8.10598
-8.27377
-8.441
-8.60772
-8.77366
-8.93918
-9.10393
-9.26835
-9.43207
-9.59499
-9.75751
-9.9193
-10.0805
-10.2413
-10.4014
-10.5612
-10.7204
-10.8792
-11.0375
-11.1953
-11.3528
-11.5099
-11.6664
-11.8224
-11.9781
-12.1334
-12.2881
-12.4425
-12.5965
-12.7501
-12.9033
-13.0561
-13.2086
-13.3607
-13.5125
-13.6639
-13.8151
-13.9659
-14.1166
-14.2668
-14.4165
-14.566
-14.715
-14.8639
-15.0127
-15.1612
-15.3097
-15.4579
-15.6057
-15.7533
-15.9006
-16.0476
-16.1945
-16.341
-16.4875
-16.634
-16.7803
-16.9264
-17.0724
-17.2183
-17.3641
-17.5096
-17.6546
-17.7991
-17.9417
-18.0824
-18.215
-18.3349
-1.13833
-1.42263
-1.79883
-2.12855
-2.43077
-2.73616
-3.03615
-3.31727
-3.58175
-3.83241
-4.06992
-4.29534
-4.5109
-4.71852
-4.91957
-5.11627
-5.30908
-5.49907
-5.6863
-5.8713
-6.05386
-6.2338
-6.41205
-6.58845
-6.76349
-6.93721
-7.10959
-7.28116
-7.45236
-7.62259
-7.79219
-7.96118
-8.12965
-8.29741
-8.46465
-8.63132
-8.7973
-8.96271
-9.12754
-9.29198
-9.45567
-9.61862
-9.7811
-9.94294
-10.1042
-10.2649
-10.4251
-10.5849
-10.7442
-10.9029
-11.0613
-11.2191
-11.3767
-11.5338
-11.6903
-11.8464
-12.0021
-12.1574
-12.3122
-12.4666
-12.6206
-12.7742
-12.9275
-13.0803
-13.2327
-13.3847
-13.5365
-13.688
-13.8391
-13.9899
-14.1406
-14.2908
-14.4405
-14.5899
-14.739
-14.8879
-15.0366
-15.1852
-15.3336
-15.4819
-15.6297
-15.7773
-15.9246
-16.0717
-16.2187
-16.3653
-16.512
-16.6586
-16.8049
-16.9511
-17.097
-17.2427
-17.3884
-17.5337
-17.6786
-17.8229
-17.9654
-18.1045
-18.2353
-18.3513
-1.127
-1.44209
-1.82245
-2.14877
-2.45231
-2.75905
-3.05945
-3.34018
-3.60461
-3.85521
-4.09254
-4.31768
-4.53306
-4.7405
-4.9414
-5.138
-5.33071
-5.52064
-5.70784
-5.89285
-6.07535
-6.25523
-6.4334
-6.60983
-6.78481
-6.95858
-7.13084
-7.30246
-7.47368
-7.64387
-7.81346
-7.98245
-8.15095
-8.31873
-8.48599
-8.65267
-8.81873
-8.98411
-9.14911
-9.31348
-9.47719
-9.64024
-9.80273
-9.96469
-10.1259
-10.2868
-10.447
-10.6068
-10.7662
-10.9249
-11.0833
-11.241
-11.3985
-11.5556
-11.7121
-11.8683
-12.0239
-12.1792
-12.3339
-12.4883
-12.6424
-12.7959
-12.9492
-13.102
-13.2544
-13.4064
-13.5582
-13.7097
-13.8608
-14.0116
-14.1622
-14.3124
-14.4621
-14.6115
-14.7606
-14.9094
-15.0581
-15.2067
-15.3551
-15.5033
-15.6511
-15.7986
-15.9458
-16.0928
-16.2396
-16.3861
-16.5325
-16.679
-16.8253
-16.9714
-17.1174
-17.2633
-17.409
-17.5545
-17.6993
-17.8434
-17.9853
-18.1244
-18.2542
-18.3674
-1.11147
-1.46008
-1.84368
-2.16695
-2.47187
-2.77983
-3.0807
-3.3611
-3.62552
-3.87607
-4.11327
-4.33816
-4.55327
-4.76047
-4.96131
-5.15776
-5.35048
-5.54028
-5.72759
-5.9126
-6.09509
-6.27489
-6.45296
-6.62938
-6.80425
-6.97804
-7.15023
-7.32197
-7.49317
-7.66339
-7.83302
-8.00203
-8.17064
-8.33854
-8.5059
-8.67266
-8.83882
-9.00427
-9.16931
-9.33358
-9.49723
-9.66028
-9.82273
-9.9847
-10.1459
-10.3068
-10.467
-10.6268
-10.7861
-10.9448
-11.1032
-11.2609
-11.4185
-11.5755
-11.732
-11.8882
-12.0438
-12.1991
-12.3539
-12.5083
-12.6623
-12.8159
-12.9692
-13.1219
-13.2744
-13.4264
-13.5782
-13.7297
-13.8808
-14.0317
-14.1823
-14.3325
-14.4823
-14.6317
-14.7808
-14.9297
-15.0784
-15.227
-15.3754
-15.5236
-15.6715
-15.8191
-15.9665
-16.1136
-16.2605
-16.4073
-16.5539
-16.7004
-16.8468
-16.9929
-17.1389
-17.2847
-17.4303
-17.5756
-17.7203
-17.8644
-18.0061
-18.1431
-18.2718
-18.3831
-1.09273
-1.47677
-1.86273
-2.18379
-2.49006
-2.79891
-3.1
-3.3799
-3.6443
-3.89464
-4.13151
-4.35665
-4.57129
-4.7781
-4.97875
-5.17496
-5.36759
-5.5572
-5.74459
-5.92944
-6.11196
-6.29182
-6.47001
-6.64663
-6.82162
-6.99556
-7.1679
-7.33979
-7.51105
-7.68132
-7.85094
-8.01982
-8.18835
-8.35619
-8.52347
-8.69017
-8.85627
-9.02165
-9.18663
-9.35087
-9.51451
-9.67751
-9.83988
-10.0018
-10.163
-10.3238
-10.4839
-10.6437
-10.803
-10.9616
-11.12
-11.2777
-11.4352
-11.5922
-11.7487
-11.9048
-12.0603
-12.2156
-12.3703
-12.5247
-12.6787
-12.8322
-12.9854
-13.1381
-13.2905
-13.4425
-13.5942
-13.7457
-13.8967
-14.0475
-14.1981
-14.3482
-14.4979
-14.6472
-14.7963
-14.945
-15.0937
-15.2423
-15.3906
-15.5388
-15.6866
-15.8341
-15.9813
-16.1282
-16.275
-16.4216
-16.568
-16.7144
-16.8607
-17.0068
-17.1528
-17.2986
-17.4442
-17.5897
-17.7344
-17.8784
-18.0202
-18.1585
-18.287
-18.3976
-1.07188
-1.4911
-1.87833
-2.19874
-2.50693
-2.81739
-3.11881
-3.39825
-3.66265
-3.91287
-4.14949
-4.37489
-4.5892
-4.79587
-4.99653
-5.19286
-5.38569
-5.57561
-5.76336
-5.94842
-6.13117
-6.31107
-6.48933
-6.66598
-6.84084
-7.01461
-7.18669
-7.3585
-7.52968
-7.69991
-7.86956
-8.03846
-8.20702
-8.37488
-8.54218
-8.70891
-8.87504
-9.04045
-9.20546
-9.36971
-9.53337
-9.69638
-9.85873
-10.0206
-10.1818
-10.3427
-10.5029
-10.6626
-10.822
-10.9806
-11.139
-11.2968
-11.4543
-11.6113
-11.7679
-11.924
-12.0796
-12.2349
-12.3897
-12.5441
-12.6981
-12.8516
-13.0049
-13.1577
-13.3101
-13.4622
-13.6139
-13.7654
-13.9165
-14.0674
-14.218
-14.3682
-14.518
-14.6673
-14.8165
-14.9653
-15.114
-15.2626
-15.411
-15.5592
-15.7071
-15.8546
-16.0019
-16.149
-16.2959
-16.4426
-16.5891
-16.7356
-16.8819
-17.0281
-17.1741
-17.3199
-17.4655
-17.6108
-17.7555
-17.8995
-18.0408
-18.1775
-18.3047
-18.4137
-1.05728
-1.50567
-1.89057
-2.20828
-2.51729
-2.82952
-3.13147
-3.41037
-3.67493
-3.92516
-4.16164
-4.38668
-4.60079
-4.80736
-5.00791
-5.20411
-5.39685
-5.58663
-5.77426
-5.95914
-6.14159
-6.32108
-6.49913
-6.67559
-6.85031
-7.02397
-7.19585
-7.36755
-7.53864
-7.70879
-7.87837
-8.04717
-8.21565
-8.38343
-8.55065
-8.7173
-8.88336
-9.0487
-9.21364
-9.37783
-9.54143
-9.70439
-9.8667
-10.0286
-10.1897
-10.3505
-10.5106
-10.6704
-10.8296
-10.9883
-11.1466
-11.3043
-11.4618
-11.6188
-11.7753
-11.9314
-12.0869
-12.2422
-12.3969
-12.5512
-12.7052
-12.8587
-13.012
-13.1647
-13.3171
-13.4691
-13.6208
-13.7722
-13.9233
-14.0741
-14.2247
-14.3749
-14.5245
-14.6739
-14.8229
-14.9717
-15.1204
-15.269
-15.4173
-15.5655
-15.7133
-15.8609
-16.0081
-16.1551
-16.3019
-16.4486
-16.595
-16.7415
-16.8878
-17.0339
-17.1799
-17.3257
-17.4713
-17.6167
-17.7613
-17.9053
-18.0468
-18.1845
-18.312
-18.4217
-1.0268
-1.5205
-1.91418
-2.23243
-2.54164
-2.85438
-3.15709
-3.43502
-3.69989
-3.95025
-4.18661
-4.41147
-4.62537
-4.83165
-5.03194
-5.2279
-5.42046
-5.61009
-5.79763
-5.98243
-6.16492
-6.34446
-6.52248
-6.69893
-6.87358
-7.04724
-7.21911
-7.39077
-7.56182
-7.73193
-7.90148
-8.07028
-8.23873
-8.40651
-8.57373
-8.74038
-8.90644
-9.07178
-9.23672
-9.40092
-9.56453
-9.72748
-9.8898
-10.0517
-10.2128
-10.3736
-10.5338
-10.6935
-10.8528
-11.0114
-11.1697
-11.3274
-11.4849
-11.642
-11.7984
-11.9545
-12.1101
-12.2654
-12.4201
-12.5744
-12.7284
-12.882
-13.0352
-13.1879
-13.3403
-13.4924
-13.6441
-13.7955
-13.9466
-14.0974
-14.248
-14.3982
-14.5479
-14.6972
-14.8463
-14.9951
-15.1438
-15.2923
-15.4407
-15.5889
-15.7367
-15.8843
-16.0315
-16.1785
-16.3254
-16.472
-16.6185
-16.765
-16.9113
-17.0574
-17.2034
-17.3492
-17.4948
-17.6401
-17.7848
-17.9287
-18.0702
-18.2074
-18.3347
-18.4439
-18.2173
-18.4935
-19.2204
-19.3437
-18.8005
-17.7193
-16.2626
-14.564
-12.808
-11.0905
-9.50054
-8.06512
-6.79964
-5.69898
-4.74959
-3.93205
-3.23008
-2.62524
-2.10258
-1.65036
-1.25731
-0.913022
-0.609206
-0.339529
-0.0990502
0.117909
0.313668
0.489387
0.647264
0.787996
0.912577
1.02008
1.11077
1.18576
1.24549
1.29153
1.32526
1.34751
1.36053
1.36678
1.36947
1.37095
1.37288
1.37638
1.38214
1.38968
1.3979
1.40501
1.40846
1.40691
1.40051
1.39222
1.38377
1.375
1.36756
1.36235
1.36152
1.35163
1.32481
1.28705
1.24945
1.22167
1.19485
1.16938
1.14344
1.12024
1.0983
1.07603
1.05055
1.01921
0.979547
0.936694
0.894295
0.849734
0.80616
0.769262
0.733622
0.700657
0.672254
0.646293
0.622915
0.601199
0.580159
0.557535
0.533297
0.507427
0.480512
0.453209
0.425385
0.39682
0.367403
0.337283
0.305987
0.274014
0.240365
0.205118
0.167169
0.126616
0.0790329
0.0323752
-18.2589
-18.4197
-19.1141
-19.254
-18.7231
-17.6622
-16.2276
-14.5486
-12.8082
-11.102
-9.5204
-8.0896
-6.82655
-5.72696
-4.7774
-3.95898
-3.25557
-2.64899
-2.12444
-1.67045
-1.27569
-0.929853
-0.624752
-0.353913
-0.112333
0.105383
0.301951
0.478179
0.63633
0.77668
0.900071
1.00641
1.09636
1.17053
1.22944
1.27459
1.30744
1.32893
1.3414
1.34731
1.35
1.35181
1.35433
1.35853
1.365
1.37313
1.38171
1.38865
1.39158
1.3893
1.38233
1.37388
1.36545
1.35705
1.35063
1.34725
1.34934
1.34264
1.31814
1.28259
1.24397
1.21596
1.18724
1.16018
1.1331
1.10855
1.08473
1.06133
1.03507
1.00298
0.963579
0.920992
0.879444
0.835646
0.792411
0.755432
0.720535
0.687804
0.65942
0.633205
0.609771
0.588053
0.566826
0.544109
0.519916
0.494157
0.467389
0.440219
0.412509
0.384022
0.354671
0.324655
0.293495
0.261714
0.228499
0.193794
0.157068
0.118261
0.0736178
0.0294955
-18.2532
-18.426
-19.0397
-19.1623
-18.6363
-17.593
-16.1808
-14.5238
-12.8027
-11.112
-9.54084
-8.11693
-6.85815
-5.76018
-4.81026
-3.99066
-3.28537
-2.67671
-2.15003
-1.69402
-1.2973
-0.949631
-0.642925
-0.370558
-0.127469
0.0910346
0.288425
0.465771
0.62418
0.764171
0.886295
0.991442
1.08052
1.15372
1.21162
1.2557
1.28745
1.308
1.31977
1.32524
1.3279
1.33014
1.33347
1.33865
1.34605
1.35491
1.36384
1.37054
1.37289
1.36977
1.36217
1.35352
1.34505
1.33701
1.33186
1.3308
1.33564
1.33295
1.31105
1.27799
1.23869
1.21006
1.17919
1.15016
1.12155
1.09573
1.07001
1.045
1.01784
0.984892
0.945695
0.903579
0.862964
0.820094
0.777318
0.740191
0.7061
0.673701
0.64535
0.618927
0.595333
0.573563
0.552078
0.529282
0.505124
0.479512
0.452922
0.425878
0.398287
0.369881
0.340595
0.310681
0.279672
0.248144
0.215424
0.181229
0.145886
0.109041
0.0676401
0.0263698
-18.2791
-18.4447
-18.9779
-19.0787
-18.5478
-17.5175
-16.126
-14.4939
-12.7937
-11.121
-9.56218
-8.14715
-6.89387
-5.79806
-4.84788
-4.02699
-3.31968
-2.70892
-2.18017
-1.7218
-1.32266
-0.972684
-0.663916
-0.389671
-0.144763
0.0750245
0.273238
0.451527
0.609984
0.749745
0.870898
0.975164
1.06318
1.13516
1.19184
1.23459
1.26499
1.28435
1.29515
1.30023
1.30297
1.30586
1.31023
1.31658
1.32508
1.33482
1.34413
1.35056
1.35222
1.34817
1.33983
1.33091
1.32237
1.31464
1.31116
1.31272
1.31986
1.32239
1.30358
1.27326
1.23382
1.20386
1.17067
1.13924
1.10874
1.08143
1.05418
1.0269
0.998628
0.964737
0.925642
0.8843
0.844688
0.802932
0.76072
0.723668
0.690021
0.658227
0.629955
0.60334
0.579544
0.557594
0.535824
0.512946
0.488818
0.463372
0.436968
0.410052
0.382582
0.354253
0.325035
0.295225
0.26438
0.233105
0.200914
0.167387
0.133561
0.0988645
0.0610299
0.0229626
-18.2987
-18.4544
-18.9158
-18.9936
-18.4611
-17.4422
-16.0685
-14.4631
-12.7851
-11.1322
-9.58746
-8.18249
-6.93478
-5.8415
-4.89149
-4.06932
-3.35991
-2.74673
-2.21552
-1.75428
-1.35218
-0.9994
-0.688131
-0.411697
-0.164694
0.0567006
0.255961
0.434844
0.593506
0.733186
0.854073
0.957688
1.04423
1.1147
1.16984
1.21089
1.23963
1.25763
1.26739
1.27207
1.27499
1.27882
1.28441
1.2921
1.30185
1.31256
1.32234
1.32852
1.32944
1.32437
1.31519
1.30592
1.2973
1.28987
1.28852
1.29303
1.30229
1.31005
1.29564
1.26847
1.22957
1.19727
1.16162
1.12734
1.09455
1.06534
1.03693
1.00714
0.97725
0.94228
0.903186
0.862986
0.824436
0.783999
0.74246
0.705809
0.67218
0.64128
0.613157
0.586323
0.562331
0.540062
0.517994
0.495002
0.470891
0.445609
0.419391
0.392599
0.365237
0.33698
0.307834
0.278131
0.247461
0.216462
0.184839
0.152127
0.119937
0.0875979
0.0537066
0.0192255
-18.3162
-18.4614
-18.8501
-18.8995
-18.3674
-17.3607
-16.0095
-14.4336
-12.7796
-11.1482
-9.61873
-8.22511
-6.98354
-5.89315
-4.9435
-4.11981
-3.40784
-2.7914
-2.25671
-1.79196
-1.38642
-1.03031
-0.716062
-0.437056
-0.187565
0.0357872
0.236328
0.41613
0.575393
0.714995
0.835739
0.938551
1.02355
1.09241
1.14551
1.18445
1.21116
1.22774
1.23654
1.24072
1.2438
1.2485
1.25548
1.26484
1.27613
1.28793
1.29828
1.30428
1.30445
1.29833
1.28824
1.27849
1.2696
1.26255
1.26378
1.27192
1.28439
1.29482
1.28656
1.2634
1.22607
1.19016
1.15187
1.11431
1.07884
1.04734
1.0174
0.986072
0.953641
0.917309
0.878185
0.839449
0.802014
0.763115
0.722399
0.686182
0.652753
0.622834
0.594881
0.567788
0.543582
0.520933
0.49852
0.475361
0.451238
0.426101
0.40005
0.373359
0.346085
0.317894
0.288827
0.259223
0.228744
0.198051
0.167033
0.135279
0.104866
0.0750936
0.0455703
0.0150848
-18.3323
-18.4645
-18.7801
-18.7961
-18.2641
-17.2706
-15.9438
-14.3999
-12.7743
-11.1676
-9.65602
-8.27556
-7.04129
-5.95374
-5.00438
-4.17883
-3.46359
-2.8433
-2.30428
-1.83522
-1.42561
-1.06547
-0.747559
-0.465394
-0.212858
0.0129744
0.21518
0.39628
0.556364
0.695932
0.816172
0.917832
1.00121
1.06824
1.11908
1.15561
1.17994
1.1944
1.20173
1.20544
1.20905
1.21479
1.22345
1.23461
1.24764
1.26074
1.27179
1.27767
1.27713
1.27
1.25899
1.24857
1.2391
1.23261
1.2364
1.2489
1.26573
1.27788
1.27635
1.25789
1.22291
1.18254
1.14123
1.09999
1.06147
1.02738
0.99531
0.963496
0.927636
0.889573
0.850613
0.813477
0.777221
0.740073
0.700371
0.664499
0.631807
0.602844
0.575056
0.547631
0.523214
0.500136
0.47732
0.453928
0.429738
0.404706
0.378784
0.352155
0.324928
0.296793
0.267806
0.23829
0.208032
0.177682
0.147318
0.116661
0.0881882
0.0611825
0.0365159
0.0104468
-18.3469
-18.4632
-18.707
-18.6852
-18.153
-17.1738
-15.8724
-14.3613
-12.7664
-11.1861
-9.69453
-8.32881
-7.10347
-6.01793
-5.0687
-4.24178
-3.52356
-2.89963
-2.3563
-1.88255
-1.46835
-1.10359
-0.781279
-0.495234
-0.239094
-0.0102633
0.194032
0.376671
0.53763
0.677175
0.796713
0.896783
0.977877
1.04173
1.08929
1.12302
1.14505
1.15743
1.16319
1.16635
1.17058
1.17782
1.18833
1.20135
1.21624
1.23073
1.2425
1.2484
1.24736
1.2393
1.22736
1.21608
1.2057
1.20032
1.20633
1.22327
1.24478
1.26085
1.26559
1.25177
1.21934
1.17434
1.1295
1.08419
1.04229
1.00542
0.971859
0.93795
0.898791
0.858952
0.820607
0.784813
0.749864
0.714634
0.676177
0.640759
0.609196
0.581142
0.553633
0.525738
0.501115
0.477575
0.454312
0.430622
0.406291
0.381269
0.355406
0.328794
0.301573
0.273468
0.244554
0.215118
0.185093
0.155109
0.125451
0.0960313
0.069687
0.0456261
0.0263882
0.00515416
-18.3606
-18.4587
-18.6322
-18.5685
-18.0348
-17.0711
-15.7965
-14.3169
-12.7526
-11.1991
-9.72887
-8.37938
-7.16428
-6.08405
-5.13659
-4.3089
-3.58777
-2.95991
-2.41218
-1.93359
-1.51451
-1.14501
-0.818044
-0.527634
-0.26758
-0.035451
0.171288
0.355536
0.517233
0.656638
0.775262
0.873487
0.951946
1.01238
1.05644
1.08713
1.10664
1.11693
1.12105
1.12355
1.12839
1.13722
1.14959
1.16453
1.1814
1.19734
1.20994
1.21598
1.21456
1.20593
1.19327
1.18079
1.16966
1.16614
1.17434
1.19504
1.22172
1.24337
1.25365
1.24433
1.21434
1.16527
1.11648
1.06674
1.02123
0.982064
0.946959
0.90858
0.866934
0.825471
0.788282
0.753313
0.719864
0.686553
0.649615
0.615045
0.584716
0.557409
0.530322
0.502122
0.477108
0.453078
0.429318
0.405266
0.380764
0.355671
0.329744
0.303076
0.275826
0.247706
0.21883
0.189492
0.159774
0.130169
0.101252
0.0731932
0.0491558
0.0281956
0.0150475
-0.000995275
-18.3735
-18.4515
-18.5576
-18.4481
-17.9104
-16.9625
-15.7147
-14.2699
-12.7398
-11.2153
-9.76738
-8.43429
-7.22902
-6.1557
-5.21001
-4.38104
-3.65668
-3.02442
-2.47198
-1.98837
-1.56404
-1.18961
-0.857855
-0.562849
-0.298806
-0.0633671
0.145877
0.331645
0.494015
0.633266
0.75051
0.846423
0.922075
0.979307
1.02008
1.04762
1.06475
1.07343
1.0762
1.07792
1.08315
1.09327
1.10747
1.12427
1.14284
1.16011
1.17352
1.1795
1.17761
1.16867
1.15585
1.1421
1.13188
1.13048
1.14113
1.16535
1.19698
1.22442
1.23979
1.23507
1.20643
1.15497
1.10173
1.04736
0.998509
0.957838
0.918528
0.875893
0.832245
0.789573
0.753246
0.719082
0.687267
0.655677
0.620636
0.587276
0.55809
0.531426
0.504594
0.476553
0.450573
0.426395
0.402184
0.377681
0.352786
0.327608
0.301524
0.274751
0.24753
0.219369
0.190471
0.161091
0.131605
0.102441
0.0743933
0.0478316
0.0261939
0.00847505
0.0022072
-0.0083864
-18.3857
-18.4442
-18.4922
-18.3391
-17.796
-16.8634
-15.6405
-14.2303
-12.7332
-11.2364
-9.80931
-8.49123
-7.29506
-6.22608
-5.28091
-4.45035
-3.72305
-3.08689
-2.53019
-2.04209
-1.61303
-1.23402
-0.897855
-0.598582
-0.330774
-0.0922249
0.119341
0.30645
0.469364
0.608241
0.72398
0.817551
0.890393
0.944473
0.981977
1.00652
1.02151
1.02912
1.03152
1.03301
1.03866
1.04978
1.0656
1.08381
1.10307
1.12111
1.13513
1.1408
1.13831
1.12955
1.11654
1.10316
1.09503
1.09574
1.10902
1.13658
1.17246
1.20492
1.22453
1.22394
1.19585
1.14317
1.08537
1.02672
0.976264
0.932407
0.88746
0.841862
0.796315
0.753465
0.717118
0.684227
0.653949
0.62381
0.590858
0.558725
0.530428
0.504366
0.477821
0.450445
0.423753
0.399016
0.373981
0.348852
0.323449
0.297949
0.271831
0.244989
0.217798
0.189678
0.160899
0.13171
0.10234
0.0734665
0.0462341
0.0211276
0.00175219
-0.0128341
-0.0117634
-0.0171779
-18.398
-18.4401
-18.4444
-18.2561
-17.7077
-16.7879
-15.586
-14.2017
-12.7298
-11.2546
-9.84468
-8.53931
-7.3511
-6.28613
-5.34221
-4.51094
-3.78145
-3.14217
-2.58194
-2.09012
-1.65722
-1.27442
-0.934706
-0.632027
-0.361173
-0.120142
0.0932536
0.281395
0.44465
0.583074
0.697491
0.789112
0.859686
0.911337
0.946442
0.968881
0.982081
0.988403
0.990583
0.992519
0.998838
1.01093
1.02796
1.04717
1.06692
1.08491
1.09924
1.10535
1.10301
1.09415
1.08097
1.06899
1.06252
1.0653
1.08112
1.11159
1.15085
1.18711
1.2099
1.21213
1.18455
1.13054
1.06864
1.00695
0.956114
0.906593
0.857352
0.809523
0.762531
0.719856
0.683799
0.652272
0.623255
0.594233
0.563115
0.532158
0.504808
0.47927
0.452886
0.426074
0.398342
0.372401
0.346619
0.32116
0.295605
0.26972
0.243461
0.216585
0.189288
0.1612
0.132356
0.103555
0.0744888
0.0460409
0.0194292
-0.00455485
-0.0219352
-0.0338917
-0.0259138
-0.0270701
-18.4106
-18.4402
-18.4135
-18.1986
-17.6454
-16.735
-15.5484
-14.1828
-12.7301
-11.2718
-9.87534
-8.57982
-7.39784
-6.33606
-5.3932
-4.56138
-3.83018
-3.18847
-2.62551
-2.13083
-1.69501
-1.30936
-0.966994
-0.661782
-0.388659
-0.145783
0.068965
0.257835
0.421246
0.559226
0.672571
0.762676
0.831546
0.881396
0.914759
0.935669
0.947432
0.952846
0.955179
0.957832
0.96483
0.977631
0.994933
1.01533
1.03586
1.05416
1.06829
1.07519
1.07303
1.06376
1.05112
1.04011
1.03508
1.03985
1.05801
1.09099
1.13297
1.17207
1.19731
1.20111
1.1738
1.11789
1.05232
0.989986
0.936466
0.88175
0.829515
0.779823
0.732376
0.689886
0.654621
0.624328
0.596351
0.568109
0.53877
0.509124
0.482359
0.456731
0.430019
0.402903
0.37443
0.347717
0.32166
0.295901
0.270221
0.244414
0.218165
0.191474
0.16418
0.136189
0.107237
0.0782619
0.0492031
0.0211226
-0.00504048
-0.0281985
-0.0439293
-0.0539166
-0.0399762
-0.0377022
-18.4235
-18.4439
-18.3953
-18.1611
-17.604
-16.7004
-15.5251
-14.1734
-12.735
-11.2894
-9.90293
-8.61468
-7.43739
-6.37802
-5.43591
-4.6036
-3.87103
-3.22744
-2.66243
-2.16561
-1.72763
-1.33992
-0.99563
-0.688584
-0.413844
-0.169629
0.0461185
0.23551
0.398992
0.536606
0.649116
0.738019
0.805548
0.853971
0.885862
0.905432
0.91634
0.921407
0.923945
0.927522
0.935598
0.949117
0.967099
0.988062
1.00889
1.02807
1.04212
1.04926
1.04712
1.03788
1.0257
1.01558
1.01195
1.01859
1.0389
1.07419
1.11858
1.15999
1.18729
1.1917
1.16383
1.1054
1.03654
0.975204
0.916457
0.857966
0.803506
0.752541
0.705146
0.663261
0.628889
0.599698
0.572692
0.545156
0.517469
0.488711
0.461773
0.435722
0.40868
0.381065
0.352315
0.32504
0.29865
0.272736
0.246854
0.221003
0.194651
0.167745
0.140491
0.112215
0.0837245
0.0548081
0.026104
-0.00171708
-0.0274527
-0.0499532
-0.0643268
-0.0729953
-0.0539236
-0.0488433
-18.4369
-18.4507
-18.3868
-18.1388
-17.5788
-16.6804
-15.5135
-14.1719
-12.744
-11.3078
-9.92879
-8.64574
-7.4718
-6.4141
-5.47242
-4.63961
-3.90589
-3.2608
-2.69422
-2.19578
-1.7562
-1.36703
-1.02132
-0.712928
-0.437077
-0.19192
0.0245576
0.214297
0.377763
0.515031
0.626811
0.714664
0.781077
0.828331
0.858818
0.877511
0.888431
0.893743
0.89662
0.900994
0.91026
0.924713
0.943443
0.96443
0.985683
1.00557
1.01993
1.02707
1.02492
1.01579
1.00409
0.994835
0.992524
1.00088
1.02325
1.06082
1.10754
1.15103
1.18002
1.18418
1.15456
1.09282
1.02245
0.960034
0.896437
0.835319
0.779183
0.727739
0.680677
0.639617
0.606066
0.577758
0.551661
0.526389
0.498482
0.469798
0.442565
0.416216
0.389007
0.361293
0.33262
0.30531
0.27892
0.25312
0.22741
0.201533
0.175217
0.148414
0.12089
0.0925698
0.0638872
0.0347141
0.00591341
-0.0219881
-0.0476268
-0.06979
-0.0831648
-0.0911542
-0.0676769
-0.0603371
-18.4506
-18.4597
-18.3854
-18.1279
-17.5662
-16.6718
-15.5111
-14.177
-12.7566
-11.3272
-9.95358
-8.67413
-7.50233
-6.44562
-5.50408
-4.67073
-3.93604
-3.28973
-2.72193
-2.22225
-1.78147
-1.39122
-1.0444
-0.734969
-0.458386
-0.212597
0.00435268
0.194214
0.357488
0.494297
0.60531
0.692164
0.757632
0.803991
0.833663
0.852129
0.863549
0.869501
0.873083
0.878192
0.888226
0.90377
0.922693
0.944014
0.966109
0.986421
1.00102
1.00811
1.00597
0.996975
0.985725
0.977283
0.976174
0.986167
1.01056
1.05046
1.09954
1.14495
1.17499
1.17804
1.14543
1.07968
1.01013
0.94346
0.876677
0.813813
0.756784
0.705412
0.659024
0.618798
0.585992
0.55824
0.532354
0.504339
0.479672
0.45148
0.424176
0.397516
0.36982
0.341459
0.312245
0.284401
0.257877
0.231836
0.205997
0.180125
0.15389
0.126925
0.0995549
0.071268
0.0427193
0.0138495
-0.0146678
-0.0421118
-0.0671259
-0.0887048
-0.100962
-0.108503
-0.0812889
-0.0720458
-18.4641
-18.4704
-18.3893
-18.1258
-17.5633
-16.672
-15.5159
-14.1871
-12.7719
-11.3473
-9.97741
-8.70038
-7.52988
-6.4737
-5.53207
-4.69816
-3.96259
-3.31521
-2.74638
-2.2457
-1.80396
-1.41287
-1.0652
-0.755058
-0.478022
-0.231828
-0.0146446
0.175123
0.338036
0.474267
0.584474
0.670422
0.735135
0.781013
0.810563
0.829278
0.841282
0.84801
0.852647
0.859714
0.870352
0.885374
0.904507
0.926639
0.949312
0.969905
0.984656
0.991714
0.989572
0.980714
0.969884
0.9622
0.962234
0.973817
1.00023
1.04248
1.0938
1.14075
1.17057
1.17168
1.13536
1.06749
0.9961
0.925826
0.85736
0.793416
0.736227
0.685348
0.639787
0.600497
0.56872
0.542104
0.517566
0.492993
0.466713
0.438264
0.410725
0.384047
0.35669
0.328542
0.299708
0.27196
0.245205
0.219159
0.193239
0.167232
0.140871
0.113875
0.0863912
0.0580136
0.0293569
0.000197736
-0.0284762
-0.0563326
-0.0817847
-0.103574
-0.11589
-0.12374
-0.0941067
-0.0837645
-18.4789
-18.4831
-18.3975
-18.1302
-17.5675
-16.6785
-15.5256
-14.2003
-12.7885
-11.367
-9.99961
-8.72404
-7.55425
-6.49829
-5.55642
-4.72197
-3.98568
-3.33746
-2.76793
-2.26656
-1.82417
-1.4325
-1.08428
-0.773675
-0.496264
-0.249702
-0.0323505
0.157273
0.319808
0.455494
0.565005
0.650244
0.714426
0.7601
0.789735
0.808656
0.820911
0.827835
0.832301
0.838535
0.851117
0.867466
0.887979
0.910987
0.934239
0.955184
0.970112
0.977186
0.975094
0.966433
0.956085
0.949212
0.950407
0.963541
0.991889
1.03632
1.08946
1.13715
1.16513
1.16232
1.1227
1.05597
0.980126
0.908018
0.83868
0.774215
0.717065
0.66645
0.621127
0.581945
0.55003
0.523012
0.497711
0.470579
0.445222
0.417484
0.390011
0.363088
0.335232
0.306743
0.277676
0.249745
0.223151
0.19707
0.17123
0.145249
0.118921
0.0919154
0.0644344
0.0361056
0.00750962
-0.0213922
-0.0498734
-0.0772233
-0.101975
-0.123264
-0.134341
-0.141924
-0.109471
-0.0977249
-18.4871
-18.4911
-18.4043
-18.1362
-17.5745
-16.6878
-15.5374
-14.2145
-12.8048
-11.3852
-10.0189
-8.74363
-7.57365
-6.51712
-5.57434
-4.73879
-4.00126
-3.35179
-2.7812
-2.27895
-1.83587
-1.44375
-1.09534
-0.784782
-0.507533
-0.261253
-0.0443346
0.144758
0.306726
0.441878
0.551032
0.636151
0.700556
0.746787
0.777149
0.796943
0.810218
0.81826
0.824253
0.832844
0.843963
0.860177
0.880543
0.903546
0.92683
0.947725
0.962541
0.969429
0.967209
0.958502
0.94826
0.941688
0.943433
0.957444
0.98706
1.03306
1.08743
1.1354
1.163
1.15881
1.11526
1.04709
0.96872
0.895899
0.826569
0.762592
0.706297
0.65654
0.612102
0.573811
0.542763
0.516521
0.491775
0.466855
0.441089
0.41302
0.385357
0.358336
0.330567
0.302065
0.27295
0.244939
0.21822
0.192102
0.166198
0.140189
0.113848
0.0868427
0.0593605
0.031
0.00237911
-0.0266808
-0.0552714
-0.0828706
-0.108006
-0.129557
-0.14116
-0.14922
-0.116657
-0.102184
-18.5092
-18.5127
-18.4253
-18.1573
-17.597
-16.7122
-15.5636
-14.2423
-12.8336
-11.4147
-10.0487
-8.77295
-7.6024
-6.54516
-5.60157
-4.76521
-4.02693
-3.37676
-2.80572
-2.3031
-1.8597
-1.46737
-1.11888
-0.808332
-0.531177
-0.285092
-0.0684656
0.120307
0.281986
0.416924
0.526023
0.611336
0.676081
0.72265
0.753331
0.7734
0.786876
0.795073
0.800746
0.809043
0.820906
0.837888
0.858757
0.882173
0.905762
0.926863
0.941799
0.948751
0.946591
0.938023
0.928084
0.922016
0.924467
0.939377
0.969952
1.01655
1.07083
1.11779
1.14163
1.1362
1.09321
1.02348
0.94468
0.871581
0.802521
0.738896
0.682886
0.633363
0.589129
0.550984
0.519988
0.493708
0.468865
0.443062
0.417297
0.389281
0.361639
0.334585
0.306765
0.278213
0.249125
0.22115
0.194442
0.168328
0.142453
0.116439
0.0901026
0.0630841
0.0355971
0.00723662
-0.0213818
-0.0503725
-0.0789736
-0.106444
-0.131412
-0.152919
-0.164175
-0.172214
-0.138939
-0.130236
-18.4613
-18.4503
-18.4873
-18.4743
-18.4547
-18.4293
-18.3993
-18.3675
-18.337
-18.3093
-18.285
-18.2646
-18.2489
-18.2402
-18.2398
-18.2318
-18.9568
-18.9338
-18.9375
-18.9484
-18.9399
-18.916
-18.8861
-18.8544
-18.8233
-18.7948
-18.7701
-18.75
-18.7345
-18.723
-18.7153
-18.7002
-19.4002
-19.4677
-19.5555
-19.5885
-19.5877
-19.5681
-19.5391
-19.5078
-19.4781
-19.4519
-19.4301
-19.4135
-19.4026
-19.3968
-19.3916
-19.3797
-19.4689
-19.5607
-19.6105
-19.6354
-19.6425
-19.6304
-19.6053
-19.576
-19.5479
-19.5235
-19.5036
-19.4885
-19.4781
-19.472
-19.4673
-19.4545
-18.8988
-18.9597
-18.9954
-19.0239
-19.0342
-19.0264
-19.0067
-18.9807
-18.9542
-18.9284
-18.9044
-18.8828
-18.8642
-18.8494
-18.8385
-18.8197
-17.7865
-17.8321
-17.8674
-17.8945
-17.9054
-17.9003
-17.8826
-17.8576
-17.8301
-17.8022
-17.7748
-17.7482
-17.7231
-17.7006
-17.6824
-17.6581
-16.3014
-16.332
-16.3583
-16.3781
-16.3868
-16.3827
-16.3662
-16.3418
-16.3139
-16.2837
-16.2517
-16.218
-16.1833
-16.1494
-16.1191
-16.0886
-14.5793
-14.596
-14.6111
-14.6221
-14.6263
-14.6207
-14.6036
-14.5787
-14.5497
-14.5173
-14.4816
-14.4427
-14.4012
-14.3594
-14.3217
-14.2873
-12.8053
-12.806
-12.8088
-12.8112
-12.811
-12.8032
-12.7847
-12.7588
-12.7287
-12.6947
-12.6564
-12.6139
-12.5676
-12.5204
-12.4776
-12.4401
-11.0745
-11.0606
-11.052
-11.0465
-11.0413
-11.0298
-11.0088
-10.9815
-10.9504
-10.9153
-10.8757
-10.8313
-10.7828
-10.7331
-10.6879
-10.649
-9.47384
-9.44831
-9.43088
-9.41935
-9.40974
-9.39457
-9.37115
-9.34274
-9.31097
-9.27532
-9.23512
-9.19016
-9.14113
-9.09083
-9.04511
-9.00593
-8.03221
-7.99864
-7.97453
-7.95798
-7.94415
-7.92521
-7.89939
-7.86989
-7.83762
-7.80182
-7.76181
-7.71738
-7.66921
-7.62001
-7.57534
-7.53686
-6.76371
-6.72606
-6.69842
-6.67885
-6.66168
-6.63951
-6.61192
-6.58189
-6.54958
-6.51412
-6.47487
-6.43166
-6.38517
-6.33797
-6.29516
-6.25788
-5.66157
-5.62201
-5.59264
-5.57082
-5.54955
-5.52369
-5.49477
-5.4646
-5.43257
-5.39777
-5.35966
-5.31813
-5.27383
-5.22917
-5.18872
-5.15295
-4.71216
-4.67264
-4.6432
-4.61994
-4.59541
-4.56717
-4.53774
-4.50765
-4.47601
-4.442
-4.40518
-4.36547
-4.32355
-4.28167
-4.24388
-4.20998
-3.89562
-3.85698
-3.82781
-3.80373
-3.77785
-3.74893
-3.71951
-3.68968
-3.65856
-3.62546
-3.59003
-3.55224
-3.51278
-3.47378
-3.43881
-3.40684
-3.19542
-3.1585
-3.12989
-3.10422
-3.07659
-3.04756
-3.01875
-2.98965
-2.95944
-2.92755
-2.89372
-2.85798
-2.821
-2.78479
-2.75246
-2.72224
-2.59287
-2.55835
-2.53049
-2.50309
-2.47397
-2.44511
-2.41687
-2.38843
-2.35907
-2.32836
-2.29607
-2.26226
-2.22758
-2.19393
-2.16401
-2.13532
-2.07264
-2.04016
-2.01295
-1.98539
-1.95641
-1.92805
-1.90031
-1.87246
-1.84389
-1.81424
-1.78335
-1.7513
-1.7187
-1.68735
-1.65963
-1.6323
-1.6228
-1.59199
-1.56464
-1.53666
-1.50811
-1.48044
-1.45335
-1.42618
-1.39844
-1.36987
-1.34032
-1.3099
-1.27921
-1.24992
-1.22416
-1.19802
-1.23208
-1.20281
-1.17489
-1.14624
-1.11818
-1.0912
-1.06475
-1.03825
-1.01133
-0.983758
-0.95544
-0.926471
-0.89744
-0.869931
-0.845869
-0.820725
-0.889836
-0.861753
-0.83381
-0.805209
-0.777648
-0.751165
-0.725183
-0.699225
-0.672979
-0.646259
-0.618988
-0.591265
-0.563645
-0.537634
-0.515018
-0.490695
-0.58772
-0.560729
-0.533278
-0.50521
-0.478172
-0.452109
-0.426521
-0.401015
-0.375335
-0.349324
-0.32293
-0.296246
-0.269802
-0.245043
-0.22366
-0.199957
-0.319469
-0.292785
-0.26536
-0.237951
-0.211594
-0.186059
-0.160928
-0.135898
-0.110762
-0.0853994
-0.0597743
-0.0339815
-0.00852855
0.0151755
0.0354682
0.0588513
-0.0801341
-0.0533209
-0.0257321
0.00110936
0.026899
0.0519883
0.0767155
0.101322
0.125979
0.150784
0.175761
0.200817
0.225465
0.248325
0.267734
0.290861
0.135737
0.162035
0.189145
0.215458
0.240859
0.26566
0.290118
0.31443
0.338741
0.363134
0.387622
0.412115
0.436148
0.458378
0.477146
0.499935
0.330742
0.356537
0.383173
0.409049
0.434102
0.458625
0.482843
0.506915
0.530959
0.555039
0.579158
0.603227
0.626796
0.648555
0.66685
0.68938
0.506164
0.531775
0.55812
0.583729
0.608584
0.632941
0.656999
0.680903
0.704759
0.72862
0.752484
0.776262
0.799516
0.820953
0.838914
0.861267
0.66418
0.69025
0.716514
0.741964
0.766724
0.791016
0.814998
0.838801
0.862533
0.886246
0.909937
0.93352
0.956564
0.977787
0.995513
1.01774
0.805774
0.832587
0.858916
0.884362
0.909155
0.933482
0.957481
0.98128
1.00498
1.02864
1.05225
1.07573
1.09865
1.11974
1.1373
1.15944
0.931588
0.958703
0.985086
1.01065
1.03557
1.06
1.08408
1.10794
1.13168
1.15535
1.17895
1.20239
1.22526
1.24626
1.26369
1.28577
1.04029
1.06792
1.09472
1.12069
1.14595
1.17064
1.19493
1.21893
1.24278
1.26652
1.29015
1.31359
1.33643
1.35737
1.37468
1.3967
1.13201
1.16067
1.1883
1.21492
1.24068
1.26574
1.2903
1.3145
1.33847
1.36228
1.38595
1.40939
1.43218
1.45305
1.4702
1.49215
1.20808
1.2379
1.26643
1.29372
1.31998
1.34541
1.37023
1.39462
1.41871
1.44259
1.46626
1.48966
1.51236
1.53309
1.55001
1.57184
1.26895
1.30003
1.32953
1.35758
1.38441
1.41027
1.43538
1.45996
1.48415
1.50804
1.53165
1.55492
1.57744
1.59794
1.61454
1.63622
1.31618
1.34858
1.37909
1.4079
1.43528
1.46151
1.48686
1.51155
1.53575
1.55955
1.58301
1.60605
1.62829
1.64848
1.66466
1.68615
1.35108
1.38472
1.41613
1.44557
1.47338
1.49989
1.52537
1.55008
1.5742
1.59784
1.62104
1.64376
1.66563
1.68542
1.70106
1.72231
1.37434
1.40908
1.44131
1.47135
1.49956
1.5263
1.55187
1.57654
1.60051
1.6239
1.64675
1.66902
1.69038
1.70964
1.72459
1.74556
1.38811
1.42366
1.45649
1.48693
1.51539
1.54223
1.56777
1.59229
1.61599
1.639
1.66136
1.68304
1.70374
1.72236
1.73648
1.75713
1.39479
1.43077
1.46389
1.49448
1.52297
1.54972
1.57507
1.59928
1.62257
1.64504
1.66677
1.68771
1.70765
1.72555
1.73876
1.75909
1.39745
1.43334
1.46632
1.49675
1.52501
1.55147
1.57644
1.60019
1.62291
1.64473
1.6657
1.68581
1.70489
1.72207
1.73434
1.75439
1.39845
1.43376
1.46625
1.49624
1.52407
1.55008
1.57456
1.59776
1.61986
1.64098
1.66116
1.68043
1.69867
1.71517
1.72655
1.74637
1.3996
1.43398
1.46571
1.49506
1.52231
1.54777
1.57171
1.59433
1.61583
1.63628
1.65575
1.67424
1.69173
1.70768
1.71828
1.73792
1.4022
1.43554
1.46643
1.49507
1.5217
1.5466
1.56998
1.59205
1.61295
1.63279
1.6516
1.66942
1.68628
1.70186
1.71177
1.73127
1.40712
1.43955
1.4697
1.49773
1.52384
1.54825
1.57116
1.59274
1.61315
1.63247
1.65075
1.66804
1.68444
1.69986
1.70906
1.72848
1.41402
1.4459
1.47557
1.50317
1.52892
1.55302
1.57564
1.59696
1.61713
1.63622
1.65428
1.67128
1.68742
1.7031
1.71109
1.73076
1.4218
1.45333
1.4827
1.51008
1.53569
1.55973
1.58237
1.60376
1.62405
1.64331
1.6615
1.67842
1.69409
1.71096
1.7166
1.7362
1.42895
1.46038
1.4898
1.51731
1.5431
1.56734
1.59022
1.61188
1.63244
1.6519
1.67022
1.68723
1.70269
1.71702
1.72541
1.74365
1.43313
1.46542
1.49556
1.5237
1.55002
1.57473
1.59795
1.6198
1.64038
1.65973
1.67776
1.69428
1.70919
1.72319
1.73204
1.74901
1.43264
1.46625
1.4975
1.52651
1.55337
1.57825
1.60146
1.62318
1.64348
1.66232
1.67966
1.69568
1.71085
1.72417
1.73205
1.74842
1.42707
1.46155
1.49342
1.52279
1.54984
1.57482
1.59795
1.61942
1.63932
1.65784
1.67547
1.69185
1.70611
1.71784
1.72486
1.74067
1.41898
1.45346
1.48508
1.51416
1.5411
1.5661
1.58926
1.61097
1.63162
1.65096
1.66803
1.68266
1.69523
1.70569
1.71183
1.72723
1.41044
1.44464
1.47597
1.50471
1.53129
1.55619
1.57966
1.60151
1.62126
1.63873
1.65388
1.66682
1.67794
1.68737
1.69293
1.70829
1.40114
1.43462
1.46539
1.49375
1.51995
1.54414
1.5663
1.58626
1.60386
1.61907
1.63202
1.64305
1.65279
1.66149
1.66679
1.68259
1.39226
1.424
1.45326
1.48018
1.50477
1.52698
1.54674
1.56402
1.57892
1.59165
1.60252
1.61199
1.6208
1.62937
1.63473
1.65123
1.38458
1.41319
1.43954
1.46355
1.48513
1.50425
1.52096
1.53544
1.54794
1.55873
1.56818
1.57686
1.58554
1.59472
1.60025
1.61749
1.37932
1.40255
1.42407
1.44369
1.4613
1.47695
1.49076
1.50282
1.51344
1.52308
1.53209
1.5408
1.54989
1.56021
1.56558
1.58383
1.36498
1.38279
1.39962
1.41529
1.42957
1.4424
1.45406
1.46494
1.47515
1.48485
1.4943
1.50365
1.5133
1.52549
1.5298
1.5491
1.33487
1.34861
1.36182
1.37458
1.38713
1.39937
1.41101
1.42207
1.4328
1.4434
1.45394
1.46435
1.47432
1.48856
1.49358
1.51271
1.29431
1.30574
1.31834
1.33121
1.34381
1.35616
1.36843
1.38057
1.39255
1.40438
1.41612
1.42782
1.43955
1.4522
1.45851
1.4774
1.25815
1.27028
1.2828
1.29584
1.30925
1.32281
1.33637
1.34984
1.36321
1.37646
1.38951
1.40179
1.4135
1.42602
1.43349
1.45236
1.23068
1.24404
1.25823
1.27296
1.28793
1.30296
1.31786
1.33237
1.34596
1.35874
1.3713
1.38415
1.39726
1.41045
1.41852
1.43743
1.20652
1.22291
1.23942
1.25575
1.27152
1.28635
1.30066
1.31503
1.32982
1.34481
1.35946
1.37372
1.3877
1.4014
1.40991
1.42886
1.18305
1.20115
1.21834
1.23517
1.25221
1.26963
1.28703
1.30396
1.32052
1.3367
1.35241
1.36761
1.38231
1.39651
1.40524
1.4242
1.1585
1.17887
1.19941
1.2198
1.23964
1.25896
1.27775
1.29601
1.31377
1.33102
1.34767
1.36364
1.37892
1.39352
1.40226
1.42119
1.13786
1.16191
1.18511
1.20739
1.2288
1.24946
1.26941
1.28872
1.30741
1.32546
1.34276
1.3592
1.37481
1.3897
1.39823
1.41717
1.11836
1.14479
1.16981
1.1936
1.2163
1.23802
1.25887
1.27894
1.29826
1.31683
1.33452
1.35116
1.36679
1.38187
1.38984
1.40888
1.09752
1.12562
1.15205
1.17697
1.20061
1.22313
1.24468
1.26533
1.28507
1.30388
1.32161
1.33806
1.35334
1.36858
1.37565
1.39503
1.07313
1.1026
1.13021
1.15613
1.18049
1.20351
1.22534
1.2461
1.2658
1.28443
1.30184
1.31777
1.33219
1.34798
1.35368
1.37307
1.04279
1.07316
1.10125
1.12747
1.15208
1.17522
1.19698
1.21744
1.23664
1.25462
1.27139
1.28677
1.29969
1.3166
1.32149
1.34101
1.00285
1.03335
1.0618
1.08827
1.1129
1.13587
1.15732
1.17735
1.19601
1.21335
1.22939
1.2441
1.25703
1.27173
1.27777
1.29673
0.95966
0.989598
1.01742
1.04327
1.06729
1.08964
1.11044
1.12978
1.14774
1.16438
1.17972
1.1941
1.20748
1.22177
1.22767
1.24647
0.916031
0.944486
0.971082
0.995914
1.01908
1.04067
1.06078
1.07951
1.09706
1.11372
1.12938
1.14356
1.1563
1.1703
1.17612
1.19493
0.870458
0.897763
0.923469
0.947645
0.970433
0.992055
1.01242
1.03139
1.04897
1.06511
1.07998
1.09369
1.10619
1.12032
1.126
1.14485
0.82655
0.853883
0.879848
0.904157
0.92677
0.947638
0.966992
0.985119
1.00206
1.01787
1.03264
1.0463
1.05855
1.07315
1.07859
1.09756
0.78951
0.815862
0.840478
0.863637
0.885393
0.905775
0.924859
0.942726
0.959467
0.97519
0.990012
1.00387
1.01569
1.03105
1.03589
1.05512
0.752941
0.778475
0.802625
0.82541
0.846874
0.86713
0.886255
0.904276
0.921184
0.936975
0.951789
0.96621
0.977166
0.993879
0.998053
1.01764
0.719661
0.744863
0.768827
0.791641
0.81327
0.833656
0.852825
0.870877
0.88789
0.904052
0.918897
0.933624
0.944758
0.960976
0.965589
0.985038
0.691278
0.716723
0.741076
0.764124
0.785872
0.806321
0.825501
0.843498
0.860408
0.87625
0.891036
0.904936
0.916738
0.9319
0.937032
0.956358
0.665722
0.691498
0.71594
0.738926
0.760393
0.780691
0.800039
0.818312
0.835424
0.851431
0.866419
0.880412
0.892591
0.907545
0.912973
0.932123
0.642353
0.668179
0.692512
0.715286
0.736977
0.757633
0.777017
0.795177
0.812214
0.828197
0.843177
0.857134
0.869341
0.884198
0.889702
0.908803
0.620597
0.646389
0.67063
0.693556
0.715441
0.735963
0.755166
0.773209
0.790179
0.806119
0.821064
0.834992
0.8471
0.861975
0.867427
0.886519
0.59969
0.625089
0.649253
0.672424
0.694189
0.714543
0.733683
0.751728
0.768689
0.784561
0.799401
0.813251
0.82518
0.840082
0.84544
0.864513
0.577247
0.60298
0.627312
0.650317
0.671847
0.692078
0.711154
0.729115
0.745966
0.761718
0.776451
0.790275
0.802023
0.817031
0.822271
0.841348
0.552929
0.578702
0.603038
0.625907
0.6474
0.667658
0.686736
0.704634
0.721354
0.736946
0.751537
0.765352
0.776863
0.792031
0.797105
0.816218
0.526903
0.552538
0.57671
0.599424
0.620839
0.641044
0.660046
0.677858
0.694506
0.710036
0.724562
0.738442
0.749751
0.765077
0.770006
0.78915
0.499872
0.525424
0.549345
0.571846
0.593111
0.613188
0.632077
0.649774
0.666309
0.681732
0.696146
0.710067
0.72118
0.736659
0.741464
0.760639
0.472343
0.497634
0.521426
0.543818
0.564935
0.584864
0.603623
0.621212
0.637662
0.65302
0.667361
0.681318
0.692304
0.707871
0.712618
0.731809
0.444321
0.469343
0.493034
0.51536
0.536366
0.556164
0.574794
0.592275
0.60864
0.62393
0.63819
0.652162
0.663027
0.678636
0.68333
0.702522
0.415627
0.440453
0.463993
0.486261
0.507197
0.526856
0.545346
0.56271
0.578994
0.594236
0.608439
0.622468
0.633238
0.648932
0.653566
0.672781
0.386116
0.410796
0.434155
0.45625
0.477036
0.496573
0.514984
0.532281
0.548502
0.56369
0.577798
0.591837
0.602479
0.618214
0.622812
0.642026
0.355857
0.380368
0.403535
0.425429
0.44607
0.465481
0.483726
0.500873
0.516985
0.532113
0.546161
0.56021
0.570837
0.58654
0.591156
0.610362
0.324363
0.34856
0.371389
0.392947
0.413308
0.432535
0.450654
0.467685
0.483691
0.498739
0.512744
0.526711
0.537372
0.552955
0.557626
0.576829
0.292134
0.315915
0.338392
0.359589
0.37956
0.398424
0.416247
0.433039
0.448841
0.463708
0.477592
0.491259
0.502175
0.51742
0.522304
0.541391
0.257866
0.280873
0.302651
0.323243
0.342684
0.361078
0.378471
0.394876
0.410359
0.425002
0.438827
0.452189
0.4633
0.47811
0.48324
0.502242
0.221671
0.243495
0.264141
0.28368
0.302208
0.319846
0.336616
0.352524
0.367637
0.381995
0.395626
0.408713
0.420024
0.434479
0.439832
0.458795
0.181988
0.201607
0.220176
0.237809
0.254639
0.27077
0.286256
0.301119
0.315358
0.328965
0.341977
0.354455
0.365821
0.37941
0.385217
0.403884
0.138921
0.155354
0.171223
0.186701
0.201822
0.216583
0.230952
0.244912
0.258471
0.271657
0.284485
0.296914
0.308642
0.322044
0.32829
0.346887
0.0870062
0.0975668
0.107608
0.117347
0.12707
0.136886
0.146826
0.156893
0.167032
0.177198
0.187388
0.1976
0.207698
0.21953
0.225443
0.243763
0.0367002
0.0429405
0.0494879
0.0564122
0.0637911
0.0716353
0.0799167
0.0885708
0.0975052
0.106643
0.115941
0.125367
0.134886
0.144932
0.153405
0.16598
)
;

boundaryField
{
    frontAndBack
    {
        type            empty;
    }
    inlet
    {
        type            zeroGradient;
    }
    outlet
    {
        type            fixedValue;
        value           uniform 0;
    }
    walls
    {
        type            zeroGradient;
    }
}


// ************************************************************************* //
