/*--------------------------------*- C++ -*----------------------------------*\
| =========                 |                                                 |
| \\      /  F ield         | OpenFOAM: The Open Source CFD Toolbox           |
|  \\    /   O peration     | Version:  v2012                                 |
|   \\  /    A nd           | Website:  www.openfoam.com                      |
|    \\/     M anipulation  |                                                 |
\*---------------------------------------------------------------------------*/
FoamFile
{
    version     2.0;
    format      ascii;
    class       volScalarField;
    location    "0.269";
    object      p;
}
// * * * * * * * * * * * * * * * * * * * * * * * * * * * * * * * * * * * * * //

dimensions      [0 2 -2 0 0 0 0];


internalField   nonuniform List<scalar> 
5600
(
-0.51025
-0.968373
-1.34869
-1.66726
-1.97831
-2.28844
-2.58987
-2.87145
-3.13463
-3.3848
-3.62125
-3.84607
-4.06035
-4.26678
-4.4669
-4.66287
-4.85508
-5.04483
-5.2321
-5.41684
-5.59977
-5.77999
-5.9578
-6.13411
-6.30891
-6.48244
-6.65475
-6.8259
-6.99682
-7.16696
-7.33679
-7.50569
-7.67385
-7.84169
-8.00885
-8.17553
-8.34158
-8.50695
-8.67187
-8.83604
-8.99968
-9.16271
-9.32512
-9.48685
-9.64809
-9.80881
-9.96908
-10.1287
-10.288
-10.4468
-10.6051
-10.7629
-10.9203
-11.0772
-11.2337
-11.3898
-11.5455
-11.7007
-11.8555
-12.0098
-12.1638
-12.3174
-12.4706
-12.6234
-12.7759
-12.928
-13.0797
-13.2311
-13.3822
-13.5329
-13.6834
-13.8335
-13.9834
-14.133
-14.2822
-14.4312
-14.5799
-14.7285
-14.8766
-15.0247
-15.1724
-15.3201
-15.4673
-15.6146
-15.7614
-15.9082
-16.0547
-16.2013
-16.3475
-16.4935
-16.6393
-16.7847
-16.9307
-17.0764
-17.2228
-17.3694
-17.5185
-17.6713
-17.8265
-18.06
-0.569286
-0.988558
-1.36529
-1.68509
-1.99631
-2.30676
-2.60814
-2.88996
-3.15352
-3.40371
-3.6404
-3.86552
-4.08013
-4.28693
-4.48741
-4.6837
-4.8762
-5.06619
-5.25365
-5.43845
-5.6216
-5.80192
-5.97978
-6.15621
-6.33114
-6.5048
-6.67721
-6.84844
-7.01946
-7.18969
-7.3596
-7.52857
-7.69676
-7.86463
-8.03182
-8.19854
-8.36462
-8.53001
-8.69498
-8.85917
-9.02285
-9.18591
-9.34836
-9.51011
-9.67137
-9.83209
-9.99237
-10.152
-10.3113
-10.4701
-10.6285
-10.7862
-10.9436
-11.1005
-11.257
-11.4131
-11.5688
-11.724
-11.8787
-12.033
-12.187
-12.3406
-12.4938
-12.6466
-12.7991
-12.9511
-13.1029
-13.2542
-13.4054
-13.5561
-13.7065
-13.8566
-14.0065
-14.1561
-14.3053
-14.4544
-14.603
-14.7516
-14.8997
-15.0478
-15.1955
-15.3432
-15.4904
-15.6377
-15.7845
-15.9313
-16.0778
-16.2244
-16.3705
-16.5167
-16.6622
-16.808
-16.9535
-17.0999
-17.2452
-17.3935
-17.5396
-17.6964
-17.8466
-18.0732
-0.607533
-1.00119
-1.37802
-1.69847
-2.00752
-2.31546
-2.61576
-2.89717
-3.16052
-3.41035
-3.64681
-3.87198
-4.08665
-4.29341
-4.49392
-4.69025
-4.88272
-5.07279
-5.26018
-5.44507
-5.62815
-5.80856
-5.98656
-6.16305
-6.33789
-6.51153
-6.68386
-6.8551
-7.02602
-7.1962
-7.36603
-7.53496
-7.70319
-7.87107
-8.03824
-8.20494
-8.371
-8.53636
-8.70129
-8.86544
-9.02906
-9.19207
-9.35443
-9.5161
-9.67729
-9.83803
-9.99832
-10.158
-10.3172
-10.476
-10.6344
-10.7922
-10.9496
-11.1065
-11.2631
-11.4192
-11.575
-11.7302
-11.8851
-12.0395
-12.1935
-12.3471
-12.5004
-12.6533
-12.8058
-12.9579
-13.1097
-13.2611
-13.4122
-13.563
-13.7135
-13.8636
-14.0135
-14.1631
-14.3124
-14.4615
-14.6102
-14.7587
-14.9069
-15.055
-15.2027
-15.3504
-15.4977
-15.645
-15.7918
-15.9386
-16.0851
-16.2318
-16.3779
-16.5241
-16.6696
-16.8154
-16.9609
-17.1074
-17.2527
-17.401
-17.5475
-17.7049
-17.8543
-18.0734
-0.65625
-1.01768
-1.39339
-1.71533
-2.02309
-2.33009
-2.63078
-2.91278
-3.1768
-3.42693
-3.66398
-3.88914
-4.10432
-4.31125
-4.51183
-4.70806
-4.90042
-5.09022
-5.2773
-5.46191
-5.6448
-5.82514
-6.00316
-6.17973
-6.35469
-6.52862
-6.70131
-6.87291
-7.04404
-7.21447
-7.38446
-7.55354
-7.72177
-7.88973
-8.05697
-8.22376
-8.38991
-8.55536
-8.7204
-8.88466
-9.04842
-9.21159
-9.37414
-9.53601
-9.69738
-9.85813
-10.0185
-10.1782
-10.3375
-10.4964
-10.6548
-10.8127
-10.9701
-11.1271
-11.2836
-11.4396
-11.5954
-11.7505
-11.9052
-12.0595
-12.2134
-12.367
-12.5202
-12.673
-12.8254
-12.9775
-13.1292
-13.2805
-13.4316
-13.5823
-13.7328
-13.8829
-14.0327
-14.1823
-14.3315
-14.4806
-14.6293
-14.7778
-14.9259
-15.074
-15.2217
-15.3694
-15.5166
-15.6639
-15.8107
-15.9575
-16.104
-16.2506
-16.3968
-16.5428
-16.6885
-16.8341
-16.9799
-17.1259
-17.2716
-17.4191
-17.5663
-17.7217
-17.876
-18.0747
-0.705865
-1.03482
-1.40912
-1.73354
-2.03968
-2.34584
-2.64625
-2.92805
-3.19211
-3.44203
-3.6793
-3.90422
-4.1196
-4.32676
-4.52754
-4.72394
-4.91648
-5.10641
-5.29362
-5.47836
-5.66119
-5.84157
-6.01956
-6.19598
-6.37078
-6.54452
-6.71698
-6.88844
-7.05928
-7.22965
-7.39951
-7.56859
-7.73689
-7.90492
-8.07219
-8.239
-8.40514
-8.57061
-8.73558
-8.89984
-9.0635
-9.2266
-9.38899
-9.55081
-9.71207
-9.8728
-10.0331
-10.1928
-10.352
-10.5108
-10.6692
-10.827
-10.9843
-11.1412
-11.2977
-11.4539
-11.6097
-11.7649
-11.9198
-12.0741
-12.2281
-12.3818
-12.5351
-12.6881
-12.8406
-12.9927
-13.1445
-13.2959
-13.4471
-13.5979
-13.7484
-13.8986
-14.0485
-14.1981
-14.3474
-14.4964
-14.6452
-14.7937
-14.9419
-15.09
-15.2378
-15.3854
-15.5327
-15.68
-15.8269
-15.9736
-16.1203
-16.2667
-16.413
-16.5591
-16.7048
-16.8504
-16.9962
-17.1422
-17.2879
-17.4354
-17.5824
-17.7374
-17.8888
-18.0811
-0.755883
-1.05415
-1.42642
-1.7538
-2.05829
-2.3635
-2.66353
-2.94536
-3.20964
-3.45976
-3.69726
-3.92254
-4.13818
-4.34563
-4.5466
-4.74311
-4.93576
-5.12569
-5.31293
-5.49774
-5.68036
-5.86075
-6.03881
-6.21525
-6.39013
-6.56391
-6.7364
-6.90793
-7.07877
-7.24902
-7.4189
-7.58791
-7.7562
-7.92409
-8.09128
-8.25796
-8.42403
-8.58945
-8.75437
-8.91862
-9.08226
-9.24558
-9.40802
-9.56994
-9.73125
-9.89209
-10.0524
-10.2122
-10.3715
-10.5304
-10.6888
-10.8467
-11.0041
-11.1611
-11.3177
-11.4738
-11.6296
-11.7848
-11.9397
-12.094
-12.2481
-12.4016
-12.5548
-12.7076
-12.8601
-13.0122
-13.164
-13.3154
-13.4665
-13.6172
-13.7677
-13.9178
-14.0677
-14.2173
-14.3666
-14.5157
-14.6644
-14.8129
-14.9611
-15.1092
-15.257
-15.4046
-15.5519
-15.6992
-15.8461
-15.9928
-16.1394
-16.2859
-16.4322
-16.5782
-16.7239
-16.8696
-17.0153
-17.1613
-17.307
-17.4543
-17.6011
-17.7549
-17.9052
-18.0891
-0.805291
-1.07596
-1.44551
-1.77609
-2.0791
-2.38331
-2.68301
-2.96495
-3.22939
-3.47963
-3.71725
-3.94278
-4.1585
-4.3661
-4.5672
-4.76379
-4.95654
-5.14648
-5.33376
-5.51859
-5.7012
-5.88162
-6.05974
-6.2362
-6.41113
-6.5849
-6.75742
-6.92896
-7.0999
-7.27006
-7.43994
-7.60896
-7.77731
-7.94514
-8.11238
-8.27903
-8.44509
-8.61051
-8.77535
-8.93963
-9.1032
-9.26647
-9.42889
-9.59071
-9.75195
-9.91269
-10.0729
-10.2327
-10.3919
-10.5507
-10.7091
-10.867
-11.0243
-11.1814
-11.3379
-11.4941
-11.6499
-11.8051
-11.96
-12.1144
-12.2684
-12.422
-12.5752
-12.7281
-12.8807
-13.0328
-13.1846
-13.336
-13.4871
-13.6379
-13.7884
-13.9385
-14.0884
-14.238
-14.3873
-14.5364
-14.6852
-14.8337
-14.982
-15.13
-15.2778
-15.4254
-15.5728
-15.72
-15.8669
-16.0137
-16.1603
-16.3068
-16.4531
-16.5992
-16.7449
-16.8906
-17.0363
-17.1823
-17.3279
-17.4749
-17.6215
-17.7737
-17.9225
-18.0972
-0.852269
-1.10044
-1.46695
-1.80056
-2.10234
-2.40559
-2.70504
-2.98709
-3.25161
-3.50197
-3.73969
-3.9654
-4.18125
-4.38901
-4.59029
-4.78696
-4.97982
-5.1698
-5.3571
-5.54197
-5.72458
-5.90498
-6.08313
-6.2596
-6.43456
-6.60832
-6.78086
-6.95243
-7.12338
-7.29357
-7.46341
-7.63244
-7.80081
-7.96863
-8.13588
-8.30254
-8.46858
-8.63403
-8.79885
-8.96319
-9.1268
-9.28991
-9.45238
-9.61418
-9.77545
-9.93618
-10.0964
-10.2562
-10.4154
-10.5742
-10.7325
-10.8904
-11.0477
-11.2048
-11.3613
-11.5174
-11.6732
-11.8284
-11.9832
-12.1375
-12.2915
-12.4451
-12.5983
-12.7512
-12.9037
-13.0558
-13.2076
-13.3591
-13.5102
-13.661
-13.8115
-13.9616
-14.1116
-14.2611
-14.4104
-14.5596
-14.7084
-14.8568
-15.0051
-15.1531
-15.301
-15.4486
-15.596
-15.7431
-15.8901
-16.0369
-16.1834
-16.3299
-16.4763
-16.6223
-16.768
-16.9137
-17.0594
-17.2053
-17.3509
-17.4976
-17.6439
-17.7942
-17.9409
-18.1057
-0.895249
-1.1275
-1.49131
-1.82734
-2.12822
-2.43068
-2.72996
-3.01208
-3.27663
-3.5271
-3.76492
-3.99078
-4.20673
-4.4146
-4.61601
-4.81274
-5.00567
-5.19565
-5.38296
-5.56785
-5.75045
-5.93081
-6.10898
-6.28548
-6.46047
-6.63422
-6.80678
-6.97837
-7.14934
-7.31957
-7.48936
-7.65839
-7.82678
-7.99459
-8.16185
-8.32851
-8.49454
-8.65999
-8.82481
-8.98914
-9.15277
-9.31583
-9.47834
-9.64014
-9.80142
-9.96216
-10.1224
-10.2821
-10.4414
-10.6002
-10.7585
-10.9164
-11.0737
-11.2308
-11.3873
-11.5434
-11.6991
-11.8543
-12.0091
-12.1634
-12.3174
-12.471
-12.6242
-12.777
-12.9295
-13.0815
-13.2334
-13.3848
-13.536
-13.6867
-13.8371
-13.9873
-14.1372
-14.2868
-14.436
-14.585
-14.7338
-14.8824
-15.0306
-15.1786
-15.3265
-15.4741
-15.6215
-15.7686
-15.9156
-16.0623
-16.2089
-16.3554
-16.5018
-16.6478
-16.7935
-16.9392
-17.0849
-17.2308
-17.3763
-17.5226
-17.6683
-17.8168
-17.9609
-18.1148
-0.932429
-1.15668
-1.51918
-1.8566
-2.15695
-2.45898
-2.7582
-3.04032
-3.30488
-3.55545
-3.79332
-4.01925
-4.23526
-4.44318
-4.64467
-4.84142
-5.03441
-5.2244
-5.41173
-5.59665
-5.77924
-5.95956
-6.13774
-6.31426
-6.48927
-6.66301
-6.83558
-7.00717
-7.17817
-7.34842
-7.51816
-7.68719
-7.8556
-8.02342
-8.19067
-8.35734
-8.52336
-8.68882
-8.85363
-9.01797
-9.18162
-9.34465
-9.50716
-9.66897
-9.83024
-9.99099
-10.1512
-10.311
-10.4702
-10.629
-10.7873
-10.9452
-11.1025
-11.2596
-11.4161
-11.5722
-11.7279
-11.8831
-12.0379
-12.1923
-12.3462
-12.4998
-12.653
-12.8058
-12.9583
-13.1104
-13.2622
-13.4137
-13.5648
-13.7155
-13.8659
-14.0162
-14.166
-14.3156
-14.4648
-14.6138
-14.7627
-14.9111
-15.0593
-15.2073
-15.3551
-15.5027
-15.6501
-15.7972
-15.9441
-16.0909
-16.2374
-16.3839
-16.5302
-16.6762
-16.822
-16.9677
-17.1133
-17.2591
-17.4045
-17.5504
-17.6955
-17.8418
-17.9827
-18.1256
-0.959785
-1.18596
-1.54962
-1.88695
-2.18717
-2.48937
-2.78865
-3.07067
-3.3352
-3.58584
-3.82369
-4.04961
-4.26561
-4.47352
-4.67502
-4.87177
-5.06478
-5.25476
-5.44208
-5.62703
-5.8096
-5.98987
-6.16804
-6.34457
-6.51959
-6.69332
-6.86588
-7.03746
-7.20851
-7.37875
-7.54846
-7.71749
-7.88591
-8.05375
-8.22099
-8.38766
-8.55367
-8.71914
-8.88393
-9.0483
-9.21197
-9.37497
-9.53747
-9.69929
-9.86055
-10.0213
-10.1815
-10.3413
-10.5005
-10.6593
-10.8176
-10.9755
-11.1328
-11.2899
-11.4465
-11.6026
-11.7582
-11.9134
-12.0682
-12.2226
-12.3765
-12.5301
-12.6833
-12.8362
-12.9886
-13.1408
-13.2925
-13.444
-13.5951
-13.7459
-13.8962
-14.0465
-14.1963
-14.3459
-14.4951
-14.6441
-14.7929
-14.9414
-15.0896
-15.2376
-15.3854
-15.533
-15.6804
-15.8275
-15.9745
-16.1212
-16.2678
-16.4143
-16.5606
-16.7066
-16.8523
-16.998
-17.1436
-17.2893
-17.4346
-17.5801
-17.7244
-17.8686
-18.0062
-18.1397
-0.974572
-1.21261
-1.57969
-1.91542
-2.21594
-2.5189
-2.81835
-3.10018
-3.36466
-3.61534
-3.85311
-4.07893
-4.29484
-4.50266
-4.70412
-4.90082
-5.09382
-5.28378
-5.47108
-5.65606
-5.8386
-6.01882
-6.19696
-6.37351
-6.54852
-6.72224
-6.8948
-7.06634
-7.23746
-7.40769
-7.57737
-7.7464
-7.91483
-8.08267
-8.2499
-8.41659
-8.58258
-8.74806
-8.91282
-9.07722
-9.24089
-9.40387
-9.56635
-9.72819
-9.88945
-10.0502
-10.2104
-10.3702
-10.5294
-10.6882
-10.8465
-11.0044
-11.1618
-11.3189
-11.4754
-11.6315
-11.7871
-11.9423
-12.0971
-12.2515
-12.4054
-12.559
-12.7122
-12.865
-13.0175
-13.1696
-13.3214
-13.4729
-13.624
-13.7748
-13.9252
-14.0755
-14.2253
-14.3749
-14.5241
-14.6732
-14.822
-14.9705
-15.1187
-15.2668
-15.4146
-15.5622
-15.7095
-15.8567
-16.0037
-16.1504
-16.2971
-16.4436
-16.5899
-16.736
-16.8818
-17.0275
-17.1731
-17.3186
-17.4638
-17.6089
-17.7526
-17.8948
-18.0297
-18.1559
-0.978287
-1.23617
-1.60773
-1.94077
-2.24199
-2.54607
-2.84577
-3.12733
-3.39175
-3.64246
-3.88009
-4.10575
-4.32155
-4.52921
-4.73057
-4.9272
-5.12017
-5.3101
-5.49738
-5.68239
-5.8649
-6.04505
-6.22316
-6.39971
-6.57471
-6.74841
-6.92094
-7.09245
-7.26362
-7.43384
-7.60349
-7.77252
-7.94095
-8.1088
-8.27604
-8.44272
-8.60872
-8.7742
-8.93896
-9.1034
-9.26705
-9.43002
-9.59249
-9.75432
-9.91559
-10.0763
-10.2366
-10.3963
-10.5555
-10.7143
-10.8726
-11.0305
-11.1879
-11.345
-11.5015
-11.6576
-11.8133
-11.9685
-12.1233
-12.2777
-12.4317
-12.5853
-12.7385
-12.8914
-13.0439
-13.196
-13.3478
-13.4993
-13.6504
-13.8012
-13.9518
-14.102
-14.2518
-14.4015
-14.5507
-14.6998
-14.8486
-14.9971
-15.1454
-15.2934
-15.4412
-15.5888
-15.7361
-15.8832
-16.0302
-16.1769
-16.3235
-16.4699
-16.6161
-16.7622
-16.9081
-17.0538
-17.1994
-17.345
-17.4901
-17.6348
-17.7778
-17.9188
-18.0517
-18.1725
-0.973209
-1.25749
-1.63371
-1.96343
-2.26569
-2.57105
-2.87103
-3.15226
-3.4166
-3.66731
-3.90479
-4.13024
-4.34592
-4.5534
-4.75463
-4.95116
-5.14407
-5.33399
-5.52121
-5.70627
-5.88874
-6.06884
-6.24691
-6.42346
-6.59845
-6.77212
-6.94463
-7.11609
-7.28732
-7.45751
-7.62715
-7.79617
-7.96461
-8.13245
-8.29968
-8.46633
-8.63235
-8.79774
-8.96257
-9.12702
-9.29066
-9.45364
-9.6161
-9.77795
-9.93922
-10.1
-10.2602
-10.42
-10.5793
-10.7381
-10.8964
-11.0542
-11.2118
-11.3689
-11.5255
-11.6816
-11.8373
-11.9926
-12.1474
-12.3018
-12.4559
-12.6095
-12.7627
-12.9155
-13.068
-13.22
-13.3718
-13.5233
-13.6744
-13.8252
-13.9758
-14.126
-14.2758
-14.4254
-14.5747
-14.7238
-14.8726
-15.0211
-15.1694
-15.3174
-15.4652
-15.6128
-15.7602
-15.9074
-16.0544
-16.2012
-16.3479
-16.4945
-16.6408
-16.7868
-16.9325
-17.0782
-17.2237
-17.3692
-17.5142
-17.6589
-17.8017
-17.9409
-18.0721
-18.189
-0.961877
-1.27695
-1.65734
-1.98366
-2.28722
-2.59394
-2.89433
-3.17519
-3.43945
-3.69013
-3.92741
-4.15257
-4.36808
-4.57538
-4.77646
-4.97288
-5.16569
-5.35558
-5.54274
-5.72783
-5.91023
-6.09026
-6.26828
-6.44483
-6.6198
-6.79347
-6.96589
-7.1374
-7.30864
-7.47881
-7.64841
-7.81745
-7.98591
-8.15377
-8.32102
-8.48769
-8.65376
-8.81915
-8.98413
-9.14853
-9.31218
-9.47523
-9.63775
-9.79967
-9.96101
-10.1218
-10.2821
-10.4419
-10.6013
-10.7601
-10.9184
-11.0761
-11.2337
-11.3907
-11.5473
-11.7034
-11.8591
-12.0143
-12.1692
-12.3236
-12.4776
-12.6312
-12.7844
-12.9372
-13.0897
-13.2417
-13.3935
-13.545
-13.6961
-13.8469
-13.9974
-14.1476
-14.2974
-14.447
-14.5963
-14.7453
-14.8941
-15.0426
-15.1908
-15.3388
-15.4865
-15.6341
-15.7814
-15.9285
-16.0754
-16.222
-16.3685
-16.5148
-16.6611
-16.8072
-16.9531
-17.0988
-17.2444
-17.39
-17.5349
-17.6791
-17.8214
-17.9609
-18.091
-18.2051
-0.946343
-1.29493
-1.67857
-2.00184
-2.30677
-2.61473
-2.91558
-3.1961
-3.46036
-3.71098
-3.94815
-4.17305
-4.38828
-4.59535
-4.79635
-4.99265
-5.18545
-5.37523
-5.56247
-5.7476
-5.92996
-6.10991
-6.28786
-6.46435
-6.63927
-6.8129
-6.98529
-7.1569
-7.32812
-7.49835
-7.66795
-7.83704
-8.0056
-8.17358
-8.34093
-8.50769
-8.67385
-8.83932
-9.00431
-9.16863
-9.33223
-9.49527
-9.65777
-9.81967
-9.98099
-10.1418
-10.3021
-10.4619
-10.6212
-10.78
-10.9383
-11.0961
-11.2536
-11.4107
-11.5672
-11.7233
-11.879
-12.0343
-12.1891
-12.3435
-12.4975
-12.6511
-12.8044
-12.9572
-13.1096
-13.2618
-13.4136
-13.565
-13.7162
-13.867
-14.0175
-14.1677
-14.3176
-14.4672
-14.6165
-14.7655
-14.9143
-15.0629
-15.2111
-15.3592
-15.507
-15.6546
-15.802
-15.9492
-16.0962
-16.2431
-16.3898
-16.5363
-16.6826
-16.8287
-16.9745
-17.1201
-17.2656
-17.4111
-17.556
-17.7003
-17.8422
-17.9796
-18.1087
-18.2208
-0.927605
-1.31162
-1.69763
-2.01869
-2.32494
-2.63381
-2.93488
-3.2149
-3.47914
-3.72955
-3.96638
-4.19155
-4.40631
-4.613
-4.81378
-5.00987
-5.20254
-5.39217
-5.57946
-5.76446
-5.94683
-6.12685
-6.30492
-6.48158
-6.65667
-6.8304
-7.00298
-7.17472
-7.34599
-7.5163
-7.68585
-7.85483
-8.02331
-8.19122
-8.35851
-8.5252
-8.69129
-8.85671
-9.02164
-9.18592
-9.3495
-9.5125
-9.67492
-9.83677
-9.99805
-10.1588
-10.3191
-10.4788
-10.6381
-10.7968
-10.9551
-11.1129
-11.2703
-11.4273
-11.5838
-11.7399
-11.8955
-12.0508
-12.2055
-12.3599
-12.5139
-12.6674
-12.8206
-12.9734
-13.1258
-13.2778
-13.4296
-13.581
-13.7321
-13.8828
-14.0333
-14.1834
-14.3332
-14.4827
-14.632
-14.7809
-14.9297
-15.0781
-15.2263
-15.3743
-15.522
-15.6696
-15.8168
-15.9639
-16.1108
-16.2575
-16.404
-16.5503
-16.6966
-16.8426
-16.9884
-17.1341
-17.2796
-17.4251
-17.57
-17.7142
-17.8564
-17.995
-18.1239
-18.2354
-0.906746
-1.32596
-1.71322
-2.03364
-2.34182
-2.65229
-2.9537
-3.23324
-3.4975
-3.74778
-3.98436
-4.20979
-4.42422
-4.63077
-4.83156
-5.02777
-5.22063
-5.41061
-5.5982
-5.78345
-5.96602
-6.1461
-6.32425
-6.5009
-6.67592
-6.84942
-7.02179
-7.19342
-7.36462
-7.5349
-7.70445
-7.87348
-8.04197
-8.20991
-8.37722
-8.54393
-8.71006
-8.8755
-9.04046
-9.20475
-9.36837
-9.53137
-9.69376
-9.85562
-10.0169
-10.1777
-10.338
-10.4977
-10.657
-10.8158
-10.9741
-11.1319
-11.2894
-11.4465
-11.603
-11.7591
-11.9148
-12.0701
-12.2249
-12.3793
-12.5333
-12.6869
-12.8401
-12.9929
-13.1454
-13.2975
-13.4493
-13.6008
-13.7519
-13.9027
-14.0532
-14.2034
-14.3533
-14.5028
-14.6521
-14.8011
-14.9499
-15.0985
-15.2467
-15.3947
-15.5425
-15.6901
-15.8375
-15.9846
-16.1316
-16.2784
-16.425
-16.5715
-16.7178
-16.8639
-17.0097
-17.1553
-17.3009
-17.4463
-17.5911
-17.7353
-17.8769
-18.014
-18.1416
-18.2515
-0.892141
-1.34054
-1.72546
-2.04319
-2.35217
-2.66443
-2.96636
-3.24535
-3.50979
-3.76005
-3.99652
-4.22157
-4.43582
-4.64226
-4.84293
-5.03903
-5.23178
-5.42163
-5.6091
-5.79418
-5.97643
-6.15611
-6.33405
-6.5105
-6.68539
-6.85877
-7.03095
-7.20247
-7.37358
-7.54379
-7.71326
-7.8822
-8.0506
-8.21846
-8.38569
-8.55233
-8.71838
-8.88376
-9.04864
-9.21288
-9.37643
-9.53938
-9.70173
-9.86354
-10.0248
-10.1855
-10.3457
-10.5055
-10.6647
-10.8234
-10.9817
-11.1395
-11.2969
-11.4539
-11.6104
-11.7665
-11.9221
-12.0773
-12.2321
-12.3865
-12.5404
-12.694
-12.8472
-12.9999
-13.1524
-13.3044
-13.4562
-13.6076
-13.7587
-13.9094
-14.0599
-14.2101
-14.3599
-14.5094
-14.6586
-14.8076
-14.9563
-15.1048
-15.253
-15.4011
-15.5488
-15.6964
-15.8437
-15.9908
-16.1377
-16.2844
-16.431
-16.5774
-16.7236
-16.8697
-17.0155
-17.1611
-17.3067
-17.4521
-17.5969
-17.7411
-17.883
-18.021
-18.1489
-18.2595
-0.861667
-1.35537
-1.74907
-2.06734
-2.37652
-2.68929
-2.99197
-3.27
-3.53476
-3.78513
-4.0215
-4.24636
-4.4604
-4.66655
-4.86696
-5.06282
-5.25539
-5.44509
-5.63247
-5.81747
-5.99976
-6.17949
-6.3574
-6.53383
-6.70867
-6.88203
-7.05422
-7.22569
-7.39675
-7.56693
-7.73637
-7.9053
-8.07369
-8.24154
-8.40877
-8.57541
-8.74146
-8.90684
-9.07172
-9.23596
-9.39952
-9.56247
-9.72483
-9.88664
-10.0479
-10.2086
-10.3689
-10.5286
-10.6878
-10.8466
-11.0048
-11.1626
-11.3201
-11.4771
-11.6336
-11.7897
-11.9453
-12.1005
-12.2553
-12.4097
-12.5636
-12.7172
-12.8704
-13.0232
-13.1756
-13.3277
-13.4794
-13.6309
-13.7819
-13.9327
-14.0832
-14.2334
-14.3832
-14.5327
-14.682
-14.831
-14.9797
-15.1282
-15.2764
-15.4244
-15.5722
-15.7198
-15.8671
-16.0142
-16.1611
-16.3079
-16.4544
-16.6009
-16.7471
-16.8932
-17.039
-17.1846
-17.3302
-17.4756
-17.6204
-17.7646
-17.9063
-18.0439
-18.1716
-18.2817
-18.0659
-18.3307
-19.0635
-19.1873
-18.6452
-17.5624
-16.1034
-14.4008
-12.6408
-10.9188
-9.32492
-7.88757
-6.62291
-5.52588
-4.5831
-3.77479
-3.08327
-2.48886
-1.97599
-1.53247
-1.14651
-0.807964
-0.510087
-0.246644
-0.0124848
0.197238
0.385107
0.553592
0.705087
0.841965
0.966746
1.0792
1.17929
1.26856
1.34844
1.41945
1.48261
1.53889
1.58817
1.63118
1.66786
1.69834
1.72265
1.7408
1.75288
1.75907
1.76002
1.75599
1.74711
1.73414
1.71778
1.69873
1.67777
1.65563
1.63284
1.60988
1.5869
1.56387
1.54083
1.51775
1.49471
1.47153
1.4478
1.42318
1.39766
1.37141
1.34422
1.31626
1.28793
1.25928
1.23025
1.20032
1.16736
1.13102
1.09232
1.05257
1.01636
0.98025
0.944505
0.907712
0.870166
0.833294
0.796784
0.759867
0.72093
0.680222
0.636435
0.593554
0.549459
0.504205
0.458136
0.412008
0.365801
0.319756
0.273596
0.228345
0.180559
0.133415
0.0745089
0.0369198
-18.1048
-18.2577
-18.9571
-19.0977
-18.5677
-17.5053
-16.0684
-14.3854
-12.6411
-10.9305
-9.34503
-7.91238
-6.65019
-5.55418
-4.6112
-3.80197
-3.10889
-2.51271
-1.99805
-1.55282
-1.16536
-0.825542
-0.52657
-0.26204
-0.0270115
0.183332
0.371651
0.540587
0.692244
0.829185
0.953444
1.06554
1.16579
1.25523
1.33516
1.40638
1.46966
1.52598
1.57524
1.6182
1.65477
1.68508
1.7092
1.72711
1.73895
1.74488
1.74558
1.7413
1.7322
1.71905
1.70255
1.68341
1.66241
1.64028
1.61756
1.59474
1.57195
1.54917
1.52638
1.50355
1.48069
1.45765
1.43397
1.40939
1.38387
1.3577
1.33067
1.30292
1.27487
1.24658
1.21802
1.18874
1.15638
1.12056
1.08237
1.04235
1.00596
0.969266
0.932949
0.895688
0.857811
0.820118
0.783111
0.745968
0.706818
0.66612
0.622387
0.579814
0.53619
0.491156
0.445219
0.399283
0.353356
0.307652
0.261901
0.217227
0.170459
0.124766
0.0691162
0.0333405
-18.0988
-18.2646
-18.8823
-19.006
-18.4808
-17.4359
-16.0216
-14.3606
-12.6357
-10.9407
-9.36579
-7.94016
-6.6823
-5.58787
-4.6445
-3.834
-3.13896
-2.54071
-2.02403
-1.57688
-1.18771
-0.846362
-0.546042
-0.280249
-0.0441456
0.167072
0.356066
0.52577
0.677989
0.815533
0.93926
1.0505
1.15083
1.24049
1.32047
1.39192
1.45547
1.5118
1.56106
1.60396
1.64039
1.67051
1.69438
1.71201
1.72357
1.7292
1.72959
1.725
1.71563
1.70226
1.68557
1.6663
1.64525
1.62318
1.60057
1.57793
1.55538
1.53289
1.51041
1.48785
1.46521
1.44231
1.41869
1.39414
1.36863
1.34255
1.31568
1.28815
1.26041
1.23257
1.20446
1.17593
1.14427
1.10903
1.07138
1.03128
0.994463
0.95719
0.920196
0.882315
0.844046
0.805694
0.767968
0.730565
0.691184
0.650443
0.606859
0.56457
0.521518
0.476743
0.43096
0.38525
0.33965
0.294318
0.249044
0.205019
0.159414
0.115311
0.0633865
0.0293849
-18.1234
-18.2838
-18.8202
-18.9224
-18.3921
-17.3604
-15.9666
-14.3308
-12.6268
-10.95
-9.38761
-7.97099
-6.71876
-5.6264
-4.68273
-3.87083
-3.17373
-2.5735
-2.05482
-1.60538
-1.21407
-0.870782
-0.568759
-0.301481
-0.064086
0.148217
0.338084
0.508628
0.661552
0.799752
0.923297
1.03371
1.1342
1.22415
1.30437
1.37601
1.43985
1.49618
1.5456
1.58841
1.62464
1.65453
1.67811
1.6954
1.7066
1.71187
1.71187
1.70691
1.6972
1.68353
1.66665
1.64724
1.62615
1.60419
1.58173
1.55928
1.53701
1.51487
1.49273
1.47048
1.44809
1.42534
1.4018
1.37728
1.35179
1.32578
1.2991
1.27181
1.24442
1.21718
1.18947
1.16157
1.1309
1.0963
1.05923
1.0193
0.981702
0.943883
0.906102
0.867473
0.828651
0.789894
0.751219
0.713491
0.673859
0.633008
0.58971
0.547674
0.505277
0.460833
0.415226
0.369795
0.324564
0.27964
0.234917
0.191628
0.147336
0.105003
0.0572667
0.0250787
-18.142
-18.2937
-18.7577
-18.8371
-18.3051
-17.2848
-15.9089
-14.3001
-12.6184
-10.9617
-9.41361
-8.00714
-6.76068
-5.67079
-4.72716
-3.91391
-3.21461
-2.61206
-2.09097
-1.63876
-1.24484
-0.899244
-0.595209
-0.32623
-0.0873769
0.126122
0.316963
0.488305
0.64194
0.780623
0.904436
1.01482
1.11571
1.20605
1.28665
1.35857
1.42262
1.47906
1.52863
1.57135
1.60738
1.63701
1.66028
1.67716
1.68788
1.69269
1.69223
1.6868
1.67667
1.66267
1.64559
1.62606
1.60495
1.58312
1.56083
1.5386
1.51663
1.49489
1.47315
1.45126
1.42916
1.40658
1.38314
1.35868
1.33321
1.30725
1.28075
1.25373
1.2268
1.20023
1.1731
1.14546
1.11595
1.08223
1.04583
1.00628
0.967615
0.929187
0.890508
0.851007
0.811462
0.772423
0.732815
0.694575
0.654653
0.613607
0.570791
0.528975
0.487269
0.443278
0.397879
0.352794
0.307964
0.263494
0.219403
0.176949
0.134135
0.0937649
0.0507153
0.020405
-18.1587
-18.3009
-18.6916
-18.7428
-18.2111
-17.2031
-15.8498
-14.2707
-12.6131
-10.9782
-9.44582
-8.05086
-6.81076
-5.72378
-4.78035
-3.96548
-3.2634
-2.6575
-2.13312
-1.67765
-1.28074
-0.93255
-0.626232
-0.355308
-0.114794
0.100061
0.292044
0.464262
0.618736
0.757964
0.882563
0.993695
1.09511
1.18599
1.26708
1.3394
1.40372
1.46034
1.50997
1.5526
1.58847
1.6178
1.64067
1.65706
1.6672
1.67145
1.67043
1.66448
1.65388
1.63949
1.62224
1.60259
1.58142
1.55964
1.53756
1.51564
1.49404
1.47274
1.45144
1.42996
1.40822
1.38585
1.36255
1.33816
1.31274
1.28683
1.26047
1.23375
1.20734
1.18148
1.15517
1.12796
1.099
1.06657
1.03098
0.991939
0.952223
0.912918
0.873225
0.832733
0.792339
0.752861
0.712743
0.673673
0.633368
0.592071
0.549911
0.508325
0.467262
0.42391
0.378776
0.334098
0.289703
0.245748
0.202376
0.160855
0.119721
0.0815104
0.0436952
0.0153347
-18.1741
-18.3042
-18.6214
-18.6391
-18.1075
-17.1127
-15.7839
-14.2369
-12.6081
-10.9983
-9.48421
-8.10276
-6.8702
-5.7863
-4.84296
-4.02611
-3.32062
-2.71062
-2.18214
-1.72277
-1.32233
-0.9711
-0.662093
-0.388883
-0.146403
0.0700249
0.263404
0.436723
0.592284
0.732312
0.857904
0.970074
1.07215
1.16371
1.24543
1.31829
1.383
1.43986
1.48953
1.5321
1.56776
1.59672
1.61908
1.63488
1.64436
1.6479
1.64624
1.63984
1.62873
1.61383
1.59619
1.57638
1.55524
1.53353
1.5117
1.49016
1.46903
1.44819
1.4274
1.40639
1.38505
1.36295
1.33981
1.31552
1.29017
1.26434
1.2381
1.21164
1.18576
1.16062
1.13524
1.10881
1.08036
1.04929
1.01451
0.976029
0.935385
0.894916
0.854062
0.812462
0.771129
0.730909
0.690868
0.650635
0.609793
0.56823
0.526881
0.485563
0.445009
0.402544
0.357739
0.313517
0.269617
0.226249
0.183692
0.14315
0.104004
0.0681264
0.036137
0.00980772
-18.1881
-18.3031
-18.548
-18.528
-17.996
-17.0156
-15.7123
-14.1984
-12.6004
-11.0175
-9.52398
-8.15781
-6.9344
-5.85297
-4.90972
-4.09136
-3.38296
-2.76919
-2.2366
-1.77311
-1.36874
-1.01402
-0.701875
-0.426043
-0.181303
0.0365755
0.231394
0.405969
0.562761
0.703788
0.830437
0.943792
1.04671
1.13913
1.22163
1.29516
1.36034
1.41746
1.46719
1.50967
1.54503
1.57374
1.59554
1.61064
1.61935
1.62206
1.61951
1.6123
1.60061
1.58529
1.56722
1.54723
1.52612
1.50462
1.4831
1.46199
1.44133
1.421
1.40078
1.38029
1.35944
1.33766
1.31471
1.29057
1.26532
1.23956
1.21341
1.1872
1.16187
1.13745
1.11303
1.08755
1.06023
1.0302
0.996231
0.95836
0.916725
0.875045
0.832846
0.790024
0.74766
0.706595
0.666854
0.625228
0.583733
0.541964
0.501476
0.460467
0.420311
0.378921
0.334554
0.290848
0.247524
0.204817
0.163202
0.123586
0.0868072
0.0534596
0.0278785
0.00368527
-18.2013
-18.2987
-18.473
-18.4109
-17.8775
-16.9127
-15.6361
-14.154
-12.587
-11.0313
-9.55974
-8.21043
-6.99752
-5.92161
-4.98023
-4.16091
-3.44966
-2.83204
-2.29529
-1.82773
-1.41948
-1.06134
-0.746096
-0.467615
-0.220531
-0.000748863
0.19576
0.37184
0.530043
0.672304
0.800149
0.914839
1.01879
1.11223
1.19565
1.26995
1.33569
1.39313
1.44292
1.48527
1.52025
1.54831
1.56927
1.5835
1.59139
1.59331
1.58993
1.58176
1.56938
1.55358
1.53516
1.51505
1.49399
1.47269
1.45155
1.43087
1.41073
1.39097
1.37137
1.35145
1.33116
1.30975
1.28705
1.26309
1.23795
1.21225
1.18612
1.16032
1.13559
1.11193
1.0885
1.06416
1.038
1.00895
0.975885
0.938536
0.895989
0.853135
0.809414
0.765262
0.721822
0.680494
0.639929
0.597053
0.554932
0.513228
0.47336
0.432791
0.393074
0.35269
0.308999
0.265883
0.223224
0.181231
0.140666
0.101968
0.0678066
0.0372671
0.0186382
-0.00326821
-18.2138
-18.2916
-18.3982
-18.2901
-17.7526
-16.8037
-15.5541
-14.1071
-12.5747
-11.0484
-9.59977
-8.26751
-7.06476
-5.99578
-5.05635
-4.23553
-3.52094
-2.89911
-2.35783
-1.88596
-1.47362
-1.11192
-0.793508
-0.512345
-0.263009
-0.040995
0.157242
0.334704
0.49414
0.637568
0.766587
0.882582
0.98764
1.08219
1.16662
1.24177
1.30815
1.36599
1.41591
1.45814
1.49276
1.51997
1.54008
1.55335
1.56025
1.56128
1.55703
1.54807
1.535
1.51863
1.49986
1.47959
1.45861
1.43757
1.41682
1.39664
1.37709
1.35794
1.33899
1.31969
1.30004
1.27903
1.25658
1.23287
1.20776
1.18202
1.15615
1.13093
1.10683
1.08399
1.06161
1.03842
1.01338
0.985363
0.95328
0.916093
0.87306
0.828909
0.783535
0.737976
0.693943
0.652228
0.609545
0.565841
0.523124
0.481871
0.442249
0.402311
0.363225
0.323538
0.280835
0.238394
0.196485
0.15521
0.115731
0.0780769
0.0466453
0.0191066
0.00796075
-0.0115237
-18.2257
-18.2842
-18.3327
-18.1808
-17.6379
-16.7043
-15.4797
-14.0675
-12.5686
-11.0703
-9.64317
-8.3265
-7.13318
-6.06867
-5.12986
-4.30736
-3.58967
-2.9641
-2.41879
-1.94309
-1.52708
-1.16211
-0.840813
-0.557127
-0.305662
-0.0818344
0.118005
0.296867
0.457451
0.601934
0.731986
0.849108
0.955166
1.0507
1.13607
1.212
1.27896
1.33715
1.38714
1.42922
1.46346
1.49008
1.50937
1.52167
1.52758
1.52765
1.5225
1.51273
1.49895
1.48203
1.46295
1.44261
1.42175
1.40104
1.38076
1.36113
1.34218
1.32368
1.3054
1.28664
1.26763
1.24706
1.22479
1.20113
1.17619
1.15055
1.12518
1.10051
1.07708
1.05513
1.03381
1.0117
0.98773
0.960668
0.929534
0.892282
0.848963
0.803407
0.756352
0.709738
0.665727
0.621934
0.577473
0.533138
0.489929
0.449072
0.409742
0.370539
0.33223
0.292919
0.251394
0.209658
0.168538
0.12785
0.0893346
0.0530151
0.0240798
-0.000671433
-0.00375007
-0.0208175
-18.2378
-18.2802
-18.2849
-18.0975
-17.5493
-16.6286
-15.4251
-14.0389
-12.5655
-11.0892
-9.67975
-8.37626
-7.19117
-6.13081
-5.19325
-4.36998
-3.65004
-3.02145
-2.47284
-1.99399
-1.57502
-1.20738
-0.883795
-0.598109
-0.345012
-0.119815
0.0813296
0.261387
0.42295
0.568357
0.69928
0.81735
0.924313
1.02073
1.10706
1.18386
1.25135
1.30979
1.35974
1.40159
1.43541
1.46143
1.47992
1.4913
1.49628
1.49549
1.48954
1.47908
1.46471
1.44738
1.42814
1.40781
1.38716
1.36685
1.34707
1.328
1.30963
1.29171
1.27406
1.25577
1.23702
1.2169
1.1949
1.17119
1.14653
1.12123
1.09626
1.07212
1.04941
1.02834
1.008
0.986864
0.963807
0.937591
0.907087
0.869805
0.825943
0.779016
0.730473
0.684074
0.638503
0.592351
0.546837
0.501879
0.458623
0.417877
0.379088
0.340613
0.303003
0.263985
0.22355
0.182431
0.14199
0.10174
0.0638371
0.0290449
0.00234476
-0.020021
-0.015766
-0.0304879
-18.2502
-18.2803
-18.2539
-18.0399
-17.4868
-16.5755
-15.3874
-14.0201
-12.5661
-11.107
-9.71137
-8.41808
-7.23942
-6.18235
-5.2458
-4.42192
-3.70025
-3.0693
-2.51814
-2.03686
-1.61562
-1.24593
-0.920575
-0.633344
-0.378955
-0.152695
0.0493463
0.230163
0.392371
0.538389
0.669906
0.788614
0.896215
0.993263
1.08031
1.15778
1.22569
1.28442
1.33448
1.37614
1.4096
1.4351
1.45289
1.46347
1.46769
1.46619
1.45962
1.44858
1.43381
1.41629
1.39703
1.37684
1.35646
1.33659
1.3173
1.29878
1.28094
1.26355
1.24605
1.22844
1.20988
1.19007
1.16833
1.14479
1.1203
1.09529
1.07071
1.04712
1.02511
1.00487
0.985438
0.965167
0.94288
0.917438
0.887151
0.849675
0.804933
0.756686
0.707825
0.66082
0.61271
0.56514
0.518866
0.473521
0.430375
0.389942
0.351697
0.313881
0.276672
0.238214
0.19855
0.157913
0.11786
0.077999
0.040826
0.00717703
-0.0175326
-0.0384279
-0.0285887
-0.040612
-18.2631
-18.284
-18.2358
-18.0022
-17.4452
-16.5408
-15.364
-14.0108
-12.5711
-11.125
-9.73973
-8.45393
-7.28012
-6.22551
-5.28966
-4.46522
-3.74219
-3.10941
-2.55627
-2.07316
-1.65024
-1.27901
-0.952343
-0.663978
-0.408599
-0.18152
0.0212281
0.202658
0.365405
0.511903
0.643902
0.763125
0.871199
0.968678
1.05611
1.13386
1.20203
1.261
1.31112
1.35259
1.38571
1.41075
1.42793
1.43784
1.44142
1.43935
1.43228
1.42087
1.4059
1.38835
1.3692
1.34927
1.32927
1.30987
1.29108
1.27308
1.25565
1.23848
1.22129
1.2043
1.18611
1.1665
1.1449
1.1215
1.09718
1.07245
1.04828
1.02524
1.00391
0.984463
0.965913
0.946423
0.924778
0.899946
0.869557
0.831453
0.785493
0.736228
0.687979
0.638463
0.588577
0.540093
0.493229
0.447856
0.404932
0.364966
0.327217
0.289986
0.252972
0.215206
0.176034
0.135699
0.0958456
0.0566005
0.0201155
-0.0130085
-0.0363255
-0.0566687
-0.0421139
-0.0511622
-18.2764
-18.2907
-18.2272
-17.9798
-17.4199
-16.5206
-15.3523
-14.0093
-12.5803
-11.1438
-9.76617
-8.48571
-7.31536
-6.26244
-5.32696
-4.50196
-3.7778
-3.14354
-2.58887
-2.10436
-1.68016
-1.30777
-0.98011
-0.690921
-0.434803
-0.207115
-0.00382223
0.178103
0.341351
0.488347
0.620788
0.740443
0.848871
0.946685
1.0344
1.11234
1.18065
1.23966
1.28963
1.33084
1.36361
1.38822
1.40486
1.41419
1.41726
1.41474
1.40733
1.39575
1.38078
1.36334
1.34437
1.32469
1.30513
1.28636
1.26808
1.25037
1.23327
1.21641
1.19986
1.18322
1.1653
1.14583
1.12436
1.10111
1.07695
1.05251
1.02873
1.00622
0.985538
0.966876
0.949182
0.930392
0.909242
0.884581
0.853782
0.814591
0.767204
0.718316
0.668854
0.617105
0.566177
0.51702
0.469896
0.424704
0.382136
0.342626
0.305311
0.268563
0.23174
0.194466
0.155594
0.115519
0.0758221
0.0371277
0.000975389
-0.03203
-0.0544192
-0.0744307
-0.055786
-0.0621219
-18.29
-18.2998
-18.2258
-17.9689
-17.4072
-16.512
-15.35
-14.0144
-12.593
-11.1635
-9.7914
-8.5146
-7.34648
-6.29453
-5.35913
-4.53355
-3.80842
-3.17295
-2.61704
-2.13143
-1.70623
-1.33287
-1.0043
-0.714395
-0.457676
-0.229506
-0.0258036
0.156492
0.320113
0.467507
0.600297
0.720256
0.828919
0.926971
1.01489
1.09292
1.16123
1.2201
1.26984
1.31075
1.34315
1.36734
1.3835
1.39237
1.39508
1.39227
1.38474
1.37321
1.3584
1.34123
1.32256
1.30306
1.28347
1.26576
1.24781
1.23043
1.21373
1.1974
1.18124
1.16484
1.14714
1.12781
1.10644
1.08331
1.05931
1.03514
1.01172
0.989697
0.96963
0.951718
0.934839
0.916671
0.895877
0.870869
0.839099
0.798514
0.750809
0.70146
0.649957
0.597071
0.545515
0.496033
0.448953
0.404103
0.36191
0.322776
0.28578
0.249359
0.21274
0.175753
0.137049
0.0971967
0.0576245
0.0190721
-0.0168778
-0.0498724
-0.0715933
-0.091297
-0.0693787
-0.0733866
-18.3034
-18.3104
-18.2297
-17.9667
-17.4043
-16.5122
-15.3547
-14.0245
-12.6084
-11.1837
-9.81552
-8.54119
-7.37443
-6.32298
-5.38741
-4.56122
-3.83521
-3.19867
-2.64168
-2.15514
-1.72907
-1.35485
-1.02542
-0.734766
-0.477397
-0.24866
-0.0444733
0.138229
0.302108
0.449658
0.582545
0.702522
0.811172
0.909239
0.997149
1.07512
1.14329
1.20193
1.25137
1.29193
1.32396
1.34777
1.36355
1.3721
1.37458
1.37169
1.36422
1.35292
1.33844
1.32176
1.30385
1.28566
1.26777
1.24819
1.2301
1.21306
1.19669
1.18068
1.16478
1.14859
1.13106
1.11183
1.09055
1.06752
1.04366
1.0197
0.996605
0.974992
0.955444
0.938158
0.921922
0.904265
0.883828
0.85862
0.82501
0.783009
0.735693
0.684409
0.631727
0.578286
0.52642
0.477008
0.430286
0.385938
0.344277
0.305664
0.26908
0.23298
0.19657
0.159663
0.121028
0.0811436
0.0415946
0.00304417
-0.0327658
-0.0657234
-0.0870359
-0.106672
-0.0825776
-0.0849052
-18.3183
-18.3231
-18.2379
-17.9711
-17.4084
-16.5186
-15.3644
-14.0378
-12.6251
-11.2036
-9.8379
-8.56503
-7.39902
-6.34774
-5.41189
-4.58512
-3.85842
-3.22111
-2.6634
-2.17634
-1.74988
-1.37538
-1.04576
-0.75501
-0.497582
-0.268825
-0.064616
0.118222
0.282317
0.430184
0.563488
0.683899
0.792973
0.89144
0.979653
1.05779
1.12597
1.1845
1.23372
1.27402
1.30574
1.32925
1.34477
1.35307
1.35539
1.35238
1.34486
1.33351
1.31894
1.30204
1.28361
1.26463
1.24662
1.22903
1.21204
1.19574
1.17995
1.16443
1.14893
1.13304
1.11573
1.09665
1.0755
1.05261
1.02893
1.0052
0.982378
0.961083
0.941866
0.92484
0.908563
0.890342
0.868686
0.842117
0.808875
0.767369
0.719217
0.666731
0.613514
0.559664
0.507589
0.458172
0.41147
0.367144
0.325473
0.286823
0.25024
0.214229
0.177936
0.141027
0.102536
0.0626586
0.0231691
-0.0154874
-0.0511212
-0.0840278
-0.104722
-0.124056
-0.0979657
-0.0984592
-18.3265
-18.3311
-18.2447
-17.977
-17.4154
-16.528
-15.3762
-14.052
-12.6414
-11.2218
-9.8573
-8.58466
-7.41844
-6.3665
-5.42967
-4.60171
-3.87374
-3.2351
-2.67614
-2.18801
-1.76057
-1.38518
-1.05482
-0.763417
-0.505487
-0.276317
-0.0718076
0.111175
0.275279
0.422976
0.556033
0.67611
0.784792
0.882837
0.970609
1.04829
1.11602
1.1741
1.22292
1.26288
1.29436
1.31774
1.33324
1.34169
1.34431
1.3417
1.33466
1.32389
1.30998
1.29385
1.27648
1.25873
1.24063
1.22239
1.20515
1.18867
1.17283
1.15729
1.1418
1.12587
1.10854
1.08941
1.06821
1.04529
1.02161
0.997939
0.975249
0.954187
0.935305
0.91873
0.903147
0.88489
0.86414
0.835686
0.800704
0.758787
0.709477
0.656607
0.603237
0.549533
0.497868
0.448935
0.402727
0.358881
0.317641
0.279346
0.243001
0.207115
0.170851
0.133937
0.0953931
0.0554547
0.0159486
-0.0227332
-0.0583742
-0.0913224
-0.112127
-0.131711
-0.105534
-0.103029
-18.3485
-18.3528
-18.2656
-17.9981
-17.4379
-16.5524
-15.4025
-14.0798
-12.6702
-11.2513
-9.88702
-8.61394
-7.44713
-6.39442
-5.45674
-4.62796
-3.89925
-3.25997
-2.70049
-2.21205
-1.78437
-1.40878
-1.07824
-0.786885
-0.528934
-0.299776
-0.0952755
0.087731
0.251863
0.399673
0.532765
0.652908
0.761629
0.859715
0.947482
1.02508
1.09267
1.15059
1.19926
1.2391
1.27049
1.29382
1.30938
1.31797
1.32074
1.31825
1.31131
1.30063
1.28675
1.27064
1.25294
1.23511
1.21721
1.19938
1.18236
1.16623
1.15063
1.13532
1.12001
1.10426
1.08706
1.06804
1.04693
1.02411
1.00052
0.976923
0.954276
0.933202
0.914199
0.897357
0.881084
0.862534
0.840936
0.812754
0.777574
0.735316
0.685949
0.632971
0.579626
0.526052
0.47448
0.425615
0.379441
0.335629
0.294404
0.256124
0.219779
0.183909
0.147692
0.110761
0.0722618
0.0323117
-0.00719244
-0.0458757
-0.0814969
-0.114405
-0.135087
-0.154574
-0.127979
-0.130921
-18.3116
-18.2992
-18.3339
-18.3195
-18.2995
-18.2738
-18.2438
-18.2121
-18.1817
-18.1542
-18.1301
-18.11
-18.0944
-18.0858
-18.0854
-18.0772
-18.792
-18.7685
-18.7719
-18.7831
-18.7749
-18.7514
-18.7217
-18.6901
-18.6591
-18.6307
-18.606
-18.5859
-18.5705
-18.5589
-18.5513
-18.5362
-19.2432
-19.3108
-19.399
-19.4323
-19.4318
-19.4122
-19.3832
-19.3518
-19.3221
-19.2957
-19.2738
-19.257
-19.246
-19.24
-19.2347
-19.2228
-19.3124
-19.4044
-19.4546
-19.4797
-19.487
-19.4749
-19.4498
-19.4205
-19.3924
-19.3679
-19.348
-19.3329
-19.3225
-19.3164
-19.3117
-19.2989
-18.7436
-18.8047
-18.8406
-18.8692
-18.8795
-18.8717
-18.852
-18.8259
-18.7993
-18.7735
-18.7494
-18.7277
-18.7091
-18.6943
-18.6833
-18.6645
-17.6297
-17.6755
-17.7108
-17.7379
-17.7489
-17.7437
-17.726
-17.7009
-17.6733
-17.6454
-17.6179
-17.5913
-17.5661
-17.5436
-17.5253
-17.501
-16.1423
-16.173
-16.1992
-16.219
-16.2277
-16.2235
-16.2069
-16.1824
-16.1544
-16.1241
-16.092
-16.0582
-16.0233
-15.9893
-15.9589
-15.9284
-14.416
-14.4327
-14.4478
-14.4586
-14.4628
-14.4571
-14.4399
-14.4149
-14.3858
-14.3533
-14.3175
-14.2785
-14.2368
-14.1949
-14.157
-14.1225
-12.638
-12.6386
-12.6413
-12.6436
-12.6433
-12.6354
-12.6168
-12.5909
-12.5607
-12.5266
-12.4882
-12.4455
-12.3991
-12.3517
-12.3087
-12.2711
-10.9026
-10.8885
-10.8798
-10.8743
-10.8691
-10.8576
-10.8366
-10.8093
-10.7782
-10.743
-10.7033
-10.6587
-10.6101
-10.5602
-10.5148
-10.4758
-9.29791
-9.2722
-9.25476
-9.24335
-9.2339
-9.21886
-9.19552
-9.16717
-9.13543
-9.09977
-9.05952
-9.01447
-8.96531
-8.91487
-8.86902
-8.82976
-7.8543
-7.82052
-7.79646
-7.78015
-7.76663
-7.74795
-7.72231
-7.69298
-7.66084
-7.62511
-7.58512
-7.54067
-7.49244
-7.44317
-7.39843
-7.35991
-6.58658
-6.54879
-6.52135
-6.50217
-6.48528
-6.46332
-6.43598
-6.40621
-6.37411
-6.33879
-6.29963
-6.25648
-6.21002
-6.16284
-6.12004
-6.08277
-5.48815
-5.44864
-5.41969
-5.39832
-5.37731
-5.35168
-5.32308
-5.29321
-5.26143
-5.22683
-5.18889
-5.1475
-5.10335
-5.05884
-5.01852
-4.98284
-4.54539
-4.50604
-4.47709
-4.45435
-4.43021
-4.40233
-4.37328
-4.34353
-4.31217
-4.27841
-4.24182
-4.20235
-4.16067
-4.11906
-4.08152
-4.04778
-3.73813
-3.69974
-3.67105
-3.64735
-3.62174
-3.59317
-3.56414
-3.53467
-3.50386
-3.47106
-3.43593
-3.39847
-3.35936
-3.32073
-3.28608
-3.25433
-3.04856
-3.01199
-2.98381
-2.95829
-2.93078
-2.90209
-2.87366
-2.84491
-2.81501
-2.78345
-2.74996
-2.71459
-2.67802
-2.64224
-2.6103
-2.58032
-2.45647
-2.42225
-2.3947
-2.36742
-2.33844
-2.30989
-2.28197
-2.25384
-2.2248
-2.19442
-2.1625
-2.1291
-2.09488
-2.0617
-2.03222
-2.00379
-1.94594
-1.91361
-1.88662
-1.85924
-1.83047
-1.80239
-1.77494
-1.74737
-1.71911
-1.6898
-1.65931
-1.62769
-1.5956
-1.56477
-1.53751
-1.51046
-1.50473
-1.47387
-1.44629
-1.4182
-1.3899
-1.36258
-1.33583
-1.30901
-1.28164
-1.25346
-1.22437
-1.19445
-1.16431
-1.13559
-1.11035
-1.08451
-1.12092
-1.09148
-1.06315
-1.03427
-1.00641
-0.979768
-0.953676
-0.927563
-0.901062
-0.873954
-0.846152
-0.817753
-0.789338
-0.762456
-0.73896
-0.714133
-0.784015
-0.755482
-0.727365
-0.698851
-0.671571
-0.645434
-0.619835
-0.594302
-0.568531
-0.542339
-0.51566
-0.488588
-0.46167
-0.436373
-0.414412
-0.390439
-0.487459
-0.459291
-0.431304
-0.403333
-0.376635
-0.350993
-0.325881
-0.300909
-0.275821
-0.25047
-0.224805
-0.198919
-0.173324
-0.149414
-0.128812
-0.105572
-0.225234
-0.19673
-0.168431
-0.141075
-0.115076
-0.0900164
-0.0654514
-0.0410689
-0.0166603
0.00789393
0.0326271
0.0574495
0.0818786
0.104564
0.123903
0.146716
0.00792842
0.0365419
0.0650008
0.0919181
0.117429
0.142049
0.166161
0.19003
0.213834
0.237675
0.261576
0.285455
0.308863
0.330487
0.348698
0.371192
0.217005
0.245131
0.273071
0.299511
0.324648
0.348929
0.372676
0.396118
0.419412
0.442643
0.465827
0.488892
0.511423
0.532161
0.549447
0.571497
0.404436
0.43214
0.459653
0.48572
0.51054
0.534515
0.557931
0.580987
0.603822
0.626508
0.649056
0.671402
0.693164
0.713134
0.72962
0.751276
0.572922
0.600765
0.627795
0.653373
0.677813
0.701457
0.724537
0.747224
0.769635
0.791829
0.813811
0.835524
0.856614
0.875919
0.891695
0.913018
0.724753
0.752926
0.779609
0.804778
0.828872
0.852192
0.874937
0.897259
0.919264
0.940999
0.962463
0.983607
1.0041
1.02283
1.03798
1.05902
0.861823
0.889624
0.915926
0.940847
0.964744
0.987858
1.01037
1.03242
1.0541
1.07546
1.09649
1.11715
1.13715
1.15538
1.16998
1.19079
0.986775
1.01387
1.03961
1.06415
1.08774
1.11058
1.13281
1.15457
1.17593
1.19693
1.21757
1.23779
1.25734
1.27515
1.28926
1.30987
1.09925
1.12588
1.15119
1.17539
1.19869
1.22124
1.24321
1.26469
1.28576
1.30644
1.32672
1.34657
1.36573
1.38319
1.39688
1.41733
1.1991
1.22546
1.25061
1.27468
1.29784
1.32025
1.34205
1.36334
1.38419
1.40463
1.42463
1.44416
1.463
1.48016
1.49351
1.51382
1.28816
1.3143
1.3393
1.36326
1.38632
1.40863
1.43031
1.45146
1.47214
1.49237
1.51214
1.53142
1.54999
1.56692
1.57998
1.60018
1.36785
1.39374
1.41854
1.44235
1.46531
1.48752
1.50909
1.53012
1.55067
1.57073
1.59032
1.6094
1.62777
1.6445
1.65734
1.67746
1.43867
1.46441
1.4891
1.51282
1.53569
1.55782
1.57932
1.60026
1.6207
1.64066
1.66011
1.67904
1.69726
1.71387
1.72654
1.74661
1.50175
1.52741
1.55205
1.57574
1.59858
1.62067
1.64213
1.66302
1.6834
1.70328
1.72265
1.74149
1.75961
1.77614
1.78868
1.80871
1.55796
1.58358
1.60821
1.63191
1.65476
1.67687
1.69832
1.71921
1.73956
1.75941
1.77874
1.79752
1.81558
1.83205
1.8445
1.8645
1.60729
1.63296
1.65765
1.68141
1.70432
1.72647
1.74797
1.76888
1.78926
1.80911
1.82843
1.84719
1.86522
1.88166
1.89405
1.91403
1.65036
1.67613
1.70091
1.72475
1.74773
1.76995
1.7915
1.81245
1.83286
1.85273
1.87206
1.89082
1.90884
1.92527
1.9376
1.95757
1.68719
1.71314
1.73808
1.76205
1.78514
1.80745
1.82907
1.85008
1.87054
1.89045
1.90981
1.92858
1.9466
1.96302
1.97529
1.99524
1.71789
1.74409
1.76923
1.79336
1.81659
1.83901
1.86072
1.88181
1.90232
1.92228
1.94166
1.96045
1.97847
1.99489
2.0071
2.02703
1.74247
1.76898
1.79436
1.81869
1.84207
1.86461
1.88642
1.90759
1.92816
1.94816
1.96758
1.98637
2.00438
2.02078
2.03291
2.05282
1.76093
1.78779
1.81346
1.83801
1.86156
1.88424
1.90615
1.9274
1.94803
1.96807
1.98749
2.00628
2.02426
2.04063
2.05264
2.07251
1.77335
1.80059
1.82654
1.85132
1.87505
1.89786
1.91988
1.94119
1.96187
1.98193
2.00135
2.02011
2.03803
2.05434
2.06619
2.08601
1.77988
1.8075
1.83376
1.85879
1.88271
1.90567
1.92779
1.94918
1.96989
1.98995
2.00934
2.02802
2.04585
2.06206
2.0737
2.09346
1.78117
1.80918
1.83574
1.86098
1.88506
1.90814
1.93033
1.95175
1.97245
1.99247
2.01177
2.03033
2.04802
2.06412
2.07551
2.0952
1.77749
1.80586
1.83269
1.85813
1.88234
1.90549
1.92771
1.94912
1.96977
1.98971
2.0089
2.0273
2.04481
2.06076
2.07185
2.09145
1.76891
1.79762
1.8247
1.85032
1.87466
1.89787
1.92012
1.9415
1.96209
1.98191
2.00094
2.01914
2.03643
2.0522
2.06293
2.08244
1.75619
1.78517
1.81246
1.83822
1.86264
1.8859
1.90812
1.92944
1.94992
1.96959
1.98841
2.00636
2.02337
2.03896
2.04927
2.06868
1.74001
1.76919
1.79662
1.82247
1.84692
1.87017
1.89234
1.91355
1.93388
1.95335
1.97193
1.98958
2.00628
2.02168
2.0315
2.05082
1.72108
1.75036
1.77785
1.80371
1.82815
1.85134
1.87341
1.89447
1.91461
1.93385
1.95214
1.96945
1.98579
2.001
2.01028
2.0295
1.70015
1.72944
1.75691
1.78273
1.80709
1.83016
1.85207
1.87294
1.89283
1.91177
1.92972
1.94662
1.96256
1.97763
1.98629
2.00545
1.67799
1.70721
1.73459
1.7603
1.78453
1.80743
1.82913
1.84975
1.86935
1.88795
1.9055
1.92196
1.93745
1.95242
1.96043
1.97956
1.65511
1.68419
1.71143
1.737
1.76107
1.78379
1.80528
1.82565
1.84495
1.86323
1.88041
1.89643
1.91145
1.92649
1.93366
1.95288
1.63199
1.66087
1.68793
1.71334
1.73724
1.75979
1.78108
1.80122
1.82026
1.83825
1.85514
1.87075
1.8852
1.90067
1.907
1.92618
1.60876
1.63738
1.6642
1.68938
1.71307
1.7354
1.75645
1.77633
1.79508
1.81277
1.82939
1.84469
1.858
1.87463
1.87983
1.89927
1.58543
1.61371
1.64024
1.66516
1.68859
1.71066
1.73146
1.75106
1.76952
1.78687
1.80315
1.81829
1.83161
1.84623
1.85256
1.87151
1.56206
1.58998
1.61618
1.6408
1.66397
1.68578
1.70631
1.72564
1.74383
1.7609
1.77683
1.79156
1.80504
1.819
1.82596
1.84429
1.53867
1.56625
1.59218
1.61654
1.63946
1.66101
1.6813
1.70039
1.71833
1.73513
1.75074
1.76512
1.77868
1.7923
1.79899
1.81714
1.51534
1.54261
1.5683
1.59244
1.61513
1.63648
1.65657
1.67545
1.69316
1.70969
1.72506
1.73945
1.75289
1.76589
1.77256
1.79046
1.49193
1.51893
1.54443
1.5684
1.59094
1.61214
1.63208
1.65079
1.66831
1.68472
1.70014
1.71438
1.72746
1.74009
1.7467
1.76439
1.46811
1.49488
1.52017
1.54405
1.56651
1.58764
1.60748
1.62611
1.64364
1.66012
1.67533
1.68921
1.70204
1.71438
1.72087
1.7384
1.44346
1.47017
1.49536
1.51913
1.54155
1.56262
1.58244
1.60111
1.6186
1.63479
1.64967
1.66329
1.67587
1.6879
1.69425
1.71165
1.41792
1.44462
1.46977
1.49343
1.51572
1.53673
1.55647
1.57493
1.5921
1.608
1.6226
1.6359
1.64816
1.65987
1.66605
1.68337
1.39157
1.41811
1.44309
1.46656
1.48863
1.50935
1.52879
1.54695
1.56382
1.57936
1.59355
1.60642
1.6183
1.62974
1.63575
1.65308
1.36415
1.39034
1.41498
1.43813
1.45989
1.48029
1.49938
1.51713
1.53352
1.54852
1.56214
1.57447
1.58594
1.59721
1.60307
1.62056
1.33585
1.3616
1.38582
1.40858
1.42995
1.44994
1.46853
1.48568
1.5014
1.51572
1.52869
1.5405
1.55163
1.5629
1.56865
1.5864
1.3071
1.33232
1.35605
1.37834
1.39918
1.41857
1.43645
1.45285
1.4678
1.48141
1.49382
1.50523
1.51613
1.5277
1.53323
1.5515
1.27794
1.3025
1.3256
1.34722
1.36732
1.38589
1.40293
1.4185
1.43273
1.44577
1.45779
1.46898
1.47981
1.49191
1.49736
1.51582
1.2482
1.27184
1.29402
1.3147
1.33385
1.35149
1.36766
1.3825
1.39615
1.4088
1.42067
1.43185
1.44258
1.45571
1.46076
1.47968
1.21735
1.23979
1.26082
1.28041
1.29856
1.31534
1.33081
1.3451
1.35843
1.371
1.38303
1.39447
1.40494
1.41905
1.42345
1.44279
1.1835
1.20474
1.22468
1.24332
1.26065
1.27674
1.29179
1.30594
1.31929
1.33203
1.34439
1.35647
1.36717
1.38166
1.38694
1.40605
1.14639
1.16664
1.18564
1.20352
1.22047
1.23649
1.2516
1.26594
1.27965
1.29282
1.30554
1.31791
1.32981
1.34329
1.34927
1.36828
1.10698
1.12648
1.14532
1.16329
1.18031
1.19649
1.21197
1.2268
1.24106
1.25482
1.26815
1.28102
1.29317
1.3064
1.313
1.3319
1.06783
1.08793
1.10695
1.12513
1.14258
1.15933
1.17543
1.19093
1.2059
1.22032
1.23383
1.24645
1.25883
1.27232
1.2792
1.2981
1.03173
1.05213
1.07174
1.09062
1.10879
1.12627
1.14302
1.15888
1.17365
1.18765
1.20142
1.21486
1.22786
1.24147
1.24855
1.26744
0.996506
1.01805
1.03864
1.0583
1.07692
1.09422
1.11046
1.12624
1.14181
1.15699
1.17156
1.18547
1.19883
1.21265
1.21982
1.23873
0.961534
0.983873
1.0048
1.0243
1.04282
1.06101
1.07878
1.09585
1.11226
1.12802
1.14309
1.15739
1.17104
1.18508
1.19221
1.21112
0.925238
0.947948
0.969513
0.990451
1.01067
1.03003
1.04857
1.06633
1.08336
1.09967
1.11519
1.12982
1.14364
1.15792
1.16486
1.18377
0.888378
0.912696
0.935962
0.958099
0.97916
0.999236
1.01842
1.03677
1.05432
1.07106
1.08691
1.10172
1.11553
1.13008
1.1366
1.15551
0.852739
0.878317
0.902484
0.925366
0.947098
0.967788
0.987515
1.00633
1.02425
1.04128
1.05732
1.07215
1.0857
1.1006
1.10653
1.12566
0.816848
0.843178
0.868009
0.891484
0.913731
0.934865
0.954979
0.97411
0.992243
1.00936
1.02543
1.04019
1.05309
1.0686
1.07362
1.0928
0.780259
0.807037
0.832279
0.856142
0.878746
0.900157
0.920416
0.939565
0.957605
0.974511
0.99035
1.00518
1.01681
1.03373
1.03782
1.05737
0.741639
0.768861
0.794456
0.818525
0.841222
0.86267
0.882917
0.901962
0.919799
0.936422
0.951847
0.966183
0.978391
0.993171
0.998551
1.0175
0.700853
0.727937
0.75344
0.777476
0.800099
0.821363
0.841329
0.860035
0.877506
0.893745
0.90876
0.922566
0.935251
0.949536
0.954983
0.973775
0.65706
0.684164
0.709603
0.733468
0.755854
0.776835
0.79647
0.814796
0.831837
0.847649
0.862533
0.876468
0.889065
0.902833
0.908407
0.927098
0.613674
0.640074
0.66486
0.688142
0.710012
0.730529
0.749729
0.767658
0.784451
0.800362
0.815157
0.828639
0.840981
0.854608
0.860257
0.878928
0.568963
0.594728
0.61904
0.641922
0.663396
0.683493
0.702306
0.720153
0.737026
0.75262
0.766974
0.780219
0.792438
0.806056
0.811641
0.830338
0.523382
0.548665
0.57249
0.594907
0.615986
0.63596
0.654944
0.672616
0.688957
0.704205
0.71845
0.731669
0.743849
0.757606
0.763182
0.781949
0.477145
0.502248
0.525918
0.548174
0.569264
0.58916
0.607674
0.624929
0.64108
0.656218
0.670391
0.68355
0.695593
0.709543
0.714968
0.733819
0.43074
0.455493
0.478914
0.50109
0.521903
0.541325
0.559537
0.576653
0.592734
0.607856
0.622082
0.635341
0.647369
0.661631
0.666948
0.68588
0.384151
0.408462
0.431479
0.45323
0.473741
0.493046
0.511217
0.528302
0.544348
0.559429
0.57363
0.586889
0.598684
0.613294
0.618388
0.637414
0.337599
0.361262
0.383713
0.404989
0.425131
0.444238
0.462359
0.479477
0.495599
0.510774
0.525096
0.538533
0.550027
0.565195
0.569825
0.589011
0.290866
0.3138
0.335587
0.356247
0.375871
0.394496
0.412138
0.428876
0.444747
0.459757
0.473996
0.487699
0.498382
0.514505
0.51884
0.538206
0.244784
0.266749
0.287759
0.307817
0.326865
0.344891
0.361956
0.378128
0.39355
0.408251
0.421881
0.436413
0.446041
0.46196
0.466326
0.485582
0.195556
0.215643
0.234926
0.253438
0.271193
0.288209
0.304546
0.320269
0.335324
0.349594
0.362994
0.375744
0.387136
0.401235
0.40676
0.425614
0.146254
0.163752
0.180807
0.197392
0.213496
0.229151
0.244418
0.2593
0.273648
0.287366
0.30053
0.313188
0.325103
0.338692
0.34485
0.363471
0.0827504
0.0940275
0.10519
0.11632
0.127471
0.138682
0.149964
0.161218
0.172322
0.183256
0.194046
0.20465
0.214933
0.22692
0.232752
0.251193
0.042173
0.0497997
0.0576922
0.0657636
0.073978
0.0824156
0.0910959
0.0998839
0.108712
0.117612
0.126616
0.135731
0.144962
0.154741
0.163126
0.175539
)
;

boundaryField
{
    frontAndBack
    {
        type            empty;
    }
    inlet
    {
        type            zeroGradient;
    }
    outlet
    {
        type            fixedValue;
        value           uniform 0;
    }
    walls
    {
        type            zeroGradient;
    }
}


// ************************************************************************* //
