/*--------------------------------*- C++ -*----------------------------------*\
| =========                 |                                                 |
| \\      /  F ield         | OpenFOAM: The Open Source CFD Toolbox           |
|  \\    /   O peration     | Version:  v2012                                 |
|   \\  /    A nd           | Website:  www.openfoam.com                      |
|    \\/     M anipulation  |                                                 |
\*---------------------------------------------------------------------------*/
FoamFile
{
    version     2.0;
    format      ascii;
    class       volScalarField;
    location    "0.001";
    object      p;
}
// * * * * * * * * * * * * * * * * * * * * * * * * * * * * * * * * * * * * * //

dimensions      [0 2 -2 0 0 0 0];


internalField   nonuniform List<scalar> 
1900
(
-369.255
-369.198
-376.063
-380.443
-376.82
-375.595
-381.494
-392.78
-415.315
-471.233
-369.457
-369.245
-376.072
-380.465
-376.703
-375.209
-380.735
-390.189
-408.356
-430.794
-369.573
-369.227
-376.011
-380.405
-376.422
-374.461
-379.054
-386.118
-396.485
-402.495
-369.629
-369.213
-375.954
-380.326
-376.029
-373.46
-376.87
-381.161
-385.003
-380.982
-369.643
-369.19
-375.882
-380.21
-375.541
-372.315
-374.464
-376.17
-374.605
-363.178
-369.623
-369.157
-375.806
-380.082
-375.017
-371.157
-372.132
-371.542
-365.628
-348.964
-369.57
-369.12
-375.737
-379.96
-374.507
-370.119
-370.067
-367.552
-358.333
-337.97
-369.481
-369.092
-375.684
-379.8
-374.095
-369.319
-368.408
-364.397
-352.811
-329.915
-369.341
-369.095
-375.685
-379.65
-373.823
-368.797
-367.259
-362.215
-349.096
-324.589
-369.121
-369.088
-375.708
-379.578
-373.684
-368.556
-366.703
-361.134
-347.282
-321.995
-581.261
-210.506
-69.6212
-23.0364
-0.282014
8.19066
10.4851
10.8371
10.9598
11.0731
11.0948
11.0465
10.9668
10.8699
10.7612
10.645
10.5246
10.4017
10.2775
10.1526
10.0273
9.90181
9.77623
9.65062
9.525
9.39934
9.27369
9.14803
9.02238
8.89673
8.77108
8.64541
8.51976
8.39412
8.26846
8.1428
8.01716
7.89152
7.76587
7.64021
7.51457
7.38893
7.26328
7.13763
7.01199
6.88636
6.76072
6.63508
6.50944
6.3838
6.25816
6.13251
6.00688
5.88125
5.75562
5.62999
5.50435
5.37872
5.25309
5.12745
5.00182
4.8762
4.75058
4.62495
4.49933
4.3737
4.24807
4.12245
3.99683
3.8712
3.74558
3.61997
3.49435
3.36874
3.24312
3.1175
2.99189
2.86628
2.74066
2.61504
2.48942
2.36381
2.2382
2.11261
1.98701
1.8614
1.73577
1.61014
1.48452
1.35891
1.23328
1.1076
0.981807
0.85584
0.729553
0.602665
0.474592
0.344466
0.210274
0.0732486
-480.208
-220.184
-77.4734
-32.9399
-8.26978
3.6181
8.06105
9.55223
10.2829
10.7116
10.8953
10.9307
10.8941
10.8192
10.7219
10.6117
10.4944
10.3731
10.2498
10.1253
10.0003
9.87496
9.74946
9.62389
9.49827
9.37263
9.24699
9.12134
8.99567
8.87003
8.74438
8.61871
8.49306
8.36743
8.24177
8.1161
7.99046
7.86482
7.73917
7.61351
7.48787
7.36224
7.23657
7.11094
6.98529
6.85966
6.73402
6.60838
6.48274
6.3571
6.23145
6.10581
5.98018
5.85456
5.72892
5.60329
5.47765
5.35202
5.22639
5.10076
4.97513
4.8495
4.72388
4.59826
4.47263
4.347
4.22138
4.09575
3.97013
3.84451
3.71888
3.59327
3.46765
3.34204
3.21642
3.0908
2.96519
2.83958
2.71396
2.58835
2.46273
2.33711
2.21151
2.08591
1.96031
1.8347
1.70908
1.58345
1.45784
1.33225
1.20665
1.08102
0.955352
0.829613
0.703768
0.577731
0.451304
0.324183
0.195713
0.0662587
-418.102
-225.598
-84.884
-40.3692
-14.996
-0.602752
5.7246
8.2855
9.59979
10.3377
10.6855
10.8086
10.8178
10.7666
10.6816
10.5779
10.4639
10.3445
10.2221
10.0981
9.97333
9.84812
9.72269
9.59715
9.47155
9.34593
9.22029
9.09463
8.96898
8.84333
8.71769
8.59202
8.46637
8.34073
8.21507
8.08941
7.96377
7.83813
7.71248
7.58682
7.46117
7.33554
7.20988
7.08424
6.9586
6.83296
6.70732
6.58168
6.45604
6.3304
6.20475
6.07911
5.95348
5.82785
5.70222
5.57659
5.45095
5.32532
5.19969
5.07406
4.94843
4.82281
4.69718
4.57155
4.44593
4.3203
4.19468
4.06906
3.94343
3.81781
3.69219
3.56657
3.44095
3.31534
3.18972
3.0641
2.93849
2.81288
2.68727
2.56165
2.43603
2.31041
2.18481
2.05921
1.93362
1.808
1.68238
1.55676
1.43116
1.30558
1.18001
1.05445
0.9289
0.803397
0.678004
0.552834
0.428079
0.304007
0.181283
0.0594066
-370.885
-222.533
-92.4717
-46.6084
-20.7338
-4.47221
3.50495
7.07327
8.93937
9.97024
10.4769
10.6865
10.7414
10.7139
10.6413
10.5441
10.4335
10.3158
10.1944
10.0709
9.94635
9.82128
9.69591
9.57041
9.44483
9.31921
9.19359
9.06794
8.94228
8.81663
8.69099
8.56533
8.43967
8.31403
8.18837
8.06271
7.93708
7.81143
7.68578
7.56013
7.43448
7.30885
7.18319
7.05754
6.9319
6.80626
6.68062
6.55498
6.42934
6.30369
6.17805
6.05241
5.92678
5.80115
5.67552
5.54989
5.42425
5.29862
5.173
5.04737
4.92174
4.79611
4.67048
4.54485
4.41923
4.2936
4.16798
4.04236
3.91674
3.79111
3.66549
3.53988
3.41425
3.28863
3.16301
3.0374
2.91179
2.78618
2.66057
2.53495
2.40933
2.28372
2.15812
2.03252
1.90692
1.78131
1.65569
1.53008
1.40449
1.27892
1.15338
1.02787
0.902443
0.77717
0.652222
0.527904
0.404793
0.283725
0.166718
0.0524057
-337.716
-218.139
-99.9218
-51.7334
-25.3548
-7.83597
1.49285
5.96349
8.32544
9.62127
10.2761
10.568
10.6667
10.662
10.6014
10.5104
10.4032
10.2873
10.1667
10.0437
9.91939
9.79444
9.66914
9.54368
9.41812
9.29251
9.16689
9.04124
8.91559
8.78993
8.66429
8.53863
8.41297
8.28734
8.16168
8.03602
7.91038
7.78473
7.65909
7.53344
7.40779
7.28215
7.1565
7.03085
6.9052
6.77956
6.65392
6.52828
6.40264
6.27699
6.15135
6.02571
5.90008
5.77445
5.64882
5.52319
5.39756
5.27193
5.1463
5.02068
4.89505
4.76941
4.64378
4.51815
4.39253
4.26691
4.14128
4.01566
3.89004
3.76442
3.6388
3.51318
3.38756
3.26193
3.13632
3.0107
2.88509
2.75948
2.63387
2.50825
2.38263
2.25703
2.13142
2.00582
1.88022
1.75461
1.629
1.50339
1.37781
1.25225
1.12674
1.00129
0.875974
0.750918
0.626388
0.502872
0.381323
0.263125
0.151741
0.044946
-314.394
-212.226
-105.506
-55.7542
-29.0159
-10.708
-0.288414
4.97624
7.77308
9.30212
10.0904
10.4572
10.5958
10.6121
10.5625
10.4774
10.3732
10.2588
10.1391
10.0165
9.89243
9.7676
9.64235
9.51692
9.39138
9.26577
9.14015
9.01451
8.88887
8.76321
8.63756
8.51191
8.38625
8.26061
8.13495
8.0093
7.88366
7.75801
7.63236
7.50672
7.38106
7.25543
7.12977
7.00412
6.87847
6.75283
6.62719
6.50155
6.37591
6.25026
6.12462
5.99899
5.87336
5.74773
5.62209
5.49646
5.37083
5.2452
5.11958
4.99395
4.86832
4.74269
4.61706
4.49143
4.3658
4.24018
4.11456
3.98894
3.86332
3.7377
3.61208
3.48646
3.36083
3.23521
3.10959
2.98398
2.85837
2.73276
2.60714
2.48152
2.35591
2.2303
2.1047
1.9791
1.85349
1.72788
1.60227
1.47667
1.3511
1.22556
1.10007
0.974672
0.849453
0.724592
0.600438
0.477646
0.357516
0.241954
0.136016
0.0366269
-298.048
-206.707
-109.765
-59.0482
-31.8654
-13.054
-1.78116
4.14589
7.3027
9.02572
9.92717
10.358
10.531
10.5653
10.5253
10.4452
10.3437
10.2308
10.1118
9.98966
9.86581
9.74109
9.6159
9.49049
9.36498
9.23938
9.11376
8.98813
8.86249
8.73683
8.61118
8.48553
8.35987
8.23423
8.10857
7.98292
7.85728
7.73163
7.60598
7.48034
7.35469
7.22905
7.10339
6.97774
6.85209
6.72645
6.60081
6.47517
6.34953
6.22388
6.09824
5.9726
5.84697
5.72134
5.59571
5.47007
5.34445
5.21882
5.0932
4.96757
4.84194
4.71631
4.59067
4.46504
4.33942
4.2138
4.08817
3.96255
3.83693
3.71132
3.5857
3.46007
3.33445
3.20882
3.0832
2.95759
2.83198
2.70637
2.58076
2.45514
2.32953
2.20392
2.07832
1.95272
1.82711
1.7015
1.57589
1.4503
1.32473
1.1992
1.07373
0.948377
0.823242
0.698545
0.574708
0.452525
0.333608
0.220325
0.119502
0.0272257
-286.821
-202.089
-112.706
-61.622
-33.9986
-14.8775
-2.96271
3.48571
6.92431
8.79983
9.79109
10.2729
10.4731
10.5218
10.4892
10.4129
10.3132
10.2011
10.0825
9.96044
9.83665
9.71195
9.58678
9.46137
9.33586
9.21027
9.08464
8.959
8.83337
8.70771
8.58206
8.45641
8.33075
8.2051
8.07945
7.9538
7.82816
7.70251
7.57686
7.45122
7.32557
7.19993
7.07427
6.94862
6.82296
6.69732
6.57168
6.44604
6.3204
6.19476
6.06912
5.94348
5.81785
5.69222
5.56659
5.44095
5.31533
5.1897
5.06408
4.93845
4.81282
4.68718
4.56155
4.43592
4.3103
4.18468
4.05905
3.93343
3.80781
3.6822
3.55658
3.43095
3.30533
3.1797
3.05408
2.92847
2.80286
2.67725
2.55163
2.42602
2.30041
2.1748
2.0492
1.9236
1.79799
1.67238
1.54677
1.42118
1.29562
1.1701
1.04466
0.919345
0.794293
0.669757
0.546229
0.424628
0.306845
0.195617
0.099636
0.0144164
-279.548
-198.284
-114.013
-63.104
-35.2811
-16.0682
-3.75526
3.03724
6.66253
8.64041
9.69298
10.2102
10.4299
10.4894
10.4629
10.3902
10.2926
10.1816
10.0636
9.94191
9.8183
9.69369
9.56859
9.4432
9.3177
9.19213
9.0665
8.94086
8.81524
8.68957
8.56391
8.43828
8.31261
8.18697
8.06132
7.93566
7.81002
7.68437
7.55872
7.43308
7.30744
7.18179
7.05614
6.93048
6.80483
6.67919
6.55355
6.42791
6.30226
6.17662
6.05098
5.92534
5.79971
5.67408
5.54845
5.42281
5.29719
5.17156
5.04594
4.92032
4.79468
4.66905
4.54341
4.41778
4.29216
4.16654
4.04092
3.9153
3.78968
3.66406
3.53844
3.41281
3.28719
3.16156
3.03594
2.91033
2.78472
2.65911
2.5335
2.40788
2.28227
2.15666
2.03106
1.90546
1.77985
1.65425
1.52864
1.40305
1.27748
1.15196
1.02652
0.901219
0.776181
0.65167
0.528193
0.406706
0.289228
0.178747
0.0857256
0.00439372
-276.102
-196.703
-115.081
-64.1774
-36.1062
-16.7797
-4.22101
2.76609
6.49469
8.52785
9.61218
10.147
10.376
10.4405
10.4166
10.3452
10.2482
10.1376
10.0197
9.89807
9.7745
9.6499
9.5248
9.39942
9.27391
9.14834
9.02272
8.89708
8.77145
8.64579
8.52013
8.39449
8.26883
8.14318
8.01754
7.89188
7.76624
7.64059
7.51494
7.3893
7.26365
7.13801
7.01235
6.8867
6.76104
6.6354
6.50976
6.38412
6.25848
6.13284
6.0072
5.88156
5.75593
5.6303
5.50466
5.37903
5.2534
5.12778
5.00216
4.87653
4.7509
4.62526
4.49963
4.374
4.24838
4.12276
3.99713
3.87151
3.7459
3.62028
3.49466
3.36903
3.2434
3.11778
2.99216
2.86655
2.74094
2.61533
2.48971
2.3641
2.23849
2.11288
1.98728
1.86168
1.73607
1.61046
1.48486
1.35927
1.23371
1.1082
0.982769
0.85749
0.732504
0.608092
0.484806
0.363673
0.246892
0.137557
0.0484286
-0.0263182
-649.924
-571.194
-525.376
-517.369
-496.971
-469.906
-443.092
-428.239
-210.96
-235.698
-288.564
-307.602
-288.379
-261.02
-240.97
-230.864
-63.3068
-58.5447
-56.614
-53.6168
-45.2301
-34.7157
-26.8744
-23.3572
-11.5669
1.31993
15.5589
27.6208
36.8591
43.9363
48.6568
51.1026
7.99775
16.1131
24.1719
31.0606
36.7262
40.879
43.4863
44.7766
12.4765
16.3789
20.1869
23.4707
26.0982
28.0125
29.2495
29.8839
12.6401
14.5019
16.2554
17.7334
18.9184
19.8161
20.4196
20.7444
11.9534
12.878
13.7165
14.4253
15.008
15.4546
15.7542
15.9226
11.5385
12.004
12.4233
12.7835
13.0803
13.3066
13.4595
13.5541
11.3768
11.6153
11.8295
12.0134
12.1649
12.2824
12.3643
12.4243
11.2604
11.3886
11.5034
11.6025
11.6856
11.7526
11.8014
11.8456
11.1425
11.2171
11.2848
11.3444
11.3959
11.4395
11.4727
11.5099
11.0276
11.0755
11.1199
11.1602
11.1963
11.2286
11.2538
11.2882
10.9126
10.9471
10.9797
11.0102
11.0385
11.0652
11.0861
11.1192
10.7947
10.8222
10.8489
10.8744
10.8988
10.9227
10.9409
10.9736
10.6737
10.6978
10.7213
10.7443
10.7666
10.7892
10.8056
10.8382
10.5508
10.5729
10.5948
10.6164
10.6376
10.6596
10.675
10.7076
10.4265
10.4477
10.4687
10.4896
10.5102
10.532
10.5466
10.5793
10.3016
10.3222
10.3428
10.3633
10.3835
10.4053
10.4195
10.4522
10.1763
10.1967
10.217
10.2373
10.2573
10.2791
10.293
10.3258
10.0509
10.0711
10.0912
10.1114
10.1313
10.1531
10.1669
10.1997
9.92528
9.9454
9.9655
9.98561
10.0055
10.0273
10.041
10.0738
9.79965
9.81972
9.83979
9.85986
9.87969
9.90151
9.91519
9.94798
9.67402
9.69407
9.71411
9.73417
9.75398
9.7758
9.78946
9.82226
9.54838
9.56841
9.58844
9.60849
9.62829
9.65012
9.66377
9.69656
9.42271
9.44274
9.46277
9.48282
9.50262
9.52444
9.53809
9.57088
9.29705
9.31708
9.33711
9.35716
9.37696
9.39878
9.41242
9.44522
9.1714
9.19142
9.21144
9.23149
9.25128
9.2731
9.28674
9.31954
9.04574
9.06577
9.08579
9.10583
9.12562
9.14745
9.16108
9.19388
8.92009
8.94011
8.96014
8.98018
8.99998
9.0218
9.03544
9.06823
8.79443
8.81445
8.83447
8.85452
8.8743
8.89613
8.90976
8.94256
8.66877
8.68879
8.70881
8.72885
8.74864
8.77047
8.7841
8.8169
8.54312
8.56314
8.58316
8.6032
8.62299
8.64481
8.65845
8.69125
8.41748
8.4375
8.45752
8.47756
8.49735
8.51917
8.5328
8.5656
8.29183
8.31185
8.33187
8.35191
8.3717
8.39352
8.40716
8.43995
8.16616
8.18618
8.2062
8.22624
8.24603
8.26785
8.28149
8.31429
8.04051
8.06053
8.08055
8.10059
8.12037
8.14219
8.15583
8.18863
7.91489
7.93491
7.95493
7.97497
7.99475
8.01658
8.03021
8.06301
7.78923
7.80925
7.82927
7.84932
7.86911
7.89093
7.90457
7.93737
7.66357
7.68359
7.70361
7.72365
7.74344
7.76526
7.7789
7.8117
7.53793
7.55795
7.57798
7.59802
7.61781
7.63963
7.65326
7.68606
7.41228
7.4323
7.45233
7.47238
7.49217
7.514
7.52763
7.56043
7.28664
7.30666
7.32669
7.34673
7.36652
7.38835
7.40198
7.43478
7.16098
7.18101
7.20103
7.22108
7.24086
7.26269
7.27632
7.30912
7.03536
7.05538
7.0754
7.09545
7.11523
7.13706
7.15069
7.18349
6.90972
6.92974
6.94976
6.9698
6.98959
7.01142
7.02505
7.05785
6.78408
6.8041
6.82412
6.84417
6.86396
6.88578
6.89942
6.93222
6.65844
6.67846
6.69849
6.71853
6.73832
6.76015
6.77378
6.80658
6.5328
6.55283
6.57285
6.59289
6.61268
6.63451
6.64814
6.68094
6.40716
6.42719
6.44721
6.46725
6.48704
6.50886
6.5225
6.5553
6.28152
6.30155
6.32157
6.34162
6.36141
6.38323
6.39687
6.42967
6.15587
6.1759
6.19593
6.21598
6.23578
6.2576
6.27124
6.30404
6.03024
6.05027
6.0703
6.09034
6.11014
6.13196
6.1456
6.1784
5.90462
5.92464
5.94466
5.96471
5.9845
6.00632
6.01995
6.05275
5.77899
5.79901
5.81903
5.83907
5.85885
5.88068
5.89431
5.92711
5.65335
5.67337
5.69339
5.71343
5.73322
5.75504
5.76868
5.80148
5.52771
5.54773
5.56775
5.5878
5.60759
5.62941
5.64305
5.67585
5.40208
5.4221
5.44212
5.46217
5.48196
5.50379
5.51742
5.55022
5.27645
5.29647
5.31649
5.33654
5.35633
5.37815
5.39179
5.42459
5.15081
5.17084
5.19086
5.2109
5.23069
5.25252
5.26615
5.29895
5.02518
5.0452
5.06523
5.08527
5.10506
5.12688
5.14052
5.17331
4.89956
4.91958
4.9396
4.95964
4.97943
5.00125
5.01489
5.04769
4.77394
4.79396
4.81398
4.83402
4.85381
4.87564
4.88927
4.92207
4.64831
4.66834
4.68836
4.7084
4.72819
4.75002
4.76366
4.79645
4.52269
4.54271
4.56274
4.58278
4.60257
4.6244
4.63803
4.67083
4.39706
4.41709
4.43711
4.45715
4.47694
4.49877
4.5124
4.5452
4.27143
4.29146
4.31148
4.33152
4.35131
4.37314
4.38677
4.41957
4.14581
4.16583
4.18585
4.20589
4.22568
4.24751
4.26114
4.29394
4.02019
4.04021
4.06023
4.08027
4.10006
4.12188
4.13552
4.16832
3.89456
3.91458
3.93461
3.95465
3.97444
3.99626
4.0099
4.04269
3.76894
3.78896
3.80899
3.82903
3.84882
3.87065
3.88428
3.91708
3.64333
3.66335
3.68337
3.70342
3.72321
3.74503
3.75867
3.79146
3.51771
3.53774
3.55776
3.5778
3.59759
3.61942
3.63305
3.66585
3.3921
3.41212
3.43214
3.45219
3.47198
3.4938
3.50744
3.54023
3.26648
3.2865
3.30653
3.32657
3.34636
3.36818
3.38182
3.41462
3.14086
3.16089
3.18091
3.20095
3.22075
3.24257
3.25621
3.289
3.01525
3.03527
3.0553
3.07534
3.09513
3.11696
3.13059
3.16339
2.88964
2.90966
2.92968
2.94973
2.96952
2.99134
3.00498
3.03778
2.76402
2.78405
2.80407
2.82411
2.8439
2.86572
2.87936
2.91216
2.63841
2.65843
2.67845
2.69849
2.71828
2.7401
2.75374
2.78654
2.51278
2.5328
2.55283
2.57287
2.59266
2.61448
2.62812
2.66092
2.38717
2.40719
2.42721
2.44726
2.46705
2.48887
2.50251
2.53531
2.26156
2.28159
2.30161
2.32165
2.34145
2.36327
2.37691
2.4097
2.13597
2.15599
2.17601
2.19606
2.21585
2.23767
2.25131
2.2841
2.01037
2.03039
2.05041
2.07045
2.09024
2.11206
2.1257
2.1585
1.88476
1.90478
1.92479
1.94484
1.96462
1.98645
2.00008
2.03288
1.75913
1.77915
1.79917
1.81921
1.83899
1.86082
1.87445
1.90725
1.63349
1.65351
1.67353
1.69357
1.71336
1.73518
1.74882
1.78161
1.50787
1.52789
1.5479
1.56794
1.58772
1.60954
1.62317
1.65597
1.38224
1.40225
1.42225
1.44228
1.46206
1.48387
1.4975
1.53029
1.25659
1.27657
1.29655
1.31656
1.33633
1.35812
1.37176
1.40454
1.13086
1.15079
1.17074
1.19072
1.21045
1.23223
1.24586
1.27862
1.00497
1.02483
1.04471
1.06462
1.08431
1.10603
1.11966
1.15239
0.878812
0.898527
0.918271
0.938073
0.957665
0.979297
0.992906
1.02559
0.752161
0.771588
0.791075
0.810652
0.83006
0.851515
0.865097
0.897672
0.624574
0.643445
0.662429
0.68157
0.700623
0.721742
0.735265
0.767638
0.495138
0.512916
0.530905
0.549174
0.567505
0.587959
0.601324
0.633297
0.362506
0.378261
0.394396
0.411028
0.427996
0.447249
0.460239
0.491573
0.223394
0.235027
0.247182
0.260045
0.273564
0.289634
0.300827
0.329793
0.0797843
0.0858436
0.0925392
0.100138
0.108751
0.1201
0.129002
0.153942
)
;

boundaryField
{
    frontAndBack
    {
        type            empty;
    }
    inlet
    {
        type            zeroGradient;
    }
    outlet
    {
        type            fixedValue;
        value           uniform 0;
    }
    walls
    {
        type            zeroGradient;
    }
}


// ************************************************************************* //
