/*--------------------------------*- C++ -*----------------------------------*\
| =========                 |                                                 |
| \\      /  F ield         | OpenFOAM: The Open Source CFD Toolbox           |
|  \\    /   O peration     | Version:  v2012                                 |
|   \\  /    A nd           | Website:  www.openfoam.com                      |
|    \\/     M anipulation  |                                                 |
\*---------------------------------------------------------------------------*/
FoamFile
{
    version     2.0;
    format      ascii;
    class       volScalarField;
    location    "0.121";
    object      p;
}
// * * * * * * * * * * * * * * * * * * * * * * * * * * * * * * * * * * * * * //

dimensions      [0 2 -2 0 0 0 0];


internalField   nonuniform List<scalar> 
5600
(
-1.03003
-1.48817
-1.86854
-2.18713
-2.49804
-2.80831
-3.1096
-3.3913
-3.65443
-3.90456
-4.14113
-4.36579
-4.58025
-4.78651
-4.98675
-5.18253
-5.37492
-5.56455
-5.75174
-5.93668
-6.11946
-6.29982
-6.47748
-6.6539
-6.82854
-7.00233
-7.1743
-7.34578
-7.51639
-7.68666
-7.85643
-8.02544
-8.19355
-8.36138
-8.52855
-8.69529
-8.86119
-9.02669
-9.19165
-9.35564
-9.51987
-9.6818
-9.84549
-10.0058
-10.1681
-10.3284
-10.4891
-10.6494
-10.8072
-10.9679
-11.1232
-11.284
-11.4397
-11.5977
-11.755
-11.9093
-12.0673
-12.219
-12.3771
-12.5285
-12.6845
-12.837
-12.9905
-13.1458
-13.2964
-13.4543
-13.602
-13.7597
-13.9081
-14.062
-14.2132
-14.3598
-14.515
-14.6569
-14.8127
-14.9545
-15.1071
-15.2537
-15.3989
-15.5521
-15.6927
-15.8469
-15.9894
-16.14
-16.2873
-16.4319
-16.5847
-16.7269
-16.8806
-17.0241
-17.1726
-17.3225
-17.4669
-17.619
-17.764
-17.9167
-18.062
-18.2161
-18.3695
-18.5697
-1.08907
-1.50835
-1.88515
-2.20495
-2.51603
-2.82664
-3.12786
-3.40982
-3.6733
-3.92348
-4.16027
-4.38523
-4.60004
-4.80667
-5.00726
-5.20336
-5.39604
-5.58592
-5.77327
-5.95829
-6.14128
-6.32175
-6.49947
-6.676
-6.85077
-7.02469
-7.19676
-7.36832
-7.53903
-7.70938
-7.87925
-8.04832
-8.21646
-8.38431
-8.55153
-8.71829
-8.88424
-9.04975
-9.21477
-9.37875
-9.54305
-9.70498
-9.86874
-10.029
-10.1914
-10.3518
-10.5123
-10.6728
-10.8304
-10.9913
-11.1464
-11.3073
-11.4631
-11.6209
-11.7785
-11.9324
-12.0907
-12.2421
-12.4004
-12.5518
-12.7075
-12.8605
-13.0135
-13.1693
-13.3195
-13.4777
-13.6254
-13.7828
-13.9319
-14.0849
-14.2369
-14.3828
-14.5385
-14.6803
-14.8356
-14.9784
-15.1296
-15.2776
-15.4217
-15.5754
-15.7161
-15.8697
-16.0135
-16.1624
-16.311
-16.4551
-16.6076
-16.7509
-16.9028
-17.0484
-17.1951
-17.3462
-17.4904
-17.6417
-17.7883
-17.9391
-18.0852
-18.2416
-18.3885
-18.5891
-1.12732
-1.52098
-1.8979
-2.21832
-2.52724
-2.83535
-3.13548
-3.41705
-3.68028
-3.93015
-4.16666
-4.39171
-4.60654
-4.81315
-5.01377
-5.20989
-5.4026
-5.59248
-5.77984
-5.96488
-6.14786
-6.32836
-6.50627
-6.68282
-6.85754
-7.0314
-7.20342
-7.37499
-7.54557
-7.71591
-7.88569
-8.05468
-8.2229
-8.39076
-8.55796
-8.72469
-8.89063
-9.05609
-9.22108
-9.38502
-9.54927
-9.71112
-9.8748
-10.0351
-10.1973
-10.3578
-10.5182
-10.6788
-10.8363
-10.9972
-11.1525
-11.3132
-11.4692
-11.6269
-11.7845
-11.9385
-12.0968
-12.2484
-12.4066
-12.5583
-12.7139
-12.867
-13.0199
-13.1756
-13.3259
-13.4839
-13.6317
-13.7889
-13.9382
-14.0911
-14.2433
-14.3893
-14.5449
-14.687
-14.842
-14.9853
-15.1362
-15.2845
-15.4284
-15.5822
-15.723
-15.8761
-16.0204
-16.169
-16.3178
-16.4618
-16.6142
-16.7577
-16.9092
-17.0553
-17.2014
-17.353
-17.4967
-17.6481
-17.7951
-17.9454
-18.0915
-18.2487
-18.3945
-18.5945
-1.17604
-1.53746
-1.91327
-2.23517
-2.5428
-2.84999
-3.15048
-3.43268
-3.69654
-3.94674
-4.18382
-4.40889
-4.62418
-4.83101
-5.03167
-5.22773
-5.42027
-5.60992
-5.79699
-5.98169
-6.16454
-6.34493
-6.52289
-6.69949
-6.87436
-7.04847
-7.22089
-7.39278
-7.5636
-7.73418
-7.90411
-8.07325
-8.2415
-8.40941
-8.57669
-8.74349
-8.90954
-9.07508
-9.24019
-9.40425
-9.56863
-9.73067
-9.89448
-10.055
-10.2173
-10.378
-10.5382
-10.699
-10.8566
-11.0176
-11.1729
-11.3335
-11.4899
-11.6472
-11.8053
-11.9588
-12.1173
-12.2688
-12.4265
-12.5787
-12.7335
-12.8874
-13.0396
-13.1961
-13.3461
-13.504
-13.6527
-13.8087
-13.9594
-14.1109
-14.264
-14.4094
-14.5646
-14.7076
-14.861
-15.0061
-15.1551
-15.3047
-15.4481
-15.6013
-15.7437
-15.8948
-16.0412
-16.188
-16.3377
-16.4822
-16.6331
-16.7787
-16.9279
-17.076
-17.2213
-17.3723
-17.5184
-17.6664
-17.8167
-17.964
-18.1125
-18.2671
-18.4158
-18.6021
-1.22566
-1.55459
-1.92902
-2.25337
-2.5594
-2.86575
-3.16594
-3.44796
-3.71184
-3.96184
-4.19914
-4.42398
-4.63946
-4.84652
-5.04737
-5.24361
-5.43633
-5.62611
-5.81333
-5.99812
-6.18094
-6.36134
-6.5393
-6.71572
-6.89048
-7.06433
-7.23661
-7.40826
-7.57887
-7.74935
-7.91915
-8.08833
-8.2566
-8.42462
-8.5919
-8.75874
-8.92478
-9.09032
-9.25537
-9.41943
-9.58368
-9.74573
-9.90923
-10.07
-10.2319
-10.3928
-10.5528
-10.7136
-10.8712
-11.0318
-11.1877
-11.3475
-11.5044
-11.6611
-11.8194
-11.9731
-12.1313
-12.2835
-12.4408
-12.5936
-12.7479
-12.9021
-13.0541
-13.2106
-13.3608
-13.518
-13.6676
-13.8227
-13.9742
-14.1254
-14.2789
-14.4246
-14.5792
-14.7236
-14.8756
-15.0223
-15.1701
-15.3205
-15.4639
-15.6163
-15.7601
-15.9095
-16.0573
-16.2034
-16.3531
-16.4981
-16.6479
-16.7948
-16.943
-17.0917
-17.2368
-17.3873
-17.5339
-17.6813
-17.8321
-17.9795
-18.1272
-18.2823
-18.429
-18.6122
-1.27569
-1.57392
-1.9463
-2.27363
-2.57802
-2.88341
-3.18322
-3.46526
-3.72938
-3.97956
-4.21711
-4.44228
-4.65805
-4.86537
-5.06643
-5.26279
-5.4556
-5.64539
-5.83266
-6.01748
-6.20012
-6.3805
-6.55855
-6.73497
-6.90986
-7.08368
-7.25608
-7.4277
-7.5984
-7.76869
-7.93859
-8.10762
-8.27593
-8.44376
-8.61101
-8.77768
-8.94369
-9.10915
-9.27409
-9.43827
-9.60233
-9.76491
-9.92813
-10.0893
-10.251
-10.4121
-10.5721
-10.7328
-10.8909
-11.0511
-11.2078
-11.3668
-11.5244
-11.6809
-11.8393
-11.9932
-12.1509
-12.3041
-12.4601
-12.6139
-12.7674
-12.9224
-13.074
-13.2303
-13.3815
-13.5373
-13.6891
-13.8423
-13.9955
-14.1456
-14.299
-14.4458
-14.5979
-14.7452
-14.8942
-15.0432
-15.1895
-15.3402
-15.4847
-15.6347
-15.7815
-15.9282
-16.0778
-16.2233
-16.3723
-16.5191
-16.6666
-16.8158
-16.9623
-17.1117
-17.2574
-17.4063
-17.5551
-17.7006
-17.8523
-17.9994
-18.1475
-18.3007
-18.4493
-18.6242
-1.3251
-1.59574
-1.96538
-2.29591
-2.59884
-2.90321
-3.20272
-3.48483
-3.74914
-3.99944
-4.2371
-4.46252
-4.67837
-4.88584
-5.08703
-5.28348
-5.47636
-5.66619
-5.8535
-6.03832
-6.22097
-6.40136
-6.57949
-6.75593
-6.93087
-7.10465
-7.27713
-7.44871
-7.61956
-7.7897
-7.95967
-8.12862
-8.29708
-8.46477
-8.63215
-8.7987
-8.96477
-9.13021
-9.29499
-9.45944
-9.62298
-9.78619
-9.94869
-10.1103
-10.2714
-10.4327
-10.5927
-10.7529
-10.9121
-11.0708
-11.2288
-11.3866
-11.5447
-11.7011
-11.8592
-12.0142
-12.1705
-12.3255
-12.4798
-12.6348
-12.7875
-12.9424
-13.0946
-13.2498
-13.4033
-13.5564
-13.7104
-13.8618
-14.0162
-14.1665
-14.3186
-14.4674
-14.6174
-14.7677
-14.9141
-15.0649
-15.2107
-15.3604
-15.507
-15.6543
-15.8039
-15.9486
-16.0989
-16.2449
-16.3926
-16.541
-16.687
-16.8373
-16.9833
-17.1324
-17.279
-17.4267
-17.5763
-17.7219
-17.8728
-18.0204
-18.1682
-18.3206
-18.4692
-18.6373
-1.37207
-1.62022
-1.9868
-2.32038
-2.62209
-2.92547
-3.22477
-3.50695
-3.77138
-4.02176
-4.25953
-4.48516
-4.7011
-4.90876
-5.11011
-5.30667
-5.49963
-5.68952
-5.87684
-6.0617
-6.24435
-6.42472
-6.60288
-6.77933
-6.9543
-7.12806
-7.30058
-7.47216
-7.64306
-7.81321
-7.98315
-8.1521
-8.32059
-8.48826
-8.65567
-8.82219
-8.98829
-9.15374
-9.31844
-9.48312
-9.64634
-9.80998
-9.97191
-10.134
-10.2948
-10.4561
-10.6164
-10.7758
-10.9363
-11.0937
-11.2527
-11.4098
-11.568
-11.7248
-11.8818
-12.0382
-12.1931
-12.3495
-12.5023
-12.6582
-12.8105
-12.9652
-13.1185
-13.2718
-13.4279
-13.5782
-13.7343
-13.885
-14.0396
-14.1908
-14.3413
-14.4928
-14.6395
-14.7925
-14.9372
-15.0884
-15.2351
-15.383
-15.532
-15.6766
-15.8282
-15.9724
-16.1219
-16.269
-16.4156
-16.5649
-16.7104
-16.8608
-17.0071
-17.1555
-17.3031
-17.4501
-17.5995
-17.7464
-17.8957
-18.0438
-18.1917
-18.3428
-18.4914
-18.6526
-1.41505
-1.64729
-2.01115
-2.34716
-2.64799
-2.95054
-3.24972
-3.53191
-3.79642
-4.0469
-4.28475
-4.51055
-4.72656
-4.93436
-5.13582
-5.33247
-5.52546
-5.71538
-5.9027
-6.08759
-6.27021
-6.45055
-6.62873
-6.8052
-6.98021
-7.15396
-7.3265
-7.4981
-7.66902
-7.83923
-8.00908
-8.17806
-8.34653
-8.51425
-8.68161
-8.84817
-9.01424
-9.1797
-9.34442
-9.50906
-9.67233
-9.83588
-9.99785
-10.16
-10.3208
-10.4821
-10.6424
-10.8017
-10.9623
-11.1196
-11.2789
-11.4358
-11.5939
-11.751
-11.9074
-12.0646
-12.2187
-12.3758
-12.5281
-12.6843
-12.8365
-12.9906
-13.1448
-13.2968
-13.4543
-13.6036
-13.76
-13.9111
-14.0647
-14.2173
-14.3664
-14.519
-14.6649
-14.8183
-14.9637
-15.1138
-15.2619
-15.4084
-15.5583
-15.7027
-15.8537
-15.9991
-16.1473
-16.2953
-16.4418
-16.5907
-16.7369
-16.8865
-17.0335
-17.1811
-17.3294
-17.4764
-17.625
-17.7729
-17.9214
-18.0697
-18.2172
-18.3673
-18.5154
-18.6709
-1.45223
-1.67648
-2.03901
-2.37643
-2.67673
-2.97884
-3.27798
-3.56013
-3.82467
-4.07525
-4.31314
-4.53904
-4.75508
-4.96295
-5.16447
-5.36117
-5.55418
-5.74414
-5.93146
-6.11639
-6.299
-6.4793
-6.6575
-6.83398
-7.00901
-7.18275
-7.3553
-7.5269
-7.69785
-7.8681
-8.03787
-8.20689
-8.37533
-8.5431
-8.71041
-8.87702
-9.04305
-9.20853
-9.37326
-9.53784
-9.70126
-9.8646
-10.0268
-10.1888
-10.3498
-10.5108
-10.6713
-10.8307
-10.9909
-11.1486
-11.3075
-11.4648
-11.6227
-11.7799
-11.9362
-12.0933
-12.2477
-12.4043
-12.5573
-12.7128
-12.8656
-13.0193
-13.1737
-13.3259
-13.4828
-13.6332
-13.7884
-13.9407
-14.0929
-14.2466
-14.3952
-14.5475
-14.695
-14.8461
-14.9934
-15.1421
-15.2909
-15.4374
-15.5867
-15.7324
-15.8818
-16.0285
-16.1759
-16.324
-16.471
-16.6193
-16.7661
-16.915
-17.0625
-17.2098
-17.3583
-17.5055
-17.6537
-17.8018
-17.9501
-18.0984
-18.2454
-18.3946
-18.5415
-18.6917
-1.47959
-1.70577
-2.06943
-2.40677
-2.70696
-3.00922
-3.30844
-3.59046
-3.855
-4.10564
-4.34351
-4.5694
-4.78542
-4.99329
-5.19482
-5.39152
-5.58454
-5.77451
-5.96182
-6.14677
-6.32935
-6.5096
-6.6878
-6.8643
-7.03933
-7.21305
-7.3856
-7.55719
-7.72818
-7.89845
-8.06816
-8.23719
-8.40563
-8.57344
-8.74071
-8.90735
-9.07337
-9.23885
-9.40359
-9.56814
-9.73165
-9.89484
-10.0571
-10.2191
-10.3802
-10.5411
-10.7015
-10.8611
-11.021
-11.1791
-11.3377
-11.4952
-11.653
-11.8102
-11.9667
-12.1234
-12.2783
-12.4343
-12.588
-12.7429
-12.8961
-13.0496
-13.2039
-13.3566
-13.5124
-13.664
-13.8183
-13.9712
-14.1231
-14.2767
-14.4258
-14.5774
-14.7257
-14.8758
-15.024
-15.1723
-15.3211
-15.4679
-15.6166
-15.7632
-15.9117
-16.059
-16.2062
-16.3541
-16.5016
-16.6493
-16.7967
-16.9451
-17.0928
-17.2402
-17.3884
-17.536
-17.6838
-17.8321
-17.9802
-18.1283
-18.2752
-18.4232
-18.5687
-18.7133
-1.49438
-1.73241
-2.09949
-2.43524
-2.73574
-3.03875
-3.33815
-3.61996
-3.88446
-4.13514
-4.37292
-4.59872
-4.81466
-5.02243
-5.22391
-5.42058
-5.61358
-5.80353
-5.99081
-6.1758
-6.35835
-6.53854
-6.71672
-6.89323
-7.06827
-7.24197
-7.41451
-7.58608
-7.75713
-7.92739
-8.09706
-8.2661
-8.43454
-8.60237
-8.76963
-8.93627
-9.10228
-9.26777
-9.43249
-9.59704
-9.7606
-9.9237
-10.0861
-10.248
-10.4091
-10.57
-10.7304
-10.8901
-11.0498
-11.2081
-11.3666
-11.5242
-11.6819
-11.8391
-11.9956
-12.1522
-12.3073
-12.463
-12.6171
-12.7717
-12.925
-13.0786
-13.2326
-13.3857
-13.5407
-13.6933
-13.8472
-14.0001
-14.1524
-14.3052
-14.4553
-14.6059
-14.7549
-14.9045
-15.0529
-15.2014
-15.3497
-15.4971
-15.6452
-15.7924
-15.9403
-16.0879
-16.2351
-16.3829
-16.5306
-16.6779
-16.8259
-16.9736
-17.1219
-17.269
-17.4171
-17.5651
-17.7125
-17.8612
-18.0087
-18.1572
-18.3036
-18.4507
-18.5945
-18.734
-1.49809
-1.75598
-2.12754
-2.46059
-2.76179
-3.06593
-3.36557
-3.64711
-3.91155
-4.16225
-4.3999
-4.62554
-4.84136
-5.04899
-5.25036
-5.44697
-5.63992
-5.82986
-6.01711
-6.20214
-6.38465
-6.56478
-6.74293
-6.91942
-7.09446
-7.26813
-7.44065
-7.61219
-7.78329
-7.95355
-8.12319
-8.29222
-8.46067
-8.6285
-8.79576
-8.9624
-9.12842
-9.29391
-9.45864
-9.6232
-9.78678
-9.94982
-10.1122
-10.2741
-10.4353
-10.5961
-10.7565
-10.9162
-11.0758
-11.2343
-11.3926
-11.5503
-11.708
-11.8653
-12.0218
-12.1783
-12.3336
-12.489
-12.6434
-12.7978
-12.9513
-13.1049
-13.2587
-13.4123
-13.5666
-13.7199
-13.8734
-14.0264
-14.1789
-14.331
-14.4817
-14.6319
-14.7812
-14.9304
-15.0792
-15.2273
-15.3756
-15.5232
-15.671
-15.8187
-15.9661
-16.1141
-16.2609
-16.4091
-16.5565
-16.704
-16.852
-16.9994
-17.1482
-17.2948
-17.4435
-17.5909
-17.7387
-17.8872
-18.0343
-18.1834
-18.329
-18.4762
-18.6175
-18.754
-1.49301
-1.77731
-2.15351
-2.48324
-2.7855
-3.09091
-3.39084
-3.67203
-3.9364
-4.18711
-4.4246
-4.65003
-4.86573
-5.07318
-5.27441
-5.47094
-5.66382
-5.85375
-6.04094
-6.22602
-6.40849
-6.58856
-6.76668
-6.94317
-7.1182
-7.29185
-7.46434
-7.63583
-7.80699
-7.97722
-8.14684
-8.31587
-8.48433
-8.65214
-8.8194
-8.98602
-9.15205
-9.31746
-9.48225
-9.64682
-9.81039
-9.97343
-10.1359
-10.2977
-10.459
-10.6198
-10.7802
-10.9399
-11.0995
-11.2582
-11.4164
-11.5742
-11.7318
-11.8893
-12.0456
-12.2022
-12.3577
-12.5129
-12.6676
-12.8217
-12.9756
-13.129
-13.2829
-13.4366
-13.5906
-13.744
-13.8973
-14.0503
-14.2026
-14.3547
-14.5053
-14.6556
-14.8048
-14.9539
-15.1028
-15.2507
-15.3992
-15.5466
-15.6947
-15.8421
-15.9898
-16.1377
-16.2844
-16.4329
-16.5798
-16.7278
-16.8754
-17.0231
-17.1716
-17.3184
-17.4672
-17.6142
-17.7626
-17.9105
-18.0582
-18.2066
-18.3523
-18.4991
-18.6387
-18.7732
-1.48168
-1.79676
-2.17714
-2.50347
-2.80704
-3.1138
-3.41413
-3.69496
-3.95925
-4.20993
-4.44722
-4.67237
-4.88789
-5.09516
-5.29624
-5.49265
-5.68544
-5.87534
-6.06247
-6.24758
-6.42998
-6.60998
-6.78804
-6.96455
-7.13954
-7.3132
-7.4856
-7.65713
-7.82831
-7.99851
-8.16811
-8.33714
-8.50563
-8.67346
-8.84074
-9.00739
-9.17345
-9.33887
-9.5038
-9.66832
-9.83191
-9.99502
-10.1575
-10.3194
-10.4808
-10.6416
-10.8022
-10.9618
-11.1215
-11.2802
-11.4383
-11.5962
-11.7537
-11.9112
-12.0674
-12.224
-12.3794
-12.5347
-12.6894
-12.8434
-12.9975
-13.1506
-13.3047
-13.4582
-13.6123
-13.7656
-13.9188
-14.0718
-14.224
-14.3761
-14.5265
-14.6769
-14.826
-14.9751
-15.1239
-15.2718
-15.4204
-15.5676
-15.7159
-15.863
-16.011
-16.1586
-16.3056
-16.454
-16.6008
-16.7491
-16.8963
-17.0445
-17.1925
-17.3397
-17.4882
-17.6354
-17.7838
-17.9313
-18.0795
-18.2273
-18.3735
-18.5193
-18.6585
-18.7908
-1.46615
-1.81474
-2.19837
-2.52164
-2.82658
-3.13457
-3.43539
-3.71587
-3.98016
-4.23078
-4.46795
-4.69285
-4.90809
-5.11514
-5.31613
-5.51243
-5.7052
-5.895
-6.08221
-6.26735
-6.44971
-6.62964
-6.80762
-6.98407
-7.15901
-7.33264
-7.505
-7.67663
-7.8478
-8.01804
-8.18766
-8.35673
-8.52532
-8.69327
-8.86064
-9.02739
-9.19353
-9.35905
-9.52399
-9.68842
-9.85197
-10.015
-10.1775
-10.3394
-10.5008
-10.6615
-10.8221
-10.9817
-11.1414
-11.3001
-11.4582
-11.6161
-11.7736
-11.9311
-12.0873
-12.244
-12.3993
-12.5547
-12.7093
-12.8634
-13.0175
-13.1706
-13.3247
-13.478
-13.6321
-13.7853
-13.9386
-14.0914
-14.2436
-14.3957
-14.546
-14.6965
-14.8455
-14.9948
-15.1435
-15.2915
-15.4401
-15.5874
-15.7357
-15.8827
-16.0309
-16.1782
-16.3256
-16.4736
-16.6207
-16.7689
-16.9159
-17.0644
-17.212
-17.3597
-17.5078
-17.6552
-17.8035
-17.951
-18.0994
-18.2467
-18.3934
-18.538
-18.6772
-18.8074
-1.44741
-1.83144
-2.21743
-2.53849
-2.84476
-3.15366
-3.45469
-3.73468
-3.99894
-4.24935
-4.48618
-4.71134
-4.92611
-5.13278
-5.33356
-5.52965
-5.72229
-5.91193
-6.09919
-6.2842
-6.46658
-6.64657
-6.82468
-7.00131
-7.17641
-7.35014
-7.52268
-7.69445
-7.86568
-8.03598
-8.20556
-8.37452
-8.54303
-8.71092
-8.87822
-9.04491
-9.21097
-9.37644
-9.54131
-9.70571
-9.86924
-10.0323
-10.1947
-10.3565
-10.5178
-10.6785
-10.8391
-10.9987
-11.1583
-11.3169
-11.4751
-11.6329
-11.7903
-11.9478
-12.1039
-12.2606
-12.4158
-12.5711
-12.7257
-12.8797
-13.0338
-13.1869
-13.341
-13.4943
-13.6485
-13.8016
-13.9549
-14.1076
-14.2598
-14.4118
-14.562
-14.7125
-14.8613
-15.0107
-15.1592
-15.3073
-15.4557
-15.603
-15.7514
-15.8982
-16.0466
-16.1937
-16.3413
-16.4891
-16.6363
-16.7845
-16.9315
-17.0801
-17.2275
-17.3754
-17.5233
-17.671
-17.8191
-17.9667
-18.115
-18.2622
-18.4092
-18.5535
-18.693
-18.8221
-1.42655
-1.84577
-2.23302
-2.55344
-2.86164
-3.17213
-3.47351
-3.75301
-4.0173
-4.26758
-4.50416
-4.72958
-4.94402
-5.15056
-5.35133
-5.54755
-5.74038
-5.93037
-6.11794
-6.30319
-6.48577
-6.66582
-6.84401
-7.02063
-7.19565
-7.36916
-7.54149
-7.71316
-7.88431
-8.05458
-8.22418
-8.39317
-8.5617
-8.7296
-8.89693
-9.06364
-9.22974
-9.39524
-9.56013
-9.72454
-9.88811
-10.0512
-10.2135
-10.3753
-10.5367
-10.6974
-10.858
-11.0176
-11.1772
-11.3359
-11.4941
-11.652
-11.8095
-11.9669
-12.1231
-12.2798
-12.435
-12.5905
-12.7451
-12.8992
-13.0533
-13.2064
-13.3604
-13.5137
-13.6678
-13.8208
-13.9742
-14.1268
-14.2791
-14.4311
-14.5813
-14.732
-14.8807
-15.0302
-15.1787
-15.327
-15.4752
-15.6227
-15.771
-15.9179
-16.0663
-16.2133
-16.3611
-16.5086
-16.6562
-16.8041
-16.9512
-17.0998
-17.2471
-17.3952
-17.5428
-17.6908
-17.8386
-17.9865
-18.1346
-18.2817
-18.4287
-18.5724
-18.7117
-18.8389
-1.41195
-1.86035
-2.24526
-2.56299
-2.872
-3.18427
-3.48617
-3.76513
-4.02959
-4.27986
-4.51633
-4.74136
-4.95562
-5.16204
-5.36271
-5.55882
-5.75153
-5.94139
-6.12884
-6.31392
-6.49619
-6.67583
-6.85381
-7.03023
-7.20512
-7.37852
-7.55065
-7.72221
-7.89327
-8.06347
-8.23298
-8.40188
-8.57032
-8.73815
-8.9054
-9.07204
-9.23806
-9.40349
-9.56832
-9.73266
-9.89617
-10.0592
-10.2215
-10.3833
-10.5446
-10.7052
-10.8658
-11.0253
-11.1849
-11.3435
-11.5017
-11.6595
-11.8169
-11.9744
-12.1305
-12.2871
-12.4423
-12.5977
-12.7523
-12.9063
-13.0603
-13.2134
-13.3675
-13.5208
-13.675
-13.828
-13.9814
-14.134
-14.2863
-14.4382
-14.5884
-14.739
-14.8876
-15.0372
-15.1856
-15.3338
-15.4821
-15.6295
-15.7778
-15.9246
-16.0731
-16.22
-16.3679
-16.5154
-16.6629
-16.8109
-16.958
-17.1066
-17.2539
-17.402
-17.5495
-17.6976
-17.8453
-17.9933
-18.1413
-18.2885
-18.4356
-18.5794
-18.719
-18.8464
-1.38148
-1.87517
-2.26887
-2.58714
-2.89634
-3.20913
-3.51178
-3.78978
-4.05455
-4.30494
-4.54131
-4.76615
-4.9802
-5.18634
-5.38673
-5.58261
-5.77514
-5.96485
-6.15221
-6.33721
-6.51951
-6.69921
-6.87716
-7.05356
-7.2284
-7.40178
-7.57391
-7.74543
-7.91644
-8.08661
-8.2561
-8.42499
-8.59341
-8.76124
-8.92848
-9.09512
-9.26114
-9.42658
-9.5914
-9.75575
-9.91927
-10.0822
-10.2446
-10.4064
-10.5677
-10.7284
-10.8889
-11.0484
-11.208
-11.3667
-11.5248
-11.6827
-11.8401
-11.9975
-12.1537
-12.3103
-12.4655
-12.6209
-12.7755
-12.9296
-13.0835
-13.2367
-13.3907
-13.544
-13.6982
-13.8512
-14.0046
-14.1571
-14.3095
-14.4613
-14.6115
-14.7621
-14.9108
-15.0604
-15.2087
-15.3571
-15.5052
-15.6528
-15.801
-15.9479
-16.0963
-16.2432
-16.3912
-16.5385
-16.6863
-16.834
-16.9813
-17.1297
-17.2771
-17.4253
-17.5727
-17.7209
-17.8684
-18.0166
-18.1645
-18.3118
-18.4587
-18.6025
-18.7419
-18.8687
-18.5594
-19.1014
-19.9133
-20.2814
-19.8215
-18.4481
-16.441
-14.2922
-12.4027
-10.84
-9.52937
-8.38119
-7.30741
-6.27665
-5.33385
-4.39724
-3.52924
-2.86418
-2.65846
-2.80508
-3.0776
-3.25125
-3.07692
-2.37201
-1.50466
-0.943597
-0.583802
-0.285247
0.0179362
0.336661
0.657891
0.971895
1.26906
1.4939
1.65808
1.77089
1.84422
1.89008
1.92067
1.93969
1.94905
1.94989
1.9436
1.9311
1.91323
1.89121
1.86612
1.83894
1.80947
1.77707
1.74295
1.70854
1.67284
1.63903
1.60631
1.57457
1.54156
1.50717
1.47375
1.44021
1.40651
1.37273
1.33889
1.30502
1.27111
1.23716
1.20319
1.16921
1.13523
1.10124
1.06725
1.03326
0.999265
0.965275
0.931285
0.897294
0.863302
0.82931
0.795318
0.761327
0.727335
0.693343
0.659349
0.625354
0.591358
0.557357
0.523348
0.489322
0.455269
0.421168
0.386987
0.352671
0.318118
0.283173
0.247508
0.210762
0.171787
0.130399
0.081984
0.033795
-18.6363
-19.03
-19.8082
-20.181
-19.7347
-18.3873
-16.3991
-14.2688
-12.3967
-10.8385
-9.52576
-8.37069
-7.29201
-6.26647
-5.32952
-4.41681
-3.57631
-2.9705
-2.81856
-3.01235
-3.31018
-3.47881
-3.27946
-2.51674
-1.55649
-0.940736
-0.552196
-0.242526
0.0543821
0.358644
0.667893
0.973773
1.26514
1.47956
1.63986
1.75264
1.82737
1.87484
1.90657
1.92616
1.93577
1.93674
1.93052
1.91809
1.90028
1.87826
1.8532
1.82604
1.79642
1.76399
1.72989
1.69556
1.66017
1.6266
1.59382
1.56163
1.52867
1.49455
1.46103
1.42751
1.39379
1.35999
1.32613
1.29226
1.25834
1.22439
1.19042
1.15644
1.12245
1.08847
1.05448
1.02048
0.986492
0.952501
0.918511
0.88452
0.850528
0.816536
0.782544
0.748554
0.714562
0.68057
0.646576
0.612582
0.578587
0.544589
0.510584
0.476566
0.442526
0.408448
0.374306
0.340059
0.305622
0.270877
0.235559
0.199383
0.161427
0.121536
0.0760057
0.0305444
-18.6248
-19.0303
-19.7359
-20.0765
-19.6299
-18.3083
-16.346
-14.2403
-12.3843
-10.8311
-9.51488
-8.34774
-7.26467
-6.24638
-5.31187
-4.44155
-3.61875
-3.08499
-2.99119
-3.2393
-3.56791
-3.7344
-3.4973
-2.68535
-1.61451
-0.932221
-0.511141
-0.188841
0.100785
0.387002
0.681828
0.980191
1.25883
1.4633
1.61973
1.73285
1.8087
1.8581
1.89106
1.91127
1.92113
1.92221
1.91607
1.90373
1.88598
1.86396
1.83893
1.81179
1.78204
1.74952
1.71548
1.68113
1.6461
1.61285
1.58003
1.54749
1.51423
1.48055
1.44699
1.41341
1.3797
1.34589
1.31201
1.27813
1.24421
1.21025
1.17628
1.1423
1.10831
1.07432
1.04033
1.00634
0.972349
0.938358
0.904368
0.870377
0.836386
0.802394
0.768402
0.734411
0.700419
0.666428
0.632435
0.598442
0.564449
0.530454
0.496453
0.462443
0.428418
0.394365
0.360268
0.326096
0.291792
0.257269
0.222339
0.186799
0.149982
0.111765
0.0694374
0.0269987
-18.6685
-19.0407
-19.6743
-19.9759
-19.5155
-18.2124
-16.2844
-14.2121
-12.3713
-10.8219
-9.4917
-8.3088
-7.22194
-6.21085
-5.28892
-4.45574
-3.65457
-3.20454
-3.17732
-3.48767
-3.8513
-4.01897
-3.7345
-2.87272
-1.68316
-0.917241
-0.455728
-0.122944
0.159175
0.4235
0.70211
0.990358
1.25011
1.44551
1.59792
1.71107
1.78813
1.83969
1.87396
1.89485
1.90498
1.90616
1.90009
1.88787
1.87019
1.84817
1.82317
1.79603
1.76619
1.73359
1.69955
1.66512
1.63046
1.59757
1.56476
1.53176
1.49839
1.46508
1.43145
1.39782
1.3641
1.33027
1.29637
1.26249
1.22856
1.19459
1.16062
1.12664
1.09265
1.05867
1.02467
0.990682
0.956691
0.9227
0.88871
0.854719
0.820727
0.786735
0.752743
0.718753
0.684761
0.65077
0.616778
0.582786
0.548795
0.514803
0.480808
0.446807
0.412798
0.378774
0.344726
0.310639
0.276481
0.242207
0.20771
0.172882
0.137331
0.100984
0.0622042
0.0231282
-18.699
-19.0401
-19.6091
-19.8651
-19.3915
-18.1072
-16.2221
-14.1868
-12.3614
-10.8102
-9.45364
-8.2537
-7.15894
-6.15208
-5.25828
-4.43631
-3.69841
-3.33419
-3.37613
-3.75633
-4.15771
-4.33004
-3.99446
-3.06541
-1.77425
-0.896685
-0.381633
-0.0401311
0.23159
0.470377
0.731186
1.00184
1.24021
1.42624
1.57459
1.68685
1.76557
1.81939
1.8551
1.87675
1.88716
1.88843
1.88245
1.87034
1.85275
1.83073
1.80575
1.77861
1.74868
1.71602
1.68197
1.64745
1.61304
1.58056
1.54779
1.51428
1.48106
1.44793
1.41423
1.38059
1.34684
1.31298
1.27906
1.24517
1.21123
1.17726
1.14329
1.10931
1.07532
1.04133
1.00734
0.973346
0.939355
0.905364
0.871374
0.837383
0.803391
0.769399
0.735408
0.701417
0.667426
0.633435
0.599444
0.565453
0.531464
0.497475
0.463486
0.429496
0.395505
0.361513
0.32752
0.293527
0.259532
0.225534
0.191519
0.157481
0.123338
0.0890738
0.0542173
0.0188894
-18.7281
-19.037
-19.5366
-19.7407
-19.2499
-17.9885
-16.1546
-14.1622
-12.3584
-10.792
-9.40417
-8.18139
-7.06611
-6.06212
-5.19363
-4.4049
-3.76134
-3.47316
-3.58402
-4.04122
-4.48156
-4.66006
-4.27208
-3.2551
-1.88559
-0.877091
-0.288861
0.0677291
0.320391
0.530344
0.768927
1.01346
1.23026
1.40534
1.54894
1.66011
1.74079
1.79695
1.83426
1.85679
1.86751
1.86888
1.86298
1.85101
1.8335
1.81146
1.78648
1.75933
1.72934
1.69662
1.66256
1.62799
1.59364
1.56167
1.52886
1.49507
1.46193
1.42886
1.3952
1.36153
1.32774
1.29383
1.25987
1.22598
1.19204
1.15807
1.12409
1.09011
1.05612
1.02213
0.988141
0.954149
0.920157
0.886166
0.852176
0.818184
0.784193
0.750201
0.71621
0.682219
0.648228
0.614238
0.580248
0.546259
0.512272
0.478287
0.444304
0.410326
0.376355
0.342398
0.308466
0.274577
0.240763
0.207071
0.173588
0.140427
0.10784
0.0758874
0.0453651
0.0142169
-18.7545
-19.0294
-19.4548
-19.602
-19.0928
-17.8576
-16.0759
-14.134
-12.35
-10.7616
-9.34402
-8.08469
-6.94199
-5.94627
-5.10479
-4.38362
-3.82995
-3.61207
-3.79543
-4.33357
-4.81316
-4.99517
-4.55704
-3.43787
-1.98924
-0.862785
-0.184651
0.199294
0.42591
0.603862
0.811954
1.02432
1.21888
1.38205
1.52023
1.63075
1.71352
1.77214
1.81125
1.83477
1.84587
1.84734
1.84151
1.82968
1.81224
1.79015
1.76517
1.73801
1.70796
1.67519
1.64114
1.60656
1.57219
1.54061
1.50778
1.47393
1.44074
1.40774
1.37415
1.34044
1.30661
1.27267
1.23868
1.20479
1.17082
1.13684
1.10286
1.06887
1.03488
1.00089
0.9669
0.932908
0.898916
0.864925
0.830935
0.796943
0.762952
0.72896
0.694969
0.660979
0.626988
0.592998
0.559009
0.525021
0.491037
0.457056
0.423081
0.389115
0.355166
0.321248
0.287382
0.253607
0.21999
0.186634
0.153736
0.121539
0.0906651
0.0612602
0.0355216
0.00902423
-18.7786
-19.0184
-19.3653
-19.4501
-18.9225
-17.7147
-15.9888
-14.1018
-12.3294
-10.7202
-9.26551
-7.95872
-6.79662
-5.81488
-5.01216
-4.35652
-3.89284
-3.74764
-4.0031
-4.61416
-5.13698
-5.32248
-4.83875
-3.61073
-2.07464
-0.839395
-0.0688719
0.349081
0.546194
0.687624
0.855653
1.03362
1.20487
1.35546
1.48855
1.59864
1.68357
1.74477
1.78588
1.81053
1.82206
1.82364
1.81789
1.80617
1.78877
1.7666
1.74157
1.71441
1.68431
1.6515
1.61748
1.58294
1.54858
1.5171
1.48444
1.45054
1.41725
1.38433
1.35082
1.31704
1.28315
1.24915
1.21511
1.18121
1.14726
1.11328
1.0793
1.04531
1.01132
0.977333
0.943342
0.90935
0.875358
0.841366
0.807376
0.773385
0.739393
0.705402
0.671411
0.637421
0.60343
0.569441
0.535453
0.501467
0.467485
0.433509
0.399542
0.365591
0.331667
0.297791
0.263999
0.23035
0.196952
0.163964
0.131707
0.100563
0.0715692
0.0449531
0.0244975
0.00315846
-18.7998
-19.0038
-19.2701
-19.288
-18.7412
-17.5608
-15.8939
-14.058
-12.2952
-10.6655
-9.1677
-7.81397
-6.6371
-5.67182
-4.90532
-4.32275
-3.95325
-3.87659
-4.19609
-4.85898
-5.43811
-5.62697
-5.10471
-3.76793
-2.14597
-0.793131
0.0663222
0.511473
0.678259
0.778062
0.896693
1.04048
1.18838
1.32584
1.45391
1.56372
1.65087
1.71472
1.75796
1.78389
1.79591
1.79762
1.79194
1.78029
1.76283
1.7405
1.71545
1.6883
1.65816
1.62531
1.59133
1.55689
1.52261
1.49091
1.45857
1.42468
1.39129
1.35843
1.32503
1.29122
1.2573
1.22329
1.18922
1.15533
1.12131
1.08732
1.05332
1.01933
0.98534
0.951348
0.917355
0.883363
0.849371
0.815379
0.781389
0.747397
0.713406
0.679415
0.645424
0.611434
0.577444
0.543455
0.509468
0.475484
0.441505
0.407534
0.373574
0.339637
0.305737
0.271904
0.238187
0.204669
0.171499
0.138902
0.10733
0.0773169
0.0503629
0.026758
0.0121381
-0.00354574
-18.8188
-18.9865
-19.1735
-19.1229
-18.5559
-17.4019
-15.7935
-14.0063
-12.2538
-10.6012
-9.05657
-7.65381
-6.45957
-5.51188
-4.79066
-4.2874
-4.0105
-3.99316
-4.362
-5.05776
-5.69628
-5.887
-5.32919
-3.90141
-2.19267
-0.732298
0.203865
0.666297
0.813057
0.87242
0.936325
1.04434
1.16966
1.2941
1.41676
1.52625
1.61553
1.68193
1.72736
1.7547
1.7673
1.76915
1.76347
1.75177
1.73412
1.71166
1.68654
1.65936
1.62923
1.59633
1.56241
1.52809
1.49394
1.46185
1.42984
1.39604
1.36252
1.32961
1.29627
1.26237
1.22839
1.1943
1.16011
1.12633
1.09234
1.05834
1.02435
0.990362
0.956372
0.922381
0.888388
0.854396
0.820405
0.786413
0.752422
0.718431
0.68444
0.650448
0.616458
0.582468
0.548478
0.51449
0.480504
0.446523
0.412547
0.378582
0.344632
0.310714
0.276844
0.243064
0.209437
0.176071
0.14316
0.110993
0.0801678
0.0513675
0.0266246
0.00623086
-0.00191255
-0.011472
-18.8358
-18.9697
-19.0865
-18.9725
-18.3858
-17.256
-15.7025
-13.9588
-12.2143
-10.5367
-8.94258
-7.48642
-6.2762
-5.35366
-4.68361
-4.25838
-4.06385
-4.0933
-4.47984
-5.19882
-5.88087
-6.07324
-5.47628
-3.99299
-2.20874
-0.672339
0.316712
0.789519
0.925913
0.955497
0.974286
1.04329
1.14875
1.263
1.38065
1.48891
1.57974
1.64853
1.69596
1.72454
1.73766
1.73962
1.73385
1.72189
1.704
1.68143
1.65616
1.62892
1.59885
1.56595
1.53207
1.49793
1.464
1.43149
1.39968
1.36605
1.33253
1.29962
1.26639
1.23251
1.19853
1.16443
1.13065
1.09632
1.06228
1.02826
0.994259
0.960262
0.926268
0.892274
0.858281
0.824288
0.790296
0.756304
0.722314
0.688322
0.654331
0.62034
0.586349
0.552359
0.51837
0.484383
0.450398
0.416417
0.382444
0.348483
0.31454
0.280634
0.246785
0.213043
0.179485
0.146242
0.113555
0.0817808
0.0516693
0.0240428
0.00152155
-0.0157307
-0.0170467
-0.02053
-18.8513
-18.957
-19.019
-18.8532
-18.2493
-17.1401
-15.6297
-13.9193
-12.1794
-10.4777
-8.83802
-7.33517
-6.11753
-5.22454
-4.60333
-4.24722
-4.11441
-4.1758
-4.55638
-5.28506
-5.98504
-6.17227
-5.54099
-4.03039
-2.20039
-0.623963
0.3944
0.87246
1.00098
1.00975
1.00368
1.04018
1.12706
1.23474
1.34937
1.45622
1.54669
1.61718
1.66663
1.69633
1.70977
1.71184
1.70592
1.69366
1.67553
1.65278
1.62727
1.59979
1.56982
1.53709
1.50315
1.46908
1.43538
1.40243
1.3707
1.33723
1.30363
1.27057
1.23726
1.2033
1.1693
1.13524
1.10126
1.06713
1.03312
0.999114
0.965118
0.931122
0.897131
0.863137
0.829145
0.795152
0.761161
0.727168
0.693178
0.659186
0.625195
0.591204
0.557214
0.523224
0.489235
0.455249
0.421265
0.387288
0.353317
0.319364
0.285431
0.251544
0.217728
0.184043
0.150576
0.117486
0.0850506
0.0536723
0.0242389
-0.00232846
-0.0228041
-0.0373348
-0.0321017
-0.0303405
-18.8651
-18.95
-18.9715
-18.7666
-18.1494
-17.055
-15.5751
-13.889
-12.1518
-10.4305
-8.75203
-7.21184
-5.99266
-5.12732
-4.54872
-4.24985
-4.16647
-4.24458
-4.61711
-5.33351
-6.03166
-6.20858
-5.55085
-4.02822
-2.18069
-0.588658
0.442427
0.920837
1.04319
1.03785
1.01831
1.03783
1.10904
1.21078
1.32259
1.42866
1.51829
1.58951
1.64037
1.67099
1.68468
1.68674
1.68059
1.66807
1.64986
1.6271
1.60148
1.57394
1.54382
1.51113
1.47735
1.44354
1.4099
1.37675
1.34499
1.31177
1.27829
1.24526
1.21199
1.17808
1.14393
1.10986
1.07578
1.04161
1.00754
0.973507
0.939501
0.905499
0.871503
0.837509
0.803515
0.769522
0.73553
0.701538
0.667547
0.633555
0.599565
0.565573
0.531583
0.497593
0.463605
0.429618
0.395636
0.361656
0.327689
0.293734
0.259805
0.225922
0.192109
0.158441
0.124998
0.0919643
0.0596534
0.0285142
-0.000435563
-0.0262019
-0.0449757
-0.0573779
-0.0462387
-0.0404111
-18.8783
-18.9487
-18.9404
-18.7073
-18.08
-16.9956
-15.5376
-13.8684
-12.1325
-10.3955
-8.68511
-7.11435
-5.89619
-5.05748
-4.51686
-4.26611
-4.22117
-4.30614
-4.67081
-5.36489
-6.04821
-6.21039
-5.53316
-4.00607
-2.15719
-0.564316
0.468358
0.944799
1.06306
1.04905
1.02017
1.03222
1.09396
1.18965
1.29883
1.40432
1.4941
1.56571
1.617
1.64797
1.66185
1.66389
1.65761
1.64497
1.62676
1.60402
1.57834
1.55078
1.5204
1.48747
1.45361
1.4197
1.386
1.35293
1.32093
1.28768
1.25404
1.22081
1.18738
1.15371
1.11961
1.08555
1.0515
1.01739
0.983349
0.949331
0.915328
0.881334
0.847337
0.813345
0.77935
0.745359
0.711367
0.677375
0.643384
0.609392
0.575401
0.54141
0.50742
0.473431
0.439443
0.405457
0.371476
0.337499
0.303535
0.269588
0.235671
0.201806
0.168028
0.134408
0.101066
0.068174
0.0360849
0.00527277
-0.0231561
-0.0481919
-0.0654666
-0.0763104
-0.0597998
-0.0508574
-18.8917
-18.9517
-18.9222
-18.6695
-18.0347
-16.9573
-15.5145
-13.8572
-12.1221
-10.3723
-8.63604
-7.03931
-5.82455
-5.01332
-4.50756
-4.29784
-4.27179
-4.36352
-4.71828
-5.39206
-6.05598
-6.19325
-5.50619
-3.97736
-2.1354
-0.549673
0.478502
0.952678
1.06914
1.0506
1.01651
1.02352
1.07895
1.17014
1.27815
1.38314
1.47287
1.54453
1.59604
1.62717
1.64116
1.6432
1.63692
1.62434
1.60627
1.58365
1.55806
1.53059
1.50046
1.4677
1.43375
1.39975
1.36599
1.3329
1.30093
1.26789
1.23442
1.2012
1.16793
1.13387
1.09965
1.06551
1.03139
0.997245
0.96317
0.929141
0.895126
0.861132
0.827131
0.793139
0.759144
0.725152
0.69116
0.657167
0.623177
0.589184
0.555194
0.521202
0.487213
0.453223
0.419235
0.385248
0.351268
0.317288
0.283326
0.24937
0.215456
0.181571
0.147799
0.114146
0.0807963
0.0478708
0.0157656
-0.0150057
-0.0432701
-0.0679301
-0.084117
-0.0941419
-0.072883
-0.0617216
-18.9055
-18.9579
-18.914
-18.6479
-18.0078
-16.936
-15.5039
-13.8551
-12.1201
-10.3604
-8.60307
-6.98367
-5.77576
-4.99296
-4.51912
-4.33707
-4.31942
-4.41348
-4.76062
-5.42102
-6.06614
-6.18713
-5.48019
-3.94918
-2.11542
-0.539649
0.48196
0.954489
1.07016
1.04864
1.01086
1.01367
1.06448
1.15294
1.26011
1.36464
1.45425
1.5259
1.57751
1.60867
1.62268
1.62465
1.61824
1.60541
1.58703
1.56408
1.53814
1.5103
1.47985
1.44682
1.41271
1.37861
1.34478
1.31162
1.27937
1.24617
1.21251
1.17933
1.1461
1.1124
1.07834
1.04431
1.01023
0.976138
0.942084
0.908066
0.874057
0.840065
0.806066
0.772075
0.73808
0.704089
0.670096
0.636105
0.602112
0.568122
0.53413
0.50014
0.466148
0.432162
0.398171
0.36419
0.330205
0.296234
0.262269
0.22833
0.194418
0.160562
0.126824
0.0932385
0.0599829
0.0272161
-0.00464834
-0.0350668
-0.0628102
-0.086885
-0.101861
-0.111325
-0.0859359
-0.0730015
-18.9189
-18.9664
-18.9132
-18.6386
-17.9954
-16.9281
-15.5035
-13.8609
-12.1258
-10.359
-8.5844
-6.94558
-5.74815
-4.99392
-4.54637
-4.37694
-4.36245
-4.45448
-4.79912
-5.45251
-6.08133
-6.18489
-5.45781
-3.92062
-2.09138
-0.524959
0.489884
0.95896
1.07144
1.04574
1.00398
1.00337
1.05148
1.13809
1.2444
1.34851
1.43802
1.50971
1.56143
1.59273
1.60696
1.60918
1.60314
1.59084
1.57297
1.55045
1.52476
1.49699
1.46658
1.43361
1.39944
1.36525
1.33141
1.29829
1.26614
1.23319
1.19962
1.1662
1.1328
1.09881
1.06459
1.03045
0.99633
0.962209
0.928137
0.894112
0.860098
0.826104
0.792103
0.758112
0.724116
0.690126
0.656132
0.622141
0.588149
0.554158
0.520166
0.486176
0.452184
0.418197
0.384206
0.350224
0.316239
0.282266
0.248297
0.214354
0.18043
0.146571
0.112789
0.0791872
0.0458429
0.0130023
-0.0190229
-0.0495979
-0.0775889
-0.101747
-0.116641
-0.126261
-0.0981734
-0.084306
-18.9343
-18.9778
-18.9187
-18.6386
-17.9938
-16.93
-15.5104
-13.872
-12.1369
-10.3656
-8.57797
-6.9244
-5.74091
-5.01274
-4.57928
-4.41376
-4.39665
-4.48693
-4.83359
-5.48424
-6.10035
-6.18864
-5.43818
-3.88871
-2.0589
-0.499468
0.507
0.968371
1.0741
1.04241
0.995221
0.98994
1.03567
1.12169
1.22798
1.33213
1.4216
1.4931
1.5445
1.57527
1.58896
1.59055
1.5838
1.57069
1.55234
1.52931
1.50325
1.47524
1.44475
1.41168
1.37746
1.34327
1.30941
1.27626
1.24392
1.21084
1.17738
1.14413
1.1109
1.07715
1.04307
1.009
0.974916
0.940812
0.906754
0.872731
0.83872
0.804727
0.770727
0.736738
0.70274
0.668751
0.634756
0.600767
0.566773
0.532783
0.498791
0.464801
0.43081
0.396823
0.362833
0.328851
0.294867
0.260896
0.226931
0.192993
0.159081
0.125229
0.0914914
0.0579292
0.0246813
-0.00803668
-0.0398331
-0.0701144
-0.0975538
-0.121234
-0.134928
-0.144237
-0.113112
-0.0983752
-18.9422
-18.985
-18.9243
-18.6426
-17.9986
-16.9378
-15.5217
-13.8861
-12.151
-10.3779
-8.58234
-6.9225
-5.75667
-5.0459
-4.61143
-4.44096
-4.4186
-4.51033
-4.8625
-5.51376
-6.12066
-6.18252
-5.42209
-3.85701
-2.0229
-0.468523
0.527987
0.979342
1.07785
1.04195
0.993287
0.986801
1.03122
1.11605
1.22151
1.32519
1.41459
1.48609
1.53758
1.56867
1.58254
1.58441
1.57801
1.56548
1.5471
1.52424
1.49828
1.47029
1.43977
1.40669
1.37246
1.33824
1.30437
1.27122
1.23893
1.20592
1.17235
1.13899
1.10565
1.07176
1.0376
1.0035
0.969385
0.935275
0.90121
0.867185
0.833173
0.79918
0.765178
0.73119
0.697191
0.663203
0.629208
0.595219
0.561225
0.527235
0.493242
0.459253
0.425261
0.391274
0.357283
0.323302
0.289317
0.255345
0.221378
0.187437
0.153519
0.119662
0.0859033
0.0523203
0.019026
-0.0137616
-0.0456668
-0.0761027
-0.1038
-0.127697
-0.141824
-0.151535
-0.120302
-0.102211
-18.9643
-19.006
-18.9447
-18.6632
-18.0211
-16.9628
-15.549
-13.9147
-12.1799
-10.4072
-8.60993
-6.9512
-5.79822
-5.09312
-4.64918
-4.46983
-4.44553
-4.53934
-4.89447
-5.546
-6.14627
-6.20577
-5.4198
-3.84252
-2.00423
-0.453224
0.535171
0.975833
1.06591
1.02446
0.972181
0.965093
1.00912
1.0935
1.19926
1.30335
1.39276
1.46416
1.51545
1.54622
1.5598
1.56143
1.5548
1.54195
1.52352
1.50058
1.47456
1.44653
1.41599
1.3829
1.34866
1.31445
1.28058
1.24743
1.2151
1.18206
1.14852
1.11519
1.08187
1.04804
1.01391
0.979816
0.945714
0.911608
0.877543
0.843521
0.809508
0.775516
0.741514
0.707526
0.673527
0.639539
0.605543
0.571555
0.53756
0.503571
0.469578
0.435588
0.401597
0.36761
0.33362
0.299637
0.265654
0.231681
0.197717
0.163775
0.129862
0.096003
0.0622593
0.028679
-0.00459023
-0.0373537
-0.0692052
-0.0995752
-0.12713
-0.15096
-0.164743
-0.174472
-0.142429
-0.131193
-18.7989
-18.7857
-18.8494
-18.8636
-18.8604
-18.8455
-18.8203
-18.7873
-18.7518
-18.7184
-18.6883
-18.6619
-18.6404
-18.6273
-18.6269
-18.6294
-19.5525
-19.5313
-19.5749
-19.608
-19.6142
-19.6028
-19.5821
-19.5569
-19.5302
-19.5047
-19.4821
-19.4637
-19.4497
-19.4395
-19.433
-19.4205
-20.0964
-20.1819
-20.2574
-20.2839
-20.2791
-20.2584
-20.231
-20.2029
-20.1769
-20.1549
-20.1375
-20.1256
-20.1194
-20.118
-20.1164
-20.1069
-20.4124
-20.4867
-20.5142
-20.517
-20.5017
-20.4716
-20.4335
-20.3943
-20.358
-20.3266
-20.3009
-20.2815
-20.2685
-20.2612
-20.2562
-20.2437
-19.9241
-19.9789
-19.9961
-19.996
-19.9763
-19.9417
-19.8997
-19.856
-19.8141
-19.7759
-19.7417
-19.7117
-19.6855
-19.6643
-19.6491
-19.6277
-18.5225
-18.571
-18.5957
-18.6045
-18.5955
-18.5714
-18.5366
-18.496
-18.4542
-18.4129
-18.373
-18.3349
-18.2991
-18.2672
-18.2407
-18.2124
-16.4918
-16.5278
-16.5536
-16.5726
-16.5815
-16.5778
-16.5609
-16.5349
-16.504
-16.4696
-16.4321
-16.392
-16.3502
-16.3092
-16.2726
-16.2385
-14.318
-14.3402
-14.3634
-14.3883
-14.4097
-14.4199
-14.4154
-14.3999
-14.3773
-14.3485
-14.3141
-14.2748
-14.232
-14.1883
-14.1486
-14.113
-12.4051
-12.4141
-12.4315
-12.4543
-12.4757
-12.4866
-12.4831
-12.4692
-12.4484
-12.4212
-12.388
-12.3496
-12.3071
-12.2634
-12.2234
-12.1876
-10.8379
-10.8389
-10.8452
-10.8559
-10.8661
-10.8666
-10.855
-10.8357
-10.8112
-10.7818
-10.7474
-10.7086
-10.6664
-10.6233
-10.5838
-10.5483
-9.53056
-9.52861
-9.52626
-9.52636
-9.52527
-9.51509
-9.4949
-9.4692
-9.43986
-9.40679
-9.36989
-9.32937
-9.28612
-9.24247
-9.20264
-9.16675
-8.38871
-8.38867
-8.38285
-8.3758
-8.36515
-8.34559
-8.31761
-8.28502
-8.24933
-8.21061
-8.16885
-8.12422
-8.07738
-8.03056
-7.98804
-7.95022
-7.32178
-7.32575
-7.31807
-7.30408
-7.28342
-7.25415
-7.21703
-7.1749
-7.13001
-7.08292
-7.03363
-6.98209
-6.92868
-6.87547
-6.82724
-6.7853
-6.28484
-6.27828
-6.25781
-6.22916
-6.19413
-6.15192
-6.10166
-6.04648
-5.99022
-5.93351
-5.87586
-5.81662
-5.75553
-5.69437
-5.63862
-5.59139
-5.32312
-5.28506
-5.23364
-5.1764
-5.11732
-5.0547
-4.98653
-4.91655
-4.84844
-4.78209
-4.71618
-4.64918
-4.58
-4.51007
-4.44598
-4.39289
-4.37031
-4.31262
-4.23267
-4.1448
-4.05836
-3.97363
-3.8903
-3.80968
-3.73245
-3.65838
-3.58566
-3.51179
-3.43475
-3.35573
-3.28277
-3.22342
-3.45513
-3.34433
-3.23081
-3.12153
-3.01936
-2.92443
-2.83536
-2.74989
-2.66825
-2.59054
-2.51438
-2.43645
-2.35385
-2.26755
-2.18703
-2.1222
-2.71495
-2.53549
-2.37259
-2.22702
-2.10204
-1.99738
-1.90971
-1.83225
-1.75704
-1.68227
-1.60833
-1.53191
-1.44932
-1.36127
-1.278
-1.20906
-2.42263
-2.12669
-1.87404
-1.67011
-1.51181
-1.39177
-1.30147
-1.22764
-1.15737
-1.08854
-1.02152
-0.952394
-0.876988
-0.795751
-0.718214
-0.652085
-2.50241
-2.12261
-1.79648
-1.53724
-1.34236
-1.20104
-1.10003
-1.01974
-0.947577
-0.882344
-0.822038
-0.761966
-0.698634
-0.633181
-0.573428
-0.522543
-2.7407
-2.32315
-1.97159
-1.68976
-1.47128
-1.31038
-1.19328
-1.1014
-1.02553
-0.962426
-0.907551
-0.856816
-0.80834
-0.763726
-0.727356
-0.69574
-2.92056
-2.50878
-2.17447
-1.90741
-1.69996
-1.54008
-1.41427
-1.3146
-1.23636
-1.17429
-1.12369
-1.08176
-1.04762
-1.02144
-0.999852
-0.975857
-2.77934
-2.43047
-2.15692
-1.94787
-1.79025
-1.667
-1.56444
-1.47655
-1.4014
-1.33712
-1.28236
-1.2363
-1.19862
-1.17016
-1.15451
-1.14246
-2.17192
-1.94765
-1.77042
-1.63317
-1.52444
-1.43633
-1.36467
-1.30655
-1.25953
-1.22181
-1.19221
-1.16978
-1.15376
-1.14356
-1.13815
-1.12862
-1.43074
-1.34432
-1.27078
-1.2106
-1.15876
-1.11454
-1.07807
-1.04858
-1.02538
-1.00796
-0.995844
-0.988276
-0.984193
-0.982436
-0.981402
-0.971265
-0.942955
-0.935997
-0.921867
-0.904807
-0.88666
-0.869407
-0.854102
-0.841305
-0.831246
-0.823857
-0.818786
-0.815385
-0.812831
-0.810667
-0.808811
-0.795669
-0.623675
-0.659767
-0.679004
-0.687042
-0.687363
-0.682664
-0.675323
-0.667126
-0.659216
-0.652155
-0.64603
-0.640462
-0.634719
-0.628617
-0.624022
-0.608278
-0.339768
-0.39158
-0.423523
-0.440944
-0.447915
-0.447735
-0.443012
-0.435633
-0.426883
-0.417575
-0.408189
-0.398876
-0.389136
-0.377781
-0.372068
-0.352105
-0.0283621
-0.0715907
-0.0976831
-0.111289
-0.115971
-0.11428
-0.108192
-0.0992462
-0.0884538
-0.0767191
-0.0645428
-0.0525636
-0.0415677
-0.0307178
-0.0228044
-0.00375511
0.309088
0.285084
0.272656
0.268471
0.269747
0.274349
0.280835
0.289087
0.299061
0.310126
0.32198
0.334839
0.349376
0.364392
0.376077
0.3962
0.645775
0.637079
0.635274
0.638317
0.645763
0.657051
0.671021
0.686326
0.702101
0.718234
0.734688
0.751538
0.768723
0.785345
0.798561
0.819093
0.973208
0.979546
0.98881
1.00184
1.01785
1.03505
1.05259
1.07023
1.08807
1.10617
1.12448
1.14299
1.16152
1.17907
1.1927
1.21322
1.27463
1.28801
1.30601
1.32642
1.34699
1.36681
1.38594
1.40472
1.42352
1.44234
1.46116
1.48003
1.49871
1.5162
1.52933
1.54961
1.51382
1.53983
1.56533
1.58924
1.61156
1.6325
1.65234
1.67166
1.69078
1.70964
1.72822
1.74657
1.76454
1.78128
1.79342
1.81335
1.68431
1.71792
1.7481
1.77477
1.79902
1.82127
1.84198
1.86186
1.8812
1.8999
1.91804
1.93565
1.95266
1.96854
1.97953
1.99909
1.79788
1.83281
1.86391
1.8914
1.91634
1.93918
1.96044
1.98064
1.9999
2.01823
2.0358
2.05267
2.06885
2.08415
2.0941
2.1134
1.86886
1.9008
1.93052
1.95797
1.98296
2.00592
2.02738
2.04762
2.06666
2.08464
2.10175
2.11801
2.13351
2.1484
2.15747
2.17661
1.91263
1.94264
1.97098
1.99742
2.02179
2.0443
2.06535
2.08507
2.10357
2.12106
2.13766
2.15336
2.16826
2.18288
2.19125
2.2103
1.94151
1.96943
1.99631
2.02158
2.04497
2.06674
2.0871
2.10619
2.12417
2.14122
2.1574
2.17266
2.18708
2.20151
2.20939
2.22835
1.95967
1.98614
2.01174
2.03597
2.0584
2.07945
2.09924
2.11789
2.13552
2.15224
2.16809
2.183
2.19704
2.21134
2.21886
2.23775
1.96865
1.99442
2.01907
2.04247
2.06443
2.08513
2.10462
2.12299
2.14035
2.15681
2.1724
2.18705
2.20079
2.21502
2.22223
2.24105
1.96928
1.99479
2.01906
2.04213
2.06396
2.08448
2.10378
2.12195
2.13911
2.15538
2.1708
2.18528
2.19876
2.213
2.21989
2.23867
1.96286
1.98822
2.01224
2.03514
2.0569
2.0773
2.09647
2.1145
2.13155
2.14775
2.16316
2.17759
2.19085
2.20514
2.21168
2.23046
1.95024
1.9755
1.99934
2.02202
2.04364
2.06395
2.08305
2.10106
2.11812
2.13437
2.14983
2.16425
2.17721
2.19163
2.1978
2.2166
1.93229
1.95746
1.98126
2.0039
2.02539
2.04562
2.06471
2.08277
2.09992
2.11621
2.13163
2.14596
2.15853
2.17317
2.17894
2.1978
1.91026
1.93543
1.9592
1.98177
2.00309
2.02321
2.04227
2.06036
2.07752
2.09377
2.10908
2.12335
2.13542
2.15044
2.15574
2.17477
1.88512
1.91015
1.93409
1.95669
1.97782
1.99778
2.01669
2.03466
2.05171
2.0678
2.08295
2.09728
2.10872
2.12425
2.12905
2.14822
1.85791
1.88306
1.90692
1.92925
1.95022
1.97007
1.98887
2.00665
2.02351
2.03939
2.05422
2.06882
2.07936
2.09574
2.10011
2.11938
1.82869
1.85393
1.87757
1.89984
1.92083
1.94055
1.95919
1.97683
1.99349
2.00924
2.0235
2.03847
2.04818
2.06488
2.06898
2.08835
1.79625
1.82145
1.84524
1.86751
1.88833
1.908
1.92659
1.9441
1.96061
1.97631
1.99031
2.00491
2.01537
2.03159
2.03582
2.05515
1.76219
1.78737
1.81076
1.83272
1.85353
1.87316
1.89162
1.90904
1.92546
1.941
1.95531
1.96962
1.98022
1.99624
2.0006
2.01988
1.7275
1.75232
1.77579
1.79795
1.81875
1.83824
1.85653
1.87363
1.88995
1.90533
1.91965
1.93399
1.94449
1.96059
1.96492
1.98421
1.69145
1.71616
1.73979
1.76224
1.78345
1.80326
1.82149
1.83848
1.85463
1.86998
1.8842
1.89855
1.90889
1.92503
1.92936
1.94866
1.65737
1.68183
1.70489
1.72652
1.74691
1.76629
1.78489
1.80245
1.81886
1.83428
1.84829
1.86295
1.87284
1.8893
1.8935
1.91291
1.62486
1.64948
1.67251
1.69418
1.71455
1.73366
1.75169
1.76878
1.78493
1.8003
1.81401
1.82883
1.83856
1.85503
1.85932
1.8787
1.59362
1.61817
1.6412
1.66291
1.68327
1.70238
1.72034
1.7373
1.75327
1.76857
1.78223
1.79672
1.80707
1.82291
1.82752
1.84676
1.5602
1.58463
1.6077
1.62941
1.6498
1.66897
1.687
1.70404
1.72007
1.7354
1.7491
1.7635
1.77398
1.78974
1.79442
1.81363
1.52569
1.55018
1.57319
1.5948
1.61514
1.6343
1.65236
1.66942
1.68547
1.70092
1.71473
1.72902
1.73965
1.75534
1.76006
1.77928
1.49242
1.51681
1.53974
1.56133
1.58166
1.6008
1.61883
1.63585
1.65186
1.66703
1.68099
1.69509
1.70587
1.72142
1.72622
1.74541
1.45884
1.48327
1.50627
1.52793
1.5483
1.56748
1.58553
1.60255
1.61858
1.63373
1.64773
1.66174
1.67261
1.68806
1.69293
1.71208
1.42516
1.44967
1.47273
1.49443
1.51485
1.53407
1.55215
1.56919
1.58523
1.60037
1.6144
1.62837
1.63928
1.6547
1.65957
1.67873
1.39142
1.41597
1.43907
1.46081
1.48126
1.5005
1.51861
1.53566
1.5517
1.56684
1.58087
1.59484
1.60574
1.62116
1.62605
1.6452
1.3576
1.38218
1.40531
1.42707
1.44754
1.4668
1.48492
1.50198
1.51802
1.53316
1.54719
1.56117
1.57207
1.5875
1.59238
1.61153
1.32375
1.34834
1.37148
1.39325
1.41373
1.433
1.45113
1.46819
1.48423
1.49937
1.5134
1.52738
1.53828
1.55371
1.55858
1.57774
1.28984
1.31445
1.33759
1.35937
1.37985
1.39913
1.41726
1.43432
1.45037
1.4655
1.47953
1.49352
1.50441
1.51985
1.52472
1.54387
1.2559
1.28051
1.30366
1.32544
1.34593
1.3652
1.38334
1.4004
1.41645
1.43158
1.44561
1.4596
1.47049
1.48593
1.4908
1.50995
1.22193
1.24655
1.2697
1.29148
1.31197
1.33125
1.34939
1.36645
1.3825
1.39763
1.41166
1.42565
1.43653
1.45198
1.45685
1.476
1.18796
1.21257
1.23573
1.25751
1.278
1.29728
1.31542
1.33248
1.34853
1.36366
1.37769
1.39168
1.40256
1.41801
1.42288
1.44203
1.15397
1.17859
1.20174
1.22353
1.24402
1.2633
1.28144
1.2985
1.31455
1.32968
1.34371
1.3577
1.36858
1.38403
1.3889
1.40805
1.11999
1.1446
1.16776
1.18954
1.21004
1.22932
1.24745
1.26452
1.28056
1.2957
1.30972
1.32372
1.3346
1.35005
1.35491
1.37406
1.08599
1.11061
1.13377
1.15555
1.17605
1.19533
1.21346
1.23053
1.24657
1.26171
1.27574
1.28973
1.30061
1.31606
1.32092
1.34008
1.052
1.07662
1.09978
1.12156
1.14206
1.16133
1.17947
1.19653
1.21258
1.22772
1.24174
1.25573
1.26661
1.28206
1.28693
1.30608
1.01801
1.04263
1.06578
1.08757
1.10806
1.12734
1.14548
1.16254
1.17859
1.19373
1.20775
1.22175
1.23263
1.24808
1.25294
1.27209
0.984021
1.00864
1.03179
1.05358
1.07407
1.09335
1.11149
1.12855
1.1446
1.15974
1.17376
1.18775
1.19863
1.21408
1.21895
1.2381
0.950031
0.974647
0.997804
1.01959
1.04008
1.05936
1.0775
1.09456
1.11061
1.12575
1.13977
1.15376
1.16464
1.1801
1.18496
1.20411
0.91604
0.940656
0.963813
0.985598
1.00609
1.02537
1.04351
1.06057
1.07662
1.09175
1.10578
1.11977
1.13065
1.1461
1.15096
1.17012
0.882048
0.906664
0.929821
0.951606
0.9721
0.991379
1.00952
1.02658
1.04263
1.05776
1.07179
1.08578
1.09666
1.11211
1.11697
1.13613
0.848056
0.872672
0.895829
0.917614
0.938108
0.957388
0.975525
0.992588
1.00863
1.02377
1.0378
1.05179
1.06267
1.07812
1.08298
1.10213
0.814064
0.838679
0.861836
0.883621
0.904115
0.923394
0.941531
0.958594
0.97464
0.989777
1.0038
1.0178
1.02868
1.04413
1.04899
1.06814
0.780072
0.804688
0.827844
0.849629
0.870123
0.889402
0.907539
0.924602
0.940648
0.955784
0.96981
0.983801
0.99468
1.01013
1.01499
1.03415
0.746081
0.770696
0.793852
0.815636
0.836129
0.855408
0.873545
0.890607
0.906653
0.92179
0.935817
0.949809
0.960689
0.976139
0.981001
1.00016
0.712087
0.736702
0.759858
0.781642
0.802135
0.821414
0.83955
0.856613
0.872658
0.887794
0.901819
0.915811
0.92669
0.942141
0.947003
0.966158
0.678093
0.702707
0.725862
0.747645
0.768137
0.787416
0.805551
0.822613
0.838658
0.853795
0.867822
0.881813
0.892694
0.908142
0.913005
0.93216
0.644097
0.668709
0.691863
0.713644
0.734136
0.753413
0.771548
0.78861
0.804655
0.81979
0.833815
0.847804
0.858685
0.874134
0.878997
0.898152
0.610098
0.634708
0.657859
0.679638
0.700128
0.719403
0.737536
0.754595
0.770638
0.785773
0.7998
0.81379
0.824673
0.840118
0.844983
0.864137
0.576094
0.600698
0.623845
0.64562
0.666106
0.685378
0.703509
0.720567
0.736611
0.751743
0.765767
0.77975
0.790635
0.806077
0.810945
0.830098
0.542078
0.566674
0.589814
0.611583
0.632063
0.651331
0.669457
0.68651
0.702547
0.717676
0.731705
0.745689
0.756578
0.772016
0.776886
0.796037
0.508041
0.532624
0.555751
0.577509
0.597979
0.617237
0.635355
0.652406
0.668445
0.683572
0.697593
0.711561
0.722454
0.737885
0.742759
0.76191
0.473969
0.498528
0.521634
0.543374
0.563827
0.583072
0.601177
0.618211
0.63423
0.649342
0.663368
0.677331
0.688241
0.70365
0.708536
0.727678
0.439835
0.464352
0.48742
0.509125
0.529548
0.548766
0.566848
0.583865
0.599879
0.614984
0.628999
0.642928
0.653849
0.669228
0.674132
0.69327
0.405598
0.430042
0.453044
0.474691
0.495063
0.514235
0.532279
0.549259
0.565233
0.5803
0.594315
0.608209
0.619168
0.634497
0.639428
0.658551
0.371183
0.395502
0.418392
0.439938
0.460219
0.479312
0.497286
0.514209
0.530137
0.545162
0.55916
0.572984
0.583984
0.599239
0.604218
0.623323
0.336459
0.360562
0.383256
0.404627
0.424754
0.443709
0.461563
0.478382
0.494225
0.509176
0.52315
0.536873
0.547949
0.563065
0.568119
0.587185
0.301226
0.324962
0.347327
0.368404
0.388269
0.406995
0.424648
0.441294
0.456992
0.471815
0.485715
0.499281
0.510444
0.525377
0.530541
0.54956
0.265057
0.288152
0.309935
0.330489
0.349887
0.368198
0.385486
0.401815
0.417244
0.431844
0.445607
0.458934
0.470223
0.484803
0.49016
0.50907
0.227486
0.249535
0.270379
0.290096
0.308755
0.326418
0.343145
0.358995
0.374028
0.388305
0.40184
0.414895
0.426247
0.440522
0.446057
0.464911
0.187027
0.207166
0.22626
0.244378
0.261578
0.277915
0.29344
0.30821
0.322285
0.335735
0.3486
0.361021
0.372293
0.385788
0.391674
0.410275
0.143468
0.160868
0.17752
0.193487
0.20882
0.223565
0.23776
0.251469
0.26482
0.27787
0.290564
0.302885
0.31439
0.327695
0.333944
0.352506
0.0908326
0.102676
0.114087
0.125102
0.135754
0.146079
0.156114
0.165908
0.175563
0.185178
0.194846
0.204647
0.214353
0.226029
0.23189
0.250118
0.0386391
0.0454147
0.0523035
0.0593579
0.0666317
0.0741753
0.0820237
0.0901793
0.0986437
0.107392
0.116401
0.125639
0.135
0.145025
0.153636
0.165496
)
;

boundaryField
{
    frontAndBack
    {
        type            empty;
    }
    inlet
    {
        type            zeroGradient;
    }
    outlet
    {
        type            fixedValue;
        value           uniform 0;
    }
    walls
    {
        type            zeroGradient;
    }
}


// ************************************************************************* //
