/*--------------------------------*- C++ -*----------------------------------*\
| =========                 |                                                 |
| \\      /  F ield         | OpenFOAM: The Open Source CFD Toolbox           |
|  \\    /   O peration     | Version:  v2012                                 |
|   \\  /    A nd           | Website:  www.openfoam.com                      |
|    \\/     M anipulation  |                                                 |
\*---------------------------------------------------------------------------*/
FoamFile
{
    version     2.0;
    format      ascii;
    class       volScalarField;
    location    "0.101";
    object      p;
}
// * * * * * * * * * * * * * * * * * * * * * * * * * * * * * * * * * * * * * //

dimensions      [0 2 -2 0 0 0 0];


internalField   nonuniform List<scalar> 
1900
(
-299.623
-300.723
-301.623
-302.284
-302.961
-303.728
-304.533
-305.362
-305.974
-306.578
-300.078
-300.877
-301.704
-302.38
-303.061
-303.822
-304.632
-305.47
-306.23
-307.051
-300.364
-300.929
-301.696
-302.41
-303.107
-303.868
-304.694
-305.577
-306.47
-307.716
-300.548
-300.992
-301.726
-302.469
-303.179
-303.941
-304.785
-305.71
-306.722
-308.096
-300.646
-301.04
-301.754
-302.506
-303.221
-303.987
-304.848
-305.808
-306.889
-308.278
-300.663
-301.061
-301.781
-302.536
-303.254
-304.028
-304.905
-305.89
-307.004
-308.372
-300.597
-301.057
-301.807
-302.558
-303.277
-304.061
-304.952
-305.952
-307.079
-308.403
-300.446
-301.037
-301.831
-302.557
-303.27
-304.066
-304.97
-305.98
-307.11
-308.392
-300.189
-301.03
-301.892
-302.58
-303.277
-304.078
-304.986
-305.996
-307.119
-308.361
-299.755
-300.93
-301.882
-302.562
-303.26
-304.074
-304.992
-306.01
-307.135
-308.358
-305.92
-318.28
-337.563
-339.209
-320.08
-286.053
-243.02
-198.246
-157.322
-122.526
-94.1793
-71.7689
-54.3038
-40.7423
-30.1767
-21.8549
-15.2222
-9.86943
-5.50078
-1.89581
1.10982
3.64123
5.79527
7.63627
9.2163
10.5776
11.7526
12.7791
13.6716
14.4467
15.12
15.7017
16.2033
16.6324
16.9941
17.2986
17.5521
17.7588
17.9242
18.052
18.1459
18.2085
18.2408
18.2454
18.2247
18.1812
18.1167
18.0323
17.9294
17.8095
17.6731
17.521
17.3547
17.1752
16.9829
16.7787
16.5635
16.3372
16.1005
15.8541
15.5984
15.3337
15.0606
14.7789
14.4888
14.1903
13.8843
13.5708
13.2498
12.9214
12.5858
12.2432
11.8937
11.5376
11.1748
10.8058
10.4303
10.0487
9.66086
9.26703
8.86714
8.46144
8.04979
7.63248
7.20937
6.78069
6.34639
5.90678
5.46198
5.01233
4.55773
4.09834
3.63383
3.16452
2.68939
2.21137
1.7237
1.24162
0.732971
0.278945
-309.337
-321.606
-333.413
-332.127
-313.08
-280.335
-239.751
-197.44
-158.323
-124.589
-96.6698
-74.2516
-56.5679
-42.6868
-31.7807
-23.1409
-16.2322
-10.6534
-6.10511
-2.36163
0.741447
3.3437
5.55709
7.44782
9.06422
10.4541
11.6511
12.6922
13.5942
14.376
15.0532
15.6367
16.1355
16.5615
16.9262
17.2349
17.4921
17.7026
17.8717
18.003
18.1003
18.166
18.1997
18.2052
18.1855
18.1426
18.0784
17.9948
17.893
17.774
17.6384
17.4868
17.3209
17.1417
16.9498
16.746
16.5313
16.3056
16.0693
15.8232
15.5677
15.3033
15.0305
14.749
14.4589
14.1607
13.8549
13.5415
13.2207
12.8924
12.557
12.2145
11.8652
11.5091
11.1464
10.7773
10.4019
10.0202
9.63236
9.23846
8.83855
8.4328
8.02112
7.60378
7.18065
6.75197
6.31768
5.87808
5.43333
4.98377
4.52928
4.07006
3.60598
3.1371
2.66362
2.18628
1.70429
1.22085
0.729026
0.251597
-310.272
-317.921
-326.264
-324.073
-306.103
-275.372
-237.27
-197.13
-159.47
-126.589
-99.0057
-76.5716
-58.6858
-44.5261
-33.3268
-24.4214
-17.2872
-11.5235
-6.82492
-2.96025
0.247318
2.94088
5.22954
7.17984
8.84719
10.2804
11.5141
12.5818
13.5048
14.3029
14.9902
15.5801
16.0824
16.5103
16.8787
17.1903
17.4488
17.6604
17.8303
17.9624
18.0591
18.1226
18.155
18.1607
18.1421
18.1006
18.038
17.9557
17.8552
17.7381
17.6043
17.4541
17.2895
17.111
16.9196
16.7159
16.5008
16.2748
16.0386
15.7927
15.5372
15.273
15.0007
14.7195
14.4296
14.1318
13.8262
13.5131
13.1925
12.8643
12.5291
12.1867
11.8374
11.4814
11.1187
10.7496
10.3741
9.99238
9.60443
9.21046
8.81049
8.40465
7.99293
7.57553
7.1524
6.72369
6.28942
5.84979
5.4051
4.95557
4.50121
4.04209
3.57848
3.11003
2.63823
2.16169
1.68532
1.20086
0.726616
0.223438
-310.493
-316.295
-321.94
-318.558
-301.09
-271.666
-235.203
-196.611
-160.107
-127.98
-100.754
-78.3765
-60.3673
-46.0042
-34.5773
-25.4578
-18.1363
-12.2159
-7.39016
-3.42366
-0.13359
2.62293
4.95621
6.93851
8.62993
10.082
11.332
12.4124
13.348
14.1594
14.8607
15.4642
15.9817
16.4265
16.8091
17.1319
17.3999
17.6195
17.7953
17.9312
18.0293
18.0922
18.1246
18.1309
18.1128
18.0717
18.0092
17.9266
17.8251
17.7063
17.5715
17.4214
17.2576
17.0795
16.8886
16.6852
16.4699
16.244
16.0083
15.763
15.5082
15.2441
14.9711
14.6896
14.3999
14.1024
13.7972
13.4841
13.1638
12.8358
12.5008
12.1585
11.8093
11.4533
11.0906
10.7215
10.3458
9.96395
9.57584
9.18177
8.78171
8.37579
7.96398
7.54651
7.12337
6.69464
6.26041
5.82077
5.37615
4.92663
4.47239
4.01337
3.55025
3.08227
2.61217
2.13646
1.66581
1.18006
0.723489
0.195644
-310.519
-314.806
-318.112
-313.455
-296.276
-267.995
-233.033
-195.924
-160.559
-129.161
-102.288
-79.979
-61.8705
-47.3335
-35.7103
-26.403
-18.9161
-12.8556
-7.91482
-3.85433
-0.488083
2.32859
4.70644
6.72482
8.44636
9.92295
11.1929
12.2895
13.2378
14.0586
14.7674
15.3766
15.8977
16.345
16.7284
17.0513
17.3201
17.5419
17.7208
17.8597
17.9615
18.0303
18.0697
18.0822
18.0697
18.0337
17.9755
17.8965
17.7973
17.6796
17.5455
17.3966
17.2335
17.0559
16.8651
16.6618
16.4466
16.2207
15.9849
15.7392
15.4841
15.2194
14.945
14.6624
14.3723
14.0744
13.7686
13.455
13.1343
12.806
12.4708
12.1282
11.7788
11.4226
11.0597
10.6904
10.3145
9.93248
9.54423
9.15012
8.75022
8.34448
7.93279
7.51536
7.09232
6.66367
6.22961
5.79007
5.34557
4.89609
4.442
3.98314
3.52054
3.05316
2.58469
2.10995
1.64457
1.15824
0.717869
0.170721
-310.4
-313.51
-315.042
-309.399
-292.509
-265.229
-231.494
-195.548
-161.048
-130.179
-103.563
-81.2972
-63.1018
-48.4211
-36.6367
-27.1749
-19.5522
-13.3779
-8.34433
-4.20843
-0.781289
2.08389
4.49873
6.546
8.29128
9.78683
11.0709
12.178
13.1359
13.9649
14.6796
15.2939
15.821
16.2738
16.6617
16.9892
17.2615
17.4857
17.6674
17.8092
17.9125
17.9818
18.0212
18.033
18.0196
17.9829
17.924
17.8444
17.7452
17.6282
17.4957
17.3485
17.187
17.0113
16.8223
16.621
16.4079
16.1838
15.9493
15.7047
15.4503
15.1863
14.9129
14.6309
14.341
14.043
13.7368
13.4228
13.1017
12.7731
12.4377
12.0948
11.7451
11.3887
11.0255
10.656
10.2801
9.89791
9.50969
9.1156
8.71586
8.31027
7.89881
7.4815
7.0586
6.63012
6.19633
5.75702
5.3127
4.86327
4.40932
3.95072
3.48868
3.02204
2.55505
2.08148
1.62036
1.13494
0.707238
0.151941
-310.211
-312.446
-312.668
-306.233
-289.502
-262.956
-230.135
-195.078
-161.266
-130.842
-104.473
-82.2799
-64.0457
-49.2733
-37.3766
-27.8012
-20.0747
-13.8119
-8.70508
-4.50834
-1.03204
1.87103
4.31605
6.38842
8.15374
9.6636
10.9598
12.078
13.0451
13.8808
14.6009
15.2207
15.7542
16.2119
16.6019
16.9316
17.2074
17.4342
17.6172
17.7602
17.8655
17.9366
17.9774
17.9907
17.979
17.9439
17.8863
17.8077
17.7094
17.5931
17.4608
17.3133
17.151
16.9743
16.784
16.5817
16.3679
16.1428
15.9071
15.6615
15.4063
15.1419
14.8684
14.5862
14.2961
13.9981
13.6921
13.3784
13.0577
12.73
12.3954
12.0533
11.7042
11.3482
10.9857
10.6165
10.2411
9.8592
9.47143
9.07763
8.67825
8.2731
7.86215
7.44527
7.0227
6.5946
6.16122
5.72239
5.2784
4.82911
4.37528
3.91702
3.45559
2.98977
2.52396
2.0517
1.59326
1.11058
0.689733
0.142967
-310.015
-311.623
-310.915
-303.873
-287.219
-261.199
-229.053
-194.666
-161.385
-131.318
-105.165
-83.0489
-64.7977
-49.9629
-37.9836
-28.3215
-20.5142
-14.1807
-9.01231
-4.76396
-1.24606
1.68983
4.16144
6.25454
8.03572
9.55851
10.8666
11.9946
12.9684
13.8087
14.5341
15.1595
15.6965
16.156
16.5481
16.8804
17.1585
17.3866
17.5702
17.7142
17.8212
17.8938
17.9352
17.9486
17.9372
17.9024
17.8449
17.7664
17.6678
17.5513
17.4188
17.2711
17.1087
16.932
16.7416
16.5394
16.3258
16.1007
15.8647
15.6188
15.3633
15.0987
14.825
14.5422
14.2516
13.9531
13.6465
13.3323
13.0112
12.6834
12.3485
12.0061
11.6568
11.3007
10.938
10.5687
10.1934
9.81155
9.42388
9.03029
8.6313
8.22686
7.81663
7.40046
6.97848
6.55105
6.11833
5.68029
5.237
4.78814
4.3346
3.87682
3.41613
2.95115
2.48622
2.01542
1.55805
1.07983
0.65942
0.138471
-309.857
-311.037
-309.718
-302.258
-285.629
-259.948
-228.242
-194.298
-161.365
-131.533
-105.533
-83.4774
-65.2226
-50.3535
-38.3275
-28.6172
-20.7652
-14.3937
-9.19356
-4.9193
-1.37762
1.5791
4.0638
6.16562
7.95385
9.4829
10.7963
11.9282
12.9048
13.7478
14.4762
15.1041
15.6429
16.1042
16.4984
16.8324
17.1117
17.3411
17.5257
17.671
17.7792
17.8528
17.895
17.9092
17.8987
17.8646
17.8079
17.7301
17.6322
17.5164
17.3847
17.2377
17.0759
16.8997
16.7094
16.5075
16.2945
16.0696
15.8338
15.5881
15.3326
15.0685
14.7955
14.5129
14.2228
13.9249
13.6188
13.3052
12.9849
12.6583
12.3244
11.9825
11.6337
11.2781
10.9159
10.5471
10.1721
9.7907
9.40327
9.00983
8.61085
8.20642
7.79633
7.38026
6.95826
6.53067
6.0979
5.65989
5.21661
4.76764
4.31393
3.85617
3.39573
2.93097
2.46602
1.9959
1.53795
1.06414
0.638619
0.148809
-309.8
-310.777
-309.168
-301.516
-284.924
-259.448
-228.002
-194.312
-161.573
-131.868
-105.94
-83.9019
-65.6292
-50.7258
-38.6603
-28.9109
-21.0232
-14.6215
-9.39693
-5.10185
-1.53915
1.4409
3.93967
6.051
7.84703
9.38215
10.7001
11.8357
12.8157
13.6614
14.3919
15.0218
15.5628
16.0261
16.4218
16.7573
17.0379
17.2686
17.4545
17.6006
17.7098
17.7845
17.8277
17.8428
17.8329
17.7996
17.7436
17.6663
17.5692
17.4538
17.3226
17.1761
17.0147
16.8391
16.6493
16.4477
16.2353
16.0111
15.7756
15.5304
15.2752
15.0112
14.7392
14.4566
14.1665
13.869
13.5631
13.2494
12.9289
12.602
12.269
11.9278
11.5791
11.2236
10.8615
10.4928
10.118
9.73687
9.34962
8.95652
8.55801
8.15407
7.74419
7.32845
6.90668
6.47913
6.04637
5.60842
5.16519
4.71616
4.26249
3.80479
3.34469
2.88034
2.41555
1.94628
1.48704
1.01839
0.589935
0.1128
-314.074
-315.343
-316.52
-316.764
-316.247
-314.977
-313.671
-313.763
-333.209
-334.725
-335.671
-336.006
-335.685
-334.97
-334.107
-333.758
-348.322
-351.158
-352.674
-353.24
-353.13
-352.82
-352.512
-352.173
-346.898
-350.263
-352.117
-352.863
-352.69
-352.175
-351.696
-351.058
-325.752
-328.652
-330.388
-330.947
-330.606
-329.869
-329.085
-328.158
-289.995
-292.051
-293.342
-293.796
-293.47
-292.522
-291.109
-289.509
-244.965
-246.037
-246.888
-247.289
-247.031
-246.003
-244.218
-242.159
-198.428
-198.459
-198.713
-198.928
-198.649
-197.568
-195.617
-193.373
-156.294
-155.598
-155.335
-155.24
-154.837
-153.721
-151.766
-149.56
-120.785
-119.663
-119.117
-118.845
-118.356
-117.253
-115.405
-113.362
-92.2188
-90.9927
-90.3458
-89.952
-89.391
-88.3471
-86.6733
-84.8475
-69.8906
-68.7371
-68.0993
-67.6344
-67.0332
-66.0735
-64.5994
-63.0156
-52.6464
-51.6359
-51.0471
-50.581
-50.0001
-49.1357
-47.8571
-46.4952
-39.366
-38.5297
-38.0265
-37.5966
-37.062
-36.3018
-35.2128
-34.0587
-29.0776
-28.3978
-27.9547
-27.5572
-27.0828
-26.4279
-25.507
-24.5307
-21.0105
-20.4709
-20.0675
-19.6877
-19.271
-18.712
-17.9335
-17.0915
-14.5868
-14.1614
-13.8093
-13.4657
-13.1006
-12.6209
-11.9598
-11.2026
-9.39462
-9.06029
-8.76507
-8.46892
-8.15074
-7.7376
-7.17497
-6.49641
-5.14408
-4.88028
-4.63469
-4.38175
-4.10501
-3.74681
-3.26418
-2.67566
-1.62271
-1.41224
-1.20627
-0.990338
-0.749509
-0.436701
-0.017516
0.492964
1.33137
1.50495
1.68221
1.86482
2.07315
2.34707
2.71404
3.16026
3.82963
3.97595
4.13079
4.2873
4.46916
4.71081
5.03469
5.42832
5.95461
6.07711
6.21077
6.34841
6.5113
6.72801
7.01714
7.36787
7.77232
7.87771
7.99427
8.11713
8.26459
8.46055
8.72054
9.0355
9.33523
9.42833
9.53266
9.64401
9.77863
9.95698
10.1922
10.4769
10.6888
10.7762
10.8675
10.9675
11.0908
11.2541
11.4682
11.7272
11.8606
11.9472
12.0298
12.1202
12.2329
12.3825
12.5781
12.8149
12.8766
12.9562
13.0324
13.1168
13.2222
13.3611
13.5412
13.7591
13.759
13.8317
13.9022
13.9814
14.0803
14.2098
14.3763
14.5777
14.5248
14.5914
14.6572
14.7317
14.8248
14.946
15.1005
15.2875
15.1901
15.2513
15.3125
15.3827
15.4706
15.5843
15.7281
15.9023
15.765
15.8211
15.8788
15.9456
16.029
16.1361
16.2704
16.4333
16.2625
16.3136
16.3676
16.4308
16.51
16.6111
16.7369
16.8896
16.6885
16.7356
16.7862
16.8463
16.9215
17.0172
17.1352
17.2789
17.0473
17.092
17.1406
17.1982
17.2702
17.3611
17.4724
17.608
17.3491
17.392
17.4389
17.4943
17.5634
17.6501
17.7551
17.8834
17.6005
17.6417
17.6869
17.7403
17.8067
17.8895
17.9889
18.1106
17.8052
17.845
17.8888
17.9405
18.0045
18.0837
18.1781
18.2939
17.9687
18.0071
18.0495
18.0995
18.1613
18.2373
18.327
18.4374
18.0946
18.132
18.1731
18.2216
18.2814
18.3544
18.4397
18.5452
18.1867
18.2228
18.2628
18.31
18.3678
18.438
18.5194
18.6204
18.2475
18.2824
18.3212
18.367
18.4231
18.4907
18.5685
18.6653
18.2785
18.3124
18.3502
18.3948
18.4492
18.5145
18.589
18.6821
18.282
18.3151
18.352
18.3956
18.4486
18.5117
18.5832
18.6728
18.2605
18.2929
18.3292
18.3718
18.4234
18.4846
18.5532
18.6397
18.2163
18.2481
18.2837
18.3254
18.3758
18.4351
18.5011
18.5846
18.1513
18.1824
18.2172
18.2581
18.3072
18.3648
18.4283
18.5092
18.0662
18.0968
18.131
18.1711
18.2192
18.2752
18.3364
18.4147
17.9625
17.9927
18.0264
18.0658
18.1128
18.1673
18.2264
18.3024
17.8419
17.8716
17.9048
17.9434
17.9895
18.0425
18.0996
18.1735
17.705
17.7342
17.7668
17.8049
17.8499
17.9017
17.9569
18.0288
17.5525
17.5814
17.6137
17.6511
17.6954
17.7458
17.7994
17.8694
17.3859
17.4144
17.4463
17.4832
17.5267
17.576
17.6279
17.6962
17.206
17.2343
17.2658
17.3022
17.3449
17.3931
17.4435
17.5101
17.0134
17.0414
17.0725
17.1085
17.1504
17.1976
17.2466
17.3117
16.8089
16.8366
16.8674
16.9029
16.9441
16.9904
17.0379
17.1016
16.5932
16.6205
16.6509
16.6859
16.7265
16.7718
16.8181
16.8805
16.3666
16.3936
16.4238
16.4583
16.4983
16.5427
16.5877
16.6489
16.1296
16.1564
16.1863
16.2204
16.2598
16.3034
16.3473
16.4073
15.883
15.9097
15.9392
15.973
16.0118
16.0545
16.0974
16.1563
15.6271
15.6535
15.6828
15.7161
15.7544
15.7964
15.8383
15.8961
15.3622
15.3884
15.4175
15.4505
15.4882
15.5295
15.5703
15.6272
15.0888
15.1147
15.1434
15.1761
15.2133
15.2539
15.2938
15.3497
14.8068
14.8325
14.861
14.8932
14.93
14.9699
15.0089
15.064
14.5164
14.5419
14.5701
14.6021
14.6383
14.6777
14.7158
14.7702
14.2179
14.2433
14.2714
14.303
14.3388
14.3776
14.4149
14.4685
13.9117
13.937
13.9648
13.9962
14.0316
14.0698
14.1065
14.1593
13.5981
13.6232
13.6509
13.682
13.717
13.7546
13.7905
13.8427
13.2769
13.3019
13.3293
13.3602
13.3948
13.432
13.4672
13.5187
12.9484
12.9732
13.0005
13.0311
13.0654
13.102
13.1366
13.1875
12.6127
12.6374
12.6645
12.6949
12.7288
12.765
12.799
12.8494
12.27
12.2946
12.3216
12.3517
12.3853
12.421
12.4544
12.5042
11.9204
11.9449
11.9717
12.0016
12.0349
12.0703
12.1031
12.1525
11.5642
11.5886
11.6153
11.6449
11.6779
11.7129
11.7451
11.794
11.2014
11.2257
11.2522
11.2818
11.3145
11.3491
11.3808
11.4293
10.8323
10.8565
10.8829
10.9122
10.9446
10.9789
11.0101
11.0581
10.4568
10.481
10.5074
10.5365
10.5687
10.6026
10.6335
10.6811
10.0752
10.0994
10.1256
10.1546
10.1865
10.2201
10.2505
10.2977
9.68736
9.71148
9.7377
9.76656
9.79825
9.83151
9.86149
9.9084
9.29353
9.31762
9.34375
9.37244
9.40389
9.43682
9.46637
9.51288
8.89365
8.91773
8.94381
8.97239
9.00365
9.03633
9.06552
9.11172
8.48797
8.51201
8.53801
8.56643
8.59744
8.62979
8.65857
8.70442
8.07632
8.10035
8.12629
8.15461
8.18544
8.21756
8.24601
8.29158
7.65902
7.68303
7.7089
7.73707
7.76768
7.79954
7.8277
7.87304
7.2359
7.25988
7.28569
7.31376
7.3442
7.37586
7.4041
7.44988
6.80719
6.83112
6.85684
6.88477
6.91499
6.94632
6.97438
7.02026
6.37287
6.39675
6.42238
6.45018
6.48022
6.51131
6.53909
6.58474
5.93321
5.95703
5.98257
6.01023
6.04008
6.07095
6.09844
6.14385
5.48834
5.51208
5.5375
5.56499
5.59462
5.62524
5.65242
5.6975
5.0386
5.06224
5.08754
5.11487
5.1443
5.1747
5.20163
5.24651
4.58385
4.60734
4.63245
4.65954
4.68867
4.71874
4.74527
4.78971
4.12433
4.14768
4.17264
4.19956
4.22849
4.25838
4.28473
4.32906
3.65941
3.68242
3.70703
3.73358
3.76213
3.79166
3.81762
3.8616
3.18975
3.21245
3.23674
3.26294
3.29112
3.32029
3.34591
3.38964
2.71322
2.73484
2.75816
2.78354
2.81103
2.8397
2.865
2.90858
2.23469
2.25584
2.27864
2.3034
2.33021
2.35819
2.38287
2.42578
1.74235
1.75999
1.77989
1.80243
1.82772
1.85493
1.87952
1.92345
1.26176
1.28018
1.30015
1.32202
1.34595
1.37118
1.39378
1.43411
0.738719
0.746253
0.757313
0.772487
0.792177
0.81527
0.834264
0.882711
0.301925
0.320002
0.336409
0.351562
0.3665
0.383589
0.400817
0.376721
)
;

boundaryField
{
    frontAndBack
    {
        type            empty;
    }
    inlet
    {
        type            zeroGradient;
    }
    outlet
    {
        type            fixedValue;
        value           uniform 0;
    }
    walls
    {
        type            zeroGradient;
    }
}


// ************************************************************************* //
