/*--------------------------------*- C++ -*----------------------------------*\
| =========                 |                                                 |
| \\      /  F ield         | OpenFOAM: The Open Source CFD Toolbox           |
|  \\    /   O peration     | Version:  v2012                                 |
|   \\  /    A nd           | Website:  www.openfoam.com                      |
|    \\/     M anipulation  |                                                 |
\*---------------------------------------------------------------------------*/
FoamFile
{
    version     2.0;
    format      ascii;
    class       volScalarField;
    location    "0.362";
    object      p;
}
// * * * * * * * * * * * * * * * * * * * * * * * * * * * * * * * * * * * * * //

dimensions      [0 2 -2 0 0 0 0];


internalField   nonuniform List<scalar> 
5600
(
-0.68217
-1.14032
-1.52077
-1.83929
-2.15015
-2.46038
-2.76174
-3.04349
-3.30656
-3.55672
-3.79329
-4.01797
-4.23241
-4.4387
-4.63891
-4.83475
-5.02702
-5.21676
-5.40394
-5.58888
-5.77168
-5.95199
-6.12975
-6.30605
-6.48088
-6.65441
-6.82668
-6.99793
-7.16871
-7.33894
-7.5087
-7.67763
-7.84583
-8.01358
-8.18088
-8.34747
-8.51355
-8.67894
-8.84381
-9.00799
-9.17162
-9.33467
-9.49709
-9.6588
-9.82006
-9.98076
-10.141
-10.3007
-10.46
-10.6187
-10.777
-10.9349
-11.0923
-11.2492
-11.4057
-11.5617
-11.7175
-11.8727
-12.0275
-12.1817
-12.3357
-12.4893
-12.6426
-12.7954
-12.9479
-13.0999
-13.2517
-13.403
-13.5541
-13.7048
-13.8553
-14.0054
-14.1553
-14.3049
-14.4541
-14.6032
-14.7519
-14.9004
-15.0486
-15.1966
-15.3443
-15.492
-15.6393
-15.7865
-15.9334
-16.0801
-16.2267
-16.3732
-16.5194
-16.6653
-16.8112
-16.9566
-17.1027
-17.2484
-17.3948
-17.5414
-17.6907
-17.8441
-18.0018
-18.2488
-0.741204
-1.16051
-1.53738
-1.8571
-2.16813
-2.47871
-2.78
-3.06201
-3.32543
-3.57564
-3.81244
-4.03741
-4.25219
-4.45886
-4.65942
-4.85558
-5.04814
-5.23813
-5.42547
-5.61049
-5.7935
-5.97392
-6.15173
-6.32815
-6.50312
-6.67677
-6.84914
-7.02047
-7.19135
-7.36167
-7.53151
-7.70052
-7.86873
-8.03652
-8.20385
-8.37047
-8.53659
-8.70201
-8.86691
-9.03112
-9.19479
-9.35787
-9.52032
-9.68206
-9.84334
-10.004
-10.1643
-10.324
-10.4833
-10.642
-10.8004
-10.9582
-11.1156
-11.2725
-11.429
-11.585
-11.7408
-11.8959
-12.0507
-12.205
-12.359
-12.5125
-12.6658
-12.8186
-12.9711
-13.1231
-13.2749
-13.4262
-13.5773
-13.728
-13.8784
-14.0286
-14.1784
-14.328
-14.4772
-14.6263
-14.775
-14.9235
-15.0717
-15.2197
-15.3674
-15.5151
-15.6623
-15.8096
-15.9564
-16.1032
-16.2497
-16.3963
-16.5424
-16.6885
-16.8341
-16.9799
-17.1255
-17.2719
-17.4172
-17.5656
-17.7118
-17.8692
-18.0218
-18.2608
-0.779451
-1.17313
-1.55013
-1.87047
-2.17935
-2.48742
-2.78763
-3.06922
-3.33242
-3.5823
-3.81883
-4.04389
-4.25869
-4.46534
-4.66593
-4.86212
-5.05468
-5.2447
-5.43203
-5.61709
-5.80007
-5.98054
-6.15852
-6.33498
-6.50987
-6.68349
-6.85579
-7.02713
-7.1979
-7.36819
-7.53794
-7.7069
-7.87516
-8.04296
-8.21027
-8.37688
-8.54297
-8.70836
-8.87323
-9.03739
-9.201
-9.36403
-9.5264
-9.68805
-9.84926
-10.01
-10.1703
-10.3299
-10.4892
-10.648
-10.8063
-10.9642
-11.1216
-11.2785
-11.435
-11.5912
-11.747
-11.9022
-12.0571
-12.2114
-12.3654
-12.5191
-12.6724
-12.8252
-12.9778
-13.1299
-13.2817
-13.433
-13.5842
-13.7349
-13.8854
-14.0356
-14.1855
-14.3351
-14.4843
-14.6334
-14.7821
-14.9307
-15.0789
-15.2269
-15.3747
-15.5223
-15.6696
-15.8169
-15.9637
-16.1106
-16.2571
-16.4037
-16.5498
-16.6959
-16.8415
-16.9873
-17.1329
-17.2793
-17.4247
-17.573
-17.7197
-17.8777
-18.0293
-18.2581
-0.828174
-1.18961
-1.56552
-1.88731
-2.19492
-2.50205
-2.80264
-3.08486
-3.34868
-3.5989
-3.83599
-4.06106
-4.27635
-4.48319
-4.68383
-4.87994
-5.07237
-5.26214
-5.44917
-5.63391
-5.81673
-5.99712
-6.17512
-6.35167
-6.52667
-6.70058
-6.87325
-7.04493
-7.21593
-7.38645
-7.55637
-7.72548
-7.89375
-8.06162
-8.229
-8.39569
-8.56187
-8.72736
-8.89233
-9.05661
-9.22036
-9.38355
-9.54611
-9.70796
-9.86935
-10.0301
-10.1904
-10.3502
-10.5095
-10.6683
-10.8267
-10.9846
-11.1421
-11.2991
-11.4555
-11.6115
-11.7673
-11.9225
-12.0771
-12.2314
-12.3854
-12.539
-12.6922
-12.8449
-12.9974
-13.1494
-13.3011
-13.4525
-13.6035
-13.7542
-13.9047
-14.0548
-14.2047
-14.3542
-14.5035
-14.6525
-14.8012
-14.9497
-15.0979
-15.2459
-15.3936
-15.5413
-15.6886
-15.8358
-15.9827
-16.1294
-16.276
-16.4225
-16.5687
-16.7147
-16.8604
-17.0061
-17.1518
-17.2979
-17.4436
-17.5912
-17.7385
-17.8944
-18.0508
-18.2567
-0.877801
-1.20673
-1.58127
-1.9055
-2.21151
-2.51781
-2.81809
-3.10013
-3.36398
-3.614
-3.85131
-4.07615
-4.29163
-4.4987
-4.69954
-4.89582
-5.08844
-5.27832
-5.4655
-5.65034
-5.83313
-6.01355
-6.19152
-6.36792
-6.54276
-6.71648
-6.88893
-7.06044
-7.23119
-7.40162
-7.57143
-7.74053
-7.90886
-8.07683
-8.2442
-8.41094
-8.57709
-8.7426
-8.90752
-9.07179
-9.23544
-9.39856
-9.56095
-9.72276
-9.88404
-10.0448
-10.205
-10.3647
-10.524
-10.6828
-10.8411
-10.9989
-11.1563
-11.3131
-11.4696
-11.6258
-11.7816
-11.9368
-12.0917
-12.2461
-12.4001
-12.5537
-12.7071
-12.86
-13.0126
-13.1647
-13.3165
-13.4679
-13.619
-13.7698
-13.9203
-14.0705
-14.2204
-14.37
-14.5193
-14.6684
-14.8171
-14.9657
-15.1139
-15.2619
-15.4097
-15.5573
-15.7047
-15.8519
-15.9988
-16.1456
-16.2922
-16.4386
-16.5849
-16.7309
-16.8767
-17.0223
-17.1681
-17.3142
-17.4599
-17.6074
-17.7545
-17.9101
-18.0632
-18.2604
-0.927837
-1.22605
-1.59855
-1.92576
-2.23014
-2.53547
-2.83538
-3.11744
-3.38152
-3.63172
-3.86927
-4.09446
-4.31021
-4.51756
-4.7186
-4.91499
-5.10772
-5.2976
-5.48483
-5.66971
-5.8523
-6.03272
-6.21076
-6.3872
-6.5621
-6.73586
-6.90836
-7.07991
-7.2507
-7.42098
-7.59082
-7.75985
-7.92816
-8.09601
-8.26327
-8.42992
-8.59599
-8.76145
-8.92631
-9.09056
-9.25421
-9.41754
-9.57999
-9.74189
-9.90322
-10.064
-10.2244
-10.3842
-10.5435
-10.7024
-10.8608
-11.0187
-11.1761
-11.3331
-11.4896
-11.6457
-11.8016
-11.9568
-12.1116
-12.266
-12.42
-12.5736
-12.7268
-12.8796
-13.0321
-13.1842
-13.336
-13.4873
-13.6384
-13.7891
-13.9396
-14.0898
-14.2397
-14.3892
-14.5385
-14.6876
-14.8364
-14.9849
-15.1331
-15.2811
-15.4289
-15.5765
-15.7239
-15.8711
-16.018
-16.1647
-16.3113
-16.4578
-16.6041
-16.7501
-16.8958
-17.0415
-17.1873
-17.3333
-17.479
-17.6263
-17.7732
-17.9274
-18.0792
-18.2659
-0.977254
-1.24787
-1.61762
-1.94805
-2.25097
-2.55525
-2.85487
-3.13702
-3.40128
-3.6516
-3.88926
-4.1147
-4.33052
-4.53803
-4.73919
-4.93568
-5.12848
-5.3184
-5.50566
-5.69055
-5.87314
-6.05358
-6.23169
-6.40815
-6.58311
-6.75685
-6.92939
-7.10094
-7.27183
-7.44201
-7.61187
-7.7809
-7.94926
-8.11707
-8.28436
-8.45099
-8.61705
-8.7825
-8.9473
-9.11156
-9.27515
-9.43843
-9.60085
-9.76266
-9.92391
-10.0846
-10.2449
-10.4046
-10.5639
-10.7227
-10.881
-11.0389
-11.1963
-11.3533
-11.5099
-11.666
-11.8219
-11.9771
-12.1319
-12.2863
-12.4403
-12.5939
-12.7472
-12.9001
-13.0526
-13.2047
-13.3565
-13.5079
-13.659
-13.8098
-13.9603
-14.1105
-14.2604
-14.41
-14.5593
-14.7084
-14.8572
-15.0056
-15.1539
-15.3019
-15.4498
-15.5974
-15.7448
-15.8919
-16.0389
-16.1857
-16.3322
-16.4787
-16.625
-16.7711
-16.9167
-17.0625
-17.2082
-17.3542
-17.4999
-17.6469
-17.7936
-17.9461
-18.096
-18.2717
-1.02423
-1.27236
-1.63903
-1.97252
-2.27422
-2.57751
-2.87693
-3.15914
-3.42351
-3.67393
-3.91168
-4.13734
-4.35325
-4.56095
-4.76227
-4.95887
-5.15176
-5.34172
-5.52902
-5.71393
-5.89653
-6.07694
-6.25508
-6.43156
-6.60654
-6.78027
-6.95283
-7.1244
-7.29532
-7.46552
-7.63534
-7.80438
-7.97276
-8.14057
-8.30785
-8.4745
-8.64055
-8.806
-8.97081
-9.13512
-9.29876
-9.46187
-9.62433
-9.78614
-9.94741
-10.1081
-10.2684
-10.4281
-10.5874
-10.7461
-10.9044
-11.0623
-11.2197
-11.3768
-11.5332
-11.6894
-11.8451
-12.0003
-12.1551
-12.3095
-12.4635
-12.617
-12.7703
-12.9231
-13.0756
-13.2277
-13.3795
-13.531
-13.6821
-13.8329
-13.9834
-14.1336
-14.2835
-14.4331
-14.5824
-14.7315
-14.8804
-15.0288
-15.1771
-15.3251
-15.4729
-15.6205
-15.7679
-15.9151
-16.062
-16.2088
-16.3553
-16.5019
-16.6481
-16.7942
-16.9399
-17.0856
-17.2313
-17.3773
-17.5229
-17.6696
-17.8159
-17.9665
-18.1138
-18.2783
-1.06721
-1.29943
-1.66336
-1.9993
-2.30012
-2.60259
-2.90187
-3.1841
-3.44855
-3.69906
-3.9369
-4.16273
-4.37872
-4.58655
-4.78798
-4.98466
-5.1776
-5.36758
-5.55488
-5.7398
-5.9224
-6.10276
-6.28094
-6.45743
-6.63244
-6.80618
-6.97875
-7.15034
-7.32128
-7.49152
-7.66129
-7.83033
-7.99872
-8.16654
-8.33382
-8.50046
-8.66651
-8.83196
-8.99677
-9.16108
-9.32472
-9.48779
-9.65028
-9.8121
-9.97339
-10.1341
-10.2944
-10.4541
-10.6133
-10.7721
-10.9304
-11.0883
-11.2457
-11.4028
-11.5592
-11.7154
-11.871
-12.0262
-12.181
-12.3354
-12.4894
-12.6429
-12.7961
-12.9489
-13.1014
-13.2535
-13.4053
-13.5568
-13.7079
-13.8587
-14.0091
-14.1593
-14.3091
-14.4587
-14.6079
-14.757
-14.9058
-15.0543
-15.2026
-15.3506
-15.4984
-15.646
-15.7934
-15.9406
-16.0875
-16.2343
-16.3808
-16.5273
-16.6737
-16.8197
-16.9654
-17.1112
-17.2569
-17.4027
-17.5483
-17.6946
-17.8403
-17.9889
-18.1332
-18.2857
-1.10439
-1.32863
-1.69121
-2.02858
-2.32886
-2.63089
-2.93013
-3.21231
-3.47682
-3.72741
-3.96529
-4.19122
-4.40724
-4.61514
-4.81663
-5.01336
-5.20634
-5.39633
-5.58365
-5.7686
-5.95119
-6.13151
-6.3097
-6.48621
-6.66124
-6.83497
-7.00754
-7.17914
-7.35011
-7.52037
-7.69009
-7.85914
-8.02755
-8.19537
-8.36264
-8.52929
-8.69533
-8.86078
-9.02559
-9.18992
-9.35357
-9.51662
-9.6791
-9.84094
-10.0022
-10.1629
-10.3232
-10.4829
-10.6422
-10.8009
-10.9592
-11.1171
-11.2745
-11.4316
-11.5881
-11.7442
-11.8998
-12.0551
-12.2099
-12.3642
-12.5182
-12.6718
-12.825
-12.9778
-13.1303
-13.2824
-13.4341
-13.5856
-13.7367
-13.8875
-14.0379
-14.1881
-14.3379
-14.4875
-14.6367
-14.7858
-14.9346
-15.0831
-15.2313
-15.3793
-15.5271
-15.6746
-15.822
-15.9691
-16.1161
-16.2628
-16.4093
-16.5558
-16.7021
-16.8481
-16.9939
-17.1396
-17.2853
-17.431
-17.5765
-17.7223
-17.8673
-18.0137
-18.1544
-18.2951
-1.13175
-1.35792
-1.72162
-2.05893
-2.35909
-2.66128
-2.96059
-3.24264
-3.50715
-3.7578
-3.99566
-4.22158
-4.43758
-4.64547
-4.84698
-5.04371
-5.2367
-5.4267
-5.614
-5.79898
-5.98155
-6.16181
-6.34001
-6.51652
-6.69156
-6.86528
-7.03784
-7.20943
-7.38044
-7.55071
-7.72039
-7.88944
-8.05786
-8.22569
-8.39295
-8.55961
-8.72565
-8.8911
-9.05589
-9.22026
-9.3839
-9.54694
-9.70941
-9.87125
-10.0325
-10.1933
-10.3535
-10.5132
-10.6725
-10.8313
-10.9896
-11.1474
-11.3048
-11.4619
-11.6184
-11.7745
-11.9301
-12.0854
-12.2402
-12.3945
-12.5485
-12.7021
-12.8553
-13.0081
-13.1606
-13.3127
-13.4645
-13.6159
-13.767
-13.9178
-14.0682
-14.2184
-14.3682
-14.5178
-14.667
-14.8161
-14.9649
-15.1133
-15.2615
-15.4095
-15.5573
-15.7049
-15.8523
-15.9995
-16.1464
-16.2931
-16.4397
-16.5862
-16.7325
-16.8785
-17.0242
-17.1699
-17.3156
-17.4612
-17.6066
-17.752
-17.8962
-18.0402
-18.1773
-18.3081
-1.14654
-1.38457
-1.75168
-2.08739
-2.38787
-2.69081
-2.9903
-3.27214
-3.53661
-3.7873
-4.02508
-4.25089
-4.46682
-4.67462
-4.87607
-5.07277
-5.26574
-5.45572
-5.643
-5.82801
-6.01055
-6.19075
-6.36893
-6.54545
-6.72049
-6.8942
-7.06675
-7.23832
-7.40939
-7.57966
-7.7493
-7.91834
-8.08678
-8.25462
-8.42187
-8.58853
-8.75456
-8.92002
-9.08478
-9.24919
-9.41282
-9.57584
-9.7383
-9.90015
-10.0614
-10.2222
-10.3824
-10.5421
-10.7014
-10.8602
-11.0185
-11.1764
-11.3337
-11.4908
-11.6473
-11.8034
-11.9591
-12.1143
-12.2691
-12.4234
-12.5774
-12.731
-12.8842
-13.037
-13.1895
-13.3416
-13.4934
-13.6448
-13.7959
-13.9467
-14.0972
-14.2474
-14.3972
-14.5468
-14.6961
-14.8451
-14.9939
-15.1424
-15.2907
-15.4387
-15.5865
-15.7341
-15.8815
-16.0286
-16.1756
-16.3223
-16.469
-16.6155
-16.7618
-16.9079
-17.0537
-17.1994
-17.3451
-17.4906
-17.6358
-17.7808
-17.9243
-18.0663
-18.2004
-18.3235
-1.15025
-1.40814
-1.77972
-2.11274
-2.41393
-2.71799
-3.01772
-3.29928
-3.56371
-3.81441
-4.05206
-4.27771
-4.49352
-4.70117
-4.90252
-5.09916
-5.29209
-5.48205
-5.6693
-5.85434
-6.03685
-6.21698
-6.39514
-6.57165
-6.74668
-6.92036
-7.09289
-7.26443
-7.43555
-7.6058
-7.77543
-7.94446
-8.11291
-8.28075
-8.44801
-8.61466
-8.7807
-8.94616
-9.11091
-9.27536
-9.43899
-9.60198
-9.76444
-9.92628
-10.0876
-10.2483
-10.4085
-10.5682
-10.7275
-10.8862
-11.0446
-11.2024
-11.3598
-11.517
-11.6735
-11.8295
-11.9852
-12.1405
-12.2953
-12.4497
-12.6037
-12.7573
-12.9105
-13.0633
-13.2158
-13.3679
-13.5197
-13.6712
-13.8224
-13.9731
-14.1237
-14.2739
-14.4238
-14.5734
-14.7227
-14.8717
-15.0205
-15.1691
-15.3173
-15.4654
-15.6132
-15.7607
-15.908
-16.0552
-16.2021
-16.3488
-16.4954
-16.6418
-16.788
-16.9341
-17.08
-17.2258
-17.3714
-17.517
-17.6621
-17.8067
-17.9495
-18.0902
-18.222
-18.3396
-1.14517
-1.42946
-1.80569
-2.13539
-2.43763
-2.74298
-3.04299
-3.3242
-3.58856
-3.83927
-4.07676
-4.3022
-4.51789
-4.72536
-4.92657
-5.12312
-5.31599
-5.50594
-5.69313
-5.87822
-6.06069
-6.24077
-6.41889
-6.5954
-6.77043
-6.94408
-7.11658
-7.28808
-7.45925
-7.62948
-7.79909
-7.96811
-8.13657
-8.30439
-8.47165
-8.63828
-8.80432
-8.9697
-9.13452
-9.29899
-9.4626
-9.6256
-9.78806
-9.9499
-10.1112
-10.2719
-10.4322
-10.592
-10.7512
-10.91
-11.0684
-11.2262
-11.3837
-11.5409
-11.6974
-11.8535
-12.0092
-12.1645
-12.3194
-12.4738
-12.6278
-12.7814
-12.9347
-13.0875
-13.2399
-13.392
-13.5438
-13.6953
-13.8464
-13.9972
-14.1477
-14.2979
-14.4478
-14.5974
-14.7467
-14.8957
-15.0445
-15.193
-15.3413
-15.4894
-15.6372
-15.7848
-15.9321
-16.0793
-16.2263
-16.3731
-16.5198
-16.6664
-16.8127
-16.9587
-17.1044
-17.2501
-17.3957
-17.5412
-17.6861
-17.8307
-17.9734
-18.1121
-18.2421
-18.3557
-1.13384
-1.44892
-1.82931
-2.15562
-2.45917
-2.76587
-3.06628
-3.34713
-3.61141
-3.86208
-4.09938
-4.32453
-4.54005
-4.74734
-4.94841
-5.14484
-5.33761
-5.52753
-5.71466
-5.89978
-6.08218
-6.26219
-6.44025
-6.61677
-6.79177
-6.96543
-7.13784
-7.30938
-7.48057
-7.65077
-7.82036
-7.98939
-8.15787
-8.32571
-8.49299
-8.65964
-8.82573
-8.99112
-9.15607
-9.32049
-9.48412
-9.64719
-9.80972
-9.97163
-10.133
-10.2938
-10.4541
-10.6139
-10.7732
-10.932
-11.0903
-11.2481
-11.4056
-11.5627
-11.7192
-11.8753
-12.031
-12.1863
-12.3411
-12.4955
-12.6495
-12.8031
-12.9564
-13.1092
-13.2616
-13.4137
-13.5655
-13.7169
-13.868
-14.0188
-14.1693
-14.3195
-14.4694
-14.6189
-14.7682
-14.9172
-15.066
-15.2145
-15.3627
-15.5107
-15.6585
-15.806
-15.9533
-16.1004
-16.2473
-16.394
-16.5404
-16.6868
-16.833
-16.9791
-17.125
-17.2707
-17.4164
-17.5619
-17.7068
-17.851
-17.993
-18.132
-18.2609
-18.3717
-1.11831
-1.4669
-1.85054
-2.1738
-2.47872
-2.78666
-3.08753
-3.36804
-3.63232
-3.88294
-4.12011
-4.34501
-4.56025
-4.76731
-4.9683
-5.16461
-5.35737
-5.54718
-5.73439
-5.91954
-6.10192
-6.28184
-6.45983
-6.6363
-6.81124
-6.98487
-7.15724
-7.32888
-7.50005
-7.6703
-7.8399
-8.00897
-8.17756
-8.34552
-8.51289
-8.67964
-8.84581
-9.01129
-9.17626
-9.34059
-9.50417
-9.66722
-9.82973
-9.99163
-10.153
-10.3137
-10.474
-10.6338
-10.7931
-10.9519
-11.1102
-11.268
-11.4255
-11.5826
-11.7392
-11.8953
-12.0509
-12.2062
-12.3611
-12.5155
-12.6695
-12.8231
-12.9763
-13.1291
-13.2816
-13.4337
-13.5855
-13.737
-13.8881
-14.0389
-14.1894
-14.3397
-14.4895
-14.6391
-14.7884
-14.9375
-15.0863
-15.2348
-15.3831
-15.5312
-15.679
-15.8266
-15.9739
-16.1211
-16.2682
-16.415
-16.5617
-16.7082
-16.8546
-17.0006
-17.1464
-17.2921
-17.4376
-17.583
-17.7279
-17.8722
-18.0138
-18.1507
-18.2784
-18.3872
-1.09957
-1.48359
-1.8696
-2.19065
-2.4969
-2.80574
-3.10683
-3.38684
-3.6511
-3.9015
-4.13835
-4.3635
-4.57828
-4.78496
-4.98573
-5.18183
-5.37447
-5.56411
-5.75138
-5.93639
-6.11878
-6.29878
-6.47689
-6.65353
-6.82863
-7.00237
-7.17492
-7.3467
-7.51793
-7.68824
-7.85781
-8.02676
-8.19527
-8.36317
-8.53047
-8.69715
-8.86325
-9.02868
-9.19358
-9.35788
-9.52145
-9.68445
-9.84688
-10.0087
-10.17
-10.3308
-10.491
-10.6508
-10.81
-10.9688
-11.127
-11.2848
-11.4422
-11.5993
-11.7558
-11.9118
-12.0675
-12.2227
-12.3775
-12.5319
-12.6858
-12.8394
-12.9926
-13.1453
-13.2977
-13.4498
-13.6015
-13.7529
-13.904
-14.0547
-14.2052
-14.3554
-14.5052
-14.6547
-14.8039
-14.9529
-15.1016
-15.2501
-15.3983
-15.5463
-15.694
-15.8415
-15.9888
-16.1358
-16.2827
-16.4294
-16.5759
-16.7222
-16.8685
-17.0145
-17.1603
-17.306
-17.4516
-17.5971
-17.7419
-17.8861
-18.028
-18.166
-18.2936
-18.4016
-1.07871
-1.49793
-1.88519
-2.2056
-2.51377
-2.82422
-3.12565
-3.40518
-3.66946
-3.91973
-4.15632
-4.38175
-4.59619
-4.80273
-5.00351
-5.19973
-5.39255
-5.58255
-5.77013
-5.95539
-6.13798
-6.31802
-6.49622
-6.67285
-6.84788
-7.02139
-7.19373
-7.3654
-7.53656
-7.70684
-7.87642
-8.04541
-8.21394
-8.38186
-8.54918
-8.71589
-8.88201
-9.04748
-9.2124
-9.37672
-9.54032
-9.70332
-9.86573
-10.0276
-10.1889
-10.3497
-10.5099
-10.6697
-10.829
-10.9878
-11.1461
-11.3039
-11.4614
-11.6184
-11.775
-11.9311
-12.0868
-12.242
-12.3968
-12.5513
-12.7053
-12.8589
-13.0121
-13.1649
-13.3173
-13.4694
-13.6212
-13.7727
-13.9238
-14.0746
-14.2251
-14.3753
-14.5252
-14.6748
-14.8241
-14.9731
-15.1219
-15.2704
-15.4187
-15.5667
-15.7145
-15.8621
-16.0094
-16.1566
-16.3035
-16.4503
-16.597
-16.7434
-16.8897
-17.0358
-17.1816
-17.3273
-17.4728
-17.6183
-17.763
-17.9071
-18.0485
-18.185
-18.3111
-18.4177
-1.06411
-1.51251
-1.89743
-2.21514
-2.52413
-2.83636
-3.1383
-3.41729
-3.68175
-3.93201
-4.16849
-4.39353
-4.60779
-4.81422
-5.01488
-5.21099
-5.4037
-5.59358
-5.78103
-5.96612
-6.14839
-6.32803
-6.50602
-6.68245
-6.85735
-7.03075
-7.20289
-7.37445
-7.54552
-7.71573
-7.88523
-8.05413
-8.22257
-8.3904
-8.55765
-8.72429
-8.89034
-9.05573
-9.22058
-9.38484
-9.54838
-9.71133
-9.8737
-10.0355
-10.1967
-10.3575
-10.5177
-10.6774
-10.8367
-10.9954
-11.1536
-11.3114
-11.4688
-11.6259
-11.7824
-11.9384
-12.0941
-12.2493
-12.4041
-12.5584
-12.7124
-12.8659
-13.0191
-13.1719
-13.3243
-13.4764
-13.6281
-13.7795
-13.9306
-14.0813
-14.2318
-14.382
-14.5318
-14.6813
-14.8306
-14.9795
-15.1283
-15.2768
-15.425
-15.573
-15.7207
-15.8683
-16.0156
-16.1627
-16.3096
-16.4564
-16.6029
-16.7493
-16.8956
-17.0416
-17.1874
-17.3331
-17.4786
-17.6241
-17.7689
-17.913
-18.0546
-18.192
-18.3185
-18.4256
-1.03364
-1.52733
-1.92104
-2.23929
-2.54847
-2.86122
-3.16392
-3.44195
-3.70671
-3.95709
-4.19347
-4.41831
-4.63237
-4.83851
-5.0389
-5.23478
-5.42731
-5.61703
-5.8044
-5.9894
-6.17172
-6.35141
-6.52937
-6.70579
-6.88063
-7.05401
-7.22615
-7.39767
-7.56869
-7.73887
-7.90834
-8.07723
-8.24566
-8.41349
-8.58073
-8.74737
-8.91341
-9.07881
-9.24367
-9.40793
-9.57147
-9.73443
-9.8968
-10.0586
-10.2199
-10.3806
-10.5408
-10.7005
-10.8598
-11.0185
-11.1768
-11.3346
-11.492
-11.649
-11.8055
-11.9616
-12.1172
-12.2725
-12.4273
-12.5816
-12.7356
-12.8892
-13.0424
-13.1951
-13.3475
-13.4996
-13.6514
-13.8028
-13.9539
-14.1046
-14.2551
-14.4053
-14.5551
-14.7046
-14.8539
-15.0029
-15.1516
-15.3001
-15.4484
-15.5964
-15.7441
-15.8917
-16.039
-16.1861
-16.333
-16.4798
-16.6264
-16.7728
-16.919
-17.0651
-17.2109
-17.3566
-17.5021
-17.6475
-17.7923
-17.9364
-18.0779
-18.2149
-18.3412
-18.4478
-18.2089
-18.4752
-19.2147
-19.3396
-18.7982
-17.7151
-16.2556
-14.5521
-12.7916
-11.0693
-9.47568
-8.03875
-6.77464
-5.67801
-4.73545
-3.92705
-3.23531
-2.64042
-2.12691
-1.6828
-1.29639
-0.95783
-0.66034
-0.397923
-0.165215
0.0424138
0.227709
0.393007
0.541084
0.674158
0.794432
0.902516
0.998136
1.08297
1.15821
1.22463
1.28298
1.33395
1.37811
1.41597
1.44805
1.47479
1.49661
1.51388
1.52696
1.53617
1.54182
1.54418
1.54353
1.5401
1.53413
1.52581
1.51536
1.50295
1.48876
1.47295
1.45569
1.43699
1.41702
1.39591
1.37375
1.35056
1.32642
1.30143
1.27553
1.24884
1.22139
1.19317
1.16419
1.13444
1.10401
1.07293
1.04124
1.00899
0.976166
0.942921
0.909238
0.875219
0.840756
0.805921
0.770768
0.735278
0.699563
0.663617
0.627488
0.59126
0.554924
0.518551
0.482081
0.445629
0.409056
0.372323
0.335414
0.298043
0.259852
0.220998
0.179148
0.135793
0.0841466
0.036584
-18.2519
-18.4011
-19.1082
-19.2501
-18.7207
-17.658
-16.2206
-14.5368
-12.7919
-11.081
-9.4958
-8.06356
-6.80192
-5.70632
-4.76356
-3.95426
-3.26098
-2.66435
-2.14909
-1.70328
-1.31538
-0.975567
-0.676976
-0.413477
-0.179912
0.0283349
0.214069
0.37981
0.52805
0.661164
0.780643
0.888538
0.984271
1.06917
1.14448
1.21098
1.26939
1.32043
1.36464
1.40256
1.43468
1.46146
1.48331
1.50061
1.51372
1.52296
1.52863
1.53102
1.53039
1.52698
1.52103
1.51273
1.5023
1.48991
1.47574
1.45995
1.44269
1.42403
1.40408
1.38298
1.36084
1.33766
1.31352
1.28853
1.26263
1.23593
1.20846
1.18022
1.15122
1.12144
1.09098
1.05986
1.02814
0.995848
0.962987
0.929707
0.895994
0.861939
0.827451
0.792598
0.757432
0.721941
0.686226
0.650289
0.614181
0.577964
0.541672
0.505327
0.468921
0.432536
0.396055
0.359455
0.322711
0.285618
0.247803
0.209458
0.168849
0.127019
0.0783542
0.0334521
-18.2474
-18.4089
-19.0333
-19.1585
-18.6338
-17.5887
-16.1738
-14.512
-12.7865
-11.0913
-9.51658
-8.09136
-6.83405
-5.74002
-4.79687
-3.98632
-3.29111
-2.69243
-2.17522
-1.72751
-1.33792
-0.996605
-0.696674
-0.431918
-0.19729
0.0118281
0.198235
0.364758
0.513498
0.647173
0.766083
0.873098
0.968774
1.05378
1.12919
1.19578
1.25429
1.3054
1.34968
1.38767
1.41984
1.44667
1.46857
1.48591
1.49906
1.50833
1.51404
1.51646
1.51585
1.51246
1.50654
1.49827
1.48786
1.47549
1.46135
1.44558
1.42832
1.40969
1.38976
1.36871
1.34657
1.3234
1.29926
1.27429
1.24837
1.22166
1.19418
1.16592
1.13688
1.10708
1.07658
1.04543
1.01366
0.981321
0.948415
0.915095
0.881345
0.847249
0.812732
0.777857
0.742676
0.70718
0.671466
0.635534
0.599448
0.563248
0.526999
0.4907
0.454355
0.418059
0.381672
0.345226
0.308659
0.271872
0.234496
0.196696
0.157482
0.117332
0.0720235
0.0299719
-18.2738
-18.4294
-18.9711
-19.0749
-18.5451
-17.5131
-16.1189
-14.4823
-12.7777
-11.1006
-9.53844
-8.12221
-6.87052
-5.77855
-4.83511
-4.02319
-3.32596
-2.72534
-2.20618
-1.75622
-1.36454
-1.02132
-0.719709
-0.453475
-0.217564
-0.00735576
0.179917
0.347307
0.496667
0.630994
0.749804
0.855834
0.951419
1.03659
1.11215
1.17886
1.23748
1.2887
1.33308
1.37114
1.40339
1.43028
1.45223
1.46962
1.48281
1.49212
1.49787
1.50033
1.49975
1.4964
1.4905
1.48226
1.47188
1.45954
1.44542
1.42969
1.41246
1.39385
1.37394
1.35294
1.3308
1.30764
1.28354
1.25855
1.23263
1.20591
1.17841
1.15012
1.12105
1.09121
1.06067
1.02947
0.997654
0.965262
0.932304
0.898937
0.865143
0.831001
0.796448
0.761547
0.726343
0.690837
0.655121
0.619209
0.583124
0.546985
0.51074
0.474538
0.438228
0.402048
0.365758
0.329482
0.293109
0.256649
0.21976
0.18263
0.144919
0.10664
0.0650606
0.0261503
-18.2943
-18.4407
-18.9087
-18.9896
-18.4581
-17.4376
-16.0612
-14.4516
-12.7693
-11.1124
-9.56447
-8.15839
-6.91243
-5.82293
-4.87955
-4.0663
-3.36693
-2.76403
-2.24253
-1.78988
-1.39564
-1.05017
-0.746581
-0.478656
-0.241296
-0.0298834
0.158349
0.326548
0.476538
0.611321
0.730429
0.8362
0.931944
1.01735
1.0931
1.15998
1.21875
1.27011
1.3146
1.35276
1.3851
1.41207
1.43409
1.45155
1.46479
1.47415
1.47995
1.48246
1.48192
1.47861
1.47275
1.46455
1.4542
1.44189
1.42781
1.41211
1.39491
1.37634
1.35647
1.33548
1.31336
1.29023
1.26617
1.24115
1.21523
1.18853
1.16099
1.13266
1.10356
1.07367
1.04309
1.01184
0.979963
0.947507
0.914489
0.881066
0.847218
0.813018
0.778414
0.74349
0.708261
0.672754
0.637019
0.601159
0.565042
0.52901
0.492721
0.456669
0.420379
0.384328
0.348146
0.312049
0.275893
0.239784
0.203425
0.167125
0.131017
0.0948203
0.0573624
0.0219555
-18.3127
-18.4492
-18.8428
-18.8953
-18.3641
-17.3558
-16.002
-14.4221
-12.764
-11.1289
-9.59671
-8.20213
-6.9625
-5.87592
-4.93274
-4.11792
-3.41583
-2.80966
-2.28495
-1.82914
-1.43199
-1.08399
-0.77817
-0.508323
-0.269328
-0.0565651
0.132774
0.301834
0.4526
0.587823
0.70765
0.813953
0.910036
0.995732
1.07175
1.13886
1.19783
1.24937
1.29401
1.33231
1.36476
1.39183
1.41394
1.43147
1.44479
1.45422
1.46008
1.46264
1.46216
1.45889
1.45308
1.44492
1.43462
1.42235
1.40831
1.39266
1.37551
1.35698
1.33714
1.31618
1.2941
1.27098
1.24693
1.22191
1.19601
1.16931
1.14174
1.11337
1.08423
1.0543
1.02366
0.992342
0.9604
0.927884
0.894784
0.861286
0.827376
0.793111
0.758449
0.723496
0.688246
0.652755
0.616979
0.581183
0.545019
0.509109
0.472786
0.436868
0.400636
0.364699
0.328648
0.292737
0.256827
0.221098
0.185325
0.149992
0.115606
0.0817212
0.0488008
0.0173269
-18.3295
-18.454
-18.7728
-18.7917
-18.2604
-17.2654
-15.936
-14.3884
-12.7591
-11.149
-9.63516
-8.25407
-7.02195
-5.93844
-4.99536
-4.17859
-3.47317
-2.86301
-2.3343
-1.87475
-1.47417
-1.12322
-0.814804
-0.542717
-0.3018
-0.0874896
0.103192
0.273326
0.425114
0.560992
0.68171
0.788824
0.88533
0.971392
1.04776
1.11518
1.17442
1.22619
1.27103
1.30949
1.34209
1.36929
1.39151
1.40914
1.42255
1.43206
1.438
1.44064
1.44022
1.43701
1.43127
1.42317
1.41292
1.40069
1.38671
1.37112
1.35402
1.33554
1.31576
1.29484
1.27279
1.2497
1.22566
1.20065
1.17475
1.14803
1.12044
1.09204
1.06285
1.03287
1.00218
0.970787
0.938764
0.906169
0.872978
0.839388
0.805402
0.771082
0.736366
0.701367
0.666072
0.630596
0.594783
0.559056
0.522851
0.487051
0.450746
0.414906
0.378789
0.342942
0.307056
0.271334
0.235707
0.200388
0.16527
0.131014
0.0984886
0.0671555
0.0392108
0.0121733
-18.3448
-18.4541
-18.6997
-18.6806
-18.1489
-17.1683
-15.8644
-14.3499
-12.7515
-11.1683
-9.67498
-8.30914
-7.08614
-6.00507
-5.06213
-4.24392
-3.53563
-2.92184
-2.38915
-1.92569
-1.52137
-1.16707
-0.855643
-0.581011
-0.337905
-0.12216
0.0699066
0.241251
0.394185
0.530877
0.652503
0.760511
0.857537
0.94408
1.0209
1.0887
1.14825
1.20027
1.24534
1.28401
1.31678
1.34413
1.36649
1.38425
1.39778
1.40739
1.41343
1.41617
1.41583
1.41271
1.40704
1.39902
1.38884
1.37667
1.36276
1.34724
1.33021
1.3118
1.29208
1.2712
1.2492
1.22615
1.20213
1.17715
1.15124
1.12451
1.09689
1.06845
1.03922
1.00917
0.978411
0.946933
0.914831
0.882135
0.848853
0.815163
0.78107
0.746657
0.711882
0.676845
0.641499
0.606035
0.570182
0.534529
0.498324
0.46257
0.426365
0.390551
0.354593
0.318822
0.283143
0.247613
0.212309
0.177425
0.143032
0.109949
0.0794311
0.0508886
0.0283793
0.00635415
-18.3591
-18.4509
-18.6251
-18.5636
-18.0303
-17.0653
-15.7883
-14.3056
-12.7381
-11.1821
-9.71078
-8.36179
-7.14925
-6.07371
-5.13266
-4.31356
-3.60246
-2.98499
-2.44829
-1.98097
-1.57301
-1.21548
-0.901142
-0.623992
-0.37867
-0.16112
0.0325645
0.205348
0.359571
0.497263
0.619878
0.728866
0.826521
0.913623
0.990931
1.05912
1.119
1.17132
1.21664
1.25553
1.28851
1.31605
1.33859
1.3565
1.37013
1.37987
1.38605
1.38891
1.3887
1.38567
1.38011
1.3722
1.3621
1.35001
1.33618
1.32076
1.30382
1.28548
1.26585
1.24503
1.22309
1.20008
1.17609
1.15115
1.12526
1.09851
1.07087
1.04239
1.0131
0.982981
0.952127
0.920537
0.888304
0.85548
0.822095
0.788303
0.754109
0.71958
0.68473
0.649645
0.614258
0.578804
0.542931
0.507302
0.47118
0.435402
0.399357
0.363548
0.327784
0.292087
0.256658
0.221321
0.186393
0.151966
0.118338
0.0865219
0.0581576
0.0326239
0.0160322
-0.000357599
-18.3724
-18.4448
-18.5507
-18.4428
-17.9055
-16.9562
-15.7062
-14.2586
-12.7258
-11.1993
-9.75085
-8.41886
-7.21647
-6.14789
-5.2088
-4.38828
-3.67391
-3.05236
-2.51134
-2.03988
-1.62809
-1.26716
-0.949858
-0.670181
-0.422739
-0.203082
-0.00784964
0.166142
0.321415
0.459982
0.58349
0.693395
0.791668
0.879299
0.957107
1.02573
1.086
1.13869
1.18435
1.22354
1.2568
1.28459
1.30735
1.32547
1.33929
1.34922
1.35557
1.3586
1.35853
1.35563
1.3502
1.34242
1.33243
1.32043
1.30671
1.29141
1.27457
1.25634
1.23679
1.21605
1.19418
1.17123
1.14727
1.12236
1.09647
1.06971
1.04203
1.0135
0.984141
0.953942
0.922989
0.89128
0.858895
0.825935
0.79242
0.758502
0.724186
0.689551
0.654617
0.619469
0.584045
0.54857
0.512738
0.47707
0.441088
0.405279
0.369413
0.333625
0.298085
0.262473
0.227338
0.192198
0.157701
0.123764
0.0908779
0.0603989
0.0343386
0.0119819
0.00182107
-0.00834658
-18.385
-18.4384
-18.4856
-18.3336
-17.7907
-16.8568
-15.6318
-14.2191
-12.7197
-11.2213
-9.79428
-8.47785
-7.28485
-6.22076
-5.28231
-4.46019
-3.74282
-3.11764
-2.57279
-2.09767
-1.68244
-1.3184
-0.998372
-0.716328
-0.466888
-0.245437
-0.0486858
0.126484
0.282729
0.422041
0.546272
0.656873
0.75561
0.843557
0.921657
0.990551
1.05114
1.10418
1.15017
1.18967
1.22322
1.25129
1.27431
1.29268
1.30676
1.3169
1.32345
1.32667
1.32676
1.324
1.31871
1.31109
1.30121
1.2893
1.27571
1.26053
1.24381
1.22568
1.20624
1.18558
1.16379
1.1409
1.11698
1.09207
1.06619
1.03941
1.0117
0.983105
0.953676
0.923375
0.892316
0.860478
0.827952
0.794849
0.76118
0.727113
0.69265
0.657888
0.622859
0.587634
0.552196
0.516669
0.48092
0.445222
0.409392
0.373593
0.3379
0.302178
0.266875
0.231376
0.196566
0.16162
0.127542
0.0939697
0.0619868
0.0327296
0.00897312
-0.0103297
-0.0138586
-0.0177685
-18.3975
-18.435
-18.4381
-18.2504
-17.7021
-16.781
-15.5771
-14.1905
-12.7167
-11.2403
-9.83089
-8.5276
-7.34281
-6.28287
-5.3457
-4.52288
-3.80333
-3.17526
-2.62725
-2.14913
-1.7311
-1.36454
-1.04231
-0.758424
-0.50743
-0.284639
-0.0866138
0.0895775
0.24668
0.386629
0.511507
0.622637
0.721965
0.810673
0.889215
0.958345
1.01911
1.07234
1.11853
1.15823
1.19195
1.22019
1.24337
1.2619
1.27613
1.28641
1.2931
1.29647
1.29669
1.29404
1.28886
1.28139
1.2716
1.25975
1.24626
1.2312
1.21459
1.19655
1.17719
1.15662
1.13489
1.11206
1.08817
1.06328
1.03741
1.0106
0.982849
0.954183
0.924679
0.894267
0.863094
0.83111
0.798426
0.765162
0.731315
0.697094
0.662474
0.627592
0.592477
0.557179
0.521768
0.486211
0.450554
0.414869
0.379186
0.343465
0.307937
0.27232
0.237241
0.201885
0.167393
0.13248
0.0987927
0.0655933
0.0345358
0.00623494
-0.0155092
-0.0322526
-0.029615
-0.0281229
-18.4102
-18.4355
-18.4073
-18.1928
-17.6395
-16.7279
-15.5394
-14.1718
-12.7174
-11.2581
-9.86253
-8.56941
-7.39104
-6.33439
-5.39825
-4.57487
-3.85366
-3.22332
-2.67286
-2.19243
-1.77224
-1.40372
-1.07977
-0.79446
-0.542205
-0.318382
-0.11957
0.0572914
0.214932
0.355267
0.480558
0.592014
0.691712
0.781075
0.860047
0.929655
0.990867
1.0443
1.09069
1.13055
1.16442
1.19278
1.21608
1.23472
1.24903
1.2594
1.26618
1.26964
1.26994
1.26732
1.26219
1.25486
1.24514
1.2333
1.21989
1.20492
1.18837
1.1704
1.15109
1.13057
1.10887
1.08607
1.0622
1.03731
1.01143
0.984574
0.956775
0.928024
0.898434
0.867896
0.836599
0.804458
0.771605
0.738182
0.704156
0.6698
0.635046
0.600062
0.564913
0.529587
0.494225
0.458687
0.423134
0.387504
0.351934
0.316304
0.280972
0.245519
0.21062
0.175418
0.140995
0.10627
0.0728924
0.0401648
0.0097611
-0.0178393
-0.0379899
-0.0526399
-0.044665
-0.0389238
-18.4232
-18.4396
-18.3894
-18.1552
-17.598
-16.6932
-15.5161
-14.1624
-12.7224
-11.2761
-9.8909
-8.60526
-7.43172
-6.37753
-5.44211
-4.6182
-3.89568
-3.26358
-2.71123
-2.22906
-1.80724
-1.43725
-1.11203
-0.825639
-0.572441
-0.347764
-0.14832
0.0291502
0.187256
0.3279
0.453529
0.565331
0.665188
0.754667
0.833909
0.904059
0.965719
1.01937
1.06594
1.10596
1.13996
1.16844
1.19185
1.21058
1.22498
1.23541
1.24226
1.24582
1.2462
1.24356
1.23835
1.23113
1.2215
1.20965
1.19629
1.18136
1.16485
1.14691
1.12764
1.10713
1.08545
1.06265
1.03878
1.01386
0.987943
0.961024
0.933153
0.904299
0.874611
0.843931
0.812505
0.7802
0.747181
0.71361
0.679426
0.644959
0.610117
0.575084
0.539936
0.50463
0.469338
0.433868
0.398447
0.362948
0.327521
0.291891
0.256675
0.221525
0.186742
0.15157
0.117218
0.0828563
0.0496922
0.0172785
-0.0126088
-0.0396515
-0.0586042
-0.0715715
-0.0591148
-0.050131
-18.4367
-18.4466
-18.3809
-18.1328
-17.5726
-16.6731
-15.5044
-14.161
-12.7316
-11.295
-9.91736
-8.63704
-7.46696
-6.41444
-5.47942
-4.65497
-3.93136
-3.29782
-2.74399
-2.26048
-1.83744
-1.4663
-1.14012
-0.852948
-0.59908
-0.373773
-0.173851
0.00419117
0.162936
0.303952
0.429891
0.541982
0.642046
0.731672
0.811145
0.881547
0.943404
0.997217
1.0439
1.08408
1.11819
1.14677
1.17025
1.18905
1.20352
1.21399
1.22088
1.2245
1.22501
1.22265
1.21808
1.21013
1.20037
1.18845
1.17511
1.1602
1.14371
1.12578
1.10652
1.08601
1.06432
1.04151
1.01761
0.992644
0.966671
0.93967
0.911711
0.882739
0.852945
0.822116
0.790564
0.758099
0.724933
0.691241
0.656935
0.622393
0.587515
0.552478
0.517346
0.482091
0.44687
0.411482
0.376179
0.340862
0.305849
0.270997
0.235336
0.199998
0.16524
0.130122
0.0959686
0.0618181
0.0288141
-0.00340086
-0.0328734
-0.0595124
-0.0775067
-0.0885365
-0.0729331
-0.0616285
-18.4504
-18.4558
-18.3796
-18.1219
-17.56
-16.6644
-15.502
-14.1661
-12.7444
-11.3147
-9.9426
-8.66593
-7.49807
-6.44654
-5.51159
-4.68658
-3.96203
-3.32731
-2.77228
-2.2877
-1.86368
-1.49156
-1.16446
-0.87659
-0.622174
-0.396472
-0.196499
-0.0183915
0.141108
0.282822
0.409184
0.521546
0.621852
0.711546
0.791259
0.861782
0.92374
0.977687
1.02446
1.06474
1.09895
1.12759
1.15112
1.16995
1.18443
1.19486
1.20168
1.20518
1.20534
1.20235
1.19679
1.1906
1.18109
1.16926
1.15603
1.14119
1.12473
1.10681
1.08755
1.06702
1.04531
1.02246
0.998506
0.97348
0.947432
0.920336
0.892279
0.863185
0.833288
0.802317
0.77066
0.738062
0.704793
0.67102
0.636655
0.602103
0.567228
0.53223
0.497128
0.461932
0.42674
0.391355
0.355972
0.320378
0.284691
0.248605
0.214877
0.179975
0.145581
0.110751
0.0767828
0.04277
0.00993944
-0.0221836
-0.0514039
-0.0779968
-0.0963379
-0.105836
-0.0863241
-0.073278
-18.4639
-18.4665
-18.3836
-18.1198
-17.557
-16.6646
-15.5068
-14.1762
-12.7598
-11.3349
-9.96673
-8.69251
-7.52601
-6.47497
-5.53987
-4.71426
-3.98884
-3.35309
-2.797
-2.3115
-1.88661
-1.51358
-1.18552
-0.896742
-0.64133
-0.414444
-0.213553
-0.0351194
0.123497
0.26524
0.391578
0.504142
0.604608
0.694253
0.774133
0.844766
0.906813
0.960865
1.00774
1.04812
1.08245
1.11121
1.13487
1.15387
1.16854
1.17921
1.18628
1.19018
1.19101
1.18856
1.18375
1.17581
1.16563
1.1534
1.13991
1.12487
1.10824
1.09017
1.07078
1.05013
1.02831
1.00534
0.981284
0.956143
0.929983
0.902765
0.874597
0.84538
0.81539
0.784297
0.752577
0.719897
0.686595
0.652833
0.618512
0.584061
0.549311
0.514504
0.479611
0.44471
0.409855
0.374906
0.340103
0.305362
0.270898
0.236027
0.200366
0.165144
0.13052
0.0956053
0.0615985
0.0276002
-0.00506127
-0.0370326
-0.0658114
-0.0915111
-0.108768
-0.119117
-0.0988427
-0.0850983
-18.4787
-18.4793
-18.3918
-18.1241
-17.5611
-16.6711
-15.5164
-14.1894
-12.7764
-11.3548
-9.98912
-8.71635
-7.55059
-6.49973
-5.56435
-4.73817
-4.01207
-3.37557
-2.81878
-2.3328
-1.90756
-1.53438
-1.20627
-0.917722
-0.662721
-0.436233
-0.235237
-0.0558631
0.103828
0.246042
0.372534
0.485415
0.586048
0.675844
0.755792
0.826469
0.888543
0.942607
0.989464
1.02979
1.06404
1.09268
1.11618
1.13496
1.14935
1.15967
1.1665
1.17001
1.17019
1.16742
1.16235
1.15576
1.14625
1.13444
1.12112
1.1063
1.08986
1.07194
1.05267
1.03211
1.01034
0.987408
0.963364
0.93821
0.912022
0.884749
0.856525
0.827216
0.797159
0.765946
0.734157
0.701362
0.667973
0.634128
0.599713
0.565171
0.530295
0.495382
0.460289
0.425219
0.390067
0.354813
0.319501
0.284134
0.248556
0.213452
0.17891
0.144189
0.109919
0.0751951
0.0413874
0.00746429
-0.0251642
-0.0571841
-0.0861192
-0.112293
-0.129887
-0.137251
-0.113466
-0.0993015
-18.487
-18.4873
-18.3987
-18.1302
-17.5682
-16.6804
-15.5283
-14.2037
-12.7928
-11.373
-10.0085
-8.73599
-7.57001
-6.5185
-5.58214
-4.75477
-4.0274
-3.38956
-2.83149
-2.3444
-1.91809
-1.54375
-1.21476
-0.925329
-0.669525
-0.442529
-0.241239
-0.0626174
0.0969168
0.239086
0.36564
0.478504
0.579174
0.668984
0.748975
0.819722
0.881845
0.935971
0.982904
1.02332
1.05766
1.08643
1.11007
1.12903
1.14363
1.15417
1.16102
1.16471
1.16516
1.16237
1.15721
1.14984
1.13982
1.12781
1.1142
1.09914
1.08246
1.06433
1.04485
1.02409
1.00215
0.979041
0.954841
0.929541
0.903223
0.875844
0.847534
0.818165
0.788091
0.756863
0.725125
0.692413
0.659143
0.625457
0.591228
0.556907
0.522277
0.487631
0.452841
0.418081
0.383293
0.348374
0.313561
0.278761
0.243669
0.208839
0.173983
0.139069
0.104731
0.0699812
0.0361963
0.00226097
-0.0302885
-0.0623028
-0.0911143
-0.116874
-0.134978
-0.143185
-0.120554
-0.102683
-18.509
-18.509
-18.4196
-18.1512
-17.5906
-16.7048
-15.5545
-14.2314
-12.8216
-11.4025
-10.0382
-8.76526
-7.5987
-6.54642
-5.60922
-4.78103
-4.05291
-3.41443
-2.85584
-2.36843
-1.94187
-1.56746
-1.2382
-0.948777
-0.693013
-0.465979
-0.2646
-0.0856355
0.074018
0.216254
0.342836
0.455736
0.556421
0.646234
0.726235
0.796988
0.859094
0.913197
0.960097
1.00047
1.03477
1.06347
1.08704
1.10592
1.12041
1.13085
1.13767
1.14129
1.14164
1.13886
1.13366
1.12649
1.11657
1.10456
1.09099
1.07594
1.05928
1.04115
1.02167
1.00091
0.97894
0.955816
0.931593
0.90627
0.87993
0.852526
0.824212
0.794809
0.764739
0.733513
0.701779
0.669081
0.635825
0.602154
0.567933
0.533629
0.498979
0.464365
0.429514
0.394782
0.359901
0.324997
0.289991
0.255066
0.219912
0.184983
0.150253
0.115413
0.0811314
0.0463943
0.0126201
-0.0212792
-0.0538712
-0.0858357
-0.114727
-0.140428
-0.158353
-0.166445
-0.142261
-0.132823
-18.4501
-18.4456
-18.4826
-18.469
-18.4493
-18.4239
-18.3941
-18.3626
-18.3325
-18.3051
-18.2811
-18.2611
-18.2457
-18.2371
-18.2368
-18.2285
-18.9433
-18.9209
-18.9235
-18.9341
-18.9256
-18.9018
-18.8719
-18.8402
-18.8091
-18.7805
-18.7558
-18.7357
-18.7202
-18.7087
-18.7011
-18.6859
-19.3947
-19.4627
-19.551
-19.5845
-19.5841
-19.5646
-19.5356
-19.5042
-19.4744
-19.448
-19.426
-19.4092
-19.3981
-19.3921
-19.3868
-19.3748
-19.4647
-19.5568
-19.6071
-19.6323
-19.6396
-19.6276
-19.6025
-19.5732
-19.5451
-19.5206
-19.5007
-19.4856
-19.4752
-19.4691
-19.4644
-19.4516
-18.8965
-18.9577
-18.9936
-19.0222
-19.0326
-19.0248
-19.0051
-18.9789
-18.9524
-18.9265
-18.9024
-18.8807
-18.8621
-18.8472
-18.8362
-18.8174
-17.7823
-17.8281
-17.8634
-17.8906
-17.9015
-17.8964
-17.8786
-17.8535
-17.8259
-17.798
-17.7705
-17.7439
-17.7186
-17.6961
-17.6778
-17.6535
-16.2944
-16.3251
-16.3513
-16.3711
-16.3797
-16.3755
-16.3589
-16.3344
-16.3064
-16.2761
-16.244
-16.2101
-16.1752
-16.1412
-16.1108
-16.0802
-14.5674
-14.584
-14.5991
-14.6099
-14.6141
-14.6084
-14.5912
-14.5662
-14.5371
-14.5046
-14.4688
-14.4297
-14.388
-14.346
-14.3081
-14.2736
-12.7887
-12.7893
-12.792
-12.7943
-12.794
-12.7862
-12.7676
-12.7416
-12.7114
-12.6773
-12.639
-12.5962
-12.5498
-12.5024
-12.4594
-12.4218
-11.0531
-11.039
-11.0303
-11.0248
-11.0196
-11.0081
-10.9871
-10.9598
-10.9287
-10.8935
-10.8538
-10.8093
-10.7606
-10.7107
-10.6654
-10.6264
-9.44863
-9.4229
-9.40546
-9.39404
-9.38461
-9.36957
-9.34624
-9.3179
-9.28617
-9.25052
-9.21027
-9.16523
-9.11607
-9.06564
-9.01979
-8.98053
-8.00547
-7.97167
-7.9476
-7.93128
-7.91776
-7.89906
-7.87342
-7.8441
-7.81195
-7.77623
-7.73624
-7.6918
-7.64358
-7.59432
-7.54959
-7.51108
-6.7383
-6.7005
-6.67305
-6.65384
-6.63693
-6.61495
-6.5876
-6.55782
-6.52572
-6.4904
-6.45125
-6.4081
-6.36165
-6.31448
-6.27169
-6.23442
-5.64027
-5.60075
-5.57176
-5.55037
-5.52932
-5.50366
-5.47504
-5.44516
-5.41337
-5.37876
-5.34082
-5.29944
-5.25529
-5.21079
-5.17047
-5.1348
-4.69771
-4.65833
-4.62934
-4.60655
-4.58237
-4.55446
-4.52538
-4.4956
-4.46423
-4.43046
-4.39387
-4.3544
-4.31272
-4.2711
-4.23356
-4.19982
-3.89036
-3.85191
-3.82317
-3.79942
-3.77378
-3.74518
-3.71612
-3.68662
-3.65581
-3.623
-3.58786
-3.55039
-3.51127
-3.47263
-3.43798
-3.40622
-3.20051
-3.16386
-3.1356
-3.11003
-3.08248
-3.05376
-3.0253
-2.99653
-2.96663
-2.93505
-2.90156
-2.86618
-2.82959
-2.7938
-2.76185
-2.73186
-2.60791
-2.57358
-2.54597
-2.51863
-2.48962
-2.46105
-2.43311
-2.40497
-2.37592
-2.34554
-2.31361
-2.2802
-2.24597
-2.21278
-2.18328
-2.15484
-2.09671
-2.06425
-2.0372
-2.00978
-1.98099
-1.95289
-1.92544
-1.89788
-1.86961
-1.84031
-1.80982
-1.7782
-1.74609
-1.71525
-1.68798
-1.66093
-1.65491
-1.62393
-1.59628
-1.56818
-1.53987
-1.51256
-1.48583
-1.45902
-1.43166
-1.4035
-1.37442
-1.3445
-1.31436
-1.28565
-1.2604
-1.23456
-1.27064
-1.24108
-1.21271
-1.18383
-1.15599
-1.12938
-1.10333
-1.07725
-1.05079
-1.02371
-0.99594
-0.967565
-0.93917
-0.912305
-0.888827
-0.864009
-0.933706
-0.905064
-0.876905
-0.84839
-0.821141
-0.795054
-0.769512
-0.744038
-0.718323
-0.692184
-0.665554
-0.638529
-0.611654
-0.586399
-0.564478
-0.540527
-0.637552
-0.609267
-0.581238
-0.553296
-0.526663
-0.501099
-0.476069
-0.451179
-0.426171
-0.400897
-0.375307
-0.349496
-0.323974
-0.300138
-0.279608
-0.256406
-0.376341
-0.347687
-0.319329
-0.292012
-0.266094
-0.241132
-0.216672
-0.192397
-0.168096
-0.14365
-0.119025
-0.0943129
-0.0699957
-0.0474213
-0.0281906
-0.00543393
-0.144611
-0.115868
-0.0873964
-0.0605478
-0.0351426
-0.0106464
0.0133349
0.0370686
0.0607365
0.0844379
0.108195
0.131925
0.155181
0.176656
0.194717
0.217135
0.0623804
0.0906393
0.118587
0.144951
0.169971
0.194113
0.21771
0.240994
0.264124
0.287182
0.310184
0.333058
0.355391
0.375934
0.393022
0.414975
0.24729
0.275168
0.302643
0.328589
0.353257
0.377062
0.400297
0.423162
0.445798
0.468271
0.490593
0.512698
0.534212
0.553939
0.570173
0.59171
0.412647
0.440727
0.467725
0.493174
0.517447
0.540901
0.563773
0.586237
0.60841
0.630348
0.652054
0.673472
0.69426
0.713271
0.728735
0.749918
0.560948
0.589248
0.61591
0.640973
0.664909
0.688036
0.71056
0.732639
0.754376
0.775815
0.796957
0.817752
0.83789
0.856272
0.871041
0.891922
0.694202
0.722092
0.748369
0.773181
0.796906
0.819808
0.842073
0.863846
0.885221
0.906238
0.926892
0.947144
0.966716
0.984556
0.998702
1.01933
0.815039
0.8423
0.868022
0.892462
0.915883
0.93849
0.96045
0.981893
1.0029
1.02351
1.0437
1.06345
1.0825
1.09986
1.11344
1.13384
0.922905
0.949757
0.975137
0.999283
1.02243
1.04476
1.06645
1.08759
1.10827
1.1285
1.14828
1.16758
1.18618
1.20312
1.21619
1.23641
1.01837
1.04506
1.0703
1.0943
1.11728
1.13944
1.16092
1.18182
1.20223
1.22214
1.24157
1.26048
1.27868
1.29526
1.30787
1.32793
1.10312
1.1297
1.15483
1.17872
1.20159
1.2236
1.24491
1.26562
1.28578
1.30541
1.32452
1.34307
1.36092
1.37718
1.38938
1.4093
1.17827
1.20472
1.22974
1.25353
1.27629
1.29818
1.31934
1.33986
1.3598
1.37918
1.39799
1.41623
1.43375
1.44973
1.46154
1.48135
1.2446
1.27093
1.29586
1.31956
1.34222
1.36399
1.38501
1.40536
1.4251
1.44424
1.46279
1.48073
1.49795
1.51368
1.52514
1.54484
1.30287
1.32909
1.35392
1.37754
1.4001
1.42176
1.44265
1.46284
1.48239
1.50131
1.51961
1.53727
1.55422
1.56973
1.58085
1.60046
1.35375
1.37988
1.40463
1.42815
1.45062
1.47218
1.49293
1.51297
1.53235
1.55107
1.56913
1.58654
1.60323
1.61854
1.62934
1.64888
1.39784
1.42387
1.44854
1.47198
1.49437
1.51582
1.53646
1.55635
1.57556
1.59409
1.61193
1.6291
1.64556
1.66069
1.67119
1.69066
1.43564
1.46159
1.48618
1.50955
1.53186
1.55322
1.57374
1.5935
1.61255
1.6309
1.64855
1.66549
1.68173
1.6967
1.70692
1.72633
1.46766
1.49354
1.51806
1.54136
1.56359
1.58486
1.60528
1.62491
1.64382
1.662
1.67945
1.69619
1.71222
1.72705
1.73701
1.75636
1.49434
1.52016
1.54462
1.56786
1.59001
1.6112
1.63152
1.65104
1.6698
1.68783
1.7051
1.72164
1.73748
1.75219
1.7619
1.78121
1.51611
1.54187
1.56627
1.58945
1.61154
1.63265
1.65287
1.67228
1.69091
1.70879
1.7259
1.74226
1.75792
1.77252
1.78199
1.80126
1.53334
1.55904
1.58339
1.60652
1.62854
1.64958
1.66971
1.68901
1.70753
1.72527
1.74222
1.75841
1.7739
1.78841
1.79766
1.81689
1.54638
1.57204
1.59634
1.61941
1.64137
1.66233
1.68238
1.70159
1.71999
1.7376
1.75441
1.77044
1.78577
1.8002
1.80924
1.82845
1.55556
1.58116
1.60542
1.62844
1.65035
1.67124
1.69122
1.71033
1.72862
1.74611
1.76279
1.77867
1.79385
1.80822
1.81706
1.83624
1.56117
1.58673
1.61094
1.63392
1.65577
1.67661
1.6965
1.71553
1.73372
1.7511
1.76765
1.78339
1.79844
1.81274
1.8214
1.84055
1.56351
1.58903
1.61319
1.63612
1.65793
1.6787
1.69853
1.71747
1.73557
1.75285
1.76929
1.7849
1.79981
1.81406
1.82255
1.84169
1.56282
1.5883
1.61243
1.63532
1.65707
1.67779
1.69755
1.71642
1.73443
1.75161
1.76794
1.78343
1.79822
1.81243
1.82076
1.83988
1.55937
1.58481
1.60889
1.63174
1.65345
1.67412
1.69382
1.71261
1.73054
1.74763
1.76386
1.77923
1.79392
1.80809
1.81627
1.83538
1.55337
1.57877
1.60282
1.62563
1.64729
1.66791
1.68755
1.70627
1.72413
1.74113
1.75727
1.77254
1.78712
1.80127
1.80931
1.8284
1.54503
1.57039
1.59441
1.61718
1.6388
1.65937
1.67895
1.69762
1.7154
1.73233
1.74838
1.76356
1.77804
1.79216
1.80008
1.81916
1.53454
1.55987
1.58385
1.60659
1.62817
1.64869
1.66823
1.68683
1.70455
1.72141
1.73738
1.75247
1.76686
1.78096
1.78878
1.80785
1.5221
1.5474
1.57135
1.59405
1.6156
1.63608
1.65557
1.67412
1.69178
1.70856
1.72446
1.73947
1.75379
1.76787
1.77559
1.79464
1.50789
1.53315
1.55707
1.57974
1.60125
1.62169
1.64113
1.65963
1.67724
1.69396
1.7098
1.72474
1.73897
1.75304
1.76067
1.77972
1.49205
1.51728
1.54116
1.56379
1.58527
1.60568
1.62507
1.64353
1.66108
1.67775
1.69353
1.7084
1.72257
1.73662
1.74419
1.76322
1.47476
1.49994
1.52378
1.54638
1.56782
1.58819
1.60754
1.62595
1.64346
1.66008
1.6758
1.69062
1.70473
1.71877
1.72627
1.7453
1.45603
1.48119
1.505
1.52757
1.54898
1.56932
1.58864
1.60702
1.62448
1.64106
1.65674
1.67151
1.68557
1.69959
1.70705
1.72607
1.43605
1.46117
1.48496
1.5075
1.52888
1.54919
1.56848
1.58682
1.60425
1.6208
1.63644
1.65116
1.66518
1.67919
1.68661
1.70563
1.41491
1.44
1.46376
1.48628
1.50764
1.52792
1.54718
1.56549
1.58289
1.5994
1.61501
1.62971
1.64369
1.65768
1.66509
1.68409
1.39273
1.4178
1.44154
1.46404
1.48539
1.50565
1.52489
1.54318
1.56056
1.57705
1.59264
1.60731
1.62125
1.63524
1.64263
1.66163
1.36954
1.3946
1.41833
1.44083
1.46216
1.48241
1.50165
1.51993
1.53729
1.55377
1.56934
1.58399
1.59792
1.61189
1.61927
1.63826
1.34539
1.37045
1.39418
1.41667
1.438
1.45825
1.47748
1.49575
1.51311
1.52957
1.54513
1.55977
1.57368
1.58765
1.59503
1.61401
1.32039
1.34545
1.36917
1.39166
1.41299
1.43324
1.45247
1.47074
1.48809
1.50455
1.5201
1.53473
1.54863
1.56259
1.56997
1.58894
1.29451
1.31958
1.34332
1.36582
1.38715
1.40741
1.42665
1.44492
1.46227
1.47874
1.49429
1.50892
1.52281
1.53677
1.54415
1.56312
1.26783
1.29291
1.31667
1.33918
1.36053
1.3808
1.40005
1.41833
1.4357
1.45217
1.46772
1.48235
1.49624
1.51019
1.51758
1.53654
1.2404
1.26552
1.2893
1.31184
1.33322
1.35351
1.37278
1.39108
1.40846
1.42495
1.44052
1.45516
1.46905
1.48301
1.49041
1.50939
1.21221
1.23736
1.26118
1.28375
1.30516
1.32548
1.34477
1.3631
1.38051
1.39701
1.4126
1.42725
1.44114
1.45512
1.46251
1.48152
1.18327
1.20846
1.23232
1.25494
1.27638
1.29673
1.31606
1.33442
1.35185
1.36838
1.38399
1.39866
1.41255
1.42657
1.43393
1.45296
1.15356
1.1788
1.20271
1.22535
1.24683
1.26721
1.28657
1.30495
1.3224
1.33894
1.35456
1.36922
1.3831
1.39715
1.40446
1.42349
1.12316
1.14846
1.17241
1.19509
1.2166
1.23702
1.2564
1.2748
1.29228
1.30884
1.32447
1.33913
1.353
1.36708
1.37434
1.39336
1.09213
1.11748
1.14148
1.16421
1.18576
1.2062
1.22562
1.24405
1.26154
1.27811
1.29376
1.30842
1.32226
1.33637
1.34356
1.36259
1.06049
1.0859
1.10995
1.13273
1.15432
1.1748
1.19424
1.2127
1.23021
1.2468
1.26245
1.2771
1.29092
1.30506
1.31218
1.3312
1.02829
1.05378
1.07789
1.10072
1.12235
1.14288
1.16235
1.18084
1.19837
1.21498
1.23063
1.24527
1.25906
1.27322
1.28027
1.29928
0.995532
1.02109
1.04526
1.06814
1.08982
1.11038
1.12989
1.1484
1.16596
1.18257
1.19823
1.21286
1.22659
1.24079
1.24774
1.26675
0.962336
0.987953
1.01218
1.03511
1.05683
1.07742
1.09696
1.11548
1.13304
1.14966
1.1653
1.17989
1.19356
1.20782
1.21465
1.23366
0.928695
0.954364
0.978633
1.0016
1.02336
1.04399
1.06355
1.08209
1.09965
1.11626
1.13189
1.14644
1.16004
1.17434
1.18103
1.20004
0.894726
0.920456
0.944776
0.96778
0.989562
1.0102
1.02976
1.04829
1.06584
1.08242
1.09801
1.11252
1.12602
1.14039
1.14693
1.16595
0.860298
0.88607
0.910422
0.933452
0.955253
0.975902
0.995467
1.014
1.03153
1.04809
1.06365
1.07811
1.09149
1.10595
1.11231
1.13133
0.825492
0.8513
0.875684
0.898742
0.920563
0.941224
0.960789
0.979306
0.996814
1.01334
1.02886
1.04326
1.05649
1.07108
1.07722
1.09627
0.790354
0.816177
0.840568
0.863624
0.885436
0.906081
0.925623
0.944109
0.961574
0.978046
0.993515
1.00785
1.02087
1.03563
1.04148
1.06058
0.754865
0.780692
0.805088
0.828147
0.849959
0.870598
0.890126
0.908587
0.926013
0.942435
0.957857
0.972139
0.984897
0.999901
1.00545
1.02455
0.719148
0.744968
0.769348
0.792385
0.814165
0.834762
0.854237
0.872635
0.889985
0.906322
0.921675
0.935918
0.948303
0.963635
0.968821
0.988002
0.683186
0.708981
0.733336
0.756347
0.7781
0.798667
0.818104
0.836451
0.853731
0.869977
0.885261
0.899551
0.911402
0.927193
0.931877
0.951143
0.64703
0.672785
0.6971
0.720064
0.741762
0.762263
0.781627
0.799891
0.817069
0.833169
0.848318
0.862821
0.873923
0.890246
0.894622
0.913924
0.61078
0.636497
0.660767
0.683685
0.705332
0.725778
0.745079
0.763278
0.780394
0.796384
0.811257
0.82614
0.836315
0.852983
0.857292
0.876585
0.574383
0.600022
0.624221
0.647071
0.668648
0.689018
0.708229
0.726323
0.74333
0.759258
0.774078
0.788157
0.799671
0.815324
0.819813
0.839042
0.537967
0.563543
0.587672
0.610443
0.631938
0.652214
0.671321
0.689295
0.706166
0.721952
0.736693
0.750533
0.762416
0.777392
0.782233
0.801294
0.501403
0.526848
0.550852
0.573505
0.594882
0.615042
0.634037
0.651896
0.668642
0.684308
0.698962
0.712624
0.724556
0.739181
0.744163
0.763116
0.464865
0.490212
0.514126
0.536687
0.557964
0.578012
0.596874
0.614584
0.63117
0.64668
0.661276
0.674852
0.686821
0.701184
0.706268
0.725151
0.428148
0.453286
0.476991
0.499348
0.520431
0.540297
0.558988
0.576537
0.592994
0.608523
0.623062
0.636447
0.648402
0.662588
0.667713
0.686538
0.391233
0.416164
0.439698
0.461905
0.482846
0.502565
0.521105
0.538514
0.554946
0.570354
0.584676
0.597935
0.609864
0.623918
0.629074
0.647867
0.354078
0.378666
0.401862
0.423741
0.444368
0.463799
0.482102
0.499419
0.515687
0.53084
0.544995
0.558126
0.569955
0.58395
0.589043
0.607847
0.316312
0.340438
0.363251
0.38481
0.405159
0.424337
0.442494
0.459606
0.475596
0.490579
0.504623
0.517661
0.529406
0.543406
0.548413
0.567225
0.277607
0.301066
0.323228
0.344166
0.363953
0.382704
0.400378
0.416933
0.432481
0.447094
0.46082
0.473606
0.485087
0.499201
0.504039
0.522947
0.237915
0.260193
0.281293
0.301319
0.320344
0.338377
0.355428
0.371543
0.386763
0.401115
0.414645
0.427275
0.438364
0.452869
0.457134
0.476162
0.194322
0.214438
0.233588
0.251847
0.269263
0.285851
0.30162
0.316645
0.330975
0.344635
0.357717
0.370243
0.38064
0.395703
0.400043
0.419235
0.148714
0.166005
0.182614
0.198595
0.213985
0.228803
0.243053
0.256703
0.26974
0.282182
0.294091
0.306448
0.315516
0.329844
0.334465
0.353172
0.09279
0.104411
0.115714
0.126791
0.137687
0.14842
0.159001
0.169428
0.1797
0.189823
0.199788
0.209761
0.219537
0.231099
0.236669
0.254792
0.0411575
0.0477157
0.0544817
0.0614811
0.068749
0.0763102
0.0841754
0.0923433
0.100803
0.109537
0.118513
0.127705
0.137092
0.147014
0.155868
0.167401
)
;

boundaryField
{
    frontAndBack
    {
        type            empty;
    }
    inlet
    {
        type            zeroGradient;
    }
    outlet
    {
        type            fixedValue;
        value           uniform 0;
    }
    walls
    {
        type            zeroGradient;
    }
}


// ************************************************************************* //
