/*--------------------------------*- C++ -*----------------------------------*\
| =========                 |                                                 |
| \\      /  F ield         | OpenFOAM: The Open Source CFD Toolbox           |
|  \\    /   O peration     | Version:  v2012                                 |
|   \\  /    A nd           | Website:  www.openfoam.com                      |
|    \\/     M anipulation  |                                                 |
\*---------------------------------------------------------------------------*/
FoamFile
{
    version     2.0;
    format      ascii;
    class       volScalarField;
    location    "0.209";
    object      p;
}
// * * * * * * * * * * * * * * * * * * * * * * * * * * * * * * * * * * * * * //

dimensions      [0 2 -2 0 0 0 0];


internalField   nonuniform List<scalar> 
1900
(
-299.623
-300.722
-301.622
-302.283
-302.96
-303.727
-304.532
-305.361
-305.973
-306.577
-300.077
-300.876
-301.704
-302.38
-303.06
-303.821
-304.632
-305.47
-306.23
-307.05
-300.363
-300.928
-301.696
-302.409
-303.106
-303.867
-304.693
-305.577
-306.47
-307.715
-300.547
-300.991
-301.726
-302.468
-303.178
-303.94
-304.784
-305.709
-306.721
-308.095
-300.645
-301.039
-301.753
-302.505
-303.221
-303.986
-304.847
-305.807
-306.888
-308.277
-300.662
-301.061
-301.78
-302.535
-303.254
-304.027
-304.904
-305.889
-307.004
-308.371
-300.596
-301.056
-301.807
-302.557
-303.277
-304.06
-304.951
-305.951
-307.078
-308.402
-300.445
-301.036
-301.83
-302.557
-303.269
-304.065
-304.969
-305.979
-307.109
-308.391
-300.188
-301.03
-301.891
-302.579
-303.277
-304.077
-304.985
-305.995
-307.118
-308.36
-299.754
-300.929
-301.881
-302.562
-303.26
-304.073
-304.992
-306.009
-307.135
-308.357
-305.919
-318.28
-337.562
-339.208
-320.079
-286.053
-243.018
-198.247
-157.321
-122.52
-94.1826
-71.775
-54.2945
-40.73
-30.1857
-21.8694
-15.2132
-9.84933
-5.50157
-1.91391
1.10561
3.6566
5.80691
7.63074
9.20647
10.5783
11.7613
12.785
13.6711
14.4435
15.1178
15.7031
16.2073
16.6355
16.9944
17.297
17.5513
17.7605
17.9275
18.0544
18.1463
18.2077
18.2406
18.2471
18.228
18.1839
18.1174
18.0317
17.9292
17.8108
17.6756
17.5234
17.356
17.1755
16.9828
16.7794
16.5651
16.3394
16.1023
15.8552
15.5989
15.3344
15.0617
14.7803
14.4902
14.1914
13.8849
13.5712
13.2502
12.9221
12.5867
12.2443
11.895
11.5389
11.1763
10.8073
10.4319
10.0502
9.66213
9.26811
8.86801
8.46225
8.05057
7.63331
7.21027
6.78171
6.34759
5.90813
5.4634
5.01353
4.55864
4.09891
3.6342
3.16504
2.6902
2.21249
1.72487
1.24266
0.733548
0.279212
-309.337
-321.605
-333.412
-332.126
-313.079
-280.334
-239.75
-197.442
-158.321
-124.583
-96.6747
-74.2553
-56.5577
-42.6782
-31.7912
-23.1502
-16.2204
-10.6382
-6.11037
-2.37658
0.742354
3.35797
5.56464
7.44192
9.05695
10.4558
11.6587
12.6969
13.5937
14.3735
15.0512
15.6382
16.1396
16.5643
16.9259
17.2332
17.4916
17.7047
17.875
18.0052
18.1004
18.165
18.1997
18.2073
18.1888
18.1451
18.0789
17.994
17.8929
17.7756
17.6409
17.489
17.3221
17.142
16.9498
16.7467
16.5331
16.3077
16.071
15.8241
15.5682
15.3039
15.0316
14.7504
14.4603
14.1618
13.8556
13.542
13.2212
12.8931
12.558
12.2156
11.8664
11.5104
11.1478
10.7788
10.4034
10.0217
9.63368
9.23961
8.8395
8.43368
8.02196
7.60462
7.18154
6.75294
6.31882
5.87938
5.43469
4.98491
4.53018
4.07067
3.60644
3.13774
2.66456
2.18746
1.70548
1.22187
0.729563
0.251895
-310.271
-317.92
-326.263
-324.072
-306.103
-275.371
-237.269
-197.132
-159.467
-126.585
-99.0116
-76.5724
-58.6748
-44.5223
-33.3379
-24.4246
-17.2737
-11.5145
-6.83433
-2.97024
0.255348
2.95339
5.22815
7.17227
8.84678
10.2862
11.519
12.5826
13.5041
14.3021
14.9889
15.5814
16.0865
16.513
16.8782
17.1885
17.4485
17.6627
17.8337
17.9645
18.059
18.1214
18.1552
18.1632
18.1456
18.1028
18.038
17.9549
17.8554
17.74
17.6069
17.4561
17.2904
17.1111
16.9196
16.7169
16.5026
16.2769
16.0401
15.7935
15.5378
15.2737
15.0018
14.7209
14.431
14.1328
13.827
13.5136
13.1931
12.8651
12.53
12.1877
11.8385
11.4826
11.1201
10.7511
10.3756
9.99385
9.60582
9.2117
8.81154
8.40561
7.99382
7.57639
7.15326
6.7246
6.29047
5.85102
5.40637
4.95666
4.50209
4.04278
3.57905
3.11082
2.63932
2.16294
1.68656
1.20188
0.72713
0.22377
-310.492
-316.294
-321.939
-318.557
-301.089
-271.666
-235.202
-196.612
-160.103
-127.978
-100.761
-78.3738
-60.3563
-46.005
-34.5881
-25.4558
-18.1229
-12.2125
-7.40038
-3.42859
-0.123736
2.63286
4.95219
6.93041
8.63191
10.09
11.3355
12.4105
13.3471
14.1609
14.8611
15.4651
15.9834
16.4276
16.8092
17.1318
17.4005
17.6216
17.7979
17.9327
18.0291
18.0912
18.125
18.1339
18.1165
18.0736
18.0088
17.9257
17.8256
17.7085
17.5741
17.4234
17.2584
17.0795
16.8886
16.6864
16.4719
16.2459
16.0097
15.7637
15.5088
15.245
14.9723
14.691
14.4012
14.1034
13.798
13.4848
13.1644
12.8366
12.5016
12.1594
11.8103
11.4544
11.0919
10.7229
10.3473
9.96548
9.57734
9.18315
8.7829
8.37684
7.96494
7.54737
7.12419
6.69547
6.26135
5.82188
5.37731
4.92766
4.47329
4.01419
3.55097
3.08322
2.61342
2.13779
1.66712
1.18111
0.724008
0.196005
-310.518
-314.805
-318.111
-313.455
-296.275
-267.994
-233.033
-195.924
-160.555
-129.162
-102.292
-79.9727
-61.8616
-47.3381
-35.7195
-26.3968
-18.9029
-12.8574
-7.92613
-3.85326
-0.475788
2.33384
4.69945
6.7183
8.45168
9.93219
11.1952
12.2851
13.2351
14.0612
14.7705
15.3792
15.8985
16.3437
16.7277
17.0526
17.3215
17.5436
17.7226
17.8607
17.9616
18.0303
18.0706
18.0847
18.0725
18.0351
17.9755
17.8963
17.7982
17.6815
17.5477
17.3983
17.2344
17.056
16.8653
16.6631
16.4486
16.2224
15.986
15.7399
15.4848
15.2204
14.9463
14.6638
14.3735
14.0754
13.7695
13.4559
13.1352
12.8067
12.4715
12.1289
11.7796
11.4235
11.0609
10.6917
10.316
9.93408
9.54588
9.1517
8.75159
8.34563
7.93378
7.51622
7.0931
6.66441
6.2304
5.79099
5.34658
4.89706
4.44295
3.98413
3.52144
3.05426
2.58608
2.11136
1.64593
1.15934
0.71842
0.171103
-310.4
-313.509
-315.041
-309.398
-292.508
-265.228
-231.494
-195.547
-161.046
-130.183
-103.565
-81.2872
-63.0985
-48.4297
-36.6395
-27.1648
-19.544
-13.3846
-8.353
-4.20152
-0.769053
2.08333
4.49007
6.54399
8.29923
9.79397
11.0701
12.1739
13.1352
13.9681
14.6833
15.2958
15.8203
16.2717
16.6612
16.9919
17.265
17.4872
17.6671
17.808
17.9126
17.9838
18.0238
18.0352
18.0211
17.9833
17.9239
17.8449
17.7467
17.6304
17.4976
17.3497
17.1876
17.0115
16.823
16.6225
16.4096
16.1852
15.9503
15.7055
15.4512
15.1874
14.9141
14.6322
14.3422
14.044
13.7379
13.424
13.1028
12.7739
12.4383
12.0953
11.7457
11.3894
11.0266
10.6573
10.2816
9.89961
9.51153
9.11744
8.71748
8.31154
7.89979
7.48231
7.05934
6.63078
6.19695
5.7577
5.3135
4.86419
4.41039
3.95193
3.48979
3.02325
2.55653
2.08294
1.62176
1.13609
0.70783
0.152313
-310.21
-312.445
-312.667
-306.232
-289.501
-262.955
-230.134
-195.076
-161.266
-130.844
-104.47
-82.272
-64.047
-49.2818
-37.3729
-27.7887
-20.0748
-13.8226
-8.70485
-4.49629
-1.02762
1.86372
4.31262
6.39436
8.15944
9.66423
10.9581
12.0775
13.0473
13.8834
14.6019
15.2222
15.7544
16.2102
16.6024
16.934
17.2097
17.4356
17.6172
17.7592
17.866
17.9389
17.98
17.9923
17.9798
17.9442
17.8869
17.809
17.7111
17.5949
17.4621
17.3141
17.1516
16.975
16.7851
16.5831
16.3692
16.144
15.9081
15.6624
15.4073
15.143
14.8695
14.5875
14.2973
13.9991
13.6933
13.3798
13.0591
12.7308
12.3958
12.0535
11.7045
11.3488
10.9866
10.6177
10.2427
9.861
9.47347
9.07976
8.68014
8.27447
7.86309
7.44598
7.02336
6.59519
6.1617
5.7228
5.27892
4.82998
4.37654
3.9185
3.45691
2.99106
2.52549
2.0532
1.59472
1.1118
0.690385
0.143281
-310.014
-311.622
-310.914
-303.872
-287.218
-261.198
-229.052
-194.664
-161.387
-131.318
-105.158
-83.0476
-64.8036
-49.9623
-37.9755
-28.3191
-20.5195
-14.1814
-9.00568
-4.76066
-1.24909
1.68908
4.16635
6.2573
8.03343
9.5581
10.8712
11.9984
12.9672
13.8066
14.5346
15.1635
15.6993
16.1544
16.546
16.881
17.1614
17.3898
17.5712
17.7127
17.8201
17.8954
17.9384
17.9511
17.9381
17.9025
17.8453
17.7673
17.6693
17.5531
17.4203
17.2722
17.1095
16.9328
16.7427
16.5406
16.3269
16.102
15.866
15.6198
15.3643
15.0996
14.826
14.5436
14.2529
13.9542
13.6478
13.3339
13.0127
12.6841
12.3488
12.0061
11.6569
11.3011
10.9388
10.57
10.195
9.81345
9.42612
9.03274
8.63347
8.22832
7.81749
7.40104
6.97902
6.55154
6.1187
5.68049
5.23723
4.78891
4.33604
3.87857
3.41761
2.95249
2.4878
2.017
1.55966
1.0812
0.660187
0.138645
-309.856
-311.036
-309.717
-302.257
-285.628
-259.948
-228.241
-194.297
-161.365
-131.531
-105.532
-83.4787
-65.2213
-50.3499
-38.3258
-28.6181
-20.7655
-14.391
-9.19022
-4.91939
-1.37882
1.58157
4.06784
6.16573
7.95133
9.48428
10.8018
11.9311
12.9024
13.7456
14.4776
15.1088
15.6457
16.1022
16.4956
16.8331
17.1153
17.3446
17.5265
17.669
17.7779
17.8548
17.8987
17.9119
17.8992
17.8645
17.8083
17.7313
17.6339
17.5183
17.3862
17.2387
17.0765
16.9003
16.7106
16.5088
16.2955
16.0708
15.835
15.589
15.3337
15.0694
14.7963
14.5144
14.2241
13.9259
13.6202
13.307
12.9866
12.6587
12.3245
11.9824
11.6336
11.2783
10.9166
10.5483
10.1737
9.79267
9.4056
9.01246
8.61332
8.20811
7.79724
7.3807
6.95865
6.5311
6.09826
5.66
5.21672
4.76837
4.31552
3.85815
3.39733
2.93233
2.46764
1.99761
1.53984
1.06575
0.639716
0.148968
-309.799
-310.776
-309.167
-301.515
-284.923
-259.447
-228.001
-194.311
-161.573
-131.867
-105.939
-83.901
-65.6289
-50.7248
-38.6579
-28.9092
-21.0237
-14.6213
-9.39388
-5.0995
-1.53973
1.44113
3.94287
6.05295
7.84551
9.38218
10.7046
11.8394
12.8144
13.6589
14.3927
15.0262
15.5659
16.0245
16.4191
16.7577
17.0413
17.2721
17.4554
17.5988
17.7086
17.7863
17.8313
17.8454
17.8335
17.7995
17.744
17.6675
17.5708
17.4557
17.3241
17.1771
17.0155
16.8397
16.6505
16.4491
16.2363
16.0121
15.7769
15.5313
15.2763
15.0124
14.7397
14.458
14.1681
13.87
13.5644
13.2512
12.9309
12.603
12.2685
11.9274
11.579
11.2237
10.8622
10.4941
10.1197
9.73888
9.352
8.95911
8.56034
8.15572
7.74511
7.3288
6.90693
6.47952
6.04675
5.60855
5.16533
4.71697
4.26421
3.80685
3.34625
2.88164
2.41699
1.94796
1.48896
1.02012
0.591375
0.112929
-314.073
-315.342
-316.519
-316.763
-316.246
-314.976
-313.67
-313.762
-333.208
-334.724
-335.67
-336.006
-335.684
-334.97
-334.106
-333.757
-348.321
-351.157
-352.673
-353.239
-353.129
-352.819
-352.512
-352.172
-346.897
-350.262
-352.116
-352.862
-352.689
-352.174
-351.695
-351.057
-325.752
-328.652
-330.387
-330.946
-330.605
-329.869
-329.084
-328.157
-289.994
-292.05
-293.341
-293.795
-293.469
-292.521
-291.108
-289.508
-244.963
-246.036
-246.887
-247.288
-247.03
-246.002
-244.217
-242.158
-198.429
-198.46
-198.714
-198.928
-198.65
-197.569
-195.618
-193.374
-156.293
-155.597
-155.335
-155.239
-154.836
-153.72
-151.765
-149.558
-120.779
-119.657
-119.112
-118.841
-118.351
-117.249
-115.401
-113.358
-92.2208
-90.9942
-90.3469
-89.9528
-89.3917
-88.3478
-86.6741
-84.8484
-69.8977
-68.7439
-68.1054
-67.6398
-67.038
-66.0775
-64.6028
-63.0186
-52.6372
-51.6273
-51.0398
-50.5748
-49.9945
-49.1303
-47.8518
-46.4899
-39.3535
-38.518
-38.0153
-37.5859
-37.052
-36.2926
-35.2043
-34.0508
-29.0859
-28.405
-27.9603
-27.5615
-27.0863
-26.4311
-25.5102
-24.534
-21.0254
-20.4846
-20.0802
-19.6997
-19.2823
-18.7224
-17.9431
-17.1006
-14.5794
-14.1552
-13.8049
-13.4627
-13.0983
-12.6188
-11.9576
-11.2002
-9.37441
-9.04184
-8.74813
-8.45295
-8.1357
-7.72347
-7.16154
-6.48345
-5.1429
-4.87789
-4.63075
-4.37667
-4.09948
-3.74127
-3.25893
-2.67082
-1.64
-1.42741
-1.21965
-1.00249
-0.760639
-0.446979
-0.0272551
0.483485
1.32541
1.4981
1.67422
1.85614
2.06437
2.33853
2.70591
3.15259
3.84353
3.98778
4.14082
4.29607
4.47699
4.71799
5.04158
5.43518
5.96695
6.08967
6.22383
6.36168
6.52437
6.7407
7.02941
7.37979
7.7684
7.87561
7.99379
8.11773
8.26586
8.46218
8.72224
9.03705
9.32554
9.41904
9.52349
9.63506
9.77007
9.94884
10.1843
10.4692
10.6884
10.7747
10.8648
10.9641
11.087
11.2502
11.4644
11.7236
11.8688
11.9547
12.0368
12.1268
12.2391
12.3884
12.5838
12.8206
12.8829
12.9629
13.0396
13.1243
13.2298
13.3686
13.5486
13.7664
13.7589
13.8322
13.9032
13.9827
14.0818
14.2114
14.3779
14.5793
14.5216
14.5883
14.654
14.7285
14.8217
14.9429
15.0974
15.2845
15.1879
15.249
15.31
15.3801
15.468
15.5817
15.7256
15.8999
15.7661
15.822
15.8796
15.9463
16.0297
16.1368
16.2712
16.4341
16.2663
16.3173
16.3712
16.4344
16.5135
16.6145
16.7402
16.8929
16.6919
16.739
16.7898
16.8497
16.925
17.0206
17.1385
17.2821
17.0479
17.0928
17.1416
17.1993
17.2714
17.3623
17.4735
17.6091
17.3476
17.3905
17.4375
17.493
17.5622
17.6489
17.754
17.8824
17.5994
17.6405
17.6856
17.739
17.8054
17.8882
17.9877
18.1095
17.8066
17.8463
17.8899
17.9415
18.0054
18.0846
18.1789
18.2947
17.9719
18.0103
18.0526
18.1026
18.1643
18.2402
18.3298
18.4402
18.0972
18.1347
18.1759
18.2244
18.2842
18.3571
18.4425
18.5479
18.1873
18.2236
18.2637
18.3109
18.3688
18.4391
18.5205
18.6214
18.2468
18.2818
18.3207
18.3665
18.4226
18.4903
18.5682
18.665
18.2782
18.312
18.3498
18.3944
18.4488
18.5141
18.5887
18.6818
18.2835
18.3165
18.3533
18.3968
18.4497
18.5128
18.5842
18.6739
18.2636
18.296
18.3321
18.3746
18.4261
18.4873
18.5558
18.6423
18.219
18.2509
18.2865
18.3283
18.3786
18.4379
18.5039
18.5874
18.1521
18.1834
18.2184
18.2593
18.3085
18.3662
18.4297
18.5105
18.0657
18.0964
18.1306
18.1708
18.2189
18.2749
18.3362
18.4145
17.9622
17.9923
18.026
18.0654
18.1124
18.1669
18.226
18.3021
17.843
17.8726
17.9057
17.9443
17.9903
18.0433
18.1005
18.1743
17.7074
17.7366
17.7692
17.8072
17.8522
17.9039
17.9591
18.031
17.555
17.5839
17.6162
17.6536
17.6979
17.7483
17.8018
17.8718
17.3873
17.4159
17.4478
17.4848
17.5282
17.5776
17.6295
17.6977
17.2063
17.2346
17.2661
17.3026
17.3453
17.3935
17.4439
17.5106
17.0133
17.0413
17.0725
17.1084
17.1504
17.1977
17.2466
17.3118
16.8095
16.8371
16.8679
16.9034
16.9446
16.9909
17.0385
17.1022
16.5948
16.622
16.6524
16.6874
16.728
16.7732
16.8195
16.8819
16.3687
16.3958
16.4259
16.4604
16.5003
16.5447
16.5898
16.6509
16.1315
16.1583
16.1882
16.2223
16.2617
16.3053
16.3492
16.4092
15.8841
15.9108
15.9404
15.9742
16.013
16.0558
16.0986
16.1575
15.6276
15.654
15.6834
15.7168
15.7551
15.7971
15.8389
15.8968
15.3628
15.389
15.418
15.451
15.4888
15.5301
15.5709
15.6278
15.0898
15.1157
15.1444
15.1771
15.2143
15.2549
15.2947
15.3507
14.8083
14.834
14.8624
14.8947
14.9314
14.9713
15.0102
15.0654
14.5179
14.5434
14.5716
14.6035
14.6398
14.6791
14.7173
14.7716
14.219
14.2444
14.2725
14.3041
14.3399
14.3787
14.416
14.4696
13.9124
13.9376
13.9655
13.9968
14.0323
14.0704
14.1071
14.1599
13.5985
13.6236
13.6512
13.6823
13.7173
13.7549
13.7908
13.843
13.2773
13.3023
13.3297
13.3606
13.3952
13.4323
13.4676
13.5191
12.9491
12.9739
13.0012
13.0317
13.066
13.1026
13.1372
13.1882
12.6136
12.6383
12.6654
12.6958
12.7297
12.7659
12.7999
12.8503
12.2712
12.2957
12.3227
12.3528
12.3864
12.4221
12.4555
12.5054
11.9217
11.9462
11.973
12.0029
12.0362
12.0716
12.1044
12.1538
11.5656
11.5899
11.6166
11.6463
11.6793
11.7143
11.7466
11.7954
11.2028
11.2272
11.2538
11.2833
11.316
11.3506
11.3824
11.4309
10.8338
10.8581
10.8846
10.9139
10.9463
10.9805
11.0118
11.0598
10.4584
10.4826
10.509
10.5381
10.5703
10.6042
10.6351
10.6827
10.0766
10.1008
10.1271
10.1561
10.188
10.2215
10.2519
10.2991
9.68861
9.71272
9.73894
9.7678
9.7995
9.83276
9.86274
9.90962
9.29457
9.31864
9.34475
9.37344
9.40487
9.4378
9.46734
9.51384
8.89449
8.91854
8.94459
8.97316
9.0044
9.03706
9.06623
9.11242
8.48873
8.51274
8.53871
8.56711
8.5981
8.63045
8.65921
8.70506
8.07707
8.10108
8.127
8.15529
8.18611
8.21823
8.24668
8.29225
7.65983
7.68382
7.70968
7.73785
7.76845
7.80031
7.82847
7.87381
7.23681
7.2608
7.28661
7.31469
7.34513
7.37679
7.40503
7.45082
6.80825
6.8322
6.85794
6.88588
6.9161
6.94744
6.9755
7.0214
6.37411
6.39801
6.42367
6.45149
6.48153
6.51263
6.54041
6.58607
5.93461
5.95845
5.98401
6.01169
6.04155
6.07242
6.09991
6.14532
5.4898
5.51356
5.539
5.5665
5.59614
5.62675
5.65393
5.69901
5.03984
5.06351
5.08883
5.11618
5.14563
5.17605
5.20297
5.24784
4.58478
4.60828
4.63341
4.66051
4.68966
4.71974
4.74627
4.79072
4.12486
4.1482
4.17316
4.20007
4.229
4.2589
4.28524
4.3296
3.65973
3.6827
3.70728
3.73381
3.76234
3.79185
3.81777
3.86172
3.19019
3.21284
3.23708
3.26326
3.29142
3.32057
3.34617
3.38988
2.71396
2.73552
2.75882
2.78419
2.81168
2.84037
2.86566
2.90925
2.23578
2.25691
2.2797
2.30447
2.33129
2.35929
2.38396
2.42687
1.74351
1.76115
1.78107
1.80363
1.82894
1.85618
1.88075
1.92468
1.26282
1.28125
1.30123
1.32312
1.34705
1.37229
1.39487
1.43519
0.739338
0.746908
0.757999
0.773193
0.792889
0.815971
0.834917
0.883336
0.302168
0.320225
0.336612
0.351744
0.366665
0.383736
0.400928
0.376909
)
;

boundaryField
{
    frontAndBack
    {
        type            empty;
    }
    inlet
    {
        type            zeroGradient;
    }
    outlet
    {
        type            fixedValue;
        value           uniform 0;
    }
    walls
    {
        type            zeroGradient;
    }
}


// ************************************************************************* //
