/*--------------------------------*- C++ -*----------------------------------*\
| =========                 |                                                 |
| \\      /  F ield         | OpenFOAM: The Open Source CFD Toolbox           |
|  \\    /   O peration     | Version:  v2012                                 |
|   \\  /    A nd           | Website:  www.openfoam.com                      |
|    \\/     M anipulation  |                                                 |
\*---------------------------------------------------------------------------*/
FoamFile
{
    version     2.0;
    format      ascii;
    class       volVectorField::Internal;
    location    "0.1";
    object      kinematicCloud:UTrans;
}
// * * * * * * * * * * * * * * * * * * * * * * * * * * * * * * * * * * * * * //

dimensions      [1 1 -1 0 0 0 0];


value           nonuniform List<vector> 
1900
(
(-5.58628e-09 -4.05284e-14 0)
(0 0 0)
(0 0 0)
(0 0 0)
(-3.28605e-10 -6.95724e-14 0)
(0 0 0)
(-3.28452e-09 -2.64162e-12 0)
(0 0 0)
(-7.10452e-09 -5.14185e-11 0)
(0 0 0)
(-1.38742e-08 6.16879e-14 0)
(0 0 0)
(0 0 0)
(0 0 0)
(0 0 0)
(0 0 0)
(0 0 0)
(-1.15804e-08 -6.5916e-11 0)
(0 0 0)
(0 0 0)
(-2.69895e-08 -4.00276e-13 0)
(-1.29905e-08 -2.46871e-13 0)
(0 0 0)
(0 0 0)
(0 0 0)
(0 0 0)
(0 0 0)
(0 0 0)
(0 0 0)
(0 0 0)
(0 0 0)
(-1.30761e-08 -8.5251e-13 0)
(-1.27274e-08 -1.98914e-12 0)
(0 0 0)
(0 0 0)
(-1.21929e-08 -2.28177e-11 0)
(0 0 0)
(0 0 0)
(0 0 0)
(-1.16112e-08 -5.35509e-10 0)
(-2.72326e-08 -7.90957e-13 0)
(0 0 0)
(-1.2861e-08 -1.35624e-12 0)
(0 0 0)
(0 0 0)
(0 0 0)
(0 0 0)
(0 0 0)
(0 0 0)
(-1.19733e-08 -3.86057e-10 0)
(-1.37223e-08 -1.65097e-13 0)
(0 0 0)
(-1.28002e-08 -1.64151e-12 0)
(-1.25298e-08 -4.40589e-12 0)
(0 0 0)
(0 0 0)
(0 0 0)
(0 0 0)
(0 0 0)
(0 0 0)
(-1.3798e-08 -2.77495e-14 0)
(-1.29323e-08 -9.68013e-13 0)
(0 0 0)
(-1.68403e-08 -5.81695e-12 0)
(-2.06284e-08 -1.36101e-11 0)
(0 0 0)
(0 0 0)
(0 0 0)
(-1.20327e-08 -1.63e-10 0)
(0 0 0)
(-1.34969e-08 -1.6425e-14 0)
(0 0 0)
(0 0 0)
(0 0 0)
(0 0 0)
(0 0 0)
(0 0 0)
(-1.21426e-08 -5.15078e-11 0)
(-1.21801e-08 -1.84411e-10 0)
(0 0 0)
(-1.33533e-08 1.25636e-12 0)
(0 0 0)
(0 0 0)
(0 0 0)
(-1.2359e-08 -2.67706e-12 0)
(0 0 0)
(0 0 0)
(0 0 0)
(0 0 0)
(0 0 0)
(0 0 0)
(-1.31395e-08 1.74683e-12 0)
(-7.94234e-09 1.41982e-12 0)
(-2.7352e-09 -8.63705e-14 0)
(-8.14419e-09 -1.31349e-12 0)
(0 0 0)
(-1.2148e-08 -1.5583e-11 0)
(0 0 0)
(0 0 0)
(-1.26856e-08 -5.93722e-11 0)
(0 0 0)
(0 0 0)
(0 0 0)
(0 0 0)
(0 0 0)
(0 0 0)
(0 0 0)
(0 0 0)
(0 0 0)
(0 0 0)
(0 0 0)
(0 0 0)
(0 0 0)
(0 0 0)
(0 0 0)
(0 0 0)
(0 0 0)
(0 0 0)
(0 0 0)
(0 0 0)
(-4.80229e-09 6.67276e-11 0)
(0 0 0)
(0 0 0)
(0 0 0)
(0 0 0)
(0 0 0)
(0 0 0)
(0 0 0)
(0 0 0)
(0 0 0)
(0 0 0)
(0 0 0)
(0 0 0)
(0 0 0)
(0 0 0)
(0 0 0)
(0 0 0)
(-4.04932e-09 -1.48062e-11 0)
(0 0 0)
(0 0 0)
(0 0 0)
(0 0 0)
(0 0 0)
(0 0 0)
(0 0 0)
(0 0 0)
(0 0 0)
(0 0 0)
(0 0 0)
(0 0 0)
(0 0 0)
(0 0 0)
(0 0 0)
(0 0 0)
(0 0 0)
(0 0 0)
(0 0 0)
(0 0 0)
(0 0 0)
(0 0 0)
(0 0 0)
(0 0 0)
(0 0 0)
(0 0 0)
(0 0 0)
(0 0 0)
(0 0 0)
(0 0 0)
(0 0 0)
(0 0 0)
(0 0 0)
(0 0 0)
(0 0 0)
(0 0 0)
(0 0 0)
(0 0 0)
(0 0 0)
(0 0 0)
(0 0 0)
(0 0 0)
(0 0 0)
(0 0 0)
(0 0 0)
(0 0 0)
(0 0 0)
(0 0 0)
(0 0 0)
(0 0 0)
(0 0 0)
(0 0 0)
(0 0 0)
(0 0 0)
(0 0 0)
(0 0 0)
(0 0 0)
(0 0 0)
(0 0 0)
(0 0 0)
(0 0 0)
(0 0 0)
(0 0 0)
(0 0 0)
(0 0 0)
(0 0 0)
(0 0 0)
(0 0 0)
(0 0 0)
(-1.06131e-08 7.821e-10 0)
(-9.99312e-09 1.13431e-09 0)
(0 0 0)
(0 0 0)
(0 0 0)
(0 0 0)
(0 0 0)
(0 0 0)
(0 0 0)
(-5.52878e-09 6.66721e-10 0)
(0 0 0)
(0 0 0)
(0 0 0)
(0 0 0)
(0 0 0)
(-4.46649e-09 2.486e-11 0)
(0 0 0)
(0 0 0)
(0 0 0)
(-4.41462e-09 -6.49869e-12 0)
(0 0 0)
(0 0 0)
(0 0 0)
(0 0 0)
(0 0 0)
(0 0 0)
(0 0 0)
(0 0 0)
(0 0 0)
(0 0 0)
(0 0 0)
(0 0 0)
(0 0 0)
(0 0 0)
(0 0 0)
(0 0 0)
(0 0 0)
(0 0 0)
(0 0 0)
(0 0 0)
(0 0 0)
(0 0 0)
(0 0 0)
(0 0 0)
(0 0 0)
(0 0 0)
(0 0 0)
(0 0 0)
(0 0 0)
(0 0 0)
(0 0 0)
(0 0 0)
(0 0 0)
(0 0 0)
(0 0 0)
(0 0 0)
(0 0 0)
(0 0 0)
(0 0 0)
(0 0 0)
(0 0 0)
(0 0 0)
(0 0 0)
(0 0 0)
(0 0 0)
(0 0 0)
(0 0 0)
(0 0 0)
(0 0 0)
(0 0 0)
(0 0 0)
(0 0 0)
(0 0 0)
(0 0 0)
(0 0 0)
(0 0 0)
(0 0 0)
(0 0 0)
(0 0 0)
(0 0 0)
(0 0 0)
(0 0 0)
(0 0 0)
(0 0 0)
(0 0 0)
(0 0 0)
(0 0 0)
(0 0 0)
(0 0 0)
(0 0 0)
(0 0 0)
(0 0 0)
(0 0 0)
(-1.17202e-08 -1.43492e-09 0)
(0 0 0)
(0 0 0)
(0 0 0)
(0 0 0)
(0 0 0)
(0 0 0)
(0 0 0)
(0 0 0)
(0 0 0)
(0 0 0)
(0 0 0)
(-9.65242e-09 2.19581e-09 0)
(0 0 0)
(0 0 0)
(0 0 0)
(0 0 0)
(0 0 0)
(0 0 0)
(0 0 0)
(0 0 0)
(-4.48343e-09 4.71111e-11 0)
(0 0 0)
(0 0 0)
(0 0 0)
(0 0 0)
(0 0 0)
(-4.25696e-09 4.11119e-13 0)
(0 0 0)
(0 0 0)
(0 0 0)
(0 0 0)
(0 0 0)
(-4.10735e-09 -3.91368e-12 0)
(0 0 0)
(0 0 0)
(0 0 0)
(0 0 0)
(0 0 0)
(-4.00315e-09 -3.53658e-12 0)
(0 0 0)
(0 0 0)
(0 0 0)
(0 0 0)
(0 0 0)
(0 0 0)
(0 0 0)
(0 0 0)
(0 0 0)
(0 0 0)
(0 0 0)
(0 0 0)
(0 0 0)
(0 0 0)
(0 0 0)
(0 0 0)
(0 0 0)
(0 0 0)
(0 0 0)
(0 0 0)
(0 0 0)
(0 0 0)
(0 0 0)
(0 0 0)
(0 0 0)
(0 0 0)
(0 0 0)
(0 0 0)
(0 0 0)
(0 0 0)
(0 0 0)
(0 0 0)
(0 0 0)
(0 0 0)
(0 0 0)
(0 0 0)
(0 0 0)
(0 0 0)
(0 0 0)
(0 0 0)
(0 0 0)
(0 0 0)
(0 0 0)
(0 0 0)
(0 0 0)
(0 0 0)
(0 0 0)
(0 0 0)
(0 0 0)
(0 0 0)
(0 0 0)
(0 0 0)
(0 0 0)
(0 0 0)
(0 0 0)
(0 0 0)
(0 0 0)
(0 0 0)
(0 0 0)
(0 0 0)
(0 0 0)
(0 0 0)
(0 0 0)
(0 0 0)
(0 0 0)
(0 0 0)
(0 0 0)
(-7.74235e-09 4.78608e-10 0)
(-1.26729e-08 7.99645e-10 0)
(0 0 0)
(0 0 0)
(0 0 0)
(-9.23319e-09 1.82818e-09 0)
(0 0 0)
(0 0 0)
(-5.8456e-09 6.62611e-10 0)
(0 0 0)
(0 0 0)
(0 0 0)
(-4.57335e-09 1.53762e-10 0)
(0 0 0)
(0 0 0)
(0 0 0)
(0 0 0)
(0 0 0)
(0 0 0)
(0 0 0)
(0 0 0)
(0 0 0)
(0 0 0)
(0 0 0)
(0 0 0)
(0 0 0)
(0 0 0)
(0 0 0)
(-3.97706e-09 8.22155e-13 0)
(0 0 0)
(0 0 0)
(0 0 0)
(0 0 0)
(0 0 0)
(0 0 0)
(-3.88195e-09 -8.78086e-13 0)
(0 0 0)
(0 0 0)
(0 0 0)
(0 0 0)
(0 0 0)
(0 0 0)
(0 0 0)
(0 0 0)
(0 0 0)
(0 0 0)
(0 0 0)
(0 0 0)
(0 0 0)
(0 0 0)
(0 0 0)
(0 0 0)
(0 0 0)
(0 0 0)
(0 0 0)
(0 0 0)
(0 0 0)
(0 0 0)
(0 0 0)
(0 0 0)
(0 0 0)
(0 0 0)
(0 0 0)
(0 0 0)
(0 0 0)
(0 0 0)
(0 0 0)
(0 0 0)
(0 0 0)
(0 0 0)
(0 0 0)
(0 0 0)
(0 0 0)
(0 0 0)
(0 0 0)
(0 0 0)
(0 0 0)
(0 0 0)
(0 0 0)
(0 0 0)
(0 0 0)
(0 0 0)
(0 0 0)
(0 0 0)
(0 0 0)
(0 0 0)
(0 0 0)
(0 0 0)
(0 0 0)
(0 0 0)
(0 0 0)
(0 0 0)
(0 0 0)
(0 0 0)
(0 0 0)
(0 0 0)
(0 0 0)
(-2.03583e-08 -1.67415e-09 0)
(0 0 0)
(0 0 0)
(0 0 0)
(0 0 0)
(-4.06351e-09 4.67117e-10 0)
(-1.25442e-08 1.45412e-09 0)
(0 0 0)
(-9.58341e-09 1.63412e-09 0)
(0 0 0)
(0 0 0)
(0 0 0)
(0 0 0)
(-1.65621e-09 7.13854e-11 0)
(-7.63273e-09 2.85344e-10 0)
(0 0 0)
(0 0 0)
(0 0 0)
(0 0 0)
(0 0 0)
(0 0 0)
(-4.12238e-09 1.07348e-11 0)
(0 0 0)
(0 0 0)
(0 0 0)
(0 0 0)
(0 0 0)
(0 0 0)
(0 0 0)
(0 0 0)
(0 0 0)
(0 0 0)
(-3.96579e-09 -2.14791e-13 0)
(0 0 0)
(0 0 0)
(0 0 0)
(0 0 0)
(0 0 0)
(0 0 0)
(0 0 0)
(0 0 0)
(0 0 0)
(0 0 0)
(0 0 0)
(0 0 0)
(0 0 0)
(0 0 0)
(0 0 0)
(0 0 0)
(0 0 0)
(0 0 0)
(0 0 0)
(0 0 0)
(0 0 0)
(0 0 0)
(0 0 0)
(0 0 0)
(0 0 0)
(0 0 0)
(0 0 0)
(0 0 0)
(0 0 0)
(0 0 0)
(0 0 0)
(0 0 0)
(0 0 0)
(0 0 0)
(0 0 0)
(0 0 0)
(0 0 0)
(0 0 0)
(0 0 0)
(0 0 0)
(0 0 0)
(0 0 0)
(0 0 0)
(0 0 0)
(0 0 0)
(0 0 0)
(0 0 0)
(0 0 0)
(0 0 0)
(0 0 0)
(0 0 0)
(0 0 0)
(0 0 0)
(0 0 0)
(0 0 0)
(0 0 0)
(0 0 0)
(0 0 0)
(0 0 0)
(0 0 0)
(0 0 0)
(0 0 0)
(0 0 0)
(0 0 0)
(0 0 0)
(-3.31696e-08 -3.04782e-09 0)
(-1.98397e-08 -1.49176e-09 0)
(-2.163e-08 -1.05598e-09 0)
(0 0 0)
(0 0 0)
(0 0 0)
(0 0 0)
(0 0 0)
(-1.44485e-08 1.74407e-09 0)
(0 0 0)
(0 0 0)
(0 0 0)
(0 0 0)
(0 0 0)
(0 0 0)
(0 0 0)
(0 0 0)
(0 0 0)
(0 0 0)
(0 0 0)
(0 0 0)
(0 0 0)
(0 0 0)
(0 0 0)
(0 0 0)
(0 0 0)
(0 0 0)
(0 0 0)
(0 0 0)
(0 0 0)
(-3.99155e-09 2.45092e-12 0)
(0 0 0)
(0 0 0)
(0 0 0)
(0 0 0)
(0 0 0)
(0 0 0)
(0 0 0)
(0 0 0)
(0 0 0)
(-3.86907e-09 -5.59765e-13 0)
(0 0 0)
(0 0 0)
(0 0 0)
(0 0 0)
(0 0 0)
(0 0 0)
(0 0 0)
(0 0 0)
(0 0 0)
(0 0 0)
(0 0 0)
(0 0 0)
(0 0 0)
(0 0 0)
(0 0 0)
(0 0 0)
(0 0 0)
(0 0 0)
(0 0 0)
(0 0 0)
(0 0 0)
(0 0 0)
(0 0 0)
(0 0 0)
(0 0 0)
(0 0 0)
(0 0 0)
(0 0 0)
(0 0 0)
(0 0 0)
(0 0 0)
(0 0 0)
(0 0 0)
(0 0 0)
(0 0 0)
(0 0 0)
(0 0 0)
(0 0 0)
(0 0 0)
(0 0 0)
(0 0 0)
(0 0 0)
(0 0 0)
(0 0 0)
(0 0 0)
(0 0 0)
(0 0 0)
(0 0 0)
(0 0 0)
(0 0 0)
(0 0 0)
(0 0 0)
(0 0 0)
(0 0 0)
(0 0 0)
(0 0 0)
(0 0 0)
(-1.33957e-08 -9.051e-10 0)
(0 0 0)
(0 0 0)
(0 0 0)
(0 0 0)
(0 0 0)
(-2.22245e-08 -2.32977e-11 0)
(0 0 0)
(0 0 0)
(0 0 0)
(0 0 0)
(0 0 0)
(-1.06573e-08 1.01254e-09 0)
(0 0 0)
(0 0 0)
(0 0 0)
(0 0 0)
(0 0 0)
(0 0 0)
(0 0 0)
(-4.34915e-09 5.81257e-11 0)
(0 0 0)
(0 0 0)
(0 0 0)
(0 0 0)
(0 0 0)
(0 0 0)
(0 0 0)
(0 0 0)
(0 0 0)
(0 0 0)
(0 0 0)
(0 0 0)
(0 0 0)
(0 0 0)
(0 0 0)
(0 0 0)
(0 0 0)
(0 0 0)
(-3.87822e-09 -1.48989e-12 0)
(0 0 0)
(0 0 0)
(0 0 0)
(0 0 0)
(0 0 0)
(0 0 0)
(0 0 0)
(0 0 0)
(0 0 0)
(0 0 0)
(0 0 0)
(0 0 0)
(0 0 0)
(0 0 0)
(0 0 0)
(0 0 0)
(0 0 0)
(0 0 0)
(0 0 0)
(0 0 0)
(0 0 0)
(0 0 0)
(0 0 0)
(0 0 0)
(0 0 0)
(0 0 0)
(0 0 0)
(0 0 0)
(0 0 0)
(0 0 0)
(0 0 0)
(0 0 0)
(0 0 0)
(0 0 0)
(0 0 0)
(0 0 0)
(0 0 0)
(0 0 0)
(0 0 0)
(0 0 0)
(0 0 0)
(0 0 0)
(0 0 0)
(0 0 0)
(0 0 0)
(0 0 0)
(0 0 0)
(0 0 0)
(0 0 0)
(0 0 0)
(0 0 0)
(0 0 0)
(0 0 0)
(0 0 0)
(0 0 0)
(0 0 0)
(0 0 0)
(0 0 0)
(0 0 0)
(0 0 0)
(0 0 0)
(0 0 0)
(0 0 0)
(0 0 0)
(0 0 0)
(-2.21899e-08 -2.0837e-10 0)
(0 0 0)
(0 0 0)
(0 0 0)
(0 0 0)
(0 0 0)
(0 0 0)
(0 0 0)
(0 0 0)
(0 0 0)
(-6.29738e-09 3.81096e-10 0)
(0 0 0)
(-4.94869e-09 1.44489e-10 0)
(0 0 0)
(-4.40285e-09 6.21914e-11 0)
(0 0 0)
(0 0 0)
(0 0 0)
(0 0 0)
(0 0 0)
(-3.98148e-09 4.83152e-12 0)
(-2.41389e-09 1.60525e-12 0)
(-1.53156e-09 1.04228e-12 0)
(-3.95013e-09 6.67127e-12 0)
(0 0 0)
(0 0 0)
(0 0 0)
(0 0 0)
(0 0 0)
(0 0 0)
(0 0 0)
(0 0 0)
(0 0 0)
(0 0 0)
(0 0 0)
(-3.79272e-09 8.49339e-13 0)
(0 0 0)
(0 0 0)
(0 0 0)
(0 0 0)
(0 0 0)
(0 0 0)
(0 0 0)
(0 0 0)
(0 0 0)
(0 0 0)
(0 0 0)
(0 0 0)
(0 0 0)
(0 0 0)
(0 0 0)
(0 0 0)
(0 0 0)
(0 0 0)
(0 0 0)
(0 0 0)
(0 0 0)
(0 0 0)
(0 0 0)
(0 0 0)
(0 0 0)
(0 0 0)
(0 0 0)
(0 0 0)
(0 0 0)
(0 0 0)
(0 0 0)
(0 0 0)
(0 0 0)
(0 0 0)
(0 0 0)
(0 0 0)
(0 0 0)
(0 0 0)
(0 0 0)
(0 0 0)
(0 0 0)
(0 0 0)
(0 0 0)
(0 0 0)
(0 0 0)
(0 0 0)
(0 0 0)
(0 0 0)
(0 0 0)
(0 0 0)
(0 0 0)
(0 0 0)
(0 0 0)
(0 0 0)
(0 0 0)
(0 0 0)
(0 0 0)
(0 0 0)
(0 0 0)
(0 0 0)
(-1.51494e-08 -5.46015e-10 0)
(0 0 0)
(-1.8331e-08 -4.28332e-10 0)
(0 0 0)
(0 0 0)
(0 0 0)
(-2.10051e-08 1.69267e-10 0)
(0 0 0)
(-1.76413e-08 5.98861e-10 0)
(0 0 0)
(-1.2334e-08 4.77374e-10 0)
(0 0 0)
(0 0 0)
(0 0 0)
(0 0 0)
(0 0 0)
(0 0 0)
(0 0 0)
(0 0 0)
(0 0 0)
(0 0 0)
(0 0 0)
(-3.88684e-09 3.96991e-12 0)
(-3.95706e-09 -2.09898e-12 0)
(0 0 0)
(0 0 0)
(0 0 0)
(0 0 0)
(-3.85654e-09 -5.71227e-12 0)
(0 0 0)
(0 0 0)
(0 0 0)
(0 0 0)
(0 0 0)
(0 0 0)
(-3.6154e-09 1.7856e-13 0)
(-3.69395e-09 -6.84849e-13 0)
(0 0 0)
(0 0 0)
(0 0 0)
(0 0 0)
(0 0 0)
(0 0 0)
(0 0 0)
(0 0 0)
(0 0 0)
(0 0 0)
(0 0 0)
(0 0 0)
(0 0 0)
(0 0 0)
(0 0 0)
(0 0 0)
(0 0 0)
(0 0 0)
(0 0 0)
(0 0 0)
(0 0 0)
(0 0 0)
(0 0 0)
(0 0 0)
(0 0 0)
(0 0 0)
(0 0 0)
(0 0 0)
(0 0 0)
(0 0 0)
(0 0 0)
(0 0 0)
(0 0 0)
(0 0 0)
(0 0 0)
(0 0 0)
(0 0 0)
(0 0 0)
(0 0 0)
(0 0 0)
(0 0 0)
(0 0 0)
(0 0 0)
(0 0 0)
(0 0 0)
(0 0 0)
(0 0 0)
(0 0 0)
(0 0 0)
(0 0 0)
(0 0 0)
(0 0 0)
(0 0 0)
(0 0 0)
(0 0 0)
(0 0 0)
(0 0 0)
(0 0 0)
(0 0 0)
(0 0 0)
(0 0 0)
(0 0 0)
(0 0 0)
(-2.72224e-09 -3.58797e-11 0)
(0 0 0)
(0 0 0)
(0 0 0)
(-2.87854e-08 -1.41579e-10 0)
(0 0 0)
(0 0 0)
(0 0 0)
(0 0 0)
(0 0 0)
(0 0 0)
(0 0 0)
(-7.49292e-10 2.36814e-11 0)
(-3.91828e-12 1.31092e-13 0)
(0 0 0)
(0 0 0)
(0 0 0)
(0 0 0)
(0 0 0)
(0 0 0)
(0 0 0)
(0 0 0)
(0 0 0)
(0 0 0)
(0 0 0)
(0 0 0)
(0 0 0)
(-2.07422e-09 1.62211e-12 0)
(0 0 0)
(0 0 0)
(0 0 0)
(0 0 0)
(0 0 0)
(0 0 0)
(0 0 0)
(0 0 0)
(0 0 0)
(0 0 0)
(0 0 0)
(0 0 0)
(0 0 0)
(0 0 0)
(0 0 0)
(0 0 0)
(0 0 0)
(0 0 0)
(0 0 0)
(0 0 0)
(0 0 0)
(0 0 0)
(0 0 0)
(0 0 0)
(0 0 0)
(0 0 0)
(0 0 0)
(0 0 0)
(0 0 0)
(0 0 0)
(0 0 0)
(0 0 0)
(0 0 0)
(0 0 0)
(0 0 0)
(0 0 0)
(0 0 0)
(0 0 0)
(0 0 0)
(0 0 0)
(0 0 0)
(0 0 0)
(0 0 0)
(0 0 0)
(0 0 0)
(0 0 0)
(0 0 0)
(0 0 0)
(0 0 0)
(0 0 0)
(0 0 0)
(0 0 0)
(0 0 0)
(0 0 0)
(0 0 0)
(0 0 0)
(0 0 0)
(0 0 0)
(0 0 0)
(0 0 0)
(0 0 0)
(0 0 0)
(0 0 0)
(0 0 0)
(0 0 0)
(0 0 0)
(0 0 0)
(0 0 0)
(0 0 0)
(0 0 0)
(0 0 0)
(0 0 0)
(0 0 0)
(0 0 0)
(0 0 0)
(0 0 0)
(0 0 0)
(0 0 0)
(0 0 0)
(0 0 0)
(0 0 0)
(0 0 0)
(0 0 0)
(0 0 0)
(0 0 0)
(0 0 0)
(0 0 0)
(0 0 0)
(0 0 0)
(0 0 0)
(0 0 0)
(0 0 0)
(0 0 0)
(0 0 0)
(0 0 0)
(0 0 0)
(0 0 0)
(0 0 0)
(0 0 0)
(0 0 0)
(0 0 0)
(0 0 0)
(0 0 0)
(0 0 0)
(0 0 0)
(0 0 0)
(0 0 0)
(0 0 0)
(0 0 0)
(0 0 0)
(0 0 0)
(0 0 0)
(0 0 0)
(0 0 0)
(0 0 0)
(0 0 0)
(0 0 0)
(0 0 0)
(0 0 0)
(0 0 0)
(0 0 0)
(0 0 0)
(0 0 0)
(0 0 0)
(0 0 0)
(0 0 0)
(0 0 0)
(0 0 0)
(0 0 0)
(0 0 0)
(0 0 0)
(0 0 0)
(0 0 0)
(0 0 0)
(0 0 0)
(0 0 0)
(0 0 0)
(0 0 0)
(0 0 0)
(0 0 0)
(0 0 0)
(0 0 0)
(0 0 0)
(0 0 0)
(0 0 0)
(0 0 0)
(0 0 0)
(0 0 0)
(0 0 0)
(0 0 0)
(0 0 0)
(0 0 0)
(0 0 0)
(0 0 0)
(0 0 0)
(0 0 0)
(0 0 0)
(0 0 0)
(0 0 0)
(0 0 0)
(0 0 0)
(0 0 0)
(0 0 0)
(0 0 0)
(0 0 0)
(0 0 0)
(0 0 0)
(0 0 0)
(0 0 0)
(0 0 0)
(0 0 0)
(0 0 0)
(0 0 0)
(0 0 0)
(0 0 0)
(0 0 0)
(0 0 0)
(0 0 0)
(0 0 0)
(0 0 0)
(0 0 0)
(0 0 0)
(0 0 0)
(0 0 0)
(0 0 0)
(0 0 0)
(0 0 0)
(0 0 0)
(0 0 0)
(0 0 0)
(0 0 0)
(0 0 0)
(0 0 0)
(0 0 0)
(0 0 0)
(0 0 0)
(0 0 0)
(0 0 0)
(0 0 0)
(0 0 0)
(0 0 0)
(0 0 0)
(0 0 0)
(0 0 0)
(0 0 0)
(0 0 0)
(0 0 0)
(0 0 0)
(0 0 0)
(0 0 0)
(0 0 0)
(0 0 0)
(0 0 0)
(0 0 0)
(0 0 0)
(0 0 0)
(0 0 0)
(0 0 0)
(0 0 0)
(0 0 0)
(0 0 0)
(0 0 0)
(0 0 0)
(0 0 0)
(0 0 0)
(0 0 0)
(0 0 0)
(0 0 0)
(0 0 0)
(0 0 0)
(0 0 0)
(0 0 0)
(0 0 0)
(0 0 0)
(0 0 0)
(0 0 0)
(0 0 0)
(0 0 0)
(0 0 0)
(0 0 0)
(0 0 0)
(0 0 0)
(0 0 0)
(0 0 0)
(0 0 0)
(0 0 0)
(0 0 0)
(0 0 0)
(0 0 0)
(0 0 0)
(0 0 0)
(0 0 0)
(0 0 0)
(0 0 0)
(0 0 0)
(0 0 0)
(0 0 0)
(0 0 0)
(0 0 0)
(0 0 0)
(0 0 0)
(0 0 0)
(0 0 0)
(0 0 0)
(0 0 0)
(0 0 0)
(0 0 0)
(0 0 0)
(0 0 0)
(0 0 0)
(0 0 0)
(0 0 0)
(0 0 0)
(0 0 0)
(0 0 0)
(0 0 0)
(0 0 0)
(0 0 0)
(0 0 0)
(0 0 0)
(0 0 0)
(0 0 0)
(0 0 0)
(0 0 0)
(0 0 0)
(0 0 0)
(0 0 0)
(0 0 0)
(0 0 0)
(0 0 0)
(0 0 0)
(0 0 0)
(0 0 0)
(0 0 0)
(0 0 0)
(0 0 0)
(0 0 0)
(0 0 0)
(0 0 0)
(0 0 0)
(0 0 0)
(0 0 0)
(0 0 0)
(0 0 0)
(0 0 0)
(0 0 0)
(0 0 0)
(0 0 0)
(0 0 0)
(0 0 0)
(0 0 0)
(0 0 0)
(0 0 0)
(0 0 0)
(0 0 0)
(0 0 0)
(0 0 0)
(0 0 0)
(0 0 0)
(0 0 0)
(0 0 0)
(0 0 0)
(0 0 0)
(0 0 0)
(0 0 0)
(0 0 0)
(0 0 0)
(0 0 0)
(0 0 0)
(0 0 0)
(0 0 0)
(0 0 0)
(0 0 0)
(0 0 0)
(0 0 0)
(0 0 0)
(0 0 0)
(0 0 0)
(0 0 0)
(0 0 0)
(0 0 0)
(0 0 0)
(0 0 0)
(0 0 0)
(0 0 0)
(0 0 0)
(0 0 0)
(0 0 0)
(0 0 0)
(0 0 0)
(0 0 0)
(0 0 0)
(0 0 0)
(0 0 0)
(0 0 0)
(0 0 0)
(0 0 0)
(0 0 0)
(0 0 0)
(0 0 0)
(0 0 0)
(0 0 0)
(0 0 0)
(0 0 0)
(0 0 0)
(0 0 0)
(0 0 0)
(0 0 0)
(0 0 0)
(0 0 0)
(0 0 0)
(0 0 0)
(0 0 0)
(0 0 0)
(0 0 0)
(0 0 0)
(0 0 0)
(0 0 0)
(0 0 0)
(0 0 0)
(0 0 0)
(0 0 0)
(0 0 0)
(0 0 0)
(0 0 0)
(0 0 0)
(0 0 0)
(0 0 0)
(0 0 0)
(0 0 0)
(0 0 0)
(0 0 0)
(0 0 0)
(0 0 0)
(0 0 0)
(0 0 0)
(0 0 0)
(0 0 0)
(0 0 0)
(0 0 0)
(0 0 0)
(0 0 0)
(0 0 0)
(0 0 0)
(0 0 0)
(0 0 0)
(0 0 0)
(0 0 0)
(0 0 0)
(0 0 0)
(0 0 0)
(0 0 0)
(0 0 0)
(0 0 0)
(0 0 0)
(0 0 0)
(0 0 0)
(0 0 0)
(0 0 0)
(0 0 0)
(0 0 0)
(0 0 0)
(0 0 0)
(0 0 0)
(0 0 0)
(0 0 0)
(0 0 0)
(0 0 0)
(0 0 0)
(0 0 0)
(0 0 0)
(0 0 0)
(0 0 0)
(0 0 0)
(0 0 0)
(0 0 0)
(0 0 0)
(0 0 0)
(0 0 0)
(0 0 0)
(0 0 0)
(0 0 0)
(0 0 0)
(0 0 0)
(0 0 0)
(0 0 0)
(0 0 0)
(0 0 0)
(0 0 0)
(0 0 0)
(0 0 0)
(0 0 0)
(0 0 0)
(0 0 0)
(0 0 0)
(0 0 0)
(0 0 0)
(0 0 0)
(0 0 0)
(0 0 0)
(0 0 0)
(0 0 0)
(0 0 0)
(0 0 0)
(0 0 0)
(0 0 0)
(0 0 0)
(0 0 0)
(0 0 0)
(0 0 0)
(0 0 0)
(0 0 0)
(0 0 0)
(0 0 0)
(0 0 0)
(0 0 0)
(0 0 0)
(0 0 0)
(0 0 0)
(0 0 0)
(0 0 0)
(0 0 0)
(0 0 0)
(0 0 0)
(0 0 0)
(0 0 0)
(0 0 0)
(0 0 0)
(0 0 0)
(0 0 0)
(0 0 0)
(0 0 0)
(0 0 0)
(0 0 0)
(0 0 0)
(0 0 0)
(0 0 0)
(0 0 0)
(0 0 0)
(0 0 0)
(0 0 0)
(0 0 0)
(0 0 0)
(0 0 0)
(0 0 0)
(0 0 0)
(0 0 0)
(0 0 0)
(0 0 0)
(0 0 0)
(0 0 0)
(0 0 0)
(0 0 0)
(0 0 0)
(0 0 0)
(0 0 0)
(0 0 0)
(0 0 0)
(0 0 0)
(0 0 0)
(0 0 0)
(0 0 0)
(0 0 0)
(0 0 0)
(0 0 0)
(0 0 0)
(0 0 0)
(0 0 0)
(0 0 0)
(0 0 0)
(0 0 0)
(0 0 0)
(0 0 0)
(0 0 0)
(0 0 0)
(0 0 0)
(0 0 0)
(0 0 0)
(0 0 0)
(0 0 0)
(0 0 0)
(0 0 0)
(0 0 0)
(0 0 0)
(0 0 0)
(0 0 0)
(0 0 0)
(0 0 0)
(0 0 0)
(0 0 0)
(0 0 0)
(0 0 0)
(0 0 0)
(0 0 0)
(0 0 0)
(0 0 0)
(0 0 0)
(0 0 0)
(0 0 0)
(0 0 0)
(0 0 0)
(0 0 0)
(0 0 0)
(0 0 0)
(0 0 0)
(0 0 0)
(0 0 0)
(0 0 0)
(0 0 0)
(0 0 0)
(0 0 0)
(0 0 0)
(0 0 0)
(0 0 0)
(0 0 0)
(0 0 0)
(0 0 0)
(0 0 0)
(0 0 0)
(0 0 0)
(0 0 0)
(0 0 0)
(0 0 0)
(0 0 0)
(0 0 0)
(0 0 0)
(0 0 0)
(0 0 0)
(0 0 0)
(0 0 0)
(0 0 0)
(0 0 0)
(0 0 0)
(0 0 0)
(0 0 0)
(0 0 0)
(0 0 0)
(0 0 0)
(0 0 0)
(0 0 0)
(0 0 0)
(0 0 0)
(0 0 0)
(0 0 0)
(0 0 0)
(0 0 0)
(0 0 0)
(0 0 0)
(0 0 0)
(0 0 0)
(0 0 0)
(0 0 0)
(0 0 0)
(0 0 0)
(0 0 0)
(0 0 0)
(0 0 0)
(0 0 0)
(0 0 0)
(0 0 0)
(0 0 0)
(0 0 0)
(0 0 0)
(0 0 0)
(0 0 0)
(0 0 0)
(0 0 0)
(0 0 0)
(0 0 0)
(0 0 0)
(0 0 0)
(0 0 0)
(0 0 0)
(0 0 0)
(0 0 0)
(0 0 0)
(0 0 0)
(0 0 0)
(0 0 0)
(0 0 0)
(0 0 0)
(0 0 0)
(0 0 0)
(0 0 0)
(0 0 0)
(0 0 0)
(0 0 0)
(0 0 0)
(0 0 0)
(0 0 0)
(0 0 0)
(0 0 0)
(0 0 0)
(0 0 0)
(0 0 0)
(0 0 0)
(0 0 0)
(0 0 0)
(0 0 0)
(0 0 0)
(0 0 0)
(0 0 0)
(0 0 0)
(0 0 0)
(0 0 0)
(0 0 0)
(0 0 0)
(0 0 0)
(0 0 0)
(0 0 0)
(0 0 0)
(0 0 0)
(0 0 0)
(0 0 0)
(0 0 0)
(0 0 0)
(0 0 0)
(0 0 0)
(0 0 0)
(0 0 0)
(0 0 0)
(0 0 0)
(0 0 0)
(0 0 0)
(0 0 0)
(0 0 0)
(0 0 0)
(0 0 0)
(0 0 0)
(0 0 0)
(0 0 0)
(0 0 0)
(0 0 0)
(0 0 0)
(0 0 0)
(0 0 0)
(0 0 0)
(0 0 0)
(0 0 0)
(0 0 0)
(0 0 0)
(0 0 0)
(0 0 0)
(0 0 0)
(0 0 0)
(0 0 0)
(0 0 0)
(0 0 0)
(0 0 0)
(0 0 0)
(0 0 0)
(0 0 0)
(0 0 0)
(0 0 0)
(0 0 0)
(0 0 0)
(0 0 0)
(0 0 0)
(0 0 0)
(0 0 0)
(0 0 0)
(0 0 0)
(0 0 0)
(0 0 0)
(0 0 0)
(0 0 0)
(0 0 0)
(0 0 0)
(0 0 0)
(0 0 0)
(0 0 0)
(0 0 0)
(0 0 0)
(0 0 0)
(0 0 0)
(0 0 0)
(0 0 0)
(0 0 0)
(0 0 0)
(0 0 0)
(0 0 0)
(0 0 0)
(0 0 0)
(0 0 0)
(0 0 0)
(0 0 0)
(0 0 0)
(0 0 0)
(0 0 0)
(0 0 0)
(0 0 0)
(0 0 0)
(0 0 0)
(0 0 0)
(0 0 0)
(0 0 0)
(0 0 0)
(0 0 0)
(0 0 0)
(0 0 0)
(0 0 0)
(0 0 0)
(0 0 0)
(0 0 0)
(0 0 0)
(0 0 0)
(0 0 0)
(0 0 0)
(0 0 0)
(0 0 0)
(0 0 0)
(0 0 0)
(0 0 0)
(0 0 0)
(0 0 0)
(0 0 0)
(0 0 0)
(0 0 0)
(0 0 0)
(0 0 0)
(0 0 0)
(0 0 0)
(0 0 0)
(0 0 0)
(0 0 0)
(0 0 0)
(0 0 0)
(0 0 0)
(0 0 0)
(0 0 0)
(0 0 0)
(0 0 0)
(0 0 0)
(0 0 0)
(0 0 0)
(0 0 0)
(0 0 0)
(0 0 0)
(0 0 0)
(0 0 0)
(0 0 0)
(0 0 0)
(0 0 0)
(0 0 0)
(0 0 0)
(0 0 0)
(0 0 0)
(0 0 0)
(0 0 0)
(0 0 0)
(0 0 0)
(0 0 0)
(0 0 0)
(0 0 0)
(0 0 0)
(0 0 0)
(0 0 0)
(0 0 0)
(0 0 0)
(0 0 0)
(0 0 0)
(0 0 0)
(0 0 0)
(0 0 0)
(0 0 0)
(0 0 0)
(0 0 0)
(0 0 0)
(0 0 0)
(0 0 0)
(0 0 0)
(0 0 0)
(0 0 0)
(0 0 0)
(0 0 0)
(0 0 0)
(0 0 0)
(0 0 0)
(0 0 0)
(0 0 0)
(0 0 0)
(0 0 0)
(0 0 0)
(0 0 0)
(0 0 0)
(0 0 0)
(0 0 0)
(0 0 0)
(0 0 0)
(0 0 0)
(0 0 0)
(0 0 0)
(0 0 0)
(0 0 0)
(0 0 0)
(0 0 0)
(0 0 0)
(0 0 0)
(0 0 0)
(0 0 0)
(0 0 0)
(0 0 0)
(0 0 0)
(0 0 0)
(0 0 0)
(0 0 0)
(0 0 0)
(0 0 0)
(0 0 0)
(0 0 0)
(0 0 0)
)
;


// ************************************************************************* //
