/*--------------------------------*- C++ -*----------------------------------*\
| =========                 |                                                 |
| \\      /  F ield         | OpenFOAM: The Open Source CFD Toolbox           |
|  \\    /   O peration     | Version:  v2012                                 |
|   \\  /    A nd           | Website:  www.openfoam.com                      |
|    \\/     M anipulation  |                                                 |
\*---------------------------------------------------------------------------*/
FoamFile
{
    version     2.0;
    format      ascii;
    class       vectorField;
    location    "0.094/lagrangian/kinematicCloud";
    object      UCorrect;
}
// * * * * * * * * * * * * * * * * * * * * * * * * * * * * * * * * * * * * * //


97
(
(-2.7167e-25 -9.13886e-28 0)
(0 0 0)
(-2.55632e-25 -6.56957e-30 0)
(-2.64876e-25 -1.0311e-28 0)
(-2.50595e-25 6.55951e-29 0)
(-2.56466e-25 -1.41909e-29 0)
(-3.38983e-25 2.36533e-26 0)
(0 0 0)
(8.79388e-11 6.1577e-13 0)
(-2.61703e-25 6.79152e-29 0)
(-2.62518e-25 1.27532e-28 0)
(0 0 0)
(2.62235e-07 -3.73604e-11 0)
(0 0 0)
(-2.31701e-25 4.62146e-27 0)
(-2.64025e-25 4.33174e-28 0)
(0 0 0)
(0 0 0)
(0 0 0)
(0 0 0)
(0 0 0)
(0 0 0)
(-2.67148e-25 8.00535e-28 0)
(0 0 0)
(-2.78815e-25 3.79531e-27 0)
(0 0 0)
(0 0 0)
(-2.77128e-25 1.6125e-27 0)
(0 0 0)
(0 0 0)
(0 0 0)
(-5.75508e-25 1.43881e-25 0)
(0 0 0)
(0 0 0)
(0 0 0)
(-4.04756e-25 2.1515e-26 0)
(-4.54234e-25 5.69107e-26 0)
(-5.10029e-25 7.03288e-26 0)
(0 0 0)
(0 0 0)
(0 0 0)
(0 0 0)
(9.81576e-09 6.46052e-10 0)
(-1.0822e-08 -5.19155e-10 0)
(0 0 0)
(0 0 0)
(0 0 0)
(-4.50872e-26 8.22091e-28 0)
(0 0 0)
(-1.10708e-26 -6.46485e-29 0)
(0 0 0)
(-1.31623e-24 -9.4133e-26 0)
(-1.30499e-24 -1.86083e-26 0)
(9.39e-08 1.59837e-11 0)
(-1.17722e-24 -6.75865e-26 0)
(0 0 0)
(0 0 0)
(0 0 0)
(0 0 0)
(-2.31061e-09 -1.95666e-10 0)
(0 0 0)
(1.92788e-09 1.68446e-10 0)
(0 0 0)
(0 0 0)
(0 0 0)
(0 0 0)
(0 0 0)
(-9.54076e-08 -1.6954e-11 0)
(0 0 0)
(0 0 0)
(-5.55492e-25 -1.31393e-27 0)
(-6.79425e-29 -1.39512e-31 0)
(0 0 0)
(0 0 0)
(-2.64697e-07 3.72035e-11 0)
(4.84943e-10 1.16601e-13 0)
(-2.845e-25 3.67278e-29 0)
(0 0 0)
(0 0 0)
(0 0 0)
(-8.9241e-10 1.63562e-13 0)
(6.22679e-10 -1.79214e-13 0)
(-1.28591e-08 2.17408e-12 0)
(0 0 0)
(-5.59444e-10 -1.03563e-13 0)
(0 0 0)
(1.17512e-08 -2.14381e-12 0)
(-3.04388e-08 1.15278e-12 0)
(0 0 0)
(-3.10968e-08 1.41582e-12 0)
(-1.53624e-25 4.39918e-30 0)
(0 0 0)
(0 0 0)
(2.8666e-08 -1.10916e-12 0)
(0 0 0)
(2.92851e-08 -1.34746e-12 0)
(0 0 0)
)


// ************************************************************************* //
