/*--------------------------------*- C++ -*----------------------------------*\
| =========                 |                                                 |
| \\      /  F ield         | OpenFOAM: The Open Source CFD Toolbox           |
|  \\    /   O peration     | Version:  v2012                                 |
|   \\  /    A nd           | Website:  www.openfoam.com                      |
|    \\/     M anipulation  |                                                 |
\*---------------------------------------------------------------------------*/
FoamFile
{
    version     2.0;
    format      ascii;
    class       volScalarField;
    location    "0.152";
    object      p;
}
// * * * * * * * * * * * * * * * * * * * * * * * * * * * * * * * * * * * * * //

dimensions      [0 2 -2 0 0 0 0];


internalField   nonuniform List<scalar> 
5600
(
-0.930577
-1.38872
-1.76915
-2.08766
-2.39858
-2.70878
-3.01018
-3.29184
-3.55494
-3.80513
-4.04164
-4.26642
-4.4807
-4.68721
-4.88707
-5.08326
-5.27528
-5.46521
-5.65243
-5.83716
-6.02024
-6.20012
-6.37844
-6.55374
-6.72988
-6.9021
-7.07493
-7.24647
-7.41704
-7.58786
-7.75626
-7.92676
-8.09324
-8.26211
-8.42923
-8.59587
-8.76256
-8.92676
-9.09325
-9.25552
-9.42095
-9.58295
-9.74584
-9.90815
-10.0682
-10.2307
-10.388
-10.5501
-10.7076
-10.8682
-11.0262
-11.1824
-11.3425
-11.4965
-11.6562
-11.8093
-11.9674
-12.122
-12.276
-12.4318
-12.584
-12.7396
-12.8903
-13.0446
-13.1966
-13.3485
-13.5008
-13.6514
-13.8032
-13.9527
-14.104
-14.2535
-14.4035
-14.5533
-14.7021
-14.8519
-15.0001
-15.1494
-15.2971
-15.4464
-15.5938
-15.7427
-15.8907
-16.0391
-16.1881
-16.3364
-16.4861
-16.635
-16.7854
-16.9348
-17.0846
-17.235
-17.3843
-17.5357
-17.6852
-17.8368
-17.9909
-18.1467
-18.3109
-18.5342
-0.989612
-1.4089
-1.78576
-2.10548
-2.41657
-2.72711
-3.02844
-3.31036
-3.57381
-3.82405
-4.06078
-4.28587
-4.50048
-4.70737
-4.90758
-5.10409
-5.2964
-5.48657
-5.67397
-5.85877
-6.04207
-6.22203
-6.40044
-6.57582
-6.75214
-6.92445
-7.09737
-7.26904
-7.43965
-7.61061
-7.77906
-7.94966
-8.11613
-8.28504
-8.45224
-8.61882
-8.78565
-8.94978
-9.11639
-9.27864
-9.4441
-9.60618
-9.769
-9.93149
-10.0914
-10.2541
-10.4112
-10.5734
-10.7309
-10.8914
-11.0497
-11.2056
-11.3661
-11.5197
-11.6795
-11.8326
-11.9906
-12.1455
-12.2989
-12.4553
-12.607
-12.7629
-12.9135
-13.0677
-13.22
-13.3715
-13.5241
-13.6745
-13.8264
-13.9759
-14.127
-14.2768
-14.4265
-14.5765
-14.7252
-14.875
-15.0233
-15.1724
-15.3204
-15.4694
-15.6169
-15.7658
-15.9138
-16.0622
-16.2112
-16.3595
-16.5093
-16.6582
-16.8085
-16.9581
-17.1077
-17.2584
-17.4074
-17.5591
-17.7081
-17.8608
-18.0124
-18.1719
-18.3305
-18.5489
-1.02786
-1.42152
-1.79851
-2.11884
-2.42778
-2.73581
-3.03607
-3.31757
-3.58082
-3.83069
-4.06719
-4.29232
-4.50701
-4.71383
-4.9141
-5.11063
-5.30292
-5.49321
-5.68044
-5.86545
-6.04856
-6.22871
-6.40718
-6.5827
-6.75886
-6.93122
-7.10402
-7.27567
-7.44623
-7.61711
-7.78548
-7.95604
-8.12259
-8.29146
-8.45871
-8.62518
-8.79205
-8.95609
-9.1227
-9.28491
-9.45024
-9.61246
-9.77502
-9.93757
-10.0973
-10.2601
-10.4171
-10.5793
-10.737
-10.8974
-11.0557
-11.2116
-11.372
-11.5258
-11.6855
-11.8388
-11.9967
-12.1518
-12.3053
-12.4617
-12.6136
-12.7694
-12.9201
-13.0743
-13.2267
-13.3782
-13.5309
-13.6813
-13.8332
-13.9829
-14.1338
-14.2838
-14.4335
-14.5835
-14.7322
-14.882
-15.0304
-15.1794
-15.3275
-15.4765
-15.6241
-15.7729
-15.9209
-16.0692
-16.2182
-16.3664
-16.5161
-16.665
-16.8152
-16.9648
-17.1144
-17.265
-17.4141
-17.5658
-17.7148
-17.8675
-18.0194
-18.1799
-18.3363
-18.5518
-1.07658
-1.438
-1.81389
-2.13569
-2.44335
-2.75044
-3.05108
-3.33319
-3.5971
-3.84727
-4.08437
-4.30947
-4.52471
-4.73164
-4.93206
-5.12839
-5.32067
-5.5106
-5.69757
-5.88231
-6.06517
-6.24537
-6.42369
-6.59948
-6.77558
-6.94835
-7.1215
-7.29344
-7.46429
-7.63533
-7.80394
-7.97454
-8.14128
-8.31005
-8.47749
-8.64394
-8.81096
-8.97511
-9.14178
-9.30421
-9.46955
-9.63208
-9.79463
-9.95747
-10.1174
-10.2801
-10.4373
-10.5994
-10.7574
-10.9175
-11.0763
-11.2319
-11.3926
-11.5463
-11.7059
-11.8595
-12.0168
-12.1724
-12.3251
-12.4819
-12.6335
-12.7891
-12.9402
-13.0937
-13.2467
-13.3975
-13.5506
-13.7008
-13.8525
-14.0025
-14.1529
-14.3033
-14.4526
-14.6027
-14.7516
-14.901
-15.0498
-15.1984
-15.3467
-15.4956
-15.6432
-15.7921
-15.9401
-16.0885
-16.2375
-16.3859
-16.5356
-16.6846
-16.8349
-16.9846
-17.1342
-17.2847
-17.4342
-17.5851
-17.7349
-17.8866
-18.0389
-18.1976
-18.3561
-18.5561
-1.12621
-1.45513
-1.82964
-2.15388
-2.45995
-2.7662
-3.06654
-3.34846
-3.6124
-3.86236
-4.0997
-4.32454
-4.54001
-4.74713
-4.9478
-5.14424
-5.33675
-5.52679
-5.71386
-5.89879
-6.08153
-6.26187
-6.43995
-6.61596
-6.79146
-6.96437
-7.13714
-7.30886
-7.47967
-7.65034
-7.81919
-7.98945
-8.15656
-8.32517
-8.49274
-8.65915
-8.82615
-8.99035
-9.15684
-9.31961
-9.48441
-9.6473
-9.80939
-9.9723
-10.1321
-10.2947
-10.4522
-10.6138
-10.7722
-10.9318
-11.0908
-11.246
-11.4067
-11.5606
-11.7198
-11.8742
-12.0308
-12.1869
-12.3396
-12.4965
-12.6484
-12.8037
-12.9553
-13.1086
-13.2619
-13.4128
-13.5658
-13.7163
-13.8678
-14.0181
-14.1684
-14.319
-14.4683
-14.6184
-14.7674
-14.9167
-15.0657
-15.2142
-15.3627
-15.5115
-15.6591
-15.8079
-15.956
-16.1043
-16.2532
-16.4016
-16.5512
-16.7002
-16.8504
-17
-17.1497
-17.3
-17.4498
-17.6005
-17.7505
-17.9022
-18.0541
-18.2136
-18.3688
-18.5633
-1.17624
-1.47445
-1.84693
-2.17413
-2.47857
-2.78386
-3.08382
-3.36578
-3.62993
-3.8801
-4.11765
-4.34287
-4.55857
-4.766
-4.96686
-5.16341
-5.35604
-5.54606
-5.73318
-5.91816
-6.10066
-6.28114
-6.45904
-6.63547
-6.8106
-6.98389
-7.15654
-7.3282
-7.49934
-7.66949
-7.83898
-8.00844
-8.17613
-8.34417
-8.51176
-8.67821
-8.84475
-9.00954
-9.17532
-9.33875
-9.50311
-9.66631
-9.82835
-9.99129
-10.1514
-10.3137
-10.472
-10.6329
-10.792
-10.9511
-11.1104
-11.2658
-11.4262
-11.581
-11.7394
-11.8946
-12.0503
-12.2071
-12.3594
-12.5163
-12.6685
-12.823
-12.9757
-13.1278
-13.2817
-13.4322
-13.5851
-13.7362
-13.8869
-14.0377
-14.1875
-14.3383
-14.4877
-14.6376
-14.787
-14.9357
-15.0851
-15.2334
-15.3819
-15.5307
-15.6784
-15.8272
-15.9753
-16.1236
-16.2726
-16.4212
-16.5706
-16.7199
-16.8699
-17.0198
-17.1696
-17.3197
-17.4698
-17.6202
-17.7703
-17.9217
-18.0732
-18.2318
-18.3858
-18.5725
-1.22565
-1.49627
-1.866
-2.19643
-2.49939
-2.80365
-3.1033
-3.38537
-3.64968
-3.89998
-4.13763
-4.36311
-4.57888
-4.78646
-4.98748
-5.18409
-5.37682
-5.56684
-5.75402
-5.939
-6.12147
-6.30205
-6.47993
-6.6565
-6.8315
-7.00499
-7.17755
-7.34918
-7.52057
-7.6903
-7.8604
-8.02913
-8.19751
-8.3651
-8.53276
-8.69948
-8.86539
-9.03117
-9.1958
-9.36015
-9.5238
-9.68722
-9.84927
-10.0117
-10.1728
-10.3337
-10.4934
-10.6527
-10.8126
-10.9715
-11.1303
-11.2863
-11.4458
-11.6021
-11.759
-11.9155
-12.0703
-12.2272
-12.3798
-12.5361
-12.6897
-12.8429
-12.9966
-13.148
-13.302
-13.453
-13.6053
-13.7573
-13.9072
-14.0585
-14.2081
-14.3589
-14.5086
-14.6582
-14.808
-14.9563
-15.106
-15.2542
-15.4028
-15.5514
-15.6993
-15.8479
-15.9962
-16.1445
-16.2934
-16.4423
-16.5913
-16.7411
-16.8908
-17.0408
-17.1907
-17.3405
-17.491
-17.6411
-17.7915
-17.9426
-18.0935
-18.2513
-18.4037
-18.5825
-1.27263
-1.52076
-1.88741
-2.2209
-2.52264
-2.82592
-3.12534
-3.4075
-3.67191
-3.92232
-4.16005
-4.38575
-4.60162
-4.80936
-5.01057
-5.20727
-5.40011
-5.59015
-5.77738
-5.96237
-6.14486
-6.3254
-6.50334
-6.67989
-6.85489
-7.02846
-7.20101
-7.37264
-7.54404
-7.71378
-7.88394
-8.05251
-8.22113
-8.38858
-8.5562
-8.7231
-8.88867
-9.05507
-9.21897
-9.38401
-9.54713
-9.71071
-9.87297
-10.0346
-10.197
-10.3565
-10.5176
-10.6759
-10.8358
-10.9946
-11.1533
-11.3111
-11.4683
-11.6266
-11.7818
-11.9389
-12.0936
-12.25
-12.4037
-12.5586
-12.7137
-12.8654
-13.0197
-13.1712
-13.3247
-13.4765
-13.628
-13.7807
-13.9301
-14.0816
-14.2314
-14.3819
-14.5319
-14.6811
-14.8312
-14.9794
-15.1291
-15.2774
-15.426
-15.5744
-15.7225
-15.8709
-16.0193
-16.1677
-16.3164
-16.4657
-16.6143
-16.7645
-16.9141
-17.0641
-17.2142
-17.3639
-17.5146
-17.6645
-17.8149
-17.9659
-18.1162
-18.2725
-18.423
-18.593
-1.31561
-1.54783
-1.91174
-2.24769
-2.54853
-2.851
-3.15028
-3.43246
-3.69695
-3.94745
-4.18528
-4.41113
-4.62709
-4.83496
-5.03631
-5.23305
-5.42595
-5.616
-5.80325
-5.98823
-6.17075
-6.35119
-6.52923
-6.70575
-6.88078
-7.05439
-7.22695
-7.39859
-7.56993
-7.73983
-7.9098
-8.07851
-8.24706
-8.41461
-8.58214
-8.74906
-8.91468
-9.08096
-9.24495
-9.40994
-9.57311
-9.73659
-9.89901
-10.0605
-10.2231
-10.3823
-10.5436
-10.7019
-10.8616
-11.0205
-11.1791
-11.3378
-11.4936
-11.6531
-11.8076
-11.965
-12.1196
-12.2752
-12.4304
-12.584
-12.74
-12.8912
-13.0451
-13.1973
-13.3502
-13.5028
-13.6537
-13.8063
-13.9558
-14.107
-14.2573
-14.4074
-14.5577
-14.7068
-14.8567
-15.0052
-15.1545
-15.303
-15.4516
-15.5996
-15.7482
-15.8963
-16.0448
-16.1932
-16.3418
-16.4912
-16.6398
-16.7901
-16.9399
-17.0898
-17.24
-17.3899
-17.5405
-17.6905
-17.8407
-17.9915
-18.1413
-18.2956
-18.444
-18.6042
-1.35279
-1.57703
-1.93959
-2.27697
-2.57727
-2.87931
-3.17853
-3.46068
-3.72521
-3.9758
-4.21367
-4.43961
-4.65561
-4.86353
-5.06497
-5.26174
-5.4547
-5.64474
-5.83202
-6.01702
-6.19955
-6.37991
-6.55802
-6.73452
-6.90957
-7.0832
-7.25577
-7.4274
-7.59868
-7.76875
-7.93852
-8.1074
-8.27585
-8.44353
-8.61095
-8.77785
-8.94362
-9.10961
-9.27393
-9.43864
-9.6021
-9.76535
-9.92788
-10.0894
-10.2517
-10.4113
-10.5722
-10.731
-10.8904
-11.0495
-11.2079
-11.3665
-11.5226
-11.6815
-11.8367
-11.9935
-12.1486
-12.3039
-12.4594
-12.6129
-12.7685
-12.9203
-13.0736
-13.2265
-13.3791
-13.5317
-13.6827
-13.8349
-13.9848
-14.1357
-14.2863
-14.4361
-14.5866
-14.7356
-14.8854
-15.0343
-15.1831
-15.3318
-15.4803
-15.6283
-15.7769
-15.925
-16.0735
-16.2216
-16.3705
-16.5195
-16.6684
-16.8185
-16.9685
-17.1184
-17.2683
-17.4188
-17.5691
-17.7192
-17.8694
-18.0197
-18.1692
-18.3209
-18.4668
-18.6166
-1.38014
-1.60632
-1.97001
-2.30732
-2.60749
-2.9097
-3.20899
-3.49102
-3.75554
-4.00619
-4.24405
-4.46997
-4.68596
-4.89386
-5.09533
-5.29209
-5.48506
-5.6751
-5.86238
-6.04739
-6.22992
-6.4102
-6.58834
-6.76483
-6.93988
-7.11354
-7.28607
-7.45771
-7.62895
-7.79912
-7.96878
-8.13773
-8.30616
-8.4739
-8.64128
-8.80811
-8.97401
-9.1398
-9.30432
-9.46888
-9.63252
-9.79562
-9.95818
-10.1199
-10.2818
-10.4418
-10.6023
-10.7615
-10.9207
-11.0798
-11.2382
-11.3966
-11.5532
-11.7114
-11.8673
-12.0236
-12.1791
-12.3343
-12.4896
-12.6434
-12.7984
-12.9509
-13.1039
-13.2568
-13.4095
-13.5619
-13.7131
-13.8651
-14.0152
-14.166
-14.3166
-14.4665
-14.6167
-14.766
-14.9156
-15.0646
-15.2134
-15.3621
-15.5105
-15.6586
-15.807
-15.9553
-16.1037
-16.2519
-16.4008
-16.5499
-16.6989
-16.8488
-16.999
-17.1487
-17.2987
-17.4491
-17.5993
-17.7494
-17.8995
-18.0493
-18.1983
-18.3477
-18.4907
-18.6307
-1.39493
-1.63297
-2.00007
-2.33578
-2.63627
-2.93924
-3.2387
-3.52052
-3.785
-4.03569
-4.27346
-4.49928
-4.71519
-4.923
-5.12443
-5.32114
-5.51411
-5.70412
-5.89139
-6.07641
-6.25893
-6.43913
-6.61727
-6.79377
-6.96879
-7.14249
-7.31498
-7.48662
-7.65785
-7.82807
-7.99768
-8.16665
-8.33508
-8.50283
-8.67024
-8.83698
-9.00298
-9.16866
-9.33324
-9.49778
-9.66148
-9.82451
-9.98704
-10.1489
-10.3105
-10.4708
-10.6311
-10.7905
-10.9497
-11.1087
-11.2671
-11.4255
-11.5824
-11.7401
-11.8963
-12.0525
-12.208
-12.3633
-12.5184
-12.6725
-12.827
-12.9799
-13.1328
-13.2857
-13.4384
-13.5906
-13.7422
-13.8937
-14.0443
-14.1948
-14.3455
-14.4956
-14.6456
-14.7952
-14.9445
-15.0937
-15.2425
-15.3912
-15.5397
-15.6877
-15.8363
-15.9844
-16.1329
-16.2812
-16.43
-16.5793
-16.728
-16.8783
-17.028
-17.1779
-17.3278
-17.478
-17.6283
-17.7782
-17.9282
-18.0776
-18.2259
-18.3736
-18.5137
-18.6464
-1.39865
-1.65653
-2.02811
-2.36113
-2.66233
-2.96641
-3.26611
-3.54766
-3.81209
-4.0628
-4.30044
-4.5261
-4.7419
-4.94955
-5.15088
-5.34753
-5.54046
-5.73044
-5.91769
-6.10273
-6.28523
-6.46536
-6.64347
-6.81997
-6.99497
-7.16867
-7.34112
-7.51275
-7.68398
-7.85421
-8.02381
-8.19276
-8.36123
-8.52895
-8.6964
-8.86308
-9.02914
-9.19479
-9.35937
-9.52394
-9.68766
-9.85066
-10.0132
-10.175
-10.3366
-10.4969
-10.6572
-10.8167
-10.9758
-11.1347
-11.2932
-11.4515
-11.6086
-11.7662
-11.9225
-12.0786
-12.2342
-12.3894
-12.5446
-12.6987
-12.8531
-13.0063
-13.159
-13.3122
-13.4646
-13.617
-13.7686
-13.9199
-14.071
-14.2211
-14.3722
-14.5221
-14.6722
-14.8219
-14.971
-15.1204
-15.2689
-15.4179
-15.5662
-15.7143
-15.863
-16.011
-16.1596
-16.3076
-16.4566
-16.6057
-16.7546
-16.9047
-17.0543
-17.2043
-17.354
-17.5042
-17.6544
-17.8043
-17.9541
-18.1032
-18.251
-18.3971
-18.5352
-18.6623
-1.39357
-1.67786
-2.05408
-2.38379
-2.68603
-2.99139
-3.29138
-3.57258
-3.83694
-4.08766
-4.32514
-4.55059
-4.76627
-4.97374
-5.17494
-5.37149
-5.56436
-5.75432
-5.94152
-6.12661
-6.30907
-6.48914
-6.66722
-6.84373
-7.0187
-7.19239
-7.36481
-7.5364
-7.70766
-7.87788
-8.04748
-8.2164
-8.3849
-8.55262
-8.72002
-8.88672
-9.05274
-9.21834
-9.38296
-9.54757
-9.7113
-9.87424
-10.0368
-10.1986
-10.3602
-10.5206
-10.6808
-10.8405
-10.9996
-11.1586
-11.317
-11.4752
-11.6325
-11.79
-11.9465
-12.1025
-12.2583
-12.4134
-12.5687
-12.7228
-12.8773
-13.0305
-13.1832
-13.3365
-13.4887
-13.6412
-13.7926
-13.944
-14.095
-14.2452
-14.3962
-14.546
-14.6962
-14.8458
-14.995
-15.1444
-15.2929
-15.4419
-15.5901
-15.7384
-15.887
-16.035
-16.1836
-16.3316
-16.4806
-16.6296
-16.7786
-16.9284
-17.0781
-17.228
-17.3776
-17.5278
-17.6779
-17.8278
-17.9774
-18.1264
-18.2739
-18.4188
-18.5553
-18.6783
-1.38224
-1.69732
-2.07771
-2.40402
-2.70757
-3.01429
-3.31468
-3.59551
-3.85979
-4.11047
-4.34776
-4.57292
-4.78843
-4.99572
-5.19677
-5.3932
-5.58599
-5.77591
-5.96305
-6.14817
-6.33056
-6.51056
-6.68859
-6.8651
-7.04005
-7.21374
-7.3861
-7.55767
-7.729
-7.89914
-8.06878
-8.23767
-8.4062
-8.57398
-8.74129
-8.90816
-9.07408
-9.23978
-9.4045
-9.56908
-9.73285
-9.8958
-10.0586
-10.2203
-10.382
-10.5424
-10.7027
-10.8624
-11.0215
-11.1806
-11.3388
-11.4972
-11.6543
-11.8118
-11.9683
-12.1243
-12.2802
-12.4351
-12.5905
-12.7445
-12.899
-13.0522
-13.2049
-13.3581
-13.5103
-13.6629
-13.8142
-13.9657
-14.1166
-14.2669
-14.4178
-14.5676
-14.7178
-14.8673
-15.0166
-15.1658
-15.3144
-15.4633
-15.6115
-15.7598
-15.9083
-16.0565
-16.205
-16.3532
-16.502
-16.651
-16.8001
-16.9497
-17.0995
-17.2492
-17.399
-17.5491
-17.699
-17.849
-17.9985
-18.1474
-18.2945
-18.4387
-18.574
-18.6941
-1.3667
-1.7153
-2.09894
-2.42219
-2.72712
-3.03507
-3.33593
-3.61642
-3.88071
-4.13133
-4.3685
-4.5934
-4.80863
-5.01569
-5.21667
-5.41298
-5.60575
-5.79557
-5.98279
-6.16793
-6.3503
-6.53021
-6.70816
-6.88463
-7.05952
-7.23317
-7.40552
-7.57715
-7.7485
-7.91863
-8.08836
-8.25724
-8.4259
-8.59383
-8.76113
-8.92824
-9.09409
-9.26
-9.42467
-9.58917
-9.75291
-9.91581
-10.0786
-10.2402
-10.402
-10.5623
-10.7227
-10.8824
-11.0414
-11.2005
-11.3587
-11.5171
-11.6742
-11.8318
-11.9882
-12.1443
-12.3001
-12.4551
-12.6105
-12.7644
-12.9189
-13.0721
-13.225
-13.3781
-13.5304
-13.6829
-13.8342
-13.9858
-14.1366
-14.2871
-14.4379
-14.5878
-14.738
-14.8875
-15.0368
-15.1861
-15.3347
-15.4836
-15.632
-15.7802
-15.9287
-16.0769
-16.2251
-16.3734
-16.5219
-16.6709
-16.8199
-16.9695
-17.1192
-17.2689
-17.4186
-17.5686
-17.7187
-17.8685
-18.018
-18.1668
-18.3136
-18.4572
-18.5914
-18.7096
-1.34797
-1.73199
-2.11799
-2.43904
-2.7453
-3.05415
-3.35523
-3.63523
-3.89948
-4.14989
-4.38673
-4.61189
-4.82666
-5.03334
-5.2341
-5.43019
-5.62284
-5.8125
-5.99977
-6.18478
-6.36716
-6.54715
-6.72522
-6.90186
-7.07692
-7.25066
-7.42322
-7.59495
-7.7664
-7.93655
-8.10627
-8.27503
-8.4436
-8.6115
-8.77868
-8.94578
-9.1115
-9.27741
-9.44198
-9.60647
-9.77018
-9.93303
-10.0958
-10.2573
-10.4191
-10.5793
-10.7397
-10.8993
-11.0584
-11.2174
-11.3756
-11.5339
-11.6909
-11.8485
-12.0048
-12.1609
-12.3166
-12.4716
-12.6269
-12.7808
-12.9353
-13.0883
-13.2413
-13.3942
-13.5465
-13.699
-13.8502
-14.0018
-14.1525
-14.3029
-14.4536
-14.6035
-14.7536
-14.9029
-15.0523
-15.2014
-15.35
-15.4988
-15.6471
-15.7954
-15.9438
-16.0921
-16.2405
-16.3889
-16.5376
-16.6866
-16.8357
-16.9853
-17.1351
-17.2847
-17.4345
-17.5845
-17.7345
-17.8844
-18.0338
-18.1826
-18.3294
-18.473
-18.6069
-18.7241
-1.32711
-1.74633
-2.13358
-2.45399
-2.76217
-3.07263
-3.37405
-3.65357
-3.91785
-4.16812
-4.40471
-4.63013
-4.84457
-5.05111
-5.25187
-5.44809
-5.64093
-5.83094
-6.01852
-6.20378
-6.38635
-6.5664
-6.74455
-6.92118
-7.09617
-7.26967
-7.44204
-7.61364
-7.78503
-7.95515
-8.12488
-8.29368
-8.46226
-8.6302
-8.79738
-8.96452
-9.13027
-9.29621
-9.46079
-9.62532
-9.78904
-9.9519
-10.1146
-10.2762
-10.4379
-10.5982
-10.7586
-10.9182
-11.0773
-11.2364
-11.3946
-11.553
-11.7101
-11.8676
-12.024
-12.1801
-12.3358
-12.4909
-12.6462
-12.8002
-12.9547
-13.1078
-13.2608
-13.4138
-13.5662
-13.7186
-13.8699
-14.0216
-14.1723
-14.3229
-14.4735
-14.6236
-14.7736
-14.9231
-15.0725
-15.2216
-15.3704
-15.5191
-15.6676
-15.8157
-15.9642
-16.1124
-16.2606
-16.4089
-16.5574
-16.7064
-16.8554
-17.0049
-17.1546
-17.3043
-17.454
-17.6039
-17.754
-17.9038
-18.0533
-18.2018
-18.3484
-18.4913
-18.6244
-18.7401
-1.31251
-1.7609
-2.14582
-2.46354
-2.77253
-3.08477
-3.3867
-3.66568
-3.93013
-4.1804
-4.41687
-4.64191
-4.85617
-5.0626
-5.26325
-5.45936
-5.65208
-5.84196
-6.02942
-6.21451
-6.39677
-6.57641
-6.75436
-6.93078
-7.10564
-7.27903
-7.4512
-7.62269
-7.79399
-7.96403
-8.13368
-8.3024
-8.47089
-8.63875
-8.80585
-8.97292
-9.13859
-9.30446
-9.46898
-9.63344
-9.7971
-9.95991
-10.1226
-10.2841
-10.4458
-10.606
-10.7664
-10.926
-11.085
-11.244
-11.4022
-11.5605
-11.7176
-11.8751
-12.0314
-12.1875
-12.3431
-12.4982
-12.6535
-12.8074
-12.9618
-13.1148
-13.2679
-13.4208
-13.5731
-13.7255
-13.8768
-14.0284
-14.179
-14.3296
-14.4802
-14.6302
-14.7802
-14.9296
-15.079
-15.2281
-15.3767
-15.5255
-15.6739
-15.8221
-15.9706
-16.1188
-16.2671
-16.4155
-16.5641
-16.7131
-16.8622
-17.0118
-17.1614
-17.3111
-17.4609
-17.6108
-17.7609
-17.9107
-18.0602
-18.2088
-18.3555
-18.4987
-18.6321
-18.7482
-1.28203
-1.77573
-2.16943
-2.48769
-2.79687
-3.10963
-3.41232
-3.69033
-3.9551
-4.20548
-4.44185
-4.6667
-4.88075
-5.08689
-5.28727
-5.48315
-5.67569
-5.86542
-6.05279
-6.2378
-6.42009
-6.59978
-6.77771
-6.95411
-7.12892
-7.30229
-7.47447
-7.64592
-7.81716
-7.98718
-8.15679
-8.32551
-8.49398
-8.66183
-8.82894
-8.99598
-9.16168
-9.32753
-9.49207
-9.65653
-9.82018
-9.98302
-10.1457
-10.3072
-10.4689
-10.6292
-10.7895
-10.9491
-11.1082
-11.2671
-11.4253
-11.5836
-11.7407
-11.8982
-12.0545
-12.2107
-12.3663
-12.5214
-12.6767
-12.8306
-12.9851
-13.1381
-13.2911
-13.444
-13.5964
-13.7487
-13.9001
-14.0516
-14.2023
-14.3529
-14.5035
-14.6535
-14.8035
-14.953
-15.1023
-15.2514
-15.4001
-15.5488
-15.6973
-15.8454
-15.994
-16.1422
-16.2905
-16.4388
-16.5874
-16.7364
-16.8854
-17.035
-17.1846
-17.3344
-17.4841
-17.634
-17.7841
-17.9339
-18.0834
-18.2319
-18.3786
-18.5216
-18.6548
-18.7705
-18.5548
-18.9324
-19.5772
-19.676
-19.0871
-17.9654
-16.5057
-14.8785
-13.2746
-11.7451
-10.3045
-8.92943
-7.59154
-6.28643
-5.05141
-3.94078
-2.98949
-2.24624
-1.71429
-1.34988
-1.09511
-0.915065
-0.790568
-0.710144
-0.674167
-0.676919
-0.766096
-0.907721
-1.03667
-1.11412
-1.04479
-0.790613
-0.368006
-0.000808732
0.161902
0.241463
0.323361
0.414974
0.513062
0.607591
0.715551
0.826554
0.939262
1.03457
1.12557
1.22257
1.317
1.3944
1.44962
1.48693
1.51176
1.52553
1.52956
1.52524
1.51417
1.49793
1.47769
1.45422
1.42834
1.40075
1.37193
1.34168
1.30976
1.27646
1.24287
1.20881
1.17435
1.1413
1.10903
1.07713
1.04368
1.01052
0.977739
0.944728
0.911712
0.878628
0.845508
0.812361
0.779183
0.745983
0.712773
0.679554
0.64633
0.613102
0.579868
0.546626
0.513373
0.4801
0.446802
0.413454
0.380019
0.346435
0.312598
0.27835
0.243352
0.207259
0.168889
0.128163
0.0803725
0.0332369
-18.6058
-18.8561
-19.4746
-19.5866
-19.0119
-17.9114
-16.4726
-14.8632
-13.2724
-11.7502
-10.3131
-8.9399
-7.60399
-6.3026
-5.07185
-3.96595
-3.01948
-2.28054
-1.74749
-1.37973
-1.12242
-0.939619
-0.815565
-0.741839
-0.707221
-0.724505
-0.843402
-1.00818
-1.15072
-1.238
-1.16454
-0.884055
-0.413524
-0.0074678
0.175167
0.264767
0.347745
0.432703
0.522047
0.608098
0.708448
0.81383
0.921653
1.01212
1.10212
1.20158
1.29791
1.37689
1.43404
1.47279
1.49864
1.5127
1.5167
1.5123
1.50121
1.485
1.4648
1.44136
1.41549
1.38791
1.35907
1.32872
1.29674
1.26347
1.22996
1.19596
1.16176
1.12876
1.09628
1.06425
1.03097
0.997847
0.965031
0.932014
0.898979
0.865877
0.832747
0.799595
0.766414
0.733212
0.700001
0.666781
0.633558
0.600331
0.567099
0.53386
0.500611
0.467348
0.434064
0.400741
0.36735
0.333842
0.300132
0.266097
0.231465
0.195964
0.158646
0.119433
0.0745455
0.0300478
-18.5943
-18.8544
-19.4049
-19.4957
-18.9268
-17.8463
-16.4291
-14.8394
-13.2641
-11.7499
-10.3186
-8.94754
-7.61456
-6.31793
-5.09292
-3.99299
-3.05319
-2.31951
-1.78472
-1.41328
-1.1523
-0.967908
-0.842001
-0.77477
-0.744477
-0.77819
-0.927007
-1.12107
-1.27693
-1.3756
-1.30119
-0.993581
-0.464779
-0.0125831
0.193095
0.295407
0.379587
0.45615
0.534928
0.610983
0.701843
0.800673
0.901792
0.986129
1.07615
1.17737
1.27579
1.35715
1.41673
1.45733
1.48427
1.49864
1.50257
1.49806
1.48692
1.47072
1.45057
1.42716
1.40128
1.37371
1.34486
1.31444
1.28237
1.24912
1.2156
1.18169
1.14782
1.11492
1.08233
1.04985
1.01685
0.983865
0.950932
0.917923
0.884879
0.851759
0.818618
0.785461
0.752276
0.719073
0.68586
0.65264
0.619418
0.586191
0.552961
0.519726
0.486483
0.453229
0.419961
0.386667
0.353325
0.3199
0.286333
0.252536
0.218314
0.183475
0.147329
0.109809
0.0681391
0.0265721
-18.6263
-18.8627
-19.3463
-19.4126
-18.8408
-17.7757
-16.379
-14.8122
-13.2517
-11.7454
-10.3197
-8.94981
-7.62146
-6.33092
-5.11407
-4.02291
-3.09239
-2.36427
-1.82768
-1.45252
-1.18562
-0.998872
-0.872012
-0.806114
-0.785016
-0.838963
-1.0143
-1.24257
-1.4127
-1.52265
-1.44343
-1.12823
-0.52632
-0.0134089
0.217521
0.33489
0.420994
0.486812
0.552379
0.616889
0.696381
0.787156
0.878939
0.956909
1.04668
1.14938
1.25064
1.33522
1.39766
1.44048
1.46856
1.48324
1.48705
1.48237
1.47115
1.45495
1.43484
1.41145
1.38557
1.358
1.32915
1.29867
1.26652
1.23326
1.19969
1.16584
1.13237
1.09959
1.06687
1.03394
1.00123
0.968392
0.935324
0.902316
0.869266
0.836126
0.802974
0.769812
0.736623
0.703417
0.670204
0.636984
0.603761
0.570536
0.537308
0.504077
0.47084
0.437597
0.404348
0.371085
0.337798
0.304466
0.271058
0.237526
0.203762
0.169662
0.13482
0.0991914
0.0610819
0.0227816
-18.6461
-18.8622
-19.2855
-19.3274
-18.757
-17.7062
-16.3277
-14.7847
-13.2374
-11.7399
-10.3179
-8.94864
-7.62384
-6.34066
-5.13492
-4.05607
-3.13733
-2.41323
-1.87631
-1.49577
-1.22279
-1.02822
-0.902627
-0.83955
-0.82943
-0.905082
-1.10647
-1.36854
-1.55396
-1.67392
-1.58807
-1.25773
-0.618511
-0.0128388
0.25313
0.385429
0.474159
0.526695
0.575081
0.625805
0.691963
0.773553
0.852794
0.924384
1.01316
1.11768
1.22242
1.311
1.37675
1.42214
1.45141
1.46637
1.47
1.4651
1.45375
1.43753
1.41745
1.39409
1.3682
1.34063
1.31176
1.28123
1.24901
1.21574
1.18212
1.14826
1.11523
1.08254
1.04965
1.01647
0.983996
0.951195
0.918082
0.885055
0.851984
0.818822
0.785658
0.752487
0.719293
0.686085
0.65287
0.619649
0.586428
0.553203
0.519978
0.486751
0.453521
0.420291
0.387061
0.353834
0.320608
0.287379
0.254148
0.220912
0.187655
0.154377
0.120984
0.0874623
0.053289
0.0186336
-18.6641
-18.8599
-19.2196
-19.2333
-18.6663
-17.6308
-16.2758
-14.7592
-13.2241
-11.7347
-10.3131
-8.94468
-7.62152
-6.34773
-5.1547
-4.08687
-3.18113
-2.46031
-1.92483
-1.53753
-1.26145
-1.06098
-0.934893
-0.876483
-0.87846
-0.974674
-1.20191
-1.49374
-1.69837
-1.82531
-1.74123
-1.35666
-0.721018
-0.0301644
0.300213
0.453468
0.540386
0.577805
0.604113
0.637538
0.688292
0.7612
0.823843
0.888251
0.975833
1.08274
1.19127
1.2845
1.35399
1.40217
1.43264
1.44786
1.45125
1.44606
1.43454
1.41827
1.39823
1.37489
1.34899
1.3214
1.29253
1.26194
1.22967
1.19638
1.16272
1.12886
1.09614
1.06354
1.03054
0.997299
0.964904
0.932107
0.899023
0.865956
0.832855
0.799659
0.766456
0.733302
0.700102
0.666892
0.633676
0.600456
0.567234
0.534011
0.500789
0.467566
0.434344
0.401127
0.367921
0.334732
0.301573
0.26846
0.235424
0.202515
0.16982
0.137453
0.105662
0.0744795
0.0446563
0.0140643
-18.6796
-18.8537
-19.1482
-19.13
-18.5661
-17.5466
-16.2177
-14.7286
-13.2089
-11.7272
-10.3053
-8.93539
-7.6123
-6.34714
-5.16587
-4.10552
-3.21623
-2.50933
-1.97716
-1.58379
-1.30107
-1.09787
-0.972297
-0.917433
-0.929948
-1.04551
-1.29784
-1.61309
-1.84332
-1.97375
-1.89031
-1.45843
-0.790076
-0.0586867
0.352961
0.544346
0.622232
0.641198
0.64056
0.652424
0.687482
0.750412
0.793124
0.848247
0.934024
1.04401
1.15698
1.25558
1.32938
1.38039
1.41207
1.42751
1.43061
1.42507
1.41334
1.39701
1.37698
1.35365
1.32772
1.30012
1.27124
1.24061
1.20828
1.17499
1.14131
1.10747
1.07489
1.04245
1.00937
0.976137
0.943716
0.910997
0.87793
0.844814
0.81169
0.778463
0.745336
0.712076
0.678866
0.645651
0.612433
0.579211
0.54599
0.512769
0.479549
0.446331
0.413118
0.379916
0.346734
0.313589
0.280504
0.247515
0.214695
0.182145
0.150068
0.118705
0.0886793
0.060077
0.0350618
0.00898536
-18.6931
-18.8435
-19.0724
-19.019
-18.4576
-17.4554
-16.1537
-14.6918
-13.188
-11.7129
-10.2901
-8.91658
-7.59093
-6.33054
-5.16201
-4.12269
-3.25569
-2.5649
-2.03438
-1.63456
-1.34225
-1.13663
-1.01282
-0.962369
-0.984763
-1.11735
-1.39128
-1.72424
-1.98193
-2.11438
-2.02445
-1.57146
-0.838752
-0.0748247
0.421299
0.656511
0.72424
0.716553
0.684723
0.673561
0.693685
0.735437
0.759015
0.805078
0.889233
1.00256
1.12041
1.22409
1.30283
1.35661
1.38955
1.40518
1.4079
1.40197
1.38998
1.37354
1.3535
1.33014
1.30419
1.27655
1.24767
1.217
1.18463
1.15133
1.11767
1.08387
1.05124
1.0191
0.985948
0.952695
0.920232
0.887611
0.854541
0.821368
0.788216
0.754943
0.721737
0.688546
0.655332
0.622113
0.588894
0.555672
0.522452
0.489232
0.456016
0.422803
0.389599
0.356414
0.323259
0.29016
0.257157
0.224306
0.191721
0.159564
0.128163
0.0978957
0.0698085
0.0440315
0.024338
0.00325051
-18.7052
-18.8305
-18.9937
-18.9014
-18.3412
-17.3575
-16.084
-14.6466
-13.1578
-11.6877
-10.2614
-8.88415
-7.56141
-6.3104
-5.15755
-4.14428
-3.29915
-2.6187
-2.08978
-1.686
-1.38786
-1.18064
-1.05863
-1.01312
-1.0436
-1.18841
-1.47683
-1.82578
-2.10847
-2.24139
-2.13893
-1.67432
-0.883087
-0.0776789
0.508589
0.786083
0.8456
0.802754
0.736555
0.704052
0.702194
0.714184
0.722405
0.76064
0.844352
0.960515
1.08198
1.19044
1.27447
1.33072
1.36489
1.38069
1.38292
1.37654
1.36426
1.34767
1.32755
1.3041
1.27809
1.25043
1.22158
1.19089
1.15846
1.12519
1.09157
1.05787
1.02512
0.993156
0.960044
0.92678
0.89428
0.861751
0.828698
0.795476
0.762311
0.728986
0.695809
0.662551
0.629326
0.596101
0.562879
0.529655
0.496434
0.463216
0.430002
0.396794
0.363601
0.330433
0.297306
0.264257
0.23134
0.198636
0.166303
0.134568
0.103896
0.0748098
0.0488339
0.0261134
0.0123238
-0.00332102
-18.7165
-18.8155
-18.9138
-18.7788
-18.2167
-17.2515
-16.0057
-14.5949
-13.1245
-11.6603
-10.2311
-8.85031
-7.53293
-6.29305
-5.15623
-4.16467
-3.33982
-2.67068
-2.14467
-1.73971
-1.43762
-1.22944
-1.11159
-1.07289
-1.10789
-1.2582
-1.55313
-1.91649
-2.21926
-2.34803
-2.22876
-1.7454
-0.920647
-0.067199
0.595843
0.921231
0.97289
0.896231
0.796744
0.733794
0.702269
0.690374
0.686579
0.717508
0.800636
0.918724
1.04117
1.15326
1.24364
1.30302
1.33815
1.35398
1.35561
1.34862
1.33596
1.31913
1.29883
1.27528
1.24926
1.22151
1.19268
1.16198
1.12947
1.0962
1.06263
1.02909
0.996302
0.964201
0.931292
0.898029
0.865461
0.832956
0.79991
0.766623
0.733457
0.700064
0.666897
0.633658
0.600431
0.567203
0.533981
0.500757
0.467538
0.434321
0.401112
0.36791
0.334729
0.30158
0.268484
0.235492
0.20267
0.170127
0.138069
0.106788
0.0769011
0.0490771
0.0253903
0.00592744
-0.00127429
-0.0110902
-18.7269
-18.8008
-18.8424
-18.6663
-18.1008
-17.1534
-15.9322
-14.5484
-13.0954
-11.6365
-10.2052
-8.82198
-7.50694
-6.27575
-5.1533
-4.18256
-3.3769
-2.71915
-2.19736
-1.79219
-1.48812
-1.28192
-1.16949
-1.13594
-1.17348
-1.32667
-1.62386
-1.99038
-2.30326
-2.42219
-2.28412
-1.77945
-0.9385
-0.0461211
0.666088
1.03017
1.07992
0.980258
0.848092
0.746252
0.694097
0.66724
0.653587
0.679098
0.761303
0.880671
1.00365
1.11656
1.20917
1.27329
1.31026
1.32576
1.32711
1.31967
1.30651
1.28931
1.26874
1.24509
1.21899
1.19104
1.16226
1.13166
1.09923
1.06592
1.03243
0.999077
0.966154
0.933916
0.901224
0.86804
0.835454
0.802958
0.769944
0.73659
0.70344
0.670087
0.63674
0.603473
0.570237
0.537
0.503775
0.470548
0.437329
0.404113
0.370908
0.33771
0.304538
0.271406
0.238336
0.205394
0.172657
0.140263
0.108464
0.0776194
0.0485023
0.0219139
0.000545044
-0.0157247
-0.0159178
-0.0200571
-18.737
-18.7908
-18.7892
-18.5797
-18.0105
-17.0776
-15.8767
-14.5127
-13.0717
-11.6161
-10.1829
-8.79769
-7.4852
-6.26197
-5.15216
-4.19764
-3.4078
-2.75987
-2.24145
-1.83725
-1.53528
-1.33321
-1.22495
-1.19457
-1.23737
-1.39228
-1.68417
-2.04526
-2.3576
-2.46266
-2.30644
-1.78453
-0.935462
-0.0238241
0.709445
1.09423
1.14566
1.03245
0.878159
0.745545
0.682191
0.645648
0.625703
0.648005
0.729542
0.848867
0.970486
1.08496
1.17786
1.24508
1.28332
1.29855
1.29986
1.29218
1.27856
1.26095
1.24019
1.21654
1.19041
1.16247
1.1333
1.10261
1.07018
1.03683
1.00341
0.970193
0.937201
0.904922
0.872291
0.839124
0.806466
0.773903
0.740921
0.70753
0.67422
0.641042
0.607737
0.574481
0.541246
0.508014
0.474784
0.441563
0.408342
0.375132
0.341927
0.308742
0.275578
0.242469
0.209425
0.176542
0.143893
0.11165
0.0801066
0.0496679
0.0212535
-0.00424182
-0.0234881
-0.0370088
-0.0304338
-0.0297748
-18.7477
-18.7865
-18.7541
-18.5198
-17.9468
-17.0241
-15.8377
-14.4873
-13.0553
-11.6026
-10.1682
-8.78192
-7.47175
-6.2545
-5.15312
-4.21055
-3.43436
-2.79361
-2.27707
-1.87618
-1.57939
-1.3816
-1.27648
-1.24984
-1.29645
-1.45057
-1.73331
-2.08621
-2.39308
-2.48409
-2.31031
-1.77522
-0.922173
-0.00682121
0.72902
1.12064
1.17382
1.0546
0.891992
0.741763
0.669175
0.626292
0.602951
0.623398
0.705325
0.820388
0.941476
1.058
1.15237
1.22005
1.25862
1.27398
1.27505
1.267
1.25304
1.23523
1.21443
1.19081
1.16479
1.13711
1.1078
1.07707
1.04464
1.01135
0.977921
0.944584
0.911629
0.879295
0.846762
0.813691
0.781021
0.748381
0.715353
0.682068
0.64854
0.615306
0.581955
0.548697
0.515432
0.48221
0.448965
0.415748
0.382521
0.349315
0.316109
0.282925
0.249772
0.216658
0.183639
0.150767
0.118176
0.0860115
0.0546285
0.0244745
-0.00340141
-0.028046
-0.0455161
-0.0569006
-0.0442637
-0.0398704
-18.7593
-18.7872
-18.733
-18.4806
-17.9044
-16.989
-15.8131
-14.4725
-13.0472
-11.5965
-10.1612
-8.77406
-7.46597
-6.25311
-5.15713
-4.22461
-3.45955
-2.82286
-2.30805
-1.91288
-1.62159
-1.42717
-1.32501
-1.30085
-1.34852
-1.4993
-1.7744
-2.11968
-2.41871
-2.49872
-2.30786
-1.76189
-0.906941
0.00434176
0.733567
1.12539
1.1824
1.06209
0.895098
0.737859
0.654702
0.607078
0.582544
0.602426
0.683578
0.794777
0.917876
1.03468
1.12923
1.19698
1.23596
1.25143
1.25234
1.24413
1.23007
1.21219
1.19133
1.16764
1.14145
1.11356
1.08418
1.05337
1.02084
0.987389
0.953841
0.920539
0.887553
0.855077
0.822484
0.789404
0.756564
0.724096
0.691056
0.657961
0.624498
0.591296
0.55796
0.524731
0.491465
0.458254
0.425009
0.391798
0.35857
0.325369
0.292168
0.258985
0.225852
0.192742
0.159777
0.126942
0.094447
0.0624162
0.0312395
0.00139926
-0.0259755
-0.0499094
-0.0658666
-0.0757868
-0.0577263
-0.0504628
-18.7718
-18.7918
-18.7224
-18.457
-17.8785
-16.9685
-15.8002
-14.4669
-13.0464
-11.5971
-10.161
-8.77325
-7.46703
-6.25722
-5.16456
-4.24044
-3.48345
-2.84878
-2.33697
-1.94813
-1.66135
-1.46949
-1.36889
-1.34479
-1.39133
-1.53931
-1.8102
-2.14956
-2.43953
-2.51121
-2.30431
-1.74825
-0.891789
0.0133328
0.734954
1.12599
1.186
1.06398
0.891738
0.732677
0.639033
0.587683
0.563037
0.583288
0.66403
0.772835
0.89726
1.01381
1.10853
1.17633
1.21536
1.23087
1.2317
1.22345
1.20945
1.19173
1.17109
1.14766
1.12173
1.09395
1.06457
1.03374
1.00124
0.967784
0.934161
0.900758
0.867712
0.835248
0.802773
0.769766
0.736925
0.704153
0.67098
0.637744
0.604214
0.570955
0.537601
0.504353
0.471084
0.437865
0.404621
0.371405
0.338176
0.304976
0.271768
0.238589
0.205443
0.172338
0.139353
0.106514
0.0739976
0.0419532
0.0107759
-0.0189915
-0.0461684
-0.069707
-0.0845479
-0.0937176
-0.0709599
-0.0615159
-18.7848
-18.7994
-18.7197
-18.4454
-17.8655
-16.9596
-15.797
-14.469
-13.0519
-11.6035
-10.1667
-8.77839
-7.47379
-6.26597
-5.17547
-4.25751
-3.50611
-2.87304
-2.36527
-1.98186
-1.69821
-1.50752
-1.40598
-1.38032
-1.4257
-1.57327
-1.84249
-2.17734
-2.45878
-2.52302
-2.30095
-1.73447
-0.87524
0.0263064
0.742393
1.13067
1.18911
1.06266
0.88473
0.725367
0.622831
0.568922
0.544628
0.565597
0.645113
0.754435
0.879267
0.995646
1.09045
1.15814
1.19701
1.21248
1.21311
1.20461
1.19026
1.17213
1.15103
1.12717
1.10081
1.07271
1.04314
1.01216
0.97951
0.945946
0.912295
0.878901
0.845841
0.813357
0.78072
0.747843
0.715162
0.68261
0.649704
0.61659
0.583203
0.549941
0.516642
0.483385
0.450136
0.41691
0.383676
0.350458
0.317235
0.284036
0.250833
0.217667
0.184526
0.151458
0.118497
0.0857357
0.0533093
0.0214301
-0.00950142
-0.0389315
-0.0655981
-0.088589
-0.102267
-0.110927
-0.084225
-0.0729216
-18.7979
-18.8092
-18.7227
-18.4428
-17.8625
-16.9597
-15.8013
-14.4771
-13.0625
-11.6148
-10.1774
-8.78876
-7.48565
-6.27926
-5.19001
-4.27578
-3.52837
-2.89733
-2.39338
-2.01424
-1.73151
-1.53986
-1.43641
-1.40887
-1.454
-1.60273
-1.87177
-2.20355
-2.47773
-2.53466
-2.2979
-1.71981
-0.855087
0.0462189
0.757684
1.13987
1.19194
1.05903
0.877229
0.714601
0.605943
0.550902
0.527377
0.550728
0.628068
0.738846
0.863565
0.979851
1.07461
1.14218
1.18108
1.19681
1.19773
1.18973
1.17587
1.15827
1.1377
1.11414
1.08807
1.06006
1.03047
0.999435
0.966803
0.933241
0.899557
0.866132
0.833043
0.800527
0.767919
0.734783
0.70192
0.669151
0.636026
0.602763
0.569299
0.535992
0.502679
0.469413
0.43616
0.402932
0.369695
0.336476
0.30325
0.27005
0.236841
0.203672
0.170516
0.13744
0.104433
0.0716536
0.039133
0.00717975
-0.0239255
-0.0535197
-0.0804364
-0.103525
-0.117127
-0.125991
-0.0967221
-0.0843682
-18.8125
-18.8213
-18.7304
-18.447
-17.8666
-16.9662
-15.8107
-14.4892
-13.0763
-11.6293
-10.1916
-8.80284
-7.50128
-6.29624
-5.20719
-4.29495
-3.55075
-2.9216
-2.41979
-2.04288
-1.75973
-1.56639
-1.46167
-1.43325
-1.47806
-1.62789
-1.89742
-2.22732
-2.49564
-2.54539
-2.29461
-1.70364
-0.830738
0.0724892
0.779204
1.15228
1.19435
1.05188
0.869665
0.700974
0.588771
0.533224
0.509811
0.532532
0.609288
0.722812
0.847953
0.964145
1.05851
1.12546
1.16361
1.17859
1.1787
1.16967
1.15523
1.13703
1.11587
1.09214
1.06583
1.03768
1.00803
0.976982
0.944317
0.910749
0.877076
0.843653
0.810594
0.778086
0.74558
0.712666
0.679949
0.647293
0.614372
0.581186
0.54783
0.51452
0.481234
0.447965
0.414721
0.381488
0.34826
0.315036
0.281818
0.248613
0.215416
0.182246
0.149112
0.116041
0.083089
0.0503406
0.0179316
-0.0139028
-0.0447541
-0.0740548
-0.100393
-0.123024
-0.135453
-0.144004
-0.111864
-0.0983699
-18.8207
-18.8292
-18.7371
-18.453
-17.8738
-16.9755
-15.8224
-14.5028
-13.0913
-11.6449
-10.2075
-8.81924
-7.51942
-6.31548
-5.22564
-4.31436
-3.57295
-2.94419
-2.44104
-2.06284
-1.77738
-1.58089
-1.47346
-1.44405
-1.49115
-1.6448
-1.9168
-2.24617
-2.50965
-2.55122
-2.29143
-1.68906
-0.807217
0.098849
0.800507
1.16354
1.19659
1.05054
0.864178
0.691027
0.577716
0.523057
0.501065
0.52691
0.602603
0.715989
0.840979
0.957011
1.05131
1.11827
1.15674
1.1721
1.1726
1.16414
1.14994
1.13198
1.11104
1.08733
1.06107
1.03294
1.00327
0.972199
0.939522
0.905945
0.872256
0.838829
0.805741
0.773206
0.740612
0.707575
0.67477
0.64205
0.609019
0.575782
0.542374
0.509054
0.47576
0.44249
0.409243
0.376012
0.342781
0.309558
0.276337
0.243133
0.209931
0.176761
0.143615
0.110543
0.0775633
0.0447952
0.0123328
-0.0195711
-0.0505444
-0.0800055
-0.106616
-0.129472
-0.142338
-0.151318
-0.119077
-0.102482
-18.8427
-18.8508
-18.7581
-18.4743
-17.8964
-17.0001
-15.8487
-14.5304
-13.1199
-11.6742
-10.2373
-8.84978
-7.55142
-6.34793
-5.2573
-4.34636
-3.60585
-2.97613
-2.46984
-2.08925
-1.80222
-1.60504
-1.49784
-1.46893
-1.51696
-1.67143
-1.9438
-2.27216
-2.53216
-2.57136
-2.30094
-1.68797
-0.798825
0.108748
0.804609
1.15747
1.18135
1.02936
0.842639
0.668245
0.554306
0.50006
0.478768
0.502703
0.579486
0.694264
0.819578
0.935595
1.02965
1.09628
1.13437
1.14926
1.14949
1.14064
1.12636
1.10831
1.08727
1.06353
1.03724
1.00909
0.979414
0.948335
0.915651
0.88207
0.848383
0.814944
0.781874
0.749325
0.716757
0.683759
0.650985
0.618269
0.585283
0.552054
0.518676
0.485354
0.452065
0.418795
0.38555
0.352316
0.319088
0.285863
0.252645
0.219438
0.186242
0.153067
0.119931
0.0868531
0.053893
0.0211231
-0.011308
-0.0431885
-0.0741047
-0.103499
-0.129963
-0.152763
-0.165295
-0.174271
-0.141286
-0.131048
-18.8005
-18.7917
-18.8345
-18.8273
-18.8105
-18.7864
-18.7562
-18.7225
-18.689
-18.6585
-18.6316
-18.6085
-18.5899
-18.579
-18.5778
-18.5739
-19.3892
-19.3643
-19.3747
-19.386
-19.3762
-19.3513
-19.3207
-19.2886
-19.2574
-19.2289
-19.2043
-19.1845
-19.1693
-19.1579
-19.1506
-19.1363
-19.7547
-19.8241
-19.9057
-19.9332
-19.9285
-19.9067
-19.8767
-19.8453
-19.8163
-19.7913
-19.7711
-19.7562
-19.747
-19.7427
-19.7388
-19.7272
-19.8004
-19.8865
-19.9284
-19.9463
-19.9484
-19.933
-19.9057
-19.8749
-19.8455
-19.8198
-19.7988
-19.7828
-19.7716
-19.7647
-19.7596
-19.7464
-19.1817
-19.2383
-19.2692
-19.2926
-19.2991
-19.2886
-19.2674
-19.2412
-19.2142
-19.1884
-19.1641
-19.1422
-19.1231
-19.1078
-19.0966
-19.0774
-18.0297
-18.0723
-18.1048
-18.1302
-18.1408
-18.1362
-18.1195
-18.0956
-18.0691
-18.042
-18.015
-17.9888
-17.9638
-17.9414
-17.9233
-17.8993
-16.5422
-16.57
-16.5955
-16.6168
-16.6284
-16.6276
-16.6148
-16.594
-16.5692
-16.5419
-16.5125
-16.4813
-16.4491
-16.4176
-16.3894
-16.3604
-14.8928
-14.9085
-14.9253
-14.9399
-14.9484
-14.9471
-14.9344
-14.9137
-14.8888
-14.8604
-14.8287
-14.794
-14.757
-14.7197
-14.686
-14.6542
-13.274
-13.2774
-13.2834
-13.2886
-13.2903
-13.2842
-13.268
-13.2448
-13.2176
-13.187
-13.1528
-13.1149
-13.0741
-13.0327
-12.9951
-12.9609
-11.7366
-11.729
-11.7229
-11.7164
-11.7083
-11.6944
-11.672
-11.6441
-11.6132
-11.5794
-11.5422
-11.5015
-11.4578
-11.4133
-11.3728
-11.3369
-10.2913
-10.2751
-10.2586
-10.2418
-10.2243
-10.2022
-10.1733
-10.14
-10.1048
-10.0673
-10.0268
-9.98301
-9.93615
-9.88864
-9.84553
-9.80787
-8.91281
-8.88876
-8.86279
-8.83648
-8.81022
-8.78051
-8.74528
-8.70704
-8.6676
-8.62646
-8.58271
-8.53575
-8.48581
-8.43528
-8.38953
-8.35011
-7.57132
-7.53973
-7.50538
-7.47153
-7.43912
-7.40449
-7.36545
-7.32428
-7.28235
-7.2389
-7.19283
-7.14343
-7.09092
-7.03777
-6.98968
-6.94865
-6.26067
-6.22116
-6.18023
-6.14225
-6.1077
-6.07176
-6.03199
-5.99052
-5.9483
-5.90432
-5.85741
-5.80688
-5.75299
-5.69832
-5.64883
-5.60693
-5.01997
-4.97462
-4.93067
-4.89263
-4.85952
-4.825
-4.78663
-4.74668
-4.70566
-4.6624
-4.61577
-4.56516
-4.511
-4.45605
-4.40644
-4.3646
-3.90296
-3.85228
-3.80717
-3.77133
-3.74138
-3.70925
-3.67307
-3.63543
-3.59639
-3.55466
-3.50922
-3.45966
-3.40656
-3.35278
-3.30439
-3.26354
-2.94605
-2.89232
-2.84868
-2.81648
-2.78899
-2.75815
-2.72402
-2.68898
-2.65232
-2.6127
-2.56931
-2.52191
-2.47122
-2.42008
-2.37423
-2.33518
-2.19793
-2.14254
-2.10055
-2.07008
-2.04205
-2.01062
-1.97754
-1.94404
-1.90898
-1.87117
-1.82995
-1.78522
-1.73773
-1.69016
-1.64768
-1.61093
-1.66713
-1.61303
-1.5718
-1.54031
-1.50972
-1.47647
-1.44284
-1.40928
-1.37458
-1.33769
-1.29807
-1.25562
-1.21106
-1.16686
-1.12759
-1.09301
-1.30683
-1.25582
-1.21532
-1.18229
-1.14929
-1.11449
-1.08012
-1.04605
-1.01113
-0.974463
-0.935609
-0.894521
-0.851918
-0.810158
-0.773257
-0.739728
-1.05551
-1.00804
-0.96957
-0.93659
-0.902677
-0.867127
-0.831848
-0.796612
-0.760601
-0.723231
-0.684196
-0.643484
-0.601782
-0.561348
-0.525789
-0.492492
-0.879763
-0.83514
-0.796454
-0.761018
-0.723896
-0.685365
-0.647415
-0.609958
-0.572309
-0.533907
-0.494379
-0.453613
-0.412186
-0.372251
-0.337235
-0.304145
-0.752158
-0.702887
-0.659666
-0.619213
-0.577299
-0.535362
-0.495185
-0.456235
-0.417618
-0.378674
-0.338948
-0.298245
-0.257063
-0.217482
-0.182828
-0.149989
-0.664399
-0.609598
-0.560478
-0.514062
-0.467852
-0.422998
-0.38047
-0.339697
-0.299893
-0.260382
-0.220603
-0.180224
-0.139601
-0.10067
-0.066588
-0.0340993
-0.627752
-0.565896
-0.506516
-0.451936
-0.400457
-0.351729
-0.306236
-0.2634
-0.222371
-0.182307
-0.142446
-0.102241
-0.0618442
-0.0230475
0.0110626
0.0437507
-0.608659
-0.5234
-0.450977
-0.389431
-0.335061
-0.285682
-0.240363
-0.198217
-0.158155
-0.119097
-0.0800882
-0.0404571
-0.000305214
0.0384834
0.072533
0.105015
-0.655908
-0.52848
-0.426894
-0.346206
-0.280506
-0.224231
-0.174427
-0.129676
-0.0884313
-0.049211
-0.0107858
0.027663
0.0660001
0.102142
0.132715
0.162166
-0.766536
-0.597708
-0.460345
-0.352609
-0.266637
-0.195192
-0.134766
-0.0830636
-0.0377172
0.0032612
0.0413668
0.0775673
0.111812
0.141845
0.163332
0.185712
-0.873876
-0.679544
-0.521734
-0.396687
-0.2965
-0.214462
-0.14704
-0.0908611
-0.042893
-0.0008845
0.0365267
0.0697401
0.0981625
0.120567
0.138516
0.157079
-0.939401
-0.742989
-0.591118
-0.470259
-0.369215
-0.283749
-0.211061
-0.149114
-0.0960243
-0.0492129
-0.00637081
0.0322907
0.0650574
0.0905374
0.10544
0.117604
-0.877918
-0.695831
-0.553015
-0.438362
-0.344641
-0.267694
-0.20361
-0.148747
-0.101048
-0.0606566
-0.0286354
-0.00442001
0.0132736
0.0245625
0.0303037
0.0397138
-0.661369
-0.521929
-0.409679
-0.318449
-0.244182
-0.183562
-0.134065
-0.0940308
-0.0623398
-0.038224
-0.020925
-0.00939282
-0.00259266
0.00041998
0.00136005
0.0107552
-0.304488
-0.233679
-0.173948
-0.124133
-0.082866
-0.0490667
-0.0220086
-0.00112221
0.0140598
0.0241661
0.0300981
0.0332839
0.0353561
0.0370561
0.038442
0.0509294
0.0101666
0.0259307
0.0418559
0.0566177
0.0696367
0.0803054
0.0883588
0.0941355
0.0982465
0.101151
0.103275
0.104989
0.107213
0.110542
0.113708
0.128961
0.146436
0.134875
0.130664
0.130781
0.133367
0.137255
0.141568
0.145585
0.149108
0.152384
0.155831
0.159995
0.165401
0.172098
0.176525
0.193315
0.212832
0.187528
0.173628
0.167678
0.16693
0.169475
0.174096
0.180028
0.186706
0.19381
0.201179
0.208842
0.21731
0.227553
0.232755
0.251751
0.293147
0.26645
0.251709
0.245474
0.245099
0.248699
0.254931
0.262855
0.271843
0.281522
0.291703
0.302326
0.313573
0.32625
0.332873
0.351767
0.393474
0.375931
0.368099
0.367386
0.371578
0.378944
0.388221
0.398903
0.41047
0.422261
0.433348
0.444135
0.455514
0.467452
0.476323
0.49572
0.50321
0.49784
0.498888
0.504568
0.513288
0.523654
0.534853
0.546752
0.559348
0.57267
0.587207
0.602478
0.617676
0.632347
0.64322
0.663001
0.609295
0.616924
0.628549
0.642971
0.659187
0.676283
0.693417
0.710379
0.727309
0.744224
0.761171
0.778146
0.795017
0.811044
0.822915
0.842885
0.726831
0.745038
0.765453
0.786985
0.808667
0.829866
0.850398
0.87041
0.890025
0.909271
0.928177
0.946791
0.964981
0.981908
0.99417
1.01417
0.846077
0.873739
0.900984
0.927505
0.952963
0.977005
0.999678
1.0214
1.04246
1.0629
1.08278
1.10216
1.12085
1.13806
1.15016
1.17005
0.964777
0.997982
1.02918
1.0585
1.08579
1.11093
1.13432
1.15665
1.17826
1.19913
1.21931
1.23881
1.25746
1.2745
1.28611
1.30592
1.06599
1.10492
1.1402
1.1721
1.20081
1.22669
1.25053
1.27326
1.29517
1.31614
1.33621
1.35541
1.37357
1.39017
1.40107
1.42075
1.15969
1.20123
1.2378
1.27058
1.2999
1.3262
1.35039
1.37333
1.39515
1.41581
1.43542
1.45397
1.47137
1.4874
1.49749
1.51695
1.25317
1.29299
1.32837
1.35982
1.38793
1.41335
1.43698
1.45935
1.48044
1.50033
1.51914
1.53681
1.55334
1.56882
1.57812
1.5974
1.34397
1.37941
1.41188
1.44062
1.46665
1.49051
1.51286
1.53401
1.55394
1.57277
1.59055
1.60721
1.62279
1.63772
1.64628
1.66538
1.41924
1.45063
1.47962
1.50601
1.53029
1.55284
1.57405
1.59409
1.61298
1.63085
1.64771
1.66348
1.67824
1.69276
1.70072
1.71969
1.47218
1.50085
1.52756
1.55256
1.57575
1.59745
1.61791
1.63718
1.65536
1.67255
1.68877
1.70392
1.71808
1.73236
1.73987
1.75876
1.50782
1.5348
1.55989
1.58385
1.60629
1.62732
1.64716
1.66586
1.68353
1.70024
1.716
1.73072
1.74446
1.75862
1.76581
1.78466
1.53122
1.55716
1.58168
1.60481
1.62649
1.64691
1.66622
1.68446
1.70172
1.71805
1.73346
1.74787
1.7613
1.7754
1.78235
1.80118
1.54449
1.5698
1.5941
1.6169
1.63814
1.65822
1.67721
1.69514
1.71212
1.72819
1.74338
1.7576
1.7708
1.78489
1.79162
1.81044
1.54855
1.5738
1.59778
1.6203
1.64147
1.66146
1.6803
1.6981
1.71495
1.73095
1.74608
1.76021
1.77322
1.78736
1.79387
1.81267
1.54432
1.56961
1.5935
1.61598
1.63718
1.65711
1.67588
1.69365
1.71053
1.72658
1.74174
1.75583
1.76863
1.78287
1.78912
1.80794
1.53325
1.55847
1.58235
1.6049
1.62611
1.64602
1.66483
1.68269
1.69966
1.71574
1.73086
1.74489
1.75745
1.77185
1.77782
1.79667
1.51697
1.54205
1.56587
1.58841
1.60961
1.62957
1.64847
1.6664
1.68338
1.69939
1.71442
1.7284
1.74067
1.75528
1.76095
1.77986
1.49666
1.52164
1.54534
1.56778
1.58898
1.60901
1.62796
1.64589
1.66283
1.67877
1.69371
1.70766
1.7196
1.73447
1.73985
1.7588
1.47314
1.49806
1.52168
1.544
1.56514
1.58519
1.60418
1.62209
1.63897
1.6548
1.66963
1.68362
1.69517
1.71038
1.71541
1.73452
1.44725
1.47212
1.4957
1.51795
1.53901
1.55898
1.57791
1.59574
1.61253
1.62828
1.64297
1.65709
1.66817
1.68377
1.68845
1.70761
1.41963
1.44458
1.46816
1.49033
1.51127
1.53108
1.54982
1.56753
1.58425
1.59991
1.61437
1.62879
1.63925
1.6554
1.6598
1.67907
1.39082
1.41582
1.43932
1.46143
1.4823
1.50203
1.52065
1.53822
1.55484
1.57048
1.58459
1.59939
1.60921
1.62579
1.62995
1.64931
1.36077
1.38579
1.40929
1.43143
1.45226
1.47191
1.49044
1.50788
1.52435
1.54011
1.55347
1.5689
1.57855
1.59512
1.59923
1.6186
1.32887
1.3539
1.37744
1.39951
1.4203
1.4399
1.45834
1.47573
1.4921
1.50762
1.52165
1.53625
1.5463
1.56265
1.56685
1.5862
1.29555
1.32051
1.34385
1.36586
1.38662
1.40617
1.42456
1.44192
1.45827
1.47359
1.48771
1.50211
1.51237
1.5286
1.53286
1.55219
1.26175
1.28649
1.30984
1.33184
1.35249
1.37193
1.39025
1.40754
1.42382
1.43918
1.45338
1.46775
1.47796
1.49421
1.49847
1.5178
1.22765
1.25249
1.27591
1.29795
1.31853
1.33785
1.35606
1.37324
1.3895
1.40487
1.41886
1.43344
1.44339
1.45985
1.46403
1.4834
1.19294
1.21758
1.2409
1.26299
1.28386
1.30344
1.3218
1.33907
1.35531
1.37061
1.38445
1.39912
1.40895
1.42545
1.42959
1.44899
1.15986
1.1844
1.20744
1.22913
1.24956
1.26886
1.28711
1.30434
1.32056
1.33595
1.34966
1.36459
1.3744
1.39079
1.39507
1.41447
1.12781
1.15232
1.17539
1.19707
1.21743
1.23661
1.25473
1.27183
1.28789
1.30327
1.31686
1.33138
1.34174
1.35765
1.36221
1.38149
1.09582
1.12029
1.14336
1.16503
1.18539
1.20456
1.22266
1.23974
1.25571
1.27093
1.28481
1.29901
1.30963
1.32531
1.33001
1.34922
1.06229
1.08681
1.1099
1.13158
1.15197
1.17118
1.18932
1.20645
1.22251
1.23771
1.25169
1.26581
1.27652
1.29215
1.29688
1.31609
1.02915
1.0536
1.07657
1.09819
1.11855
1.13775
1.15588
1.17298
1.18905
1.20422
1.21827
1.23231
1.24312
1.2587
1.26347
1.28267
0.996355
1.02078
1.04377
1.06542
1.08579
1.10498
1.12309
1.14016
1.15621
1.17134
1.1854
1.19935
1.21023
1.22571
1.23054
1.24971
0.96338
0.98788
1.01094
1.03264
1.05305
1.07227
1.09037
1.10742
1.12346
1.13857
1.15266
1.16659
1.17752
1.19296
1.19781
1.21698
0.930396
0.954937
0.978028
0.999754
1.0202
1.03944
1.05758
1.07465
1.0907
1.10581
1.11989
1.1338
1.14473
1.16016
1.16502
1.18418
0.897341
0.921914
0.945034
0.966788
0.987257
1.00651
1.02464
1.04169
1.05774
1.07285
1.08694
1.10085
1.11179
1.12722
1.13208
1.15124
0.864235
0.888826
0.911961
0.933727
0.954206
0.973478
0.991619
1.00869
1.02474
1.03985
1.05393
1.06785
1.07878
1.09421
1.09906
1.11823
0.831095
0.855695
0.878839
0.900613
0.921098
0.940368
0.958498
0.975558
0.991612
1.00672
1.02081
1.03473
1.04566
1.06111
1.06596
1.08512
0.797921
0.822528
0.845678
0.867456
0.887945
0.907224
0.925363
0.942426
0.958477
0.973586
0.987664
1.00159
1.01251
1.02795
1.0328
1.05197
0.764725
0.789335
0.812488
0.834268
0.854759
0.874034
0.892169
0.90923
0.925284
0.940395
0.954476
0.968405
0.979325
0.994775
0.999619
1.01879
0.731516
0.756129
0.779283
0.801066
0.821559
0.840838
0.858975
0.876037
0.892089
0.9072
0.921278
0.935205
0.946123
0.961572
0.966415
0.985583
0.698297
0.722911
0.746066
0.767849
0.788341
0.807618
0.825755
0.842816
0.858868
0.873979
0.888058
0.901988
0.912905
0.928357
0.933199
0.952368
0.665074
0.689686
0.712841
0.734623
0.755115
0.774393
0.792529
0.80959
0.825643
0.840754
0.854832
0.86876
0.879677
0.895127
0.899969
0.919137
0.631843
0.656454
0.679607
0.701388
0.721878
0.741155
0.75929
0.77635
0.7924
0.807509
0.821586
0.835515
0.846432
0.861883
0.866726
0.885895
0.598607
0.623215
0.646364
0.668142
0.68863
0.707903
0.726035
0.743094
0.759145
0.774256
0.788335
0.802261
0.81318
0.828626
0.83347
0.852637
0.565361
0.589963
0.613107
0.63488
0.655364
0.674636
0.692768
0.709826
0.725872
0.740977
0.755052
0.768976
0.779897
0.795345
0.80019
0.819358
0.5321
0.556693
0.579829
0.601595
0.622072
0.641336
0.659457
0.676506
0.692551
0.707658
0.721739
0.735657
0.746584
0.762017
0.766868
0.786031
0.498815
0.523391
0.546512
0.568265
0.58873
0.607984
0.626104
0.643154
0.659192
0.674286
0.688356
0.702264
0.713196
0.728628
0.733482
0.752649
0.465495
0.490045
0.513142
0.534874
0.555321
0.574558
0.592655
0.609681
0.625707
0.640802
0.654885
0.668782
0.679731
0.695131
0.700001
0.719154
0.43211
0.456613
0.479668
0.501362
0.521775
0.540984
0.559064
0.576082
0.592094
0.607164
0.621224
0.635085
0.64605
0.66143
0.666316
0.68547
0.398612
0.423034
0.446016
0.467644
0.487999
0.507156
0.525182
0.542146
0.558122
0.57317
0.587235
0.601067
0.612068
0.627385
0.632304
0.651436
0.36492
0.389203
0.41206
0.433576
0.453831
0.472901
0.490855
0.507761
0.523684
0.538685
0.552724
0.566476
0.577526
0.592768
0.597736
0.616852
0.330897
0.354944
0.377588
0.398912
0.418996
0.437914
0.455737
0.472534
0.488368
0.503296
0.517305
0.530961
0.54209
0.55718
0.562232
0.581306
0.29634
0.319995
0.342285
0.363293
0.383095
0.401766
0.419375
0.435988
0.451668
0.466467
0.480398
0.4939
0.505123
0.520029
0.525194
0.54422
0.26081
0.283785
0.305457
0.325908
0.345212
0.36344
0.38066
0.396942
0.412346
0.426924
0.440705
0.453975
0.465324
0.479854
0.485227
0.504139
0.223858
0.245745
0.266439
0.286018
0.304553
0.322109
0.338754
0.354554
0.369568
0.383838
0.397401
0.410424
0.421848
0.4361
0.441652
0.460521
0.183956
0.203867
0.222742
0.240652
0.25766
0.273824
0.289214
0.303896
0.317934
0.331382
0.344279
0.356698
0.368041
0.381529
0.387429
0.406046
0.141033
0.158174
0.17458
0.190319
0.205451
0.220025
0.234107
0.247821
0.261246
0.274359
0.287121
0.29948
0.311075
0.324371
0.330651
0.349222
0.0889902
0.100501
0.111561
0.122212
0.132495
0.142465
0.152224
0.161913
0.171601
0.181339
0.191185
0.201142
0.21104
0.22282
0.228731
0.247001
0.0379941
0.0446715
0.0514854
0.0585062
0.0657978
0.0733954
0.0813217
0.0896067
0.0982206
0.107111
0.11624
0.125553
0.134983
0.145016
0.153558
0.165742
)
;

boundaryField
{
    frontAndBack
    {
        type            empty;
    }
    inlet
    {
        type            zeroGradient;
    }
    outlet
    {
        type            fixedValue;
        value           uniform 0;
    }
    walls
    {
        type            zeroGradient;
    }
}


// ************************************************************************* //
