/*--------------------------------*- C++ -*----------------------------------*\
| =========                 |                                                 |
| \\      /  F ield         | OpenFOAM: The Open Source CFD Toolbox           |
|  \\    /   O peration     | Version:  v2012                                 |
|   \\  /    A nd           | Website:  www.openfoam.com                      |
|    \\/     M anipulation  |                                                 |
\*---------------------------------------------------------------------------*/
FoamFile
{
    version     2.0;
    format      ascii;
    class       volScalarField;
    location    "0.052";
    object      p;
}
// * * * * * * * * * * * * * * * * * * * * * * * * * * * * * * * * * * * * * //

dimensions      [0 2 -2 0 0 0 0];


internalField   nonuniform List<scalar> 
5600
(
-0.810768
-1.26891
-1.6493
-1.96784
-2.27881
-2.58902
-2.89026
-3.17211
-3.43506
-3.685
-3.92199
-4.14686
-4.36056
-4.56613
-4.76693
-4.96401
-5.15677
-5.34615
-5.53241
-5.71581
-5.89747
-6.07665
-6.25312
-6.42799
-6.60028
-6.76852
-6.93265
-7.09248
-7.24879
-7.40305
-7.55554
-7.70722
-7.85788
-8.00794
-8.1582
-8.30865
-8.45935
-8.61031
-8.76138
-8.91253
-9.06373
-9.21496
-9.36621
-9.51748
-9.66875
-9.82002
-9.97129
-10.1226
-10.2738
-10.4251
-10.5764
-10.7277
-10.8789
-11.0302
-11.1815
-11.3328
-11.4841
-11.6353
-11.7866
-11.9379
-12.0892
-12.2404
-12.3917
-12.543
-12.6942
-12.8456
-12.9968
-13.1482
-13.2993
-13.4508
-13.6017
-13.7534
-13.9043
-14.0559
-14.2069
-14.3585
-14.5093
-14.6613
-14.8112
-14.9647
-15.1131
-15.2673
-15.4171
-15.5666
-15.7237
-15.8647
-16.0304
-16.1671
-16.3271
-16.482
-16.6193
-16.7894
-16.9113
-17.0912
-17.2154
-17.355
-17.4779
-17.5191
-17.4274
-16.6047
-0.869803
-1.2891
-1.66591
-1.98567
-2.2968
-2.60733
-2.90852
-3.19064
-3.45392
-3.7039
-3.94114
-4.16633
-4.38035
-4.58627
-4.78742
-4.98481
-5.17789
-5.36751
-5.55391
-5.73744
-5.91934
-6.09863
-6.27517
-6.45023
-6.62274
-6.79122
-6.9556
-7.1156
-7.27204
-7.42644
-7.57879
-7.73035
-7.881
-8.03102
-8.18128
-8.33174
-8.48246
-8.63342
-8.7845
-8.93566
-9.08686
-9.23809
-9.38935
-9.54061
-9.69188
-9.84315
-9.99443
-10.1457
-10.297
-10.4483
-10.5995
-10.7508
-10.9021
-11.0534
-11.2046
-11.3559
-11.5072
-11.6585
-11.8097
-11.961
-12.1123
-12.2636
-12.4148
-12.5661
-12.7174
-12.8687
-13.0199
-13.1713
-13.3224
-13.4739
-13.6249
-13.7765
-13.9275
-14.079
-14.2301
-14.3816
-14.5325
-14.6844
-14.8346
-14.9875
-15.1367
-15.2899
-15.4407
-15.5898
-15.7462
-15.8892
-16.0512
-16.1924
-16.3492
-16.5051
-16.6439
-16.8086
-16.9384
-17.1098
-17.2432
-17.3752
-17.5034
-17.5381
-17.46
-16.6996
-0.90805
-1.30173
-1.67865
-1.99904
-2.30801
-2.61603
-2.91616
-3.19785
-3.46089
-3.71061
-3.94752
-4.17273
-4.38684
-4.59285
-4.794
-4.99133
-5.18439
-5.37409
-5.5605
-5.74397
-5.92575
-6.10515
-6.282
-6.45715
-6.62963
-6.798
-6.96214
-7.12212
-7.27822
-7.43245
-7.58539
-7.73728
-7.88807
-8.03815
-8.18841
-8.33883
-8.48951
-8.64044
-8.7915
-8.94264
-9.09383
-9.24506
-9.39631
-9.54757
-9.69884
-9.85012
-10.0014
-10.1527
-10.3039
-10.4552
-10.6065
-10.7578
-10.909
-11.0603
-11.2116
-11.3629
-11.5141
-11.6654
-11.8167
-11.968
-12.1193
-12.2705
-12.4218
-12.5731
-12.7243
-12.8757
-13.0269
-13.1782
-13.3294
-13.4808
-13.6319
-13.7834
-13.9345
-14.0859
-14.237
-14.3885
-14.5395
-14.6913
-14.8415
-14.9944
-15.1437
-15.2968
-15.4478
-15.5966
-15.7531
-15.8964
-16.0575
-16.2001
-16.3552
-16.512
-16.6521
-16.8136
-16.9514
-17.1126
-17.252
-17.3858
-17.5158
-17.5563
-17.4866
-16.8593
-0.956774
-1.3182
-1.69404
-2.0159
-2.32358
-2.63067
-2.93118
-3.21346
-3.47714
-3.72725
-3.96468
-4.18983
-4.40451
-4.61079
-4.81192
-5.0091
-5.20196
-5.39151
-5.5777
-5.76088
-5.94242
-6.12166
-6.29849
-6.47389
-6.64692
-6.81598
-6.98089
-7.1415
-7.29864
-7.45367
-7.60542
-7.75693
-7.9074
-8.05751
-8.20779
-8.35827
-8.50901
-8.65998
-8.81107
-8.96223
-9.11343
-9.26467
-9.41593
-9.56719
-9.71846
-9.86974
-10.021
-10.1723
-10.3236
-10.4748
-10.6261
-10.7774
-10.9287
-11.0799
-11.2312
-11.3825
-11.5338
-11.685
-11.8363
-11.9876
-12.1389
-12.2902
-12.4414
-12.5927
-12.744
-12.8953
-13.0465
-13.1978
-13.3491
-13.5004
-13.6516
-13.8029
-13.9542
-14.1055
-14.2567
-14.4081
-14.5592
-14.7106
-14.8618
-15.0132
-15.1644
-15.3157
-15.4674
-15.6181
-15.7697
-15.9208
-16.0724
-16.2232
-16.3755
-16.5286
-16.6784
-16.8261
-16.9775
-17.1304
-17.2754
-17.4092
-17.5341
-17.5865
-17.5282
-17.0726
-1.0064
-1.33532
-1.70978
-2.03409
-2.34015
-2.64643
-2.94666
-3.22871
-3.49241
-3.74242
-3.98003
-4.20482
-4.41974
-4.6264
-4.82772
-5.02501
-5.21792
-5.40758
-5.59403
-5.77728
-5.95882
-6.13811
-6.31491
-6.49008
-6.66266
-6.8315
-6.99626
-7.15662
-7.31314
-7.46678
-7.62013
-7.77224
-7.92288
-8.07309
-8.22332
-8.37374
-8.52442
-8.67534
-8.8264
-8.97754
-9.12873
-9.27996
-9.43121
-9.58247
-9.73374
-9.88501
-10.0363
-10.1876
-10.3388
-10.4901
-10.6414
-10.7927
-10.9439
-11.0952
-11.2465
-11.3978
-11.549
-11.7003
-11.8516
-12.0029
-12.1542
-12.3054
-12.4567
-12.608
-12.7593
-12.9105
-13.0618
-13.2131
-13.3644
-13.5156
-13.667
-13.8181
-13.9695
-14.1207
-14.2721
-14.4232
-14.5747
-14.7257
-14.8774
-15.0281
-15.18
-15.3308
-15.4824
-15.6339
-15.7833
-15.9376
-16.0866
-16.2392
-16.39
-16.5426
-16.6948
-16.839
-16.9965
-17.1442
-17.2917
-17.4263
-17.553
-17.6214
-17.5862
-17.3144
-1.05643
-1.35464
-1.72707
-2.05436
-2.35876
-2.66409
-2.96398
-3.24599
-3.50992
-3.7602
-3.998
-4.22306
-4.4383
-4.64535
-4.84685
-5.04416
-5.23718
-5.42675
-5.61325
-5.79664
-5.9781
-6.15739
-6.33425
-6.50932
-6.68182
-6.85086
-7.01582
-7.17653
-7.33365
-7.48863
-7.64073
-7.79253
-7.94316
-8.09328
-8.24355
-8.39405
-8.54478
-8.69572
-8.84679
-8.99795
-9.14915
-9.30038
-9.45164
-9.6029
-9.75417
-9.90544
-10.0567
-10.208
-10.3593
-10.5105
-10.6618
-10.8131
-10.9644
-11.1156
-11.2669
-11.4182
-11.5695
-11.7208
-11.872
-12.0233
-12.1746
-12.3259
-12.4771
-12.6284
-12.7797
-12.931
-13.0823
-13.2335
-13.3848
-13.536
-13.6874
-13.8386
-13.9899
-14.1411
-14.2925
-14.4437
-14.5951
-14.7461
-14.8978
-15.0486
-15.2004
-15.3514
-15.5026
-15.6547
-15.8036
-15.9585
-16.1073
-16.2601
-16.4115
-16.5619
-16.7159
-16.8609
-17.0177
-17.1665
-17.3127
-17.4494
-17.5787
-17.662
-17.6662
-17.5614
-1.10585
-1.37646
-1.74614
-2.07665
-2.37957
-2.68389
-2.98349
-3.26554
-3.52966
-3.7801
-4.01799
-4.24325
-4.4586
-4.66589
-4.8675
-5.06483
-5.25794
-5.44749
-5.63399
-5.8175
-5.99898
-6.17831
-6.3553
-6.53037
-6.70272
-6.87148
-7.03621
-7.19677
-7.3536
-7.50671
-7.66086
-7.81299
-7.96369
-8.11383
-8.2641
-8.41458
-8.56525
-8.71615
-8.8672
-9.01834
-9.16953
-9.32075
-9.472
-9.62326
-9.77453
-9.9258
-10.0771
-10.2284
-10.3796
-10.5309
-10.6822
-10.8335
-10.9847
-11.136
-11.2873
-11.4386
-11.5898
-11.7411
-11.8924
-12.0437
-12.1949
-12.3462
-12.4975
-12.6488
-12.8001
-12.9513
-13.1026
-13.2539
-13.4052
-13.5564
-13.7077
-13.859
-14.0103
-14.1615
-14.3128
-14.464
-14.6155
-14.7665
-14.9181
-15.069
-15.2207
-15.3717
-15.523
-15.6748
-15.8243
-15.9785
-16.1277
-16.2801
-16.4312
-16.5823
-16.7354
-16.8814
-17.0377
-17.1869
-17.3338
-17.4753
-17.6096
-17.7081
-17.7603
-17.804
-1.15282
-1.40095
-1.76756
-2.10112
-2.40282
-2.70616
-3.00555
-3.28765
-3.5519
-3.80245
-4.04041
-4.26586
-4.48133
-4.68886
-4.89061
-5.088
-5.28122
-5.47078
-5.65725
-5.84088
-6.02239
-6.20172
-6.3788
-6.55383
-6.726
-6.89469
-7.05948
-7.22024
-7.37747
-7.5326
-7.68517
-7.83703
-7.98772
-8.13788
-8.28822
-8.43877
-8.58947
-8.74037
-8.89143
-9.04257
-9.19376
-9.34499
-9.49624
-9.6475
-9.79877
-9.95004
-10.1013
-10.2526
-10.4039
-10.5551
-10.7064
-10.8577
-11.009
-11.1602
-11.3115
-11.4628
-11.6141
-11.7654
-11.9166
-12.0679
-12.2192
-12.3705
-12.5217
-12.673
-12.8243
-12.9756
-13.1268
-13.2781
-13.4294
-13.5807
-13.732
-13.8832
-14.0345
-14.1858
-14.3371
-14.4883
-14.6397
-14.7908
-14.9423
-15.0933
-15.2449
-15.396
-15.5472
-15.6989
-15.849
-16.0023
-16.1525
-16.3043
-16.456
-16.6068
-16.7596
-16.9076
-17.0619
-17.213
-17.3604
-17.5043
-17.6444
-17.7617
-17.8646
-18.0432
-1.1958
-1.42802
-1.7919
-2.1279
-2.42871
-2.73124
-3.03049
-3.3126
-3.57695
-3.82758
-4.06561
-4.29125
-4.50681
-4.71449
-4.91634
-5.11377
-5.30706
-5.49663
-5.68306
-5.86675
-6.04828
-6.22759
-6.40474
-6.57977
-6.75184
-6.92045
-7.08519
-7.24591
-7.40297
-7.55724
-7.71034
-7.86239
-8.01324
-8.16338
-8.3137
-8.46427
-8.61495
-8.76584
-8.91688
-9.06801
-9.2192
-9.37043
-9.52168
-9.67294
-9.8242
-9.97548
-10.1268
-10.278
-10.4293
-10.5806
-10.7319
-10.8831
-11.0344
-11.1857
-11.337
-11.4882
-11.6395
-11.7908
-11.9421
-12.0933
-12.2446
-12.3959
-12.5472
-12.6984
-12.8497
-13.001
-13.1523
-13.3035
-13.4548
-13.6061
-13.7574
-13.9086
-14.0599
-14.2112
-14.3625
-14.5137
-14.6651
-14.8163
-14.9677
-15.1188
-15.2703
-15.4215
-15.5727
-15.7243
-15.8746
-16.0275
-16.1779
-16.3296
-16.4812
-16.6323
-16.7846
-16.933
-17.087
-17.2386
-17.388
-17.536
-17.6835
-17.8221
-17.9767
-18.273
-1.23298
-1.45722
-1.81975
-2.15717
-2.45746
-2.75954
-3.05874
-3.34082
-3.60521
-3.85593
-4.09399
-4.31973
-4.53534
-4.74309
-4.94501
-5.14245
-5.33581
-5.5254
-5.71181
-5.89554
-6.07709
-6.25636
-6.43356
-6.60862
-6.78063
-6.94917
-7.1139
-7.27464
-7.4322
-7.5868
-7.73983
-7.89172
-8.04263
-8.1928
-8.34317
-8.49375
-8.64442
-8.79529
-8.94633
-9.09746
-9.24865
-9.39987
-9.55112
-9.70238
-9.85365
-10.0049
-10.1562
-10.3075
-10.4587
-10.61
-10.7613
-10.9126
-11.0639
-11.2151
-11.3664
-11.5177
-11.669
-11.8202
-11.9715
-12.1228
-12.2741
-12.4253
-12.5766
-12.7279
-12.8792
-13.0304
-13.1817
-13.333
-13.4843
-13.6355
-13.7868
-13.9381
-14.0894
-14.2406
-14.3919
-14.5432
-14.6945
-14.8457
-14.9971
-15.1483
-15.2997
-15.4509
-15.6021
-15.7536
-15.9043
-16.0567
-16.2076
-16.3591
-16.5107
-16.6619
-16.814
-16.9638
-17.1171
-17.2699
-17.4206
-17.5717
-17.7278
-17.8892
-18.0948
-18.4892
-1.26034
-1.48651
-1.85016
-2.18751
-2.48769
-2.78993
-3.0892
-3.37114
-3.63554
-3.88632
-4.12437
-4.35009
-4.56568
-4.77342
-4.97537
-5.17281
-5.36617
-5.55579
-5.74219
-5.92593
-6.10747
-6.28668
-6.46388
-6.63898
-6.81099
-6.97952
-7.14423
-7.30491
-7.46215
-7.61655
-7.76956
-7.92143
-8.07229
-8.22241
-8.37277
-8.5234
-8.67411
-8.825
-8.97604
-9.12717
-9.27835
-9.42958
-9.58083
-9.73209
-9.88335
-10.0346
-10.1859
-10.3372
-10.4885
-10.6397
-10.791
-10.9423
-11.0936
-11.2448
-11.3961
-11.5474
-11.6987
-11.8499
-12.0012
-12.1525
-12.3038
-12.455
-12.6063
-12.7576
-12.9089
-13.0601
-13.2114
-13.3627
-13.514
-13.6652
-13.8165
-13.9678
-14.1191
-14.2704
-14.4216
-14.5729
-14.7242
-14.8754
-15.0268
-15.178
-15.3294
-15.4806
-15.6319
-15.7833
-15.9342
-16.0862
-16.2373
-16.3887
-16.5404
-16.6917
-16.8435
-16.9937
-17.1468
-17.3
-17.4528
-17.6084
-17.7737
-17.9574
-18.2093
-18.679
-1.27512
-1.51316
-1.88022
-2.21598
-2.51647
-2.81946
-3.11892
-3.40064
-3.66499
-3.91583
-4.1538
-4.3794
-4.5949
-4.80254
-5.00449
-5.20188
-5.3952
-5.58487
-5.77124
-5.95499
-6.13649
-6.31561
-6.49278
-6.66792
-6.83999
-7.00858
-7.17331
-7.33399
-7.49129
-7.64585
-7.79899
-7.95098
-8.10185
-8.25206
-8.40237
-8.55289
-8.70355
-8.85443
-9.00546
-9.15659
-9.30778
-9.45901
-9.61025
-9.76151
-9.91278
-10.0641
-10.2153
-10.3666
-10.5179
-10.6692
-10.8204
-10.9717
-11.123
-11.2743
-11.4255
-11.5768
-11.7281
-11.8794
-12.0306
-12.1819
-12.3332
-12.4845
-12.6357
-12.787
-12.9383
-13.0896
-13.2409
-13.3921
-13.5434
-13.6947
-13.846
-13.9972
-14.1485
-14.2998
-14.4511
-14.6023
-14.7536
-14.9049
-15.0562
-15.2074
-15.3588
-15.5101
-15.6613
-15.8127
-15.9637
-16.1155
-16.2668
-16.4182
-16.5698
-16.7212
-16.8729
-17.0239
-17.1769
-17.3312
-17.4855
-17.644
-17.8174
-18.02
-18.3088
-18.8305
-1.27884
-1.53673
-1.90825
-2.24133
-2.54253
-2.84663
-3.14635
-3.42777
-3.69207
-3.94294
-4.1808
-4.40624
-4.62159
-4.82905
-5.03096
-5.22827
-5.42155
-5.61128
-5.79762
-5.98135
-6.1628
-6.34182
-6.51894
-6.69413
-6.86631
-7.03496
-7.1997
-7.36031
-7.51742
-7.67177
-7.82468
-7.97657
-8.12718
-8.27725
-8.4276
-8.57822
-8.72896
-8.87986
-9.03091
-9.18205
-9.33324
-9.48447
-9.63572
-9.78698
-9.93825
-10.0895
-10.2408
-10.3921
-10.5433
-10.6946
-10.8459
-10.9972
-11.1484
-11.2997
-11.451
-11.6023
-11.7536
-11.9048
-12.0561
-12.2074
-12.3587
-12.5099
-12.6612
-12.8125
-12.9638
-13.115
-13.2663
-13.4176
-13.5689
-13.7201
-13.8714
-14.0227
-14.174
-14.3253
-14.4765
-14.6278
-14.7791
-14.9304
-15.0817
-15.2329
-15.3842
-15.5355
-15.6868
-15.8381
-15.9893
-16.141
-16.2923
-16.4436
-16.5953
-16.7467
-16.8983
-17.0496
-17.2025
-17.3569
-17.5123
-17.6746
-17.8553
-18.0731
-18.39
-18.9462
-1.27376
-1.55806
-1.93421
-2.26399
-2.56624
-2.87161
-3.17161
-3.4527
-3.71692
-3.96778
-4.20552
-4.43076
-4.64595
-4.85319
-5.05503
-5.25223
-5.44546
-5.63526
-5.82156
-6.00524
-6.18664
-6.36555
-6.54261
-6.7179
-6.89025
-7.05896
-7.2237
-7.38427
-7.54138
-7.69582
-7.84885
-8.0009
-8.1516
-8.30184
-8.45209
-8.60251
-8.75318
-8.90407
-9.05511
-9.20624
-9.35743
-9.50866
-9.6599
-9.81117
-9.96243
-10.1137
-10.265
-10.4163
-10.5675
-10.7188
-10.8701
-11.0214
-11.1726
-11.3239
-11.4752
-11.6265
-11.7777
-11.929
-12.0803
-12.2316
-12.3828
-12.5341
-12.6854
-12.8367
-12.988
-13.1392
-13.2905
-13.4418
-13.5931
-13.7443
-13.8956
-14.0469
-14.1982
-14.3494
-14.5007
-14.652
-14.8033
-14.9545
-15.1059
-15.2571
-15.4084
-15.5597
-15.711
-15.8623
-16.0135
-16.1651
-16.3166
-16.4679
-16.6195
-16.771
-16.9226
-17.0742
-17.2271
-17.3825
-17.5397
-17.7029
-17.8891
-18.1186
-18.4566
-19.0361
-1.26243
-1.57752
-1.95783
-2.28422
-2.58779
-2.8945
-3.19489
-3.47565
-3.73977
-3.99055
-4.22815
-4.45316
-4.6681
-4.87509
-5.07685
-5.27394
-5.46711
-5.65697
-5.84322
-6.02683
-6.20811
-6.38689
-6.56386
-6.73921
-6.91177
-7.08073
-7.24547
-7.40584
-7.56269
-7.71686
-7.86959
-8.02131
-8.17187
-8.32191
-8.47217
-8.62274
-8.77351
-8.92444
-9.07551
-9.22665
-9.37785
-9.52908
-9.68034
-9.8316
-9.98287
-10.1341
-10.2854
-10.4367
-10.588
-10.7392
-10.8905
-11.0418
-11.1931
-11.3443
-11.4956
-11.6469
-11.7982
-11.9495
-12.1007
-12.252
-12.4033
-12.5546
-12.7058
-12.8571
-13.0084
-13.1597
-13.3109
-13.4622
-13.6135
-13.7648
-13.916
-14.0673
-14.2186
-14.3699
-14.5212
-14.6724
-14.8237
-14.975
-15.1263
-15.2776
-15.4289
-15.5802
-15.7314
-15.8827
-16.034
-16.1855
-16.337
-16.4883
-16.6399
-16.7914
-16.9429
-17.0947
-17.2474
-17.4029
-17.5597
-17.7272
-17.9179
-18.1569
-18.5107
-19.1064
-1.2469
-1.5955
-1.97906
-2.30239
-2.60735
-2.91527
-3.21612
-3.49661
-3.76068
-4.01136
-4.24888
-4.47373
-4.6883
-4.89498
-5.09671
-5.29369
-5.48689
-5.67676
-5.86294
-6.04673
-6.22785
-6.40647
-6.58339
-6.75884
-6.93149
-7.10048
-7.2653
-7.42569
-7.58259
-7.73691
-7.88979
-8.04173
-8.19236
-8.34265
-8.49288
-8.64325
-8.79393
-8.94484
-9.09588
-9.24702
-9.39821
-9.54944
-9.70069
-9.85195
-10.0032
-10.1545
-10.3058
-10.457
-10.6083
-10.7596
-10.9109
-11.0621
-11.2134
-11.3647
-11.516
-11.6672
-11.8185
-11.9698
-12.1211
-12.2724
-12.4236
-12.5749
-12.7262
-12.8775
-13.0287
-13.18
-13.3313
-13.4826
-13.6338
-13.7851
-13.9364
-14.0877
-14.2389
-14.3902
-14.5415
-14.6928
-14.8441
-14.9953
-15.1466
-15.2979
-15.4492
-15.6005
-15.7518
-15.9031
-16.0543
-16.2059
-16.3574
-16.5086
-16.6603
-16.8117
-16.9635
-17.1152
-17.2684
-17.4245
-17.5825
-17.7506
-17.9431
-18.1896
-18.5544
-19.1617
-1.22817
-1.61219
-1.99811
-2.31924
-2.62555
-2.93434
-3.2354
-3.51546
-3.77945
-4.02986
-4.26715
-4.4923
-4.70631
-4.91255
-5.11405
-5.31094
-5.50411
-5.69379
-5.87981
-6.06366
-6.24469
-6.42334
-6.60041
-6.77615
-6.94898
-7.11772
-7.28226
-7.44234
-7.59888
-7.75283
-7.90542
-8.05719
-8.2075
-8.35755
-8.50783
-8.65835
-8.80913
-8.96009
-9.11117
-9.26233
-9.41353
-9.56477
-9.71602
-9.86728
-10.0186
-10.1698
-10.3211
-10.4724
-10.6237
-10.7749
-10.9262
-11.0775
-11.2288
-11.38
-11.5313
-11.6826
-11.8339
-11.9851
-12.1364
-12.2877
-12.439
-12.5902
-12.7415
-12.8928
-13.0441
-13.1953
-13.3466
-13.4979
-13.6492
-13.8005
-13.9517
-14.103
-14.2543
-14.4056
-14.5568
-14.7081
-14.8594
-15.0107
-15.162
-15.3132
-15.4645
-15.6158
-15.7671
-15.9184
-16.0696
-16.2212
-16.3726
-16.524
-16.6756
-16.827
-16.979
-17.1302
-17.284
-17.439
-17.5963
-17.7687
-17.9636
-18.2166
-18.5883
-19.2042
-1.20732
-1.62652
-2.0137
-2.33418
-2.64244
-2.95281
-3.2542
-3.53383
-3.79781
-4.04805
-4.28517
-4.51059
-4.7242
-4.93023
-5.13177
-5.32889
-5.52228
-5.71227
-5.89861
-6.08271
-6.264
-6.44279
-6.61994
-6.79553
-6.96809
-7.13661
-7.30103
-7.46116
-7.61785
-7.77202
-7.92478
-8.07669
-8.22737
-8.37749
-8.52776
-8.67817
-8.82886
-8.97977
-9.13082
-9.28196
-9.43315
-9.58438
-9.73563
-9.88689
-10.0382
-10.1894
-10.3407
-10.492
-10.6433
-10.7945
-10.9458
-11.0971
-11.2484
-11.3996
-11.5509
-11.7022
-11.8535
-12.0047
-12.156
-12.3073
-12.4586
-12.6098
-12.7611
-12.9124
-13.0637
-13.2149
-13.3662
-13.5175
-13.6688
-13.8201
-13.9713
-14.1226
-14.2739
-14.4252
-14.5764
-14.7277
-14.879
-15.0303
-15.1816
-15.3328
-15.4841
-15.6354
-15.7867
-15.938
-16.0892
-16.2409
-16.3922
-16.5437
-16.6951
-16.8467
-16.9987
-17.1498
-17.3043
-17.4587
-17.6193
-17.7892
-17.9838
-18.2394
-18.6146
-19.2357
-1.19271
-1.64109
-2.02595
-2.34371
-2.6528
-2.96496
-3.26685
-3.54596
-3.81009
-4.06028
-4.29736
-4.52243
-4.73578
-4.94165
-5.14314
-5.34024
-5.53347
-5.72327
-5.90943
-6.0934
-6.2744
-6.45272
-6.62956
-6.80484
-6.97711
-7.14531
-7.30938
-7.46915
-7.62551
-7.7794
-7.93198
-8.08371
-8.23422
-8.38424
-8.5345
-8.68497
-8.83572
-8.98667
-9.13774
-9.28889
-9.44009
-9.59132
-9.74257
-9.89384
-10.0451
-10.1964
-10.3477
-10.4989
-10.6502
-10.8015
-10.9528
-11.104
-11.2553
-11.4066
-11.5579
-11.7091
-11.8604
-12.0117
-12.163
-12.3142
-12.4655
-12.6168
-12.7681
-12.9193
-13.0706
-13.2219
-13.3732
-13.5245
-13.6757
-13.827
-13.9783
-14.1296
-14.2808
-14.4321
-14.5834
-14.7347
-14.886
-15.0372
-15.1885
-15.3398
-15.4911
-15.6424
-15.7937
-15.945
-16.0962
-16.2478
-16.3991
-16.5507
-16.7021
-16.8536
-17.0056
-17.1566
-17.3112
-17.4652
-17.6254
-17.7962
-17.9938
-18.2525
-18.6303
-19.2543
-1.16224
-1.65592
-2.04957
-2.36785
-2.67715
-2.98983
-3.29245
-3.5706
-3.83508
-4.08537
-4.32233
-4.54721
-4.76037
-4.96595
-5.16715
-5.36402
-5.55707
-5.74674
-5.93283
-6.1167
-6.29772
-6.47607
-6.65284
-6.82802
-7.00019
-7.16832
-7.33235
-7.49213
-7.64852
-7.80245
-7.95505
-8.10684
-8.25738
-8.40744
-8.55771
-8.70817
-8.8589
-9.00984
-9.1609
-9.31204
-9.46324
-9.61447
-9.76572
-9.91699
-10.0683
-10.2195
-10.3708
-10.5221
-10.6734
-10.8246
-10.9759
-11.1272
-11.2785
-11.4297
-11.581
-11.7323
-11.8836
-12.0348
-12.1861
-12.3374
-12.4887
-12.6399
-12.7912
-12.9425
-13.0938
-13.245
-13.3963
-13.5476
-13.6989
-13.8502
-14.0014
-14.1527
-14.304
-14.4553
-14.6065
-14.7578
-14.9091
-15.0604
-15.2117
-15.3629
-15.5142
-15.6655
-15.8168
-15.9681
-16.1193
-16.271
-16.4222
-16.5739
-16.7252
-16.8768
-17.0288
-17.1798
-17.3345
-17.4884
-17.6493
-17.8194
-18.0167
-18.2742
-18.6516
-19.2751
-17.1757
-22.7991
-29.2039
-32.8959
-34.0181
-28.814
-16.8177
-6.8938
-1.70067
0.691612
1.63904
2.10269
2.43462
2.69341
2.87806
2.99356
3.06019
3.09488
3.10722
3.10449
3.08922
3.06107
3.02355
2.9878
2.95591
2.92366
2.88875
2.84993
2.81293
2.77587
2.73789
2.69979
2.66157
2.62316
2.58483
2.54639
2.50793
2.46945
2.43096
2.39247
2.35398
2.31548
2.27699
2.23849
2.2
2.1615
2.123
2.08451
2.04601
2.00752
1.96902
1.93052
1.89203
1.85353
1.81504
1.77654
1.73804
1.69955
1.66105
1.62255
1.58406
1.54556
1.50706
1.46857
1.43007
1.39157
1.35308
1.31458
1.27608
1.23759
1.19909
1.16059
1.1221
1.0836
1.0451
1.00661
0.968109
0.929612
0.891115
0.852617
0.81412
0.775622
0.737123
0.698623
0.660122
0.621618
0.583108
0.544589
0.506051
0.46748
0.428847
0.390109
0.351179
0.311912
0.272007
0.231089
0.188048
0.142489
0.0898146
0.0366427
-17.2904
-22.7395
-29.0051
-32.5875
-33.5162
-28.4735
-16.5536
-7.1047
-2.01684
0.412664
1.43529
1.97657
2.36178
2.65168
2.85235
2.97637
3.04688
3.08272
3.09522
3.09233
3.07632
3.04778
3.01055
2.97571
2.94393
2.91112
2.87526
2.83727
2.80029
2.76316
2.72522
2.68709
2.64884
2.6104
2.57207
2.53363
2.49516
2.45668
2.41819
2.3797
2.3412
2.30271
2.26421
2.22572
2.18722
2.14873
2.11023
2.07173
2.03324
1.99474
1.95625
1.91775
1.87925
1.84076
1.80226
1.76377
1.72527
1.68677
1.64828
1.60978
1.57128
1.53279
1.49429
1.45579
1.4173
1.3788
1.3403
1.30181
1.26331
1.22481
1.18632
1.14782
1.10932
1.07083
1.03233
0.993832
0.955335
0.916838
0.878341
0.839844
0.801346
0.762848
0.72435
0.685851
0.64735
0.608847
0.57034
0.531826
0.493297
0.454741
0.416136
0.377448
0.338608
0.299501
0.259889
0.219472
0.177368
0.133256
0.0834652
0.0331974
-17.5194
-22.7065
-28.7261
-32.1655
-32.8715
-28.0024
-16.2529
-7.32469
-2.34898
0.10287
1.21189
1.83841
2.28221
2.60622
2.82437
2.95759
3.03234
3.06945
3.0821
3.07899
3.06226
3.03316
2.99616
2.9621
2.93072
2.89715
2.86056
2.82332
2.78637
2.74905
2.71116
2.67302
2.63475
2.59628
2.55795
2.51949
2.48102
2.44254
2.40405
2.36556
2.32706
2.28857
2.25007
2.21158
2.17308
2.13458
2.09609
2.05759
2.0191
1.9806
1.9421
1.90361
1.86511
1.82662
1.78812
1.74962
1.71113
1.67263
1.63413
1.59564
1.55714
1.51864
1.48015
1.44165
1.40315
1.36466
1.32616
1.28766
1.24917
1.21067
1.17217
1.13368
1.09518
1.05668
1.01819
0.97969
0.941193
0.902695
0.864198
0.825701
0.787204
0.748706
0.710208
0.671709
0.63321
0.594708
0.556204
0.517695
0.479176
0.440637
0.402063
0.363431
0.324692
0.285766
0.24648
0.206627
0.16557
0.123077
0.0764981
0.029441
-17.7916
-22.6522
-28.3484
-31.6072
-32.0511
-27.2837
-15.9885
-7.55393
-2.70827
-0.236652
0.967684
1.68727
2.19562
2.55688
2.79411
2.93724
3.01652
3.05501
3.06778
3.06436
3.0469
3.01723
2.98022
2.94669
2.91608
2.88154
2.84461
2.80794
2.77096
2.73346
2.69559
2.65744
2.61914
2.58058
2.5423
2.50384
2.46537
2.42688
2.38839
2.3499
2.3114
2.27291
2.23441
2.19592
2.15742
2.11893
2.08043
2.04193
2.00344
1.96494
1.92645
1.88795
1.84945
1.81096
1.77246
1.73396
1.69547
1.65697
1.61848
1.57998
1.54148
1.50299
1.46449
1.42599
1.3875
1.349
1.3105
1.27201
1.23351
1.19501
1.15652
1.11802
1.07952
1.04103
1.00253
0.964031
0.925534
0.887037
0.84854
0.810043
0.771546
0.733048
0.69455
0.656052
0.617553
0.579054
0.540553
0.50205
0.463541
0.425022
0.386483
0.347914
0.309288
0.270562
0.231642
0.192418
0.152528
0.111846
0.0688306
0.0253334
-18.061
-22.5744
-27.8909
-30.8912
-31.024
-26.3034
-15.776
-7.78959
-3.09889
-0.605837
0.700792
1.52221
2.10182
2.50359
2.7616
2.91537
2.99938
3.03933
3.05217
3.04833
3.03011
2.99984
2.96274
2.9293
2.89972
2.86434
2.82717
2.79089
2.75385
2.71628
2.67836
2.64017
2.60187
2.5637
2.525
2.48652
2.44804
2.40955
2.37106
2.33256
2.29407
2.25557
2.21708
2.17858
2.14009
2.10159
2.06309
2.0246
1.9861
1.94761
1.90911
1.87061
1.83212
1.79362
1.75513
1.71663
1.67813
1.63964
1.60114
1.56264
1.52415
1.48565
1.44715
1.40866
1.37016
1.33166
1.29317
1.25467
1.21617
1.17768
1.13918
1.10068
1.06219
1.02369
0.985193
0.946696
0.908199
0.869702
0.831205
0.792708
0.754211
0.715713
0.677216
0.638718
0.600221
0.561723
0.523226
0.484729
0.446233
0.407735
0.369235
0.330736
0.292235
0.253733
0.215219
0.176694
0.138101
0.0994331
0.0603569
0.0208254
-18.357
-22.4844
-27.3433
-30.0254
-29.8236
-25.1828
-15.5667
-8.03159
-3.51923
-1.00749
0.408997
1.34252
2.00085
2.44648
2.727
2.89208
2.98097
3.02237
3.0352
3.03078
3.0117
2.98083
2.94365
2.90985
2.88122
2.84551
2.80801
2.77194
2.73493
2.69732
2.65931
2.62106
2.58271
2.54429
2.5058
2.46732
2.42884
2.39035
2.35185
2.31336
2.27487
2.23637
2.19787
2.15938
2.12088
2.08239
2.04389
2.0054
1.9669
1.9284
1.88991
1.85141
1.81292
1.77442
1.73592
1.69743
1.65893
1.62043
1.58194
1.54344
1.50494
1.46645
1.42795
1.38945
1.35096
1.31246
1.27396
1.23547
1.19697
1.15847
1.11998
1.08148
1.04298
1.00449
0.96599
0.927493
0.888996
0.850499
0.812002
0.773505
0.735008
0.696511
0.658014
0.619517
0.581021
0.542525
0.504033
0.465543
0.42706
0.388586
0.35013
0.311707
0.273347
0.235092
0.197028
0.159277
0.122117
0.0856811
0.0509481
0.0158472
-18.6963
-22.3621
-26.7234
-29.0729
-28.5661
-24.0412
-15.3339
-8.28548
-3.97122
-1.44539
0.0900011
1.14765
1.89284
2.38601
2.69084
2.86764
2.96135
3.00411
3.01679
3.01159
2.99149
2.95999
2.92276
2.88841
2.86027
2.82476
2.78689
2.75091
2.71398
2.67632
2.63822
2.59994
2.5616
2.52345
2.48467
2.44614
2.40764
2.36914
2.33064
2.29214
2.25365
2.21515
2.17666
2.13816
2.09966
2.06117
2.02267
1.98418
1.94568
1.90718
1.86869
1.83019
1.7917
1.7532
1.7147
1.67621
1.63771
1.59921
1.56072
1.52222
1.48373
1.44523
1.40673
1.36824
1.32974
1.29124
1.25275
1.21425
1.17575
1.13726
1.09876
1.06026
1.02176
0.983268
0.944771
0.906274
0.867777
0.82928
0.790783
0.752286
0.713789
0.675292
0.636795
0.598299
0.559804
0.521312
0.482823
0.444341
0.405872
0.367423
0.329012
0.290672
0.252461
0.214473
0.176899
0.139994
0.104405
0.0704225
0.0404662
0.0103092
-19.0086
-22.2202
-26.0821
-28.094
-27.3132
-22.911
-15.0758
-8.55493
-4.4607
-1.92489
-0.258583
0.937357
1.7779
2.3227
2.65382
2.84247
2.9407
2.98458
2.99687
2.99058
2.96927
2.93709
2.89984
2.86499
2.83675
2.8017
2.76359
2.72759
2.69079
2.65306
2.61485
2.57644
2.53796
2.49939
2.46095
2.42248
2.384
2.34551
2.30701
2.26852
2.23002
2.19153
2.15303
2.11454
2.07604
2.03755
1.99905
1.96055
1.92206
1.88356
1.84507
1.80657
1.76807
1.72958
1.69108
1.65259
1.61409
1.57559
1.5371
1.4986
1.4601
1.42161
1.38311
1.34461
1.30612
1.26762
1.22912
1.19063
1.15213
1.11363
1.07514
1.03664
0.998143
0.959646
0.921149
0.882652
0.844155
0.805658
0.767161
0.728664
0.690167
0.651671
0.613175
0.574679
0.536186
0.497697
0.459213
0.420741
0.38229
0.343872
0.305518
0.267277
0.22924
0.191557
0.154528
0.118554
0.0846873
0.0533888
0.0286894
0.00404876
-19.2835
-22.0803
-25.4444
-27.1127
-26.0755
-21.7965
-14.7877
-8.84081
-4.9942
-2.45616
-0.639428
0.712111
1.657
2.25762
2.61694
2.81719
2.91926
2.96381
2.97536
2.96761
2.94485
2.91191
2.87463
2.83939
2.81044
2.77614
2.73786
2.70169
2.66506
2.6273
2.58907
2.55072
2.51235
2.47439
2.43534
2.39674
2.35821
2.3197
2.28119
2.24269
2.20419
2.16569
2.1272
2.0887
2.0502
2.01171
1.97321
1.93472
1.89622
1.85772
1.81923
1.78073
1.74224
1.70374
1.66524
1.62675
1.58825
1.54975
1.51126
1.47276
1.43426
1.39577
1.35727
1.31877
1.28028
1.24178
1.20328
1.16479
1.12629
1.08779
1.0493
1.0108
0.972304
0.933807
0.89531
0.856813
0.818316
0.779819
0.741322
0.702825
0.664329
0.625832
0.587337
0.548842
0.51035
0.471862
0.433383
0.394917
0.356479
0.318084
0.279773
0.241613
0.203732
0.166339
0.129862
0.0948614
0.0628354
0.0344121
0.015472
-0.0030784
-19.527
-21.9512
-24.8248
-26.1442
-24.8721
-20.7124
-14.468
-9.13732
-5.57389
-3.04328
-1.05259
0.473526
1.5324
2.1931
2.58181
2.79277
2.89752
2.94192
2.95221
2.94244
2.91795
2.88418
2.84685
2.81133
2.78123
2.7478
2.70945
2.67302
2.63654
2.59865
2.56019
2.52157
2.4829
2.44356
2.40582
2.36738
2.3289
2.29041
2.25192
2.21342
2.17493
2.13643
2.09793
2.05944
2.02094
1.98245
1.94395
1.90545
1.86696
1.82846
1.78997
1.75147
1.71297
1.67448
1.63598
1.59749
1.55899
1.52049
1.482
1.4435
1.405
1.36651
1.32801
1.28951
1.25102
1.21252
1.17402
1.13553
1.09703
1.05853
1.02004
0.98154
0.943043
0.904546
0.866049
0.827552
0.789055
0.750558
0.712061
0.673564
0.635068
0.596572
0.558077
0.519584
0.481095
0.442612
0.40414
0.36569
0.327277
0.288929
0.250699
0.212677
0.175028
0.138019
0.102201
0.068285
0.0382693
0.0129219
0.000314237
-0.0115185
-19.7254
-21.8335
-24.2594
-25.2505
-23.7705
-19.706
-14.1213
-9.41224
-6.17049
-3.65392
-1.47368
0.238436
1.41399
2.1356
2.55232
2.77169
2.87718
2.92018
2.92832
2.91612
2.88975
2.85511
2.8177
2.78202
2.75066
2.71792
2.67965
2.64292
2.60657
2.56881
2.53052
2.49215
2.4538
2.41595
2.37656
2.33791
2.29936
2.26083
2.22232
2.18382
2.14532
2.10682
2.06832
2.02983
1.99133
1.95283
1.91434
1.87584
1.83735
1.79885
1.76035
1.72186
1.68336
1.64487
1.60637
1.56787
1.52938
1.49088
1.45238
1.41389
1.37539
1.33689
1.2984
1.2599
1.2214
1.18291
1.14441
1.10591
1.06742
1.02892
0.990424
0.951927
0.91343
0.874933
0.836436
0.797939
0.759442
0.720945
0.682449
0.643952
0.605456
0.56696
0.528465
0.489972
0.451483
0.413
0.374529
0.33608
0.297671
0.25933
0.221118
0.183139
0.145594
0.108819
0.0735074
0.0405405
0.0124477
-0.00995302
-0.0160339
-0.0210387
-19.8721
-21.7363
-23.7999
-24.5124
-22.853
-18.8371
-13.7716
-9.65403
-6.75063
-4.23308
-1.85927
0.0329282
1.31586
2.09259
2.53197
2.75635
2.86045
2.90068
2.90607
2.89113
2.863
2.82755
2.79001
2.75426
2.72183
2.68941
2.65136
2.61431
2.57776
2.53975
2.50106
2.46223
2.42339
2.38438
2.34639
2.30795
2.26946
2.23096
2.19246
2.15396
2.11547
2.07697
2.03848
1.99998
1.96148
1.92299
1.88449
1.846
1.8075
1.769
1.73051
1.69201
1.65351
1.61502
1.57652
1.53803
1.49953
1.46103
1.42254
1.38404
1.34554
1.30705
1.26855
1.23005
1.19156
1.15306
1.11456
1.07607
1.03757
0.999074
0.960578
0.922081
0.883584
0.845087
0.80659
0.768093
0.729596
0.691099
0.652602
0.614106
0.57561
0.537115
0.498621
0.46013
0.421644
0.383167
0.344707
0.306277
0.267903
0.22962
0.19151
0.1537
0.116427
0.0800664
0.0454161
0.0134452
-0.0128042
-0.0326005
-0.0325458
-0.0313136
-19.9778
-21.6595
-23.4455
-23.932
-22.1127
-18.1032
-13.4522
-9.87192
-7.2768
-4.72786
-2.18195
-0.13404
1.23957
2.06498
2.52014
2.74628
2.84774
2.88387
2.88606
2.86856
2.83892
2.80275
2.76507
2.7293
2.69609
2.6636
2.62591
2.58876
2.55235
2.51466
2.4764
2.43803
2.39975
2.36081
2.32203
2.28341
2.24484
2.20631
2.1678
2.12929
2.09079
2.05229
2.01379
1.9753
1.9368
1.8983
1.85981
1.82131
1.78282
1.74432
1.70582
1.66733
1.62883
1.59034
1.55184
1.51334
1.47485
1.43635
1.39786
1.35936
1.32086
1.28237
1.24387
1.20537
1.16688
1.12838
1.08988
1.05139
1.01289
0.974392
0.935895
0.897399
0.858902
0.820405
0.781908
0.743411
0.704914
0.666417
0.62792
0.589424
0.550927
0.512432
0.473938
0.435446
0.396959
0.35848
0.320016
0.281581
0.243195
0.204896
0.16676
0.128918
0.0916255
0.0553094
0.0208759
-0.0105572
-0.0354672
-0.0533393
-0.0479674
-0.0415949
-20.0563
-21.5988
-23.1724
-23.4771
-21.5115
-17.4804
-13.1726
-10.053
-7.69329
-5.11102
-2.42627
-0.257414
1.17966
2.04811
2.51393
2.73803
2.83686
2.86994
2.86824
2.84805
2.81696
2.78023
2.74233
2.70678
2.67317
2.64013
2.60255
2.56495
2.52806
2.48988
2.45097
2.41193
2.37294
2.33481
2.29639
2.2579
2.21939
2.18089
2.14238
2.10389
2.06539
2.02689
1.98839
1.9499
1.9114
1.87291
1.83441
1.79591
1.75742
1.71892
1.68043
1.64193
1.60343
1.56494
1.52644
1.48795
1.44945
1.41095
1.37246
1.33396
1.29546
1.25697
1.21847
1.17997
1.14148
1.10298
1.06448
1.02599
0.987491
0.948994
0.910497
0.872
0.833503
0.795006
0.756509
0.718012
0.679515
0.641018
0.602522
0.564025
0.525529
0.487035
0.448542
0.410052
0.371568
0.333096
0.294642
0.256226
0.217877
0.179637
0.141606
0.10394
0.066925
0.0310163
-0.00279819
-0.0334287
-0.056877
-0.0731091
-0.0629292
-0.0522739
-20.1162
-21.5516
-22.9633
-23.1244
-21.0283
-16.9596
-12.9299
-10.19
-7.9767
-5.37642
-2.5863
-0.349473
1.14034
2.03785
2.50928
2.7301
2.82626
2.85734
2.85268
2.83004
2.7974
2.76032
2.72224
2.68656
2.65285
2.61969
2.58257
2.54525
2.50864
2.47112
2.43283
2.39454
2.35554
2.31666
2.27794
2.23931
2.20075
2.16221
2.1237
2.08519
2.04669
2.00819
1.9697
1.9312
1.8927
1.85421
1.81571
1.77722
1.73872
1.70022
1.66173
1.62323
1.58474
1.54624
1.50774
1.46925
1.43075
1.39225
1.35376
1.31526
1.27676
1.23827
1.19977
1.16128
1.12278
1.08428
1.04579
1.00729
0.968792
0.930295
0.891798
0.853301
0.814804
0.776307
0.73781
0.699313
0.660816
0.622319
0.583823
0.545326
0.50683
0.468335
0.429842
0.391351
0.352865
0.314389
0.275929
0.237503
0.199133
0.160859
0.122774
0.0850179
0.047881
0.0118379
-0.0220742
-0.0526002
-0.0754121
-0.0908766
-0.0766241
-0.0629169
-20.1635
-21.5197
-22.8072
-22.8594
-20.6518
-16.5374
-12.7305
-10.2889
-8.14707
-5.52967
-2.69446
-0.409646
1.12071
2.03076
2.50367
2.72213
2.81553
2.84448
2.83836
2.81425
2.7803
2.74239
2.70352
2.66703
2.63299
2.59941
2.56196
2.52399
2.48668
2.44841
2.40964
2.37062
2.33206
2.29356
2.25508
2.21656
2.17804
2.13953
2.10102
2.06252
2.02402
1.98553
1.94703
1.90853
1.87004
1.83154
1.79305
1.75455
1.71605
1.67756
1.63906
1.60057
1.56207
1.52357
1.48508
1.44658
1.40809
1.36959
1.33109
1.2926
1.2541
1.2156
1.17711
1.13861
1.10011
1.06162
1.02312
0.984623
0.946127
0.90763
0.869133
0.830636
0.792139
0.753642
0.715145
0.676648
0.638151
0.599654
0.561158
0.522661
0.484166
0.445671
0.407179
0.36869
0.330207
0.291737
0.253285
0.214878
0.176542
0.138325
0.100336
0.06275
0.0258815
-0.00975403
-0.0430373
-0.0728271
-0.0942302
-0.10884
-0.0905104
-0.0741637
-20.1999
-21.5038
-22.6994
-22.6744
-20.3752
-16.2107
-12.5832
-10.3585
-8.24176
-5.5977
-2.76933
-0.439971
1.1095
2.02275
2.49604
2.71292
2.80433
2.83177
2.82473
2.80003
2.76573
2.72759
2.68878
2.6524
2.61857
2.5852
2.54831
2.51076
2.47395
2.43622
2.39782
2.35894
2.32006
2.28127
2.24259
2.20398
2.16542
2.12689
2.08837
2.04987
2.01137
1.97287
1.93437
1.89588
1.85738
1.81889
1.78039
1.74189
1.7034
1.6649
1.62641
1.58791
1.54941
1.51092
1.47242
1.43392
1.39543
1.35693
1.31844
1.27994
1.24144
1.20295
1.16445
1.12595
1.08746
1.04896
1.01046
0.971966
0.93347
0.894973
0.856476
0.817979
0.779482
0.740985
0.702488
0.663991
0.625494
0.586997
0.548501
0.510004
0.471509
0.433013
0.394521
0.356029
0.317546
0.279071
0.240615
0.202196
0.163839
0.125585
0.0875393
0.049845
0.0128228
-0.0230416
-0.0566253
-0.0866414
-0.108176
-0.122991
-0.102174
-0.0843807
-20.2267
-21.4995
-22.6338
-22.5604
-20.1902
-15.9774
-12.5022
-10.4142
-8.29765
-5.63808
-2.80159
-0.454111
1.10237
2.01635
2.48909
2.70453
2.79402
2.81963
2.81098
2.78488
2.74932
2.71005
2.67033
2.6332
2.59878
2.56479
2.52731
2.48927
2.45178
2.41371
2.37514
2.33633
2.29762
2.25901
2.22046
2.18192
2.14338
2.10487
2.06636
2.02786
1.98936
1.95086
1.91236
1.87386
1.83537
1.79687
1.75838
1.71988
1.68138
1.64289
1.60439
1.5659
1.5274
1.4889
1.45041
1.41191
1.37342
1.33492
1.29642
1.25793
1.21943
1.18093
1.14244
1.10394
1.06544
1.02695
0.98845
0.949953
0.911457
0.87296
0.834463
0.795966
0.757469
0.718972
0.680475
0.641978
0.603481
0.564985
0.526488
0.487992
0.449496
0.411002
0.372508
0.33402
0.295538
0.257067
0.218617
0.18021
0.141876
0.103664
0.0656774
0.0281152
-0.00872201
-0.0442682
-0.0773488
-0.106775
-0.12703
-0.141509
-0.117001
-0.0991416
-20.2421
-21.4977
-22.5956
-22.5031
-20.0936
-15.856
-12.4979
-10.472
-8.33161
-5.65859
-2.80339
-0.452977
1.10436
2.0167
2.48765
2.70189
2.79026
2.815
2.80582
2.77949
2.74391
2.70441
2.66445
2.62712
2.59264
2.55868
2.52157
2.48364
2.44645
2.40864
2.37003
2.33116
2.29236
2.25365
2.21503
2.17644
2.1379
2.09937
2.06086
2.02236
1.98386
1.94536
1.90686
1.86836
1.82987
1.79137
1.75288
1.71438
1.67588
1.63739
1.59889
1.5604
1.5219
1.4834
1.44491
1.40641
1.36791
1.32942
1.29092
1.25243
1.21393
1.17543
1.13694
1.09844
1.05994
1.02145
0.982949
0.944452
0.905956
0.867459
0.828962
0.790465
0.751968
0.713471
0.674974
0.636477
0.59798
0.559484
0.520987
0.482491
0.443994
0.4055
0.367007
0.328518
0.290035
0.251561
0.21311
0.174695
0.13635
0.0981197
0.0600984
0.0224814
-0.0144565
-0.0501409
-0.0834639
-0.113103
-0.133802
-0.148588
-0.123924
-0.101082
-20.26
-21.5119
-22.5984
-22.5039
-20.092
-15.8614
-12.5434
-10.5294
-8.36567
-5.66712
-2.80163
-0.449497
1.10612
2.01367
2.47948
2.68962
2.77462
2.79686
2.78586
2.75817
2.72164
2.68175
2.64158
2.60412
2.56956
2.53548
2.4982
2.4602
2.42285
2.38495
2.34634
2.30749
2.26871
2.23004
2.19144
2.15287
2.11433
2.07581
2.03729
1.99879
1.96029
1.92179
1.8833
1.8448
1.8063
1.76781
1.72931
1.69082
1.65232
1.61382
1.57533
1.53683
1.49834
1.45984
1.42134
1.38285
1.34435
1.30585
1.26736
1.22886
1.19037
1.15187
1.11337
1.07488
1.03638
0.997882
0.959386
0.920889
0.882392
0.843895
0.805399
0.766902
0.728405
0.689908
0.651411
0.612914
0.574417
0.53592
0.497423
0.458928
0.420431
0.381938
0.343443
0.304956
0.266472
0.228
0.189549
0.151137
0.1128
0.0745751
0.0365711
-0.00101892
-0.0379109
-0.0735241
-0.106712
-0.136232
-0.156557
-0.17138
-0.145606
-0.132429
-17.4108
-17.6717
-18.0002
-18.262
-18.4251
-18.4755
-18.4366
-18.3361
-18.202
-18.0585
-17.9246
-17.8122
-17.7305
-17.6917
-17.6983
-17.7164
-23.0172
-23.3709
-23.7276
-23.9719
-24.1025
-24.1378
-24.0909
-23.9835
-23.8407
-23.6872
-23.544
-23.4234
-23.3256
-23.246
-23.2017
-23.1955
-29.4701
-29.7671
-29.9982
-30.1487
-30.2109
-30.185
-30.0838
-29.9344
-29.7576
-29.5719
-29.4013
-29.2686
-29.1848
-29.1442
-29.1281
-29.1253
-33.2764
-33.6382
-33.8728
-33.9842
-33.9926
-33.9233
-33.8016
-33.6283
-33.4219
-33.2069
-33.0089
-32.8502
-32.7404
-32.6764
-32.6507
-32.6428
-34.6469
-35.2057
-35.5132
-35.6314
-35.612
-35.4993
-35.3196
-35.1068
-34.8777
-34.6455
-34.4155
-34.1989
-34.0154
-33.8778
-33.7824
-33.709
-29.2775
-29.7659
-30.0415
-30.1112
-30.012
-29.7796
-29.4538
-29.0759
-28.6759
-28.2806
-27.9193
-27.6262
-27.4074
-27.2326
-27.0792
-26.9462
-17.1129
-17.2084
-17.1052
-16.8903
-16.6008
-16.2645
-15.9054
-15.5424
-15.1893
-14.8569
-14.5701
-14.3506
-14.188
-14.0309
-13.8371
-13.6307
-6.59637
-6.20751
-5.77939
-5.32436
-4.87518
-4.44553
-4.04126
-3.66956
-3.33823
-3.05641
-2.83316
-2.67397
-2.56671
-2.46208
-2.31161
-2.13874
-1.22188
-0.575674
0.0599864
0.660053
1.1988
1.67075
2.07868
2.42427
2.70663
2.9216
3.06747
3.1561
3.21894
3.30205
3.42783
3.56244
1.1037
1.66924
2.21496
2.72075
3.17544
3.5724
3.90796
4.18102
4.3911
4.54009
4.63594
4.69932
4.7589
4.8361
4.928
5.01401
1.93904
2.33139
2.70121
3.04819
3.36693
3.64661
3.87963
4.06544
4.2062
4.30608
4.37679
4.4356
4.49372
4.55548
4.61671
4.67164
2.28944
2.53613
2.76872
2.98753
3.19021
3.37004
3.52097
3.64161
3.73415
3.80464
3.86254
3.91372
3.96071
4.00528
4.04508
4.08153
2.54281
2.68733
2.82514
2.95748
3.08251
3.19403
3.28738
3.36274
3.42357
3.47443
3.5183
3.55667
3.59142
3.62323
3.64981
3.67715
2.75565
2.83991
2.92105
2.99873
3.07093
3.13552
3.19138
3.23952
3.28149
3.31804
3.35012
3.37886
3.40543
3.42963
3.44813
3.47123
2.91639
2.96781
3.01588
3.06008
3.10066
3.13877
3.1746
3.20801
3.2383
3.26514
3.28937
3.31174
3.33294
3.35273
3.36632
3.38758
3.01905
3.05278
3.08409
3.11323
3.14071
3.16725
3.19401
3.21909
3.24132
3.26207
3.28163
3.30012
3.31794
3.33521
3.34592
3.36647
3.07997
3.10644
3.13164
3.15563
3.17849
3.20053
3.22211
3.24237
3.26141
3.27964
3.29695
3.3134
3.32938
3.3454
3.35476
3.3746
3.11297
3.13732
3.16076
3.18321
3.20461
3.22532
3.24539
3.26457
3.28282
3.30014
3.3165
3.33205
3.34716
3.36271
3.37129
3.39054
3.12504
3.14899
3.17204
3.19424
3.21532
3.23608
3.25616
3.2751
3.29311
3.31013
3.32618
3.3414
3.35603
3.37152
3.37922
3.3984
3.12251
3.14663
3.16987
3.19279
3.21537
3.23662
3.25635
3.27495
3.29241
3.30889
3.32456
3.3394
3.35348
3.3691
3.37593
3.39481
3.1084
3.13414
3.15881
3.18208
3.20388
3.22447
3.24367
3.26156
3.27852
3.2946
3.30994
3.32454
3.33785
3.35368
3.35961
3.37842
3.08057
3.10635
3.13093
3.15423
3.17573
3.19529
3.21397
3.23197
3.24887
3.26474
3.27988
3.29463
3.30691
3.32315
3.32783
3.34689
3.04268
3.06778
3.09107
3.1128
3.13391
3.15494
3.17537
3.19419
3.2112
3.22687
3.2414
3.25655
3.26749
3.28431
3.28874
3.3079
3.00536
3.02838
3.05093
3.07353
3.09547
3.11606
3.13535
3.15399
3.17196
3.18853
3.20179
3.21798
3.22766
3.24424
3.24859
3.26776
2.97354
2.99768
3.02157
3.04386
3.06443
3.08372
3.10171
3.11858
3.13434
3.1502
3.16443
3.17952
3.18968
3.20604
3.2104
3.22959
2.94259
2.96856
2.99204
3.01348
3.03369
3.05269
3.07048
3.08718
3.10275
3.11774
3.1311
3.146
3.15582
3.17212
3.17644
3.19568
2.90832
2.93285
2.95547
2.97695
2.99725
3.01631
3.03428
3.05122
3.06712
3.08235
3.09574
3.11055
3.12038
3.13658
3.141
3.1602
2.86845
2.89278
2.91594
2.93768
2.95804
2.97722
2.9953
3.01232
3.02827
3.04367
3.05702
3.07209
3.08174
3.09817
3.10253
3.12179
2.83161
2.85616
2.87904
2.90053
2.92078
2.93985
2.95781
2.97474
2.99048
3.00595
3.01895
3.03418
3.04364
3.06009
3.0645
3.08376
2.79446
2.81875
2.84162
2.86315
2.88344
2.90253
2.92048
2.9375
2.95311
2.96885
2.98153
2.99684
3.00664
3.0227
3.02735
3.04652
2.75647
2.78087
2.80385
2.82547
2.84582
2.86499
2.88294
2.90008
2.91568
2.93149
2.9447
2.95949
2.96962
2.98542
2.99024
3.00934
2.71843
2.74292
2.76596
2.78764
2.80803
2.82727
2.84526
2.86249
2.87827
2.89371
2.90714
2.92181
2.93209
2.94779
2.95268
2.97177
2.68025
2.70479
2.72787
2.74961
2.77003
2.78929
2.80736
2.82446
2.84033
2.85575
2.86925
2.88387
2.89421
2.90988
2.91478
2.93386
2.64189
2.66647
2.6896
2.71136
2.73182
2.75108
2.76918
2.78628
2.80218
2.8176
2.83113
2.84573
2.85609
2.87175
2.87665
2.89573
2.60356
2.62815
2.65128
2.67305
2.69352
2.71279
2.7309
2.748
2.76391
2.77932
2.79286
2.80747
2.81782
2.83349
2.83839
2.85747
2.56513
2.58973
2.61288
2.63465
2.65513
2.67441
2.69252
2.70963
2.72554
2.74096
2.7545
2.76911
2.77946
2.79513
2.80003
2.81911
2.52667
2.55128
2.57443
2.59621
2.6167
2.63598
2.65409
2.6712
2.68712
2.70253
2.71607
2.73069
2.74104
2.75671
2.76161
2.78069
2.48819
2.5128
2.53596
2.55774
2.57823
2.59751
2.61563
2.63274
2.64866
2.66408
2.67761
2.69223
2.70258
2.71825
2.72315
2.74223
2.44971
2.47432
2.49748
2.51926
2.53975
2.55903
2.57715
2.59427
2.61018
2.6256
2.63914
2.65376
2.6641
2.67978
2.68468
2.70376
2.41122
2.43583
2.45899
2.48077
2.50126
2.52055
2.53867
2.55578
2.5717
2.58711
2.60065
2.61527
2.62562
2.64129
2.64619
2.66527
2.37272
2.39734
2.42049
2.44228
2.46277
2.48206
2.50018
2.51729
2.5332
2.54862
2.56216
2.57678
2.58713
2.6028
2.6077
2.62678
2.33423
2.35884
2.382
2.40379
2.42428
2.44356
2.46168
2.4788
2.49471
2.51013
2.52367
2.53829
2.54863
2.56431
2.56921
2.58829
2.29573
2.32035
2.34351
2.36529
2.38578
2.40507
2.42319
2.4403
2.45622
2.47164
2.48517
2.49979
2.51014
2.52581
2.53071
2.54979
2.25724
2.28185
2.30501
2.3268
2.34729
2.36657
2.38469
2.40181
2.41772
2.43314
2.44668
2.4613
2.47164
2.48732
2.49222
2.5113
2.21874
2.24336
2.26651
2.2883
2.30879
2.32808
2.3462
2.36331
2.37923
2.39465
2.40818
2.4228
2.43315
2.44882
2.45372
2.4728
2.18025
2.20486
2.22802
2.2498
2.2703
2.28958
2.3077
2.32481
2.34073
2.35615
2.36969
2.38431
2.39465
2.41033
2.41522
2.43431
2.14175
2.16637
2.18952
2.21131
2.2318
2.25108
2.26921
2.28632
2.30223
2.31765
2.33119
2.34581
2.35616
2.37183
2.37673
2.39581
2.10325
2.12787
2.15103
2.17281
2.1933
2.21259
2.23071
2.24782
2.26374
2.27916
2.29269
2.30732
2.31766
2.33334
2.33823
2.35731
2.06476
2.08937
2.11253
2.13432
2.15481
2.17409
2.19221
2.20933
2.22524
2.24066
2.2542
2.26882
2.27916
2.29484
2.29974
2.31882
2.02626
2.05088
2.07404
2.09582
2.11631
2.1356
2.15372
2.17083
2.18675
2.20217
2.2157
2.23032
2.24067
2.25634
2.26124
2.28032
1.98777
2.01238
2.03554
2.05732
2.07782
2.0971
2.11522
2.13233
2.14825
2.16367
2.17721
2.19183
2.20217
2.21785
2.22275
2.24183
1.94927
1.97389
1.99704
2.01883
2.03932
2.0586
2.07673
2.09384
2.10975
2.12517
2.13871
2.15333
2.16368
2.17935
2.18425
2.20333
1.91077
1.93539
1.95855
1.98033
2.00082
2.02011
2.03823
2.05534
2.07126
2.08668
2.10021
2.11484
2.12518
2.14086
2.14575
2.16483
1.87228
1.89689
1.92005
1.94184
1.96233
1.98161
1.99973
2.01685
2.03276
2.04818
2.06172
2.07634
2.08668
2.10236
2.10726
2.12634
1.83378
1.8584
1.88155
1.90334
1.92383
1.94312
1.96124
1.97835
1.99427
2.00969
2.02322
2.03784
2.04819
2.06386
2.06876
2.08784
1.79529
1.8199
1.84306
1.86484
1.88534
1.90462
1.92274
1.93985
1.95577
1.97119
1.98473
1.99935
2.00969
2.02537
2.03026
2.04934
1.75679
1.7814
1.80456
1.82635
1.84684
1.86612
1.88424
1.90136
1.91727
1.93269
1.94623
1.96085
1.97119
1.98687
1.99177
2.01085
1.71829
1.74291
1.76607
1.78785
1.80834
1.82763
1.84575
1.86286
1.87878
1.8942
1.90773
1.92235
1.9327
1.94837
1.95327
1.97235
1.6798
1.70441
1.72757
1.74935
1.76985
1.78913
1.80725
1.82436
1.84028
1.8557
1.86924
1.88386
1.8942
1.90988
1.91477
1.93386
1.6413
1.66592
1.68907
1.71086
1.73135
1.75063
1.76876
1.78587
1.80178
1.8172
1.83074
1.84536
1.85571
1.87138
1.87628
1.89536
1.6028
1.62742
1.65058
1.67236
1.69285
1.71214
1.73026
1.74737
1.76329
1.77871
1.79224
1.80686
1.81721
1.83288
1.83778
1.85686
1.56431
1.58892
1.61208
1.63386
1.65436
1.67364
1.69176
1.70887
1.72479
1.74021
1.75375
1.76837
1.77871
1.79439
1.79929
1.81837
1.52581
1.55043
1.57358
1.59537
1.61586
1.63514
1.65327
1.67038
1.68629
1.70171
1.71525
1.72987
1.74022
1.75589
1.76079
1.77987
1.48731
1.51193
1.53509
1.55687
1.57736
1.59665
1.61477
1.63188
1.6478
1.66322
1.67675
1.69137
1.70172
1.7174
1.72229
1.74137
1.44882
1.47343
1.49659
1.51837
1.53887
1.55815
1.57627
1.59339
1.6093
1.62472
1.63826
1.65288
1.66322
1.6789
1.6838
1.70288
1.41032
1.43494
1.45809
1.47988
1.50037
1.51965
1.53778
1.55489
1.5708
1.58622
1.59976
1.61438
1.62473
1.6404
1.6453
1.66438
1.37182
1.39644
1.4196
1.44138
1.46187
1.48116
1.49928
1.51639
1.53231
1.54773
1.56126
1.57588
1.58623
1.60191
1.6068
1.62588
1.33333
1.35794
1.3811
1.40288
1.42338
1.44266
1.46078
1.47789
1.49381
1.50923
1.52277
1.53739
1.54773
1.56341
1.56831
1.58739
1.29483
1.31945
1.3426
1.36439
1.38488
1.40416
1.42229
1.4394
1.45531
1.47073
1.48427
1.49889
1.50924
1.52491
1.52981
1.54889
1.25633
1.28095
1.30411
1.32589
1.34638
1.36567
1.38379
1.4009
1.41682
1.43224
1.44577
1.46039
1.47074
1.48641
1.49131
1.51039
1.21784
1.24245
1.26561
1.28739
1.30789
1.32717
1.34529
1.3624
1.37832
1.39374
1.40728
1.4219
1.43224
1.44792
1.45282
1.4719
1.17934
1.20396
1.22711
1.2489
1.26939
1.28867
1.3068
1.32391
1.33982
1.35524
1.36878
1.3834
1.39375
1.40942
1.41432
1.4334
1.14084
1.16546
1.18862
1.2104
1.23089
1.25018
1.2683
1.28541
1.30133
1.31675
1.33028
1.3449
1.35525
1.37092
1.37582
1.3949
1.10235
1.12696
1.15012
1.1719
1.1924
1.21168
1.2298
1.24691
1.26283
1.27825
1.29179
1.30641
1.31675
1.33243
1.33732
1.35641
1.06385
1.08846
1.11162
1.13341
1.1539
1.17318
1.1913
1.20842
1.22433
1.23975
1.25329
1.26791
1.27825
1.29393
1.29883
1.31791
1.02535
1.04997
1.07312
1.09491
1.1154
1.13469
1.15281
1.16992
1.18584
1.20126
1.21479
1.22941
1.23976
1.25543
1.26033
1.27941
0.986855
1.01147
1.03463
1.05641
1.07691
1.09619
1.11431
1.13142
1.14734
1.16276
1.1763
1.19092
1.20126
1.21694
1.22183
1.24091
0.948357
0.972973
0.99613
1.01792
1.03841
1.05769
1.07581
1.09293
1.10884
1.12426
1.1378
1.15242
1.16276
1.17844
1.18334
1.20242
0.90986
0.934476
0.957633
0.979418
0.999911
1.01919
1.03732
1.05443
1.07034
1.08576
1.0993
1.11392
1.12427
1.13994
1.14484
1.16392
0.871363
0.895979
0.919135
0.94092
0.961413
0.980697
0.998818
1.01593
1.03185
1.04727
1.0608
1.07542
1.08577
1.10144
1.10634
1.12542
0.832865
0.857481
0.880637
0.902422
0.922915
0.942198
0.960319
0.977431
0.993347
1.00877
1.0223
1.03692
1.04727
1.06294
1.06784
1.08692
0.794367
0.818982
0.842139
0.863923
0.884416
0.903699
0.92182
0.938932
0.954848
0.970268
0.983804
0.998425
1.00877
1.02444
1.02934
1.04842
0.755868
0.780482
0.803639
0.825423
0.845915
0.865198
0.883319
0.90043
0.916346
0.931766
0.945302
0.959922
0.970267
0.985943
0.990841
1.00992
0.717368
0.741982
0.765137
0.78692
0.807412
0.826695
0.844815
0.861926
0.877841
0.893261
0.906798
0.921417
0.931763
0.947435
0.952334
0.971414
0.678865
0.703477
0.726631
0.748414
0.768904
0.788186
0.806305
0.823416
0.839331
0.854749
0.868286
0.882904
0.89325
0.908925
0.913823
0.932905
0.640359
0.664968
0.68812
0.7099
0.730389
0.749669
0.767787
0.784896
0.80081
0.816227
0.829765
0.84438
0.854729
0.870398
0.875298
0.894376
0.601845
0.62645
0.649597
0.671374
0.691859
0.711136
0.729252
0.746359
0.762272
0.777686
0.791224
0.805836
0.816186
0.831855
0.836756
0.855837
0.563319
0.587915
0.611055
0.632825
0.653304
0.672576
0.690688
0.70779
0.723701
0.739109
0.75265
0.767255
0.777612
0.79327
0.798177
0.817252
0.524769
0.54935
0.572476
0.594234
0.614703
0.633966
0.65207
0.669165
0.685073
0.700474
0.714018
0.728611
0.738973
0.754623
0.759534
0.778609
0.486175
0.510728
0.533829
0.555564
0.576014
0.595259
0.613349
0.63043
0.646331
0.661714
0.675262
0.689835
0.700209
0.71584
0.720762
0.739831
0.447502
0.472003
0.495058
0.516753
0.537166
0.55638
0.574443
0.591498
0.607385
0.622738
0.636294
0.650824
0.661227
0.676819
0.681761
0.700818
0.408692
0.433102
0.456076
0.477699
0.49805
0.517209
0.535226
0.552236
0.5681
0.583404
0.596971
0.611436
0.62188
0.6374
0.642379
0.661418
0.369631
0.393877
0.416705
0.438198
0.458434
0.477494
0.495426
0.512357
0.528174
0.543393
0.556973
0.571324
0.581838
0.59726
0.602296
0.621309
0.330133
0.354088
0.376655
0.397918
0.417952
0.436835
0.454617
0.471411
0.487136
0.502221
0.515801
0.52998
0.540588
0.555821
0.560949
0.579908
0.289806
0.313227
0.335316
0.356153
0.375812
0.394366
0.411863
0.428405
0.443941
0.458798
0.472338
0.486229
0.496978
0.511918
0.517203
0.536079
0.248161
0.270668
0.291941
0.312057
0.331082
0.349084
0.366108
0.382238
0.397448
0.411976
0.425374
0.43892
0.44976
0.464327
0.469778
0.488546
0.203763
0.224541
0.244246
0.262948
0.280701
0.297563
0.313573
0.328794
0.343216
0.357009
0.36991
0.382723
0.393569
0.407351
0.413115
0.431657
0.156104
0.174243
0.191599
0.208233
0.224189
0.23951
0.25422
0.268386
0.282025
0.295246
0.307877
0.320403
0.331484
0.345009
0.351065
0.369519
0.099229
0.111904
0.124182
0.136096
0.147673
0.158949
0.169939
0.180657
0.191085
0.20129
0.211181
0.221122
0.230207
0.241775
0.247196
0.265258
0.0417741
0.0489057
0.0561271
0.0634729
0.0709569
0.0786235
0.0864897
0.0945612
0.102843
0.111368
0.120068
0.129109
0.138062
0.147869
0.156727
0.166654
)
;

boundaryField
{
    frontAndBack
    {
        type            empty;
    }
    inlet
    {
        type            zeroGradient;
    }
    outlet
    {
        type            fixedValue;
        value           uniform 0;
    }
    walls
    {
        type            zeroGradient;
    }
}


// ************************************************************************* //
