/*--------------------------------*- C++ -*----------------------------------*\
| =========                 |                                                 |
| \\      /  F ield         | OpenFOAM: The Open Source CFD Toolbox           |
|  \\    /   O peration     | Version:  v2012                                 |
|   \\  /    A nd           | Website:  www.openfoam.com                      |
|    \\/     M anipulation  |                                                 |
\*---------------------------------------------------------------------------*/
FoamFile
{
    version     2.0;
    format      ascii;
    class       Cloud<basicKinematicParcel>;
    location    "0.123/lagrangian/kinematicCloud";
    object      positions;
}
// * * * * * * * * * * * * * * * * * * * * * * * * * * * * * * * * * * * * * //

54
(
(1.82058 0.00420572 0.03) 2322
(1.95576 0.0149909 0.03) 2832
(1.93659 0.0223248 0.03) 3031
(1.88058 0.00934421 0.03) 2527
(1.85476 0.0291278 0.03) 3325
(1.87794 0.022988 0.03) 3026
(1.28231 0.000820199 0.03) 85
(1.73182 0.0334318 0.03) 3516
(1.7214 0.0331243 0.03) 3515
(1.79308 0.0129865 0.03) 2720
(1.80019 0.016304 0.03) 2821
(1.72579 0.00821431 0.03) 2516
(1.44176 0.0379177 0.03) 1896
(1.42269 0.00191528 0.03) 194
(1.47008 0.0373351 0.03) 1798
(1.7012 0.0186467 0.03) 2914
(1.56034 0.00511587 0.03) 2304
(1.46819 0.0365951 0.03) 1797
(1.60091 0.00916672 0.03) 2507
(1.55512 0.0333642 0.03) 3503
(1.60282 0.0278336 0.03) 3207
(1.45144 0.0357922 0.03) 1696
(1.55875 0.0285806 0.03) 3304
(1.49966 0.0073919 0.03) 499
(1.55079 0.0153153 0.03) 2803
(1.52082 0.0279977 0.03) 3201
(1.43492 0.00589506 0.03) 495
(1.47828 0.0310005 0.03) 1498
(1.29921 0.00261664 0.03) 286
(1.4496 0.0318416 0.03) 1496
(0.587861 0.000100692 0.03) 39
(1.32674 0.00384413 0.03) 288
(1.12731 0.0385038 0.03) 1875
(1.41248 0.0215365 0.03) 1094
(1.39342 0.0101658 0.03) 692
(1.38926 0.0271003 0.03) 1292
(1.37072 0.0129198 0.03) 791
(1.35815 0.0151786 0.03) 890
(1.33449 0.0273031 0.03) 1288
(1.05969 0.00132363 0.03) 170
(1.29927 0.0117917 0.03) 786
(1.28326 0.0263685 0.03) 1285
(1.25427 0.009808 0.03) 683
(1.23045 0.00845276 0.03) 582
(1.22895 0.0123894 0.03) 781
(1.21372 0.0250004 0.03) 1180
(1.17331 0.0320032 0.03) 1478
(1.17866 0.0185772 0.03) 978
(1.15941 0.014826 0.03) 877
(1.1351 0.0297699 0.03) 1375
(1.07341 0.00492122 0.03) 371
(1.1074 0.0144171 0.03) 873
(1.06052 0.0336238 0.03) 1570
(0.980652 0.00295369 0.03) 265
)


// ************************************************************************* //
