/*--------------------------------*- C++ -*----------------------------------*\
| =========                 |                                                 |
| \\      /  F ield         | OpenFOAM: The Open Source CFD Toolbox           |
|  \\    /   O peration     | Version:  v2012                                 |
|   \\  /    A nd           | Website:  www.openfoam.com                      |
|    \\/     M anipulation  |                                                 |
\*---------------------------------------------------------------------------*/
FoamFile
{
    version     2.0;
    format      ascii;
    class       volScalarField;
    location    "0.341";
    object      p;
}
// * * * * * * * * * * * * * * * * * * * * * * * * * * * * * * * * * * * * * //

dimensions      [0 2 -2 0 0 0 0];


internalField   nonuniform List<scalar> 
5600
(
-0.675284
-1.13344
-1.51388
-1.8324
-2.14326
-2.45349
-2.75485
-3.03659
-3.29966
-3.54982
-3.78639
-4.01107
-4.22551
-4.4318
-4.63201
-4.82785
-5.02012
-5.20987
-5.39704
-5.58198
-5.76477
-5.94508
-6.12284
-6.29914
-6.47397
-6.6475
-6.81977
-6.99101
-7.16179
-7.33202
-7.50177
-7.67071
-7.8389
-8.00665
-8.17395
-8.34053
-8.50661
-8.672
-8.83687
-9.00105
-9.16468
-9.32773
-9.49015
-9.65186
-9.8131
-9.9738
-10.134
-10.2937
-10.453
-10.6117
-10.77
-10.9278
-11.0853
-11.2422
-11.3986
-11.5547
-11.7105
-11.8656
-12.0204
-12.1747
-12.3287
-12.4823
-12.6355
-12.7883
-12.9408
-13.0928
-13.2446
-13.3959
-13.547
-13.6977
-13.8482
-13.9983
-14.1482
-14.2977
-14.447
-14.596
-14.7447
-14.8932
-15.0414
-15.1894
-15.3371
-15.4848
-15.632
-15.7793
-15.9261
-16.0729
-16.2194
-16.3659
-16.5122
-16.6581
-16.8039
-16.9494
-17.0954
-17.2411
-17.3875
-17.5341
-17.6832
-17.8361
-17.9921
-18.2297
-0.734319
-1.15362
-1.53049
-1.85021
-2.16125
-2.47182
-2.77311
-3.05511
-3.31853
-3.56874
-3.80554
-4.03051
-4.24529
-4.45196
-4.65252
-4.84868
-5.04124
-5.23123
-5.41857
-5.60359
-5.78659
-5.96701
-6.14482
-6.32124
-6.49621
-6.66986
-6.84222
-7.01356
-7.18443
-7.35475
-7.52459
-7.69359
-7.86181
-8.02959
-8.19692
-8.36354
-8.52965
-8.69507
-8.85998
-9.02418
-9.18785
-9.35093
-9.51338
-9.67511
-9.83639
-9.99709
-10.1573
-10.317
-10.4763
-10.635
-10.7934
-10.9512
-11.1086
-11.2655
-11.4219
-11.578
-11.7337
-11.8889
-12.0436
-12.1979
-12.3519
-12.5055
-12.6587
-12.8115
-12.964
-13.116
-13.2678
-13.4191
-13.5702
-13.7209
-13.8713
-14.0214
-14.1713
-14.3209
-14.4701
-14.6191
-14.7678
-14.9163
-15.0645
-15.2125
-15.3602
-15.5079
-15.6551
-15.8024
-15.9492
-16.096
-16.2425
-16.3891
-16.5352
-16.6813
-16.8268
-16.9726
-17.1182
-17.2646
-17.4099
-17.5582
-17.7043
-17.8612
-18.0121
-18.2424
-0.772565
-1.16625
-1.54324
-1.86358
-2.17246
-2.48053
-2.78073
-3.06233
-3.32552
-3.57541
-3.81193
-4.03699
-4.2518
-4.45844
-4.65903
-4.85522
-5.04778
-5.2378
-5.42513
-5.61019
-5.79316
-5.97364
-6.15161
-6.32807
-6.50296
-6.67658
-6.84888
-7.02021
-7.19099
-7.36127
-7.53102
-7.69998
-7.86824
-8.03603
-8.20334
-8.36994
-8.53603
-8.70142
-8.86629
-9.03045
-9.19406
-9.35709
-9.51946
-9.68111
-9.84231
-10.003
-10.1633
-10.323
-10.4822
-10.641
-10.7993
-10.9571
-11.1146
-11.2715
-11.428
-11.5841
-11.7399
-11.8952
-12.05
-12.2044
-12.3584
-12.512
-12.6653
-12.8182
-12.9707
-13.1228
-13.2746
-13.4259
-13.5771
-13.7278
-13.8783
-14.0284
-14.1783
-14.3279
-14.4772
-14.6263
-14.775
-14.9235
-15.0717
-15.2197
-15.3675
-15.5151
-15.6624
-15.8097
-15.9565
-16.1033
-16.2498
-16.3964
-16.5425
-16.6887
-16.8342
-16.9801
-17.1256
-17.272
-17.4173
-17.5657
-17.7122
-17.8697
-18.0198
-18.2418
-0.821289
-1.18272
-1.55863
-1.88042
-2.18803
-2.49516
-2.79574
-3.07796
-3.34178
-3.592
-3.82909
-4.05416
-4.26945
-4.47629
-4.67693
-4.87305
-5.06547
-5.25524
-5.44227
-5.62701
-5.80983
-5.99022
-6.16821
-6.34477
-6.51976
-6.69367
-6.86634
-7.03802
-7.20902
-7.37953
-7.54945
-7.71856
-7.88682
-8.05469
-8.22207
-8.38876
-8.55493
-8.72042
-8.88539
-9.04968
-9.21343
-9.37662
-9.53917
-9.70102
-9.8624
-10.0231
-10.1834
-10.3432
-10.5025
-10.6613
-10.8197
-10.9776
-11.1351
-11.292
-11.4485
-11.6045
-11.7603
-11.9154
-12.0701
-12.2244
-12.3783
-12.5319
-12.6851
-12.8378
-12.9903
-13.1423
-13.2941
-13.4454
-13.5964
-13.7471
-13.8976
-14.0477
-14.1975
-14.3471
-14.4963
-14.6453
-14.794
-14.9425
-15.0907
-15.2387
-15.3865
-15.5341
-15.6814
-15.8286
-15.9754
-16.1222
-16.2687
-16.4152
-16.5614
-16.7074
-16.8531
-16.9988
-17.1445
-17.2906
-17.4363
-17.5838
-17.731
-17.8865
-18.0415
-18.2423
-0.870915
-1.19984
-1.57438
-1.89861
-2.20462
-2.51092
-2.8112
-3.09324
-3.35708
-3.6071
-3.84441
-4.06925
-4.28473
-4.4918
-4.69264
-4.88892
-5.08154
-5.27142
-5.4586
-5.64344
-5.82623
-6.00664
-6.18461
-6.36101
-6.53585
-6.70957
-6.88202
-7.05353
-7.22427
-7.3947
-7.56451
-7.73361
-7.90194
-8.0699
-8.23727
-8.40401
-8.57016
-8.73567
-8.90058
-9.06485
-9.22851
-9.39163
-9.55401
-9.71581
-9.87709
-10.0378
-10.1981
-10.3578
-10.517
-10.6758
-10.8341
-10.9919
-11.1492
-11.3061
-11.4626
-11.6188
-11.7746
-11.9298
-12.0847
-12.239
-12.393
-12.5467
-12.7
-12.8529
-13.0055
-13.1576
-13.3094
-13.4608
-13.6119
-13.7627
-13.9132
-14.0634
-14.2133
-14.3628
-14.5121
-14.6612
-14.81
-14.9585
-15.1067
-15.2547
-15.4025
-15.5501
-15.6975
-15.8447
-15.9916
-16.1383
-16.2849
-16.4314
-16.5777
-16.7236
-16.8694
-17.015
-17.1609
-17.3069
-17.4526
-17.6001
-17.747
-17.9022
-18.0542
-18.2479
-0.920951
-1.21916
-1.59166
-1.91887
-2.22325
-2.52858
-2.82849
-3.11054
-3.37462
-3.62482
-3.86237
-4.08756
-4.30332
-4.51066
-4.7117
-4.9081
-5.10082
-5.29071
-5.47793
-5.66281
-5.8454
-6.02581
-6.20385
-6.38029
-6.55519
-6.72895
-6.90145
-7.07299
-7.24378
-7.41407
-7.5839
-7.75293
-7.92124
-8.08908
-8.25634
-8.42299
-8.58905
-8.75451
-8.91937
-9.08363
-9.24727
-9.4106
-9.57305
-9.73494
-9.89627
-10.0571
-10.2174
-10.3772
-10.5365
-10.6954
-10.8538
-11.0117
-11.1691
-11.3261
-11.4826
-11.6387
-11.7945
-11.9498
-12.1046
-12.2589
-12.413
-12.5665
-12.7197
-12.8725
-13.025
-13.1771
-13.3289
-13.4802
-13.6313
-13.782
-13.9325
-14.0826
-14.2325
-14.3821
-14.5314
-14.6804
-14.8292
-14.9777
-15.1259
-15.2739
-15.4217
-15.5693
-15.7167
-15.8639
-16.0108
-16.1575
-16.3041
-16.4506
-16.5968
-16.7428
-16.8885
-17.0342
-17.18
-17.326
-17.4717
-17.619
-17.7658
-17.9196
-18.0704
-18.2552
-0.970368
-1.24098
-1.61073
-1.94116
-2.24408
-2.54836
-2.84798
-3.13012
-3.39438
-3.6447
-3.88236
-4.1078
-4.32363
-4.53113
-4.7323
-4.92879
-5.12159
-5.3115
-5.49876
-5.68365
-5.86624
-6.04668
-6.22479
-6.40124
-6.5762
-6.74994
-6.92247
-7.09402
-7.26491
-7.4351
-7.60495
-7.77398
-7.94233
-8.11014
-8.27743
-8.44406
-8.61011
-8.77556
-8.94037
-9.10462
-9.26821
-9.43149
-9.59391
-9.75572
-9.91696
-10.0777
-10.2379
-10.3976
-10.5569
-10.7157
-10.874
-11.0319
-11.1893
-11.3463
-11.5028
-11.659
-11.8148
-11.9701
-12.1249
-12.2793
-12.4333
-12.5869
-12.7401
-12.893
-13.0455
-13.1976
-13.3494
-13.5008
-13.6519
-13.8027
-13.9532
-14.1033
-14.2532
-14.4028
-14.5521
-14.7012
-14.85
-14.9985
-15.1467
-15.2948
-15.4426
-15.5902
-15.7376
-15.8847
-16.0317
-16.1784
-16.325
-16.4715
-16.6177
-16.7638
-16.9095
-17.0552
-17.201
-17.3469
-17.4926
-17.6395
-17.7862
-17.9384
-18.0876
-18.2625
-1.01735
-1.26547
-1.63214
-1.96563
-2.26734
-2.57062
-2.87003
-3.15224
-3.41662
-3.66703
-3.90478
-4.13044
-4.34635
-4.55405
-4.75537
-4.95198
-5.14487
-5.33482
-5.52212
-5.70702
-5.88962
-6.07003
-6.24818
-6.42465
-6.59963
-6.77336
-6.94591
-7.11749
-7.2884
-7.4586
-7.62842
-7.79746
-7.96583
-8.13364
-8.30092
-8.46756
-8.63362
-8.79907
-8.96387
-9.12818
-9.29182
-9.45493
-9.61739
-9.77919
-9.94046
-10.1012
-10.2614
-10.4211
-10.5804
-10.7391
-10.8974
-11.0553
-11.2127
-11.3698
-11.5262
-11.6823
-11.8381
-11.9933
-12.1481
-12.3024
-12.4564
-12.61
-12.7632
-12.9161
-13.0686
-13.2206
-13.3724
-13.5239
-13.675
-13.8258
-13.9763
-14.1264
-14.2764
-14.4259
-14.5752
-14.7243
-14.8732
-15.0216
-15.1699
-15.3179
-15.4657
-15.6133
-15.7607
-15.9078
-16.0548
-16.2016
-16.3481
-16.4946
-16.6409
-16.7869
-16.9326
-17.0784
-17.2241
-17.37
-17.5156
-17.6622
-17.8085
-17.9589
-18.1058
-18.2704
-1.06033
-1.29255
-1.65647
-1.99241
-2.29323
-2.5957
-2.89497
-3.1772
-3.44166
-3.69216
-3.93
-4.15583
-4.37182
-4.57965
-4.78108
-4.97776
-5.1707
-5.36068
-5.54798
-5.7329
-5.9155
-6.09586
-6.27403
-6.45052
-6.62553
-6.79927
-6.97183
-7.14343
-7.31436
-7.4846
-7.65437
-7.82341
-7.9918
-8.15961
-8.32689
-8.49353
-8.65958
-8.82502
-8.98983
-9.15415
-9.31779
-9.48085
-9.64334
-9.80516
-9.96644
-10.1272
-10.2874
-10.4471
-10.6064
-10.7651
-10.9234
-11.0813
-11.2387
-11.3957
-11.5522
-11.7083
-11.864
-12.0192
-12.174
-12.3283
-12.4823
-12.6359
-12.7891
-12.9419
-13.0943
-13.2464
-13.3982
-13.5497
-13.7008
-13.8515
-14.002
-14.1521
-14.302
-14.4516
-14.6008
-14.7498
-14.8986
-15.0472
-15.1954
-15.3434
-15.4912
-15.6388
-15.7862
-15.9333
-16.0803
-16.2271
-16.3736
-16.5201
-16.6664
-16.8124
-16.9582
-17.1039
-17.2496
-17.3954
-17.541
-17.6873
-17.8329
-17.9814
-18.1255
-18.2789
-1.09751
-1.32174
-1.68432
-2.02169
-2.32197
-2.624
-2.92323
-3.20542
-3.46992
-3.72051
-3.95839
-4.18432
-4.40034
-4.60824
-4.80974
-5.00646
-5.19944
-5.38943
-5.57675
-5.7617
-5.94428
-6.1246
-6.3028
-6.4793
-6.65433
-6.82806
-7.00063
-7.17223
-7.34319
-7.51345
-7.68317
-7.85222
-8.02062
-8.18845
-8.35571
-8.52236
-8.6884
-8.85385
-9.01865
-9.18298
-9.34663
-9.50968
-9.67216
-9.83399
-9.99526
-10.156
-10.3162
-10.4759
-10.6352
-10.7939
-10.9522
-11.1101
-11.2675
-11.4246
-11.581
-11.7371
-11.8928
-12.048
-12.2028
-12.3572
-12.5111
-12.6647
-12.8179
-12.9707
-13.1232
-13.2753
-13.4271
-13.5785
-13.7296
-13.8804
-14.0307
-14.181
-14.3308
-14.4804
-14.6296
-14.7786
-14.9274
-15.0759
-15.2241
-15.3721
-15.5199
-15.6674
-15.8148
-15.9619
-16.1088
-16.2556
-16.4021
-16.5485
-16.6949
-16.8409
-16.9866
-17.1323
-17.278
-17.4237
-17.5692
-17.715
-17.86
-18.0063
-18.1472
-18.2893
-1.12486
-1.35103
-1.71473
-2.05204
-2.3522
-2.65439
-2.95369
-3.23574
-3.50025
-3.7509
-3.98877
-4.21468
-4.43068
-4.63857
-4.84008
-5.03681
-5.2298
-5.4198
-5.6071
-5.79208
-5.97464
-6.15491
-6.3331
-6.50961
-6.68465
-6.85836
-7.03092
-7.20252
-7.37352
-7.5438
-7.71347
-7.88252
-8.05094
-8.21877
-8.38602
-8.55268
-8.71871
-8.88416
-9.04895
-9.21332
-9.37697
-9.54
-9.70247
-9.8643
-10.0256
-10.1863
-10.3465
-10.5063
-10.6655
-10.8243
-10.9826
-11.1404
-11.2978
-11.4549
-11.6114
-11.7675
-11.9231
-12.0783
-12.2331
-12.3875
-12.5415
-12.695
-12.8482
-13.001
-13.1535
-13.3056
-13.4574
-13.6088
-13.7599
-13.9107
-14.061
-14.2113
-14.3611
-14.5107
-14.6599
-14.8089
-14.9577
-15.1061
-15.2544
-15.4024
-15.5501
-15.6977
-15.8451
-15.9922
-16.1392
-16.2859
-16.4325
-16.5789
-16.7252
-16.8712
-17.017
-17.1627
-17.3083
-17.4539
-17.5993
-17.7447
-17.889
-18.033
-18.1705
-18.3031
-1.13965
-1.37768
-1.74479
-2.0805
-2.38098
-2.68392
-2.98341
-3.26524
-3.52972
-3.7804
-4.01818
-4.24399
-4.45992
-4.66772
-4.86917
-5.06587
-5.25884
-5.44882
-5.6361
-5.82111
-6.00365
-6.18385
-6.36203
-6.53854
-6.71358
-6.88729
-7.05983
-7.23141
-7.40247
-7.57274
-7.74238
-7.91142
-8.07985
-8.24769
-8.41494
-8.5816
-8.74763
-8.91308
-9.07784
-9.24225
-9.40589
-9.5689
-9.73136
-9.8932
-10.0545
-10.2152
-10.3754
-10.5352
-10.6944
-10.8532
-11.0115
-11.1694
-11.3267
-11.4838
-11.6403
-11.7964
-11.952
-12.1072
-12.262
-12.4164
-12.5703
-12.7239
-12.8771
-13.0299
-13.1824
-13.3345
-13.4863
-13.6377
-13.7888
-13.9396
-14.09
-14.2403
-14.3901
-14.5397
-14.6889
-14.838
-14.9868
-15.1353
-15.2835
-15.4315
-15.5793
-15.7269
-15.8743
-16.0214
-16.1684
-16.3151
-16.4617
-16.6082
-16.7546
-16.9006
-17.0464
-17.1921
-17.3378
-17.4833
-17.6285
-17.7735
-17.9171
-18.0592
-18.1939
-18.319
-1.14337
-1.40125
-1.77283
-2.10585
-2.40704
-2.7111
-3.01082
-3.29238
-3.55681
-3.80751
-4.04516
-4.27081
-4.48662
-4.69427
-4.89562
-5.09226
-5.28519
-5.47515
-5.6624
-5.84744
-6.02995
-6.21008
-6.38823
-6.56474
-6.73977
-6.91345
-7.08598
-7.25751
-7.42863
-7.59889
-7.76851
-7.93754
-8.10598
-8.27382
-8.44108
-8.60773
-8.77376
-8.93922
-9.10397
-9.26843
-9.43205
-9.59504
-9.7575
-9.91933
-10.0806
-10.2413
-10.4016
-10.5613
-10.7205
-10.8792
-11.0376
-11.1954
-11.3528
-11.5099
-11.6665
-11.8225
-11.9782
-12.1334
-12.2882
-12.4426
-12.5966
-12.7502
-12.9034
-13.0562
-13.2087
-13.3608
-13.5126
-13.6641
-13.8152
-13.966
-14.1166
-14.2668
-14.4166
-14.5662
-14.7155
-14.8646
-15.0134
-15.1619
-15.3102
-15.4582
-15.606
-15.7535
-15.9008
-16.0479
-16.1949
-16.3416
-16.4882
-16.6345
-16.7808
-16.9268
-17.0727
-17.2185
-17.3641
-17.5097
-17.6548
-17.7995
-17.9423
-18.0832
-18.2157
-18.3354
-1.13829
-1.42258
-1.7988
-2.1285
-2.43074
-2.73608
-3.03609
-3.31731
-3.58166
-3.83237
-4.06986
-4.2953
-4.51099
-4.71846
-4.91968
-5.11622
-5.30909
-5.49904
-5.68623
-5.87132
-6.05379
-6.23386
-6.41198
-6.58849
-6.76351
-6.93716
-7.10966
-7.28116
-7.45233
-7.62256
-7.79217
-7.96119
-8.12964
-8.29747
-8.46472
-8.63135
-8.79739
-8.96277
-9.12758
-9.29205
-9.45566
-9.61866
-9.78111
-9.94296
-10.1042
-10.265
-10.4252
-10.585
-10.7443
-10.903
-11.0614
-11.2192
-11.3767
-11.5338
-11.6904
-11.8465
-12.0022
-12.1575
-12.3123
-12.4667
-12.6208
-12.7744
-12.9276
-13.0804
-13.2328
-13.3849
-13.5367
-13.6882
-13.8393
-13.99
-14.1406
-14.2908
-14.4406
-14.5902
-14.7395
-14.8885
-15.0373
-15.1859
-15.3341
-15.4822
-15.63
-15.7775
-15.9249
-16.0721
-16.2191
-16.3659
-16.5126
-16.6591
-16.8054
-16.9514
-17.0971
-17.2428
-17.3884
-17.5339
-17.6789
-17.8235
-17.9662
-18.1052
-18.236
-18.3518
-1.12696
-1.44203
-1.82243
-2.14873
-2.45228
-2.75898
-3.05939
-3.34023
-3.60451
-3.85518
-4.09248
-4.31764
-4.53315
-4.74044
-4.94151
-5.13794
-5.33072
-5.52063
-5.70776
-5.89288
-6.07528
-6.25528
-6.43334
-6.60986
-6.78486
-6.95852
-7.13092
-7.30246
-7.47365
-7.64385
-7.81343
-7.98247
-8.15095
-8.31879
-8.48606
-8.6527
-8.81879
-8.98418
-9.14914
-9.31356
-9.47718
-9.64025
-9.80277
-9.96468
-10.126
-10.2868
-10.4471
-10.6069
-10.7662
-10.925
-11.0833
-11.2411
-11.3986
-11.5557
-11.7122
-11.8683
-12.024
-12.1792
-12.3341
-12.4885
-12.6425
-12.7961
-12.9493
-13.1021
-13.2545
-13.4066
-13.5584
-13.7098
-13.8609
-14.0117
-14.1622
-14.3124
-14.4622
-14.6118
-14.7611
-14.9101
-15.0588
-15.2073
-15.3556
-15.5036
-15.6513
-15.7988
-15.9461
-16.0932
-16.2401
-16.3867
-16.5332
-16.6795
-16.8258
-16.9718
-17.1177
-17.2634
-17.4091
-17.5546
-17.6995
-17.8438
-17.9859
-18.1252
-18.2549
-18.3679
-1.11142
-1.46002
-1.84366
-2.16691
-2.47182
-2.77976
-3.08064
-3.36114
-3.62542
-3.87604
-4.11322
-4.33811
-4.55335
-4.76041
-4.9614
-5.15771
-5.35048
-5.54028
-5.7275
-5.91264
-6.09501
-6.27494
-6.45292
-6.62938
-6.80432
-6.97796
-7.15032
-7.32196
-7.49313
-7.66338
-7.83298
-8.00205
-8.17064
-8.33859
-8.50597
-8.67271
-8.83887
-9.00435
-9.16932
-9.33365
-9.49724
-9.66028
-9.82279
-9.98468
-10.146
-10.3068
-10.4671
-10.6268
-10.7861
-10.9449
-11.1032
-11.261
-11.4185
-11.5756
-11.7321
-11.8882
-12.0439
-12.1992
-12.354
-12.5084
-12.6624
-12.816
-12.9692
-13.1221
-13.2745
-13.4266
-13.5784
-13.7299
-13.881
-14.0318
-14.1823
-14.3325
-14.4824
-14.632
-14.7813
-14.9303
-15.0791
-15.2276
-15.3759
-15.524
-15.6718
-15.8194
-15.9667
-16.1139
-16.2609
-16.4078
-16.5545
-16.701
-16.8473
-16.9933
-17.1391
-17.2848
-17.4303
-17.5757
-17.7206
-17.8649
-18.0067
-18.1439
-18.2725
-18.3835
-1.09269
-1.47671
-1.86271
-2.18376
-2.49
-2.79885
-3.09994
-3.37994
-3.6442
-3.89461
-4.13145
-4.35661
-4.57138
-4.77806
-4.97883
-5.17493
-5.36757
-5.55722
-5.74448
-5.92949
-6.11188
-6.29187
-6.46998
-6.64662
-6.82172
-6.99546
-7.168
-7.33978
-7.51101
-7.68132
-7.85089
-8.01984
-8.18835
-8.35624
-8.52354
-8.69022
-8.85632
-9.02174
-9.18664
-9.35094
-9.51451
-9.67751
-9.83994
-10.0018
-10.1631
-10.3238
-10.484
-10.6438
-10.803
-10.9618
-11.12
-11.2778
-11.4352
-11.5923
-11.7488
-11.9048
-12.0605
-12.2157
-12.3705
-12.5248
-12.6788
-12.8323
-12.9855
-13.1383
-13.2907
-13.4427
-13.5944
-13.7458
-13.8969
-14.0476
-14.1981
-14.3482
-14.498
-14.6475
-14.7967
-14.9457
-15.0944
-15.2429
-15.3911
-15.5391
-15.6868
-15.8343
-15.9816
-16.1286
-16.2755
-16.4222
-16.5687
-16.715
-16.8612
-17.0072
-17.153
-17.2987
-17.4443
-17.5898
-17.7346
-17.8788
-18.0209
-18.1592
-18.2877
-18.3981
-1.07183
-1.49104
-1.8783
-2.19871
-2.50688
-2.81733
-3.11875
-3.39828
-3.66256
-3.91283
-4.14943
-4.37485
-4.58929
-4.79583
-4.99661
-5.19283
-5.38566
-5.57565
-5.76323
-5.94849
-6.13107
-6.31112
-6.48931
-6.66594
-6.84096
-7.01448
-7.18681
-7.35849
-7.52964
-7.69992
-7.8695
-8.03849
-8.20701
-8.37493
-8.54225
-8.70896
-8.87508
-9.04054
-9.20546
-9.36978
-9.53338
-9.69638
-9.85879
-10.0206
-10.1819
-10.3427
-10.503
-10.6627
-10.822
-10.9808
-11.1391
-11.2969
-11.4543
-11.6114
-11.768
-11.924
-12.0797
-12.235
-12.3898
-12.5442
-12.6982
-12.8518
-13.005
-13.1578
-13.3103
-13.4624
-13.6141
-13.7656
-13.9167
-14.0675
-14.218
-14.3682
-14.5181
-14.6676
-14.8169
-14.9659
-15.1147
-15.2632
-15.4115
-15.5595
-15.7073
-15.8549
-16.0022
-16.1493
-16.2963
-16.4431
-16.5897
-16.7362
-16.8825
-17.0285
-17.1743
-17.32
-17.4655
-17.611
-17.7558
-17.8999
-18.0413
-18.1782
-18.3053
-18.4142
-1.05722
-1.50562
-1.89054
-2.20825
-2.51724
-2.82947
-3.13141
-3.4104
-3.67485
-3.92511
-4.16159
-4.38663
-4.60089
-4.80732
-5.00798
-5.2041
-5.3968
-5.58668
-5.77413
-5.95921
-6.14149
-6.32113
-6.49912
-6.67554
-6.85044
-7.02384
-7.19597
-7.36754
-7.5386
-7.70881
-7.87831
-8.0472
-8.21564
-8.38348
-8.55072
-8.71735
-8.8834
-9.04879
-9.21365
-9.3779
-9.54144
-9.70439
-9.86676
-10.0285
-10.1898
-10.3505
-10.5107
-10.6704
-10.8297
-10.9884
-11.1466
-11.3044
-11.4618
-11.6189
-11.7754
-11.9314
-12.087
-12.2422
-12.397
-12.5514
-12.7053
-12.8589
-13.012
-13.1648
-13.3172
-13.4693
-13.621
-13.7724
-13.9235
-14.0742
-14.2247
-14.3749
-14.5246
-14.6742
-14.8234
-14.9724
-15.1211
-15.2696
-15.4178
-15.5658
-15.7136
-15.8611
-16.0084
-16.1555
-16.3024
-16.4491
-16.5957
-16.7421
-16.8883
-17.0343
-17.1801
-17.3258
-17.4713
-17.6168
-17.7616
-17.9057
-18.0475
-18.1852
-18.3127
-18.4221
-1.02675
-1.52045
-1.91415
-2.2324
-2.54158
-2.85433
-3.15703
-3.43505
-3.69982
-3.95019
-4.18657
-4.41142
-4.62547
-4.83161
-5.032
-5.22789
-5.42041
-5.61014
-5.7975
-5.9825
-6.16481
-6.3445
-6.52247
-6.69888
-6.87371
-7.0471
-7.21924
-7.39076
-7.56178
-7.73195
-7.90142
-8.07031
-8.23873
-8.40656
-8.5738
-8.74043
-8.90648
-9.07187
-9.23673
-9.40099
-9.56453
-9.72749
-9.88985
-10.0517
-10.2129
-10.3736
-10.5338
-10.6936
-10.8528
-11.0115
-11.1698
-11.3275
-11.485
-11.642
-11.7985
-11.9546
-12.1102
-12.2654
-12.4202
-12.5746
-12.7285
-12.8821
-13.0353
-13.1881
-13.3405
-13.4925
-13.6443
-13.7957
-13.9468
-14.0975
-14.248
-14.3982
-14.548
-14.6975
-14.8468
-14.9957
-15.1445
-15.293
-15.4412
-15.5892
-15.7369
-15.8845
-16.0318
-16.1789
-16.3258
-16.4726
-16.6191
-16.7655
-16.9118
-17.0578
-17.2036
-17.3493
-17.4948
-17.6403
-17.785
-17.9292
-18.0708
-18.2081
-18.3354
-18.4443
-18.2246
-18.4844
-19.221
-19.3456
-18.8042
-17.721
-16.2614
-14.5579
-12.7973
-11.075
-9.48137
-8.04445
-6.78035
-5.68374
-4.74119
-3.93283
-3.24112
-2.64627
-2.13279
-1.6887
-1.30229
-0.9637
-0.666171
-0.403708
-0.170952
0.0367275
0.222071
0.387406
0.535496
0.668559
0.788831
0.896926
0.992568
1.07745
1.15276
1.21926
1.27772
1.32882
1.37311
1.41114
1.44341
1.47035
1.4924
1.50995
1.52336
1.53297
1.5391
1.54203
1.54205
1.53937
1.53424
1.52692
1.51746
1.50608
1.49295
1.47825
1.46194
1.44418
1.42508
1.40463
1.38292
1.36003
1.33598
1.3108
1.28456
1.25731
1.22899
1.19959
1.16919
1.1381
1.10623
1.07368
1.04045
1.00675
0.972437
0.937815
0.90273
0.867476
0.831942
0.79641
0.760736
0.725111
0.689393
0.653732
0.617907
0.582095
0.546105
0.510251
0.474232
0.43816
0.401821
0.365303
0.328555
0.291521
0.253727
0.215211
0.174058
0.131643
0.0831111
0.0308946
-18.2633
-18.4114
-19.1145
-19.256
-18.7267
-17.6639
-16.2264
-14.5426
-12.7976
-11.0867
-9.50149
-8.06926
-6.80764
-5.71205
-4.76931
-3.96004
-3.2668
-2.6702
-2.15497
-1.70918
-1.32127
-0.981435
-0.682806
-0.419261
-0.185649
0.022649
0.208432
0.374212
0.522465
0.655569
0.775046
0.882954
0.978711
1.06365
1.13904
1.20562
1.26415
1.31531
1.35966
1.39775
1.43006
1.45705
1.47914
1.49672
1.51017
1.51981
1.52596
1.52892
1.52897
1.52631
1.52121
1.51388
1.50448
1.49311
1.48001
1.46532
1.44901
1.43125
1.41215
1.39168
1.36995
1.34704
1.32295
1.29773
1.27144
1.24413
1.21574
1.18628
1.15585
1.12471
1.0928
1.06022
1.02697
0.993255
0.958926
0.92431
0.889228
0.853996
0.818483
0.782989
0.747358
0.711791
0.676139
0.640549
0.604798
0.569059
0.53315
0.497375
0.461427
0.425425
0.38916
0.352764
0.316183
0.279394
0.242015
0.204075
0.164016
0.123039
0.0771239
0.0282949
-18.2578
-18.4187
-19.0396
-19.1644
-18.6397
-17.5945
-16.1796
-14.5178
-12.7922
-11.097
-9.52228
-8.09706
-6.83976
-5.74575
-4.80262
-3.99209
-3.29692
-2.69828
-2.18109
-1.7334
-1.34382
-1.00247
-0.702503
-0.437702
-0.203026
0.00614293
0.192601
0.359162
0.507916
0.641584
0.760491
0.867519
0.963224
1.04827
1.12376
1.19044
1.24905
1.3003
1.34473
1.38289
1.41526
1.4423
1.46444
1.48208
1.49556
1.50524
1.51143
1.51442
1.5145
1.51187
1.5068
1.49948
1.49012
1.47877
1.46573
1.45104
1.43474
1.41698
1.39788
1.37739
1.35563
1.33269
1.30856
1.28329
1.25694
1.22956
1.2011
1.17158
1.14109
1.1099
1.07794
1.04532
1.01204
0.97831
0.943966
0.909354
0.874273
0.839062
0.803579
0.76813
0.732554
0.697058
0.661483
0.625968
0.590299
0.55464
0.518823
0.48313
0.44726
0.411336
0.375161
0.338896
0.302489
0.265969
0.229055
0.191763
0.152926
0.113551
0.07052
0.025544
-18.2826
-18.4386
-18.9774
-19.0808
-18.551
-17.519
-16.1246
-14.488
-12.7834
-11.1064
-9.54413
-8.12791
-6.87623
-5.78428
-4.84085
-4.02896
-3.33177
-2.73118
-2.21204
-1.76211
-1.37043
-1.02718
-0.725536
-0.459258
-0.223299
-0.0130402
0.174284
0.341713
0.491088
0.625412
0.744218
0.850263
0.94588
1.0311
1.10673
1.17354
1.23227
1.28363
1.32815
1.36639
1.39884
1.42596
1.44816
1.46585
1.47939
1.48912
1.49535
1.49838
1.49849
1.4959
1.49087
1.48358
1.47426
1.46294
1.44995
1.43525
1.41897
1.40125
1.38212
1.36162
1.33984
1.31686
1.29268
1.26735
1.24093
1.21346
1.18491
1.15533
1.12478
1.09352
1.0615
1.02884
0.995519
0.961757
0.927389
0.892794
0.857717
0.822534
0.787085
0.751695
0.716171
0.680756
0.645271
0.609834
0.574257
0.538687
0.502973
0.467367
0.431583
0.395745
0.359678
0.323555
0.287347
0.251111
0.214696
0.178148
0.140669
0.103085
0.0632213
0.0226275
-18.3015
-18.4492
-18.9149
-18.9955
-18.4639
-17.4434
-16.0669
-14.4573
-12.775
-11.1181
-9.57016
-8.16409
-6.91815
-5.82866
-4.88529
-4.07207
-3.37274
-2.76987
-2.2484
-1.79576
-1.40152
-1.05603
-0.752404
-0.484437
-0.24703
-0.0355673
0.152717
0.320956
0.470963
0.605746
0.724853
0.830641
0.926421
1.01188
1.08771
1.15468
1.21357
1.26507
1.30972
1.34807
1.38061
1.40782
1.4301
1.44786
1.46147
1.47126
1.47754
1.48062
1.48078
1.47824
1.47325
1.46602
1.45673
1.44546
1.4325
1.41781
1.40155
1.38388
1.36471
1.3442
1.32242
1.2994
1.27515
1.24975
1.22325
1.19568
1.16703
1.13737
1.10674
1.0754
1.0433
1.01059
0.977223
0.943432
0.909039
0.874463
0.839399
0.804253
0.768823
0.733503
0.698039
0.662713
0.627327
0.591973
0.5565
0.521033
0.485432
0.44992
0.414236
0.378492
0.34255
0.306577
0.270586
0.234675
0.198808
0.163085
0.127108
0.0915215
0.0551384
0.0194941
-18.3186
-18.457
-18.8489
-18.9012
-18.3699
-17.3616
-16.0077
-14.4279
-12.7697
-11.1346
-9.60241
-8.20784
-6.96822
-5.88165
-4.93848
-4.12369
-3.42163
-2.8155
-2.2908
-1.83501
-1.43786
-1.08984
-0.78399
-0.514103
-0.275061
-0.0622487
0.127143
0.296244
0.44703
0.582256
0.702087
0.808411
0.904534
0.990285
1.06638
1.13359
1.19268
1.24436
1.28917
1.32767
1.36034
1.38766
1.41005
1.4279
1.44159
1.45146
1.4578
1.46095
1.46117
1.45868
1.45376
1.44659
1.43736
1.42614
1.41321
1.39856
1.38233
1.36466
1.34549
1.32497
1.30319
1.28011
1.25578
1.2303
1.20371
1.17604
1.1473
1.11751
1.08678
1.05534
1.02315
0.99038
0.956959
0.923162
0.888748
0.854173
0.819102
0.784008
0.748598
0.713358
0.67798
0.642737
0.607456
0.572194
0.536843
0.501492
0.466017
0.430609
0.395044
0.359397
0.323582
0.287765
0.252032
0.216494
0.181245
0.146412
0.112086
0.0787134
0.0461658
0.0160501
-18.3342
-18.4611
-18.7788
-18.7975
-18.2662
-17.2711
-15.9418
-14.3942
-12.7648
-11.1547
-9.64086
-8.25978
-7.02766
-5.94417
-5.0011
-4.18436
-3.47897
-2.86884
-2.34014
-1.88061
-1.48004
-1.12907
-0.820619
-0.548494
-0.307532
-0.0931729
0.0975615
0.267738
0.41955
0.555437
0.676165
0.783303
0.879855
0.965977
1.04243
1.10996
1.16932
1.22123
1.26625
1.30492
1.33776
1.36522
1.38774
1.40571
1.4195
1.42947
1.43591
1.43914
1.43942
1.437
1.43217
1.42508
1.41592
1.40477
1.39189
1.37728
1.36108
1.34341
1.32426
1.30372
1.28191
1.25878
1.23438
1.20882
1.18213
1.15434
1.12548
1.09554
1.06468
1.03313
1.00087
0.968029
0.934532
0.900695
0.866256
0.831699
0.796613
0.761573
0.726215
0.691039
0.65578
0.620606
0.585445
0.550289
0.515081
0.479861
0.444528
0.409234
0.373807
0.338247
0.302544
0.266953
0.231519
0.196382
0.161793
0.127934
0.0954156
0.0644791
0.0361724
0.0121439
-18.3484
-18.4605
-18.7056
-18.6863
-18.1547
-17.174
-15.8702
-14.3556
-12.7572
-11.174
-9.68068
-8.31486
-7.09186
-6.01081
-5.06788
-4.24969
-3.54142
-2.92766
-2.39499
-1.93155
-1.52722
-1.17291
-0.861453
-0.586784
-0.343635
-0.127842
0.0642776
0.235666
0.388629
0.525337
0.646979
0.75502
0.852097
0.938705
1.01561
1.08352
1.1432
1.19539
1.24065
1.27953
1.31256
1.34019
1.36288
1.381
1.39492
1.40501
1.41156
1.4149
1.41527
1.41295
1.40822
1.40123
1.39217
1.38111
1.3683
1.35375
1.33759
1.31993
1.3008
1.28025
1.2584
1.23521
1.21074
1.18508
1.15826
1.13036
1.10134
1.07125
1.04025
1.00854
0.976152
0.943231
0.909674
0.875789
0.841315
0.806779
0.771709
0.7367
0.701446
0.666305
0.631184
0.596085
0.561066
0.526032
0.490989
0.455919
0.420748
0.385579
0.350289
0.314778
0.279267
0.243965
0.20882
0.174112
0.140232
0.10743
0.0768776
0.0485949
0.0249965
0.00754492
-18.3618
-18.4566
-18.6308
-18.5692
-18.036
-17.071
-15.794
-14.3113
-12.7438
-11.1878
-9.71648
-8.36751
-7.15498
-6.07945
-5.13841
-4.31933
-3.60825
-2.9908
-2.45412
-1.98681
-1.57885
-1.2213
-0.906943
-0.629761
-0.384399
-0.1668
0.0269381
0.199768
0.354025
0.491743
0.614383
0.723413
0.821127
0.9083
0.985702
1.05401
1.11403
1.16652
1.21204
1.25118
1.28443
1.31228
1.33517
1.35348
1.36754
1.37776
1.38445
1.38793
1.38843
1.38622
1.38163
1.37478
1.36583
1.35489
1.34216
1.32773
1.31165
1.29402
1.2749
1.25435
1.23245
1.2092
1.18465
1.15886
1.13188
1.10378
1.07454
1.04429
1.01315
0.981299
0.948737
0.915717
0.882088
0.848175
0.813675
0.779143
0.744138
0.709117
0.674001
0.638899
0.603931
0.568923
0.534069
0.499178
0.464331
0.429435
0.394435
0.359389
0.324159
0.288822
0.253584
0.218536
0.183689
0.14944
0.116313
0.0846511
0.0562177
0.0307784
0.0124416
0.00190743
-18.3744
-18.45
-18.5562
-18.4484
-17.9111
-16.962
-15.712
-14.2644
-12.7315
-11.205
-9.75657
-8.42459
-7.2222
-6.15363
-5.21455
-4.39405
-3.6797
-3.05816
-2.51716
-2.04571
-1.63392
-1.27297
-0.955651
-0.675945
-0.428467
-0.208761
-0.0134736
0.160568
0.315882
0.454485
0.578027
0.687985
0.786326
0.874035
0.951945
1.02069
1.08112
1.13399
1.17987
1.21933
1.25288
1.28102
1.30416
1.32272
1.337
1.34743
1.3543
1.35798
1.35862
1.35656
1.35214
1.34546
1.33666
1.32586
1.31324
1.2989
1.28288
1.26529
1.24619
1.22563
1.20368
1.18036
1.15572
1.12979
1.10263
1.07428
1.04483
1.01438
0.983056
0.951036
0.918328
0.885202
0.851485
0.817535
0.783043
0.748472
0.713579
0.678545
0.643577
0.608547
0.573745
0.538859
0.504198
0.469481
0.434861
0.400165
0.36529
0.330309
0.295252
0.260224
0.22521
0.19039
0.155872
0.122104
0.089769
0.059309
0.033143
0.0106788
-0.00173153
-0.00529686
-18.3864
-18.443
-18.4908
-18.3391
-17.7964
-16.8625
-15.6375
-14.2249
-12.7255
-11.227
-9.8
-8.48357
-7.29059
-6.2265
-5.28807
-4.46596
-3.7486
-3.12344
-2.5786
-2.10349
-1.68826
-1.3242
-1.00416
-0.722085
-0.472615
-0.251115
-0.0543091
0.120917
0.277209
0.416567
0.540839
0.651506
0.750319
0.83835
0.916562
0.985599
1.04634
1.09958
1.14582
1.1856
1.21948
1.24793
1.27136
1.2902
1.30476
1.31544
1.32253
1.32643
1.32722
1.32532
1.32109
1.3146
1.30597
1.29532
1.28282
1.26854
1.25259
1.23504
1.21597
1.1954
1.17339
1.14998
1.12522
1.09914
1.07179
1.04322
1.01356
0.982887
0.951351
0.919137
0.886258
0.853017
0.819227
0.785199
0.750765
0.716168
0.681394
0.64639
0.611573
0.576661
0.542039
0.507314
0.472875
0.438362
0.40399
0.36932
0.334662
0.299825
0.26509
0.230267
0.195453
0.160842
0.126673
0.0933583
0.0618134
0.032511
0.00864636
-0.0109811
-0.0169861
-0.0143971
-18.3986
-18.4392
-18.4432
-18.2558
-17.7077
-16.7867
-15.5829
-14.1963
-12.7225
-11.246
-9.83662
-8.53333
-7.34855
-6.28861
-5.35146
-4.52864
-3.80911
-3.18105
-2.63306
-2.15494
-1.73691
-1.37033
-1.04809
-0.764176
-0.513157
-0.290316
-0.0922371
0.0840173
0.241171
0.381173
0.506097
0.617305
0.716712
0.805508
0.884172
0.953457
1.01439
1.06783
1.11428
1.15428
1.18835
1.217
1.24063
1.25967
1.27441
1.28524
1.29248
1.29658
1.29748
1.29569
1.29163
1.28531
1.27681
1.26629
1.25389
1.23969
1.2238
1.20629
1.18722
1.16662
1.14455
1.12104
1.09616
1.06991
1.04237
1.01357
0.983669
0.952767
0.921019
0.888613
0.85558
0.822211
0.788399
0.754324
0.719956
0.685382
0.650729
0.615802
0.581156
0.546401
0.511942
0.477434
0.443227
0.408889
0.374571
0.340042
0.305677
0.271093
0.236554
0.201856
0.167253
0.132802
0.0989656
0.0660103
0.0351968
0.00684014
-0.014896
-0.0321859
-0.0319001
-0.0249523
-18.411
-18.4394
-18.4123
-18.1982
-17.6451
-16.7336
-15.5451
-14.1775
-12.7231
-11.2638
-9.86827
-8.57515
-7.39679
-6.34014
-5.40401
-4.58063
-3.85943
-3.22911
-2.67866
-2.19823
-1.77804
-1.40951
-1.08555
-0.800208
-0.547932
-0.324058
-0.125193
0.0517365
0.209433
0.349827
0.475163
0.586708
0.686487
0.775939
0.855043
0.924811
0.986194
1.03988
1.0865
1.12669
1.16097
1.18972
1.21349
1.23266
1.24753
1.25843
1.26572
1.27
1.27096
1.26922
1.26528
1.25907
1.25066
1.24021
1.22788
1.21373
1.19786
1.18036
1.16126
1.14061
1.11845
1.09483
1.06981
1.04339
1.01565
0.986615
0.956498
0.925376
0.89344
0.860869
0.827728
0.794277
0.760481
0.726412
0.692125
0.657634
0.6231
0.588248
0.553789
0.519237
0.484963
0.450671
0.416554
0.382338
0.348128
0.313923
0.279756
0.245323
0.210938
0.176347
0.141939
0.107586
0.0740633
0.0413549
0.0112047
-0.0164604
-0.0363809
-0.0518651
-0.0458126
-0.0363719
-18.4239
-18.4433
-18.3942
-18.1606
-17.6035
-16.6989
-15.5218
-14.1681
-12.7282
-11.2819
-9.89665
-8.611
-7.43747
-6.38328
-5.44787
-4.62397
-3.90145
-3.26936
-2.71703
-2.23486
-1.81304
-1.44303
-1.1178
-0.831385
-0.578167
-0.35344
-0.153942
0.0235985
0.181764
0.322471
0.448145
0.560041
0.65999
0.749543
0.828931
0.899243
0.961082
1.01499
1.0618
1.10216
1.13658
1.16547
1.18936
1.20866
1.22365
1.23463
1.24188
1.24624
1.24727
1.24557
1.24169
1.23555
1.22719
1.21678
1.20447
1.19033
1.17445
1.15692
1.13777
1.11703
1.09478
1.07102
1.04585
1.01926
0.991321
0.962067
0.93175
0.900438
0.868348
0.83565
0.802466
0.768988
0.735232
0.70122
0.667038
0.632699
0.598356
0.56359
0.529219
0.494914
0.460836
0.426571
0.392578
0.358547
0.324598
0.29058
0.256528
0.22222
0.187975
0.153467
0.119223
0.0849269
0.0516896
0.0191344
-0.0104123
-0.0375313
-0.0560223
-0.0701163
-0.0589455
-0.0484514
-18.4372
-18.4501
-18.3857
-18.1381
-17.5782
-16.6787
-15.5101
-14.1667
-12.7374
-11.3007
-9.92311
-8.64278
-7.4727
-6.4202
-5.48518
-4.66074
-3.93713
-3.3036
-2.74978
-2.26628
-1.84323
-1.47208
-1.14589
-0.858693
-0.604805
-0.379449
-0.179472
-0.00136138
0.157449
0.298529
0.424515
0.536703
0.63686
0.726554
0.806181
0.876746
0.938782
0.99284
1.0398
1.0803
1.11485
1.14383
1.16781
1.18719
1.20225
1.2134
1.22138
1.22518
1.22609
1.22435
1.22052
1.21442
1.20607
1.19568
1.18337
1.1692
1.15329
1.1357
1.11648
1.09564
1.07326
1.04936
1.02404
0.997272
0.969156
0.939705
0.909223
0.877754
0.845562
0.8128
0.779612
0.746146
0.71244
0.678504
0.644412
0.610221
0.57618
0.542059
0.507596
0.473205
0.439088
0.404911
0.371151
0.337352
0.303549
0.269657
0.235711
0.201509
0.167373
0.132916
0.0987962
0.0645141
0.0315053
-0.000975536
-0.0300797
-0.0566801
-0.0740213
-0.0871023
-0.071587
-0.0609426
-18.4508
-18.4592
-18.3843
-18.1272
-17.5655
-16.6701
-15.5077
-14.1718
-12.7501
-11.3204
-9.94834
-8.67167
-7.50381
-6.45229
-5.51735
-4.69234
-3.9678
-3.33309
-2.77806
-2.29349
-1.86947
-1.49734
-1.17023
-0.882336
-0.627899
-0.402148
-0.202118
-0.023956
0.135623
0.277392
0.40381
0.516264
0.616669
0.706433
0.786299
0.856984
0.91912
0.9733
1.02037
1.06098
1.09559
1.12462
1.14861
1.16796
1.18288
1.19355
1.20061
1.20553
1.20682
1.2052
1.20149
1.19545
1.18712
1.17672
1.16437
1.15016
1.13419
1.11652
1.0972
1.07624
1.05373
1.02968
1.00423
0.977296
0.949033
0.919429
0.888833
0.857276
0.825059
0.792301
0.759154
0.725741
0.692097
0.658217
0.624112
0.589787
0.555283
0.520434
0.487365
0.453333
0.419429
0.385644
0.352094
0.318472
0.284796
0.251022
0.217168
0.183039
0.148977
0.11454
0.0804914
0.0461747
0.0132814
-0.0192439
-0.0483641
-0.0749565
-0.0912918
-0.103001
-0.0840339
-0.0736004
-18.4643
-18.4698
-18.3883
-18.125
-17.5625
-16.6702
-15.5125
-14.1819
-12.7655
-11.3406
-9.97248
-8.69825
-7.53175
-6.48073
-5.54563
-4.72002
-3.99461
-3.35887
-2.80278
-2.31729
-1.8924
-1.51937
-1.19129
-0.902491
-0.647059
-0.420128
-0.219163
-0.040656
0.11802
0.259823
0.386222
0.498871
0.599445
0.689174
0.7692
0.840005
0.902239
0.95654
1.00373
1.04447
1.07924
1.10846
1.13269
1.15237
1.16774
1.17918
1.18713
1.19084
1.19123
1.1891
1.18513
1.17888
1.17036
1.15981
1.14732
1.13297
1.11686
1.09906
1.07959
1.05849
1.03584
1.01165
0.986069
0.959012
0.930655
0.900964
0.870341
0.838813
0.806682
0.774057
0.741096
0.70793
0.674598
0.64113
0.607568
0.574094
0.540821
0.507586
0.472361
0.437746
0.403736
0.369848
0.336229
0.302639
0.269
0.235294
0.201501
0.167447
0.133485
0.0991322
0.0652405
0.0310771
-0.0014992
-0.0336061
-0.0618034
-0.0881009
-0.106344
-0.117
-0.0961747
-0.0864621
-18.4791
-18.4826
-18.3965
-18.1294
-17.5667
-16.6767
-15.5221
-14.1951
-12.7822
-11.3605
-9.99486
-8.72209
-7.55634
-6.50549
-5.57011
-4.74394
-4.01784
-3.38135
-2.82456
-2.33859
-1.91335
-1.54016
-1.21204
-0.923466
-0.668446
-0.441909
-0.240869
-0.0614209
0.0983355
0.240609
0.367158
0.480117
0.580851
0.670719
0.7508
0.821634
0.883873
0.938155
0.985286
1.02593
1.06053
1.08951
1.11341
1.13271
1.14763
1.15833
1.16572
1.17064
1.17203
1.17032
1.16662
1.16064
1.15233
1.14191
1.12952
1.11522
1.09913
1.08131
1.0618
1.04064
1.01791
0.993608
0.967927
0.940752
0.912278
0.882457
0.851734
0.820106
0.787874
0.755126
0.72202
0.688674
0.655085
0.621321
0.587257
0.553112
0.518719
0.484976
0.451246
0.417304
0.383806
0.350292
0.316958
0.283562
0.250052
0.216414
0.182643
0.148563
0.114552
0.0800707
0.0460257
0.011597
-0.0212743
-0.0537183
-0.0827008
-0.107867
-0.124325
-0.134565
-0.110064
-0.100994
-18.4874
-18.4906
-18.4033
-18.1354
-17.5737
-16.686
-15.534
-14.2094
-12.7985
-11.3787
-10.0143
-8.74173
-7.57576
-6.52426
-5.5879
-4.76053
-4.03316
-3.39534
-2.83727
-2.35019
-1.92388
-1.54953
-1.22053
-0.931079
-0.675251
-0.448211
-0.246853
-0.0681648
0.0914335
0.233664
0.360279
0.473223
0.574
0.663892
0.744019
0.814938
0.877238
0.931605
0.978841
1.0196
1.05435
1.08353
1.10766
1.12718
1.14225
1.15327
1.16075
1.16476
1.16552
1.16355
1.15946
1.15316
1.14456
1.13388
1.12123
1.1067
1.09041
1.0724
1.05273
1.03143
1.00859
0.984214
0.958511
0.931339
0.902927
0.873229
0.842672
0.811255
0.779274
0.746809
0.714028
0.681027
0.647849
0.614473
0.580969
0.547477
0.513668
0.480343
0.446104
0.412026
0.378238
0.344596
0.311175
0.277747
0.244224
0.210599
0.176852
0.142807
0.108844
0.0744346
0.040496
0.00623836
-0.0264409
-0.0587619
-0.0873979
-0.113374
-0.131033
-0.142339
-0.117358
-0.105179
-18.5094
-18.5123
-18.4243
-18.1564
-17.5962
-16.7105
-15.5602
-14.2372
-12.8273
-11.4083
-10.044
-8.77101
-7.60444
-6.55218
-5.61498
-4.78679
-4.05868
-3.42021
-2.86162
-2.37422
-1.94766
-1.57325
-1.24398
-0.954527
-0.698739
-0.47166
-0.27022
-0.091187
0.0685307
0.210826
0.337467
0.450443
0.551233
0.641122
0.721254
0.792172
0.854446
0.908779
0.955964
0.996657
1.03134
1.06042
1.08444
1.10384
1.11885
1.12975
1.13716
1.14139
1.14228
1.14033
1.13629
1.13001
1.12142
1.11073
1.09806
1.08351
1.06718
1.04914
1.02943
1.0081
0.985245
0.960848
0.935136
0.907968
0.87957
0.849892
0.819358
0.787963
0.755998
0.723548
0.69076
0.657766
0.624527
0.591171
0.557464
0.523842
0.489965
0.456493
0.422452
0.38845
0.354807
0.321257
0.287908
0.254529
0.22103
0.187425
0.15366
0.119609
0.0856046
0.0511503
0.0171431
-0.0171983
-0.0500007
-0.0823362
-0.111287
-0.136844
-0.153991
-0.165562
-0.139583
-0.135665
-18.465
-18.4521
-18.4926
-18.4798
-18.4597
-18.434
-18.4038
-18.3721
-18.3418
-18.3143
-18.2902
-18.2702
-18.2546
-18.2461
-18.2457
-18.2374
-18.9462
-18.925
-18.9287
-18.9399
-18.9317
-18.9082
-18.8785
-18.8469
-18.816
-18.7875
-18.7629
-18.7428
-18.7274
-18.7158
-18.7082
-18.6931
-19.4007
-19.4686
-19.557
-19.5905
-19.5902
-19.5707
-19.5417
-19.5104
-19.4806
-19.4543
-19.4323
-19.4155
-19.4044
-19.3984
-19.3931
-19.3812
-19.4708
-19.5629
-19.6132
-19.6384
-19.6457
-19.6337
-19.6086
-19.5793
-19.5512
-19.5267
-19.5069
-19.4917
-19.4813
-19.4753
-19.4705
-19.4577
-18.9026
-18.9638
-18.9997
-19.0283
-19.0387
-19.0308
-19.0111
-18.985
-18.9584
-18.9326
-18.9084
-18.8867
-18.8681
-18.8533
-18.8423
-18.8235
-17.7883
-17.834
-17.8694
-17.8965
-17.9075
-17.9024
-17.8846
-17.8595
-17.8319
-17.8039
-17.7764
-17.7498
-17.7246
-17.7021
-17.6838
-17.6594
-16.3003
-16.3309
-16.3572
-16.377
-16.3856
-16.3814
-16.3648
-16.3403
-16.3123
-16.282
-16.2499
-16.216
-16.1811
-16.1471
-16.1167
-16.0861
-14.5731
-14.5898
-14.6049
-14.6157
-14.6199
-14.6142
-14.597
-14.572
-14.5429
-14.5104
-14.4746
-14.4355
-14.3938
-14.3519
-14.314
-14.2795
-12.7945
-12.7951
-12.7977
-12.8001
-12.7998
-12.7919
-12.7734
-12.7474
-12.7172
-12.6831
-12.6447
-12.602
-12.5556
-12.5082
-12.4652
-12.4276
-11.0588
-11.0447
-11.036
-11.0305
-11.0254
-11.0138
-10.9928
-10.9655
-10.9344
-10.8993
-10.8595
-10.815
-10.7664
-10.7165
-10.6711
-10.6321
-9.45433
-9.4286
-9.41115
-9.39975
-9.39031
-9.37528
-9.35195
-9.32361
-9.29188
-9.25623
-9.21598
-9.17094
-9.12179
-9.07135
-9.0255
-8.98624
-8.01116
-7.97736
-7.9533
-7.93698
-7.92346
-7.90477
-7.87913
-7.84981
-7.81766
-7.78194
-7.74196
-7.69752
-7.64929
-7.60004
-7.55531
-7.51679
-6.74401
-6.70621
-6.67876
-6.65956
-6.64265
-6.62067
-6.59332
-6.56354
-6.53144
-6.49612
-6.45697
-6.41383
-6.36737
-6.3202
-6.27742
-6.24015
-5.646
-5.60648
-5.5775
-5.5561
-5.53506
-5.5094
-5.48078
-5.4509
-5.41911
-5.38451
-5.34656
-5.30519
-5.26104
-5.21653
-5.17622
-5.14054
-4.70346
-4.66408
-4.63509
-4.6123
-4.58813
-4.56022
-4.53114
-4.50137
-4.47
-4.43623
-4.39964
-4.36017
-4.31849
-4.27688
-4.23934
-4.2056
-3.89614
-3.85769
-3.82896
-3.80521
-3.77957
-3.75097
-3.72191
-3.69242
-3.66161
-3.6288
-3.59366
-3.55619
-3.51708
-3.47844
-3.44379
-3.41203
-3.20633
-3.16968
-3.14143
-3.11586
-3.08831
-3.05959
-3.03113
-3.00237
-2.97246
-2.94089
-2.90739
-2.87201
-2.83543
-2.79965
-2.76769
-2.7377
-2.61377
-2.57944
-2.55183
-2.52449
-2.49549
-2.46691
-2.43898
-2.41084
-2.38179
-2.3514
-2.31948
-2.28607
-2.25184
-2.21865
-2.18915
-2.16071
-2.10259
-2.07014
-2.04309
-2.01567
-1.98688
-1.95878
-1.93133
-1.90377
-1.8755
-1.8462
-1.81571
-1.78409
-1.75199
-1.72114
-1.69387
-1.66682
-1.66081
-1.62983
-1.60219
-1.57408
-1.54577
-1.51846
-1.49173
-1.46492
-1.43756
-1.4094
-1.38032
-1.3504
-1.32026
-1.29155
-1.2663
-1.24046
-1.27653
-1.24698
-1.21861
-1.18972
-1.16189
-1.13528
-1.10922
-1.08315
-1.05668
-1.02961
-1.00183
-0.973457
-0.945061
-0.918196
-0.894718
-0.8699
-0.939577
-0.910936
-0.882777
-0.854262
-0.827012
-0.800924
-0.775381
-0.749906
-0.72419
-0.698051
-0.67142
-0.644394
-0.617518
-0.592262
-0.57034
-0.546389
-0.643383
-0.615099
-0.58707
-0.559128
-0.532494
-0.506929
-0.481899
-0.457008
-0.431999
-0.406724
-0.381133
-0.35532
-0.329797
-0.305959
-0.285428
-0.262225
-0.382126
-0.353472
-0.325115
-0.297797
-0.271879
-0.246917
-0.222456
-0.19818
-0.173878
-0.14943
-0.124804
-0.10009
-0.0757713
-0.0531952
-0.0339627
-0.0112053
-0.150348
-0.121606
-0.0931344
-0.0662857
-0.0408804
-0.0163838
0.00759814
0.0313327
0.0550017
0.0787045
0.102463
0.126196
0.149453
0.17093
0.188993
0.211412
0.0566935
0.0849516
0.112899
0.139263
0.164283
0.188425
0.212022
0.235307
0.258438
0.281497
0.304501
0.327376
0.349712
0.370257
0.387347
0.4093
0.241649
0.269525
0.296999
0.322944
0.347611
0.371416
0.39465
0.417516
0.440152
0.462627
0.48495
0.507057
0.528572
0.548301
0.564537
0.586075
0.407041
0.435118
0.462114
0.487561
0.511833
0.535286
0.558158
0.580622
0.602796
0.624735
0.646442
0.667861
0.68865
0.707663
0.723128
0.744313
0.555357
0.583655
0.610316
0.63538
0.659315
0.682442
0.704966
0.727044
0.748781
0.770221
0.791363
0.812158
0.832297
0.850681
0.865451
0.886332
0.6886
0.716487
0.742762
0.767573
0.791299
0.814202
0.836468
0.858241
0.879617
0.900634
0.921289
0.941543
0.961116
0.978958
0.993106
1.01373
0.809433
0.836688
0.862407
0.886845
0.910264
0.932871
0.954832
0.976277
0.997288
1.01789
1.03809
1.05784
1.0769
1.09425
1.10784
1.12824
0.917309
0.944155
0.969532
0.993676
1.01682
1.03916
1.06084
1.08198
1.10266
1.1229
1.14268
1.16199
1.18059
1.19753
1.21061
1.23083
1.01279
1.03948
1.06471
1.08871
1.1117
1.13385
1.15533
1.17624
1.19665
1.21657
1.236
1.25491
1.27312
1.2897
1.30232
1.32238
1.09759
1.12416
1.14928
1.17317
1.19604
1.21806
1.23937
1.26008
1.28025
1.29989
1.319
1.33756
1.35541
1.37168
1.38389
1.40381
1.17281
1.19924
1.22426
1.24805
1.27081
1.2927
1.31386
1.33438
1.35433
1.37372
1.39254
1.41078
1.42831
1.4443
1.45613
1.47594
1.23922
1.26554
1.29046
1.31415
1.33681
1.35859
1.37961
1.39996
1.41971
1.43887
1.45742
1.47537
1.4926
1.50834
1.51981
1.53952
1.29759
1.3238
1.34863
1.37224
1.3948
1.41647
1.43735
1.45755
1.47711
1.49605
1.51435
1.53203
1.54899
1.56451
1.57565
1.59527
1.3486
1.37471
1.39945
1.42297
1.44544
1.467
1.48776
1.50781
1.52719
1.54592
1.564
1.58142
1.59813
1.61345
1.62428
1.64382
1.39282
1.41883
1.44349
1.46693
1.48931
1.51077
1.53141
1.55131
1.57053
1.58908
1.60694
1.62413
1.6406
1.65574
1.66628
1.68575
1.43078
1.45671
1.48128
1.50465
1.52695
1.54831
1.56884
1.58862
1.60768
1.62605
1.64371
1.66068
1.67693
1.69192
1.70218
1.7216
1.46298
1.48883
1.51333
1.53663
1.55885
1.58013
1.60055
1.6202
1.63912
1.65732
1.6748
1.69156
1.70761
1.72247
1.73247
1.75183
1.48986
1.51564
1.54008
1.56331
1.58546
1.60665
1.62698
1.64651
1.6653
1.68335
1.70065
1.71723
1.73309
1.74782
1.75759
1.7769
1.51186
1.53757
1.56195
1.58512
1.6072
1.62832
1.64855
1.66798
1.68664
1.70454
1.72169
1.73809
1.75378
1.76841
1.77795
1.79723
1.52936
1.55501
1.57933
1.60245
1.62447
1.64551
1.66566
1.68498
1.70353
1.72131
1.73831
1.75454
1.77008
1.78461
1.79394
1.81319
1.54272
1.56832
1.59259
1.61565
1.63762
1.65859
1.67866
1.69789
1.71633
1.73399
1.75085
1.76694
1.78233
1.79679
1.80593
1.82514
1.5523
1.57785
1.60207
1.62508
1.64699
1.6679
1.6879
1.70705
1.72539
1.74293
1.75967
1.77563
1.79088
1.80527
1.81423
1.83342
1.5584
1.5839
1.60808
1.63104
1.6529
1.67376
1.69369
1.71275
1.731
1.74845
1.76508
1.7809
1.79603
1.81036
1.81917
1.83834
1.5613
1.58675
1.61089
1.63381
1.65562
1.67643
1.69629
1.71529
1.73346
1.75081
1.76734
1.78305
1.79807
1.81235
1.82101
1.84016
1.56127
1.58669
1.61078
1.63367
1.65544
1.67619
1.696
1.71493
1.73302
1.75029
1.76673
1.78234
1.79725
1.81149
1.82003
1.83915
1.55856
1.58394
1.60801
1.63085
1.65259
1.6733
1.69306
1.71192
1.72995
1.74714
1.76349
1.77901
1.79383
1.80803
1.81646
1.83557
1.5534
1.57874
1.60277
1.62558
1.64728
1.66794
1.68765
1.70647
1.72443
1.74156
1.75783
1.77326
1.788
1.80217
1.8105
1.8296
1.54604
1.57133
1.5953
1.61807
1.63973
1.66035
1.68002
1.69878
1.71669
1.73375
1.74996
1.76532
1.77999
1.79413
1.80238
1.82146
1.53655
1.5618
1.58575
1.60848
1.63011
1.6507
1.67032
1.68905
1.70691
1.72392
1.74007
1.75537
1.76997
1.78409
1.79227
1.81135
1.52514
1.55036
1.57428
1.59699
1.61858
1.63914
1.65873
1.67741
1.69523
1.7122
1.7283
1.74355
1.7581
1.7722
1.78034
1.7994
1.51199
1.53719
1.56108
1.58377
1.60534
1.62587
1.64544
1.66409
1.68187
1.69881
1.71488
1.73009
1.74459
1.75867
1.76677
1.78582
1.49727
1.52244
1.54632
1.569
1.59055
1.61107
1.63062
1.64925
1.66701
1.68392
1.69997
1.71514
1.72962
1.74368
1.75176
1.7708
1.48096
1.50613
1.53001
1.55268
1.57424
1.59475
1.6143
1.63292
1.65067
1.66757
1.68359
1.69875
1.7132
1.72725
1.73531
1.75434
1.46321
1.48838
1.51226
1.53494
1.5565
1.57701
1.59655
1.61517
1.63292
1.6498
1.66582
1.68096
1.69539
1.70944
1.71748
1.73651
1.44411
1.46929
1.49318
1.51586
1.53743
1.55795
1.57749
1.59612
1.61386
1.63075
1.64676
1.66189
1.6763
1.69035
1.69838
1.7174
1.42368
1.44888
1.4728
1.4955
1.51709
1.53762
1.55718
1.57581
1.59357
1.61046
1.62647
1.6416
1.65601
1.67005
1.67808
1.69709
1.40199
1.42724
1.45118
1.47392
1.49553
1.51609
1.53567
1.55432
1.57209
1.589
1.60502
1.62015
1.63455
1.6486
1.65661
1.67561
1.37914
1.40444
1.42843
1.4512
1.47285
1.49344
1.51304
1.53172
1.54951
1.56643
1.58246
1.5976
1.61199
1.62605
1.63405
1.65305
1.35514
1.3805
1.40455
1.42737
1.44906
1.46969
1.48934
1.50804
1.52586
1.54281
1.55886
1.574
1.5884
1.60247
1.61045
1.62944
1.33002
1.35545
1.37957
1.40245
1.42418
1.44486
1.46454
1.48327
1.50112
1.51808
1.53414
1.54928
1.56367
1.57774
1.58569
1.60468
1.30386
1.32938
1.35357
1.37652
1.39831
1.41904
1.43876
1.45754
1.47541
1.4924
1.50848
1.52363
1.53801
1.55209
1.56001
1.57897
1.2767
1.30233
1.32662
1.34965
1.37153
1.39232
1.41211
1.43095
1.44887
1.4659
1.48201
1.49718
1.51156
1.52568
1.53355
1.55255
1.24846
1.2742
1.29858
1.3217
1.34364
1.3645
1.38434
1.40322
1.42118
1.43824
1.45438
1.46955
1.48392
1.4981
1.50588
1.52495
1.21914
1.24497
1.26943
1.29261
1.3146
1.3355
1.35537
1.37427
1.39225
1.40931
1.42542
1.44055
1.45487
1.46907
1.47671
1.49577
1.1888
1.21469
1.23919
1.26241
1.28443
1.30535
1.32524
1.34415
1.36212
1.37918
1.39527
1.41037
1.42461
1.43885
1.44633
1.46538
1.15777
1.18374
1.20831
1.23158
1.25364
1.27459
1.29449
1.31339
1.33135
1.34836
1.36441
1.37943
1.39358
1.40786
1.41516
1.4342
1.12597
1.152
1.17662
1.19992
1.222
1.24296
1.26285
1.28174
1.29967
1.31666
1.33266
1.34762
1.36166
1.37598
1.3831
1.40214
1.09345
1.11953
1.14418
1.1675
1.1896
1.21056
1.23044
1.24931
1.26721
1.28415
1.30009
1.31496
1.32888
1.34327
1.35017
1.36921
1.06026
1.08639
1.11107
1.13442
1.15653
1.17749
1.19736
1.21621
1.23406
1.25095
1.26683
1.2816
1.29538
1.30985
1.31651
1.33555
1.02657
1.05271
1.0774
1.10074
1.12283
1.14377
1.16361
1.18241
1.20021
1.21703
1.23284
1.24752
1.26111
1.27571
1.28207
1.30114
0.992274
1.01843
1.04313
1.06647
1.08856
1.10948
1.12929
1.14805
1.16579
1.18254
1.19828
1.21285
1.2262
1.24101
1.24699
1.26613
0.957638
0.983768
1.00844
1.03175
1.0538
1.07467
1.09443
1.11312
1.13078
1.14745
1.1631
1.17757
1.19058
1.20571
1.21129
1.23046
0.922545
0.948657
0.973304
0.996585
1.0186
1.03941
1.05911
1.07772
1.09528
1.11183
1.12739
1.14179
1.15429
1.1699
1.17484
1.19412
0.887255
0.913313
0.937905
0.96113
0.983076
1.00382
1.02343
1.04194
1.05939
1.07579
1.09125
1.10572
1.11741
1.13373
1.13825
1.15757
0.851693
0.877704
0.902244
0.925409
0.947291
0.967967
0.987496
1.00592
1.02326
1.03951
1.05477
1.06966
1.08027
1.09706
1.10139
1.12072
0.816105
0.842037
0.866495
0.889578
0.91137
0.931944
0.95136
0.969663
0.986881
1.00301
1.01807
1.03237
1.04418
1.05943
1.06425
1.08339
0.780373
0.806222
0.830597
0.853597
0.875305
0.895788
0.915103
0.933289
0.950374
0.966384
0.981321
0.995133
1.00733
1.02217
1.02726
1.04622
0.744666
0.770405
0.79467
0.817557
0.839148
0.859511
0.878696
0.896741
0.91367
0.929501
0.944249
0.958036
0.970446
0.984727
0.990018
1.00884
0.708863
0.734493
0.758654
0.781436
0.802915
0.823154
0.842203
0.860097
0.876857
0.892519
0.907274
0.920976
0.933257
0.947268
0.952647
0.971375
0.673095
0.698582
0.722601
0.745242
0.766577
0.786669
0.80556
0.823285
0.839902
0.855594
0.870275
0.883751
0.895987
0.909801
0.915234
0.933898
0.637168
0.662524
0.68642
0.708937
0.730145
0.750097
0.768848
0.786488
0.803154
0.818752
0.833198
0.846526
0.858723
0.872378
0.877833
0.89645
0.601246
0.626451
0.650198
0.672566
0.693626
0.713455
0.732178
0.74985
0.766366
0.781725
0.796029
0.809261
0.821403
0.834949
0.840415
0.859006
0.565143
0.590216
0.613852
0.636122
0.657118
0.676964
0.695643
0.713096
0.72939
0.744617
0.758817
0.771948
0.784017
0.79749
0.802939
0.821514
0.529168
0.554087
0.577595
0.599789
0.620744
0.640431
0.658868
0.676144
0.69232
0.707443
0.721543
0.73459
0.746602
0.760047
0.765492
0.78408
0.49304
0.517819
0.541221
0.563286
0.584023
0.603493
0.621772
0.638911
0.654953
0.669945
0.683927
0.696872
0.708791
0.722246
0.727609
0.746224
0.456868
0.481512
0.504733
0.526584
0.547148
0.566484
0.584642
0.601661
0.617589
0.632482
0.646387
0.659277
0.671135
0.684665
0.689997
0.708663
0.420419
0.444869
0.467874
0.489533
0.509912
0.529068
0.547045
0.563892
0.579657
0.594405
0.608191
0.620984
0.632714
0.646354
0.651573
0.670309
0.383711
0.407925
0.430744
0.452244
0.472483
0.49151
0.509374
0.526123
0.54181
0.556502
0.570262
0.583046
0.594692
0.608552
0.61364
0.632468
0.346706
0.370576
0.393068
0.414249
0.43418
0.452915
0.470503
0.48699
0.502433
0.516911
0.530514
0.543205
0.554656
0.56881
0.573741
0.592683
0.309328
0.332786
0.354917
0.375787
0.395457
0.413975
0.431384
0.447731
0.463064
0.477457
0.491009
0.503679
0.514813
0.529427
0.533967
0.553077
0.270936
0.293614
0.315018
0.335216
0.35426
0.372195
0.389066
0.404934
0.419872
0.433983
0.447421
0.460222
0.470886
0.486082
0.490565
0.509843
0.231577
0.253212
0.273706
0.293117
0.311493
0.328874
0.345285
0.360746
0.375287
0.38897
0.401991
0.414897
0.424696
0.440071
0.444471
0.463653
0.18884
0.208398
0.226942
0.244528
0.261203
0.277045
0.292169
0.306669
0.320603
0.334016
0.346942
0.359647
0.371424
0.38496
0.390704
0.409434
0.144324
0.161283
0.177562
0.193213
0.208263
0.222717
0.236578
0.249892
0.262737
0.275169
0.287211
0.298856
0.309951
0.323297
0.329728
0.348517
0.091938
0.103649
0.11482
0.125528
0.135854
0.145881
0.155689
0.165364
0.174993
0.184662
0.194428
0.204285
0.214245
0.225687
0.231536
0.249835
0.0349054
0.0410502
0.0478307
0.0552657
0.0633206
0.0719188
0.0809627
0.0903492
0.0999838
0.109788
0.119698
0.129652
0.139633
0.14993
0.158958
0.170761
)
;

boundaryField
{
    frontAndBack
    {
        type            empty;
    }
    inlet
    {
        type            zeroGradient;
    }
    outlet
    {
        type            fixedValue;
        value           uniform 0;
    }
    walls
    {
        type            zeroGradient;
    }
}


// ************************************************************************* //
