/*--------------------------------*- C++ -*----------------------------------*\
| =========                 |                                                 |
| \\      /  F ield         | OpenFOAM: The Open Source CFD Toolbox           |
|  \\    /   O peration     | Version:  v2012                                 |
|   \\  /    A nd           | Website:  www.openfoam.com                      |
|    \\/     M anipulation  |                                                 |
\*---------------------------------------------------------------------------*/
FoamFile
{
    version     2.0;
    format      ascii;
    class       volScalarField;
    location    "0.127";
    object      p;
}
// * * * * * * * * * * * * * * * * * * * * * * * * * * * * * * * * * * * * * //

dimensions      [0 2 -2 0 0 0 0];


internalField   nonuniform List<scalar> 
5600
(
-12.3181
-13.284
-14.2374
-15.2283
-16.2882
-17.3876
-18.4918
-19.5612
-20.5796
-21.5418
-22.454
-23.3131
-24.116
-24.8727
-25.589
-26.2759
-26.9427
-27.5914
-28.2334
-28.8706
-29.504
-30.1387
-30.767
-31.3948
-32.0174
-32.6369
-33.2518
-33.8659
-34.4767
-35.0853
-35.6937
-36.3014
-36.909
-37.5155
-38.1233
-38.7283
-39.3315
-39.9343
-40.5359
-41.1359
-41.7347
-42.3318
-42.9272
-43.5208
-44.1123
-44.7026
-45.2919
-45.8792
-46.4646
-47.0487
-47.6315
-48.2126
-48.7925
-49.3707
-49.9476
-50.523
-51.097
-51.6694
-52.2406
-52.8104
-53.3794
-53.9462
-54.5117
-55.076
-55.6386
-56.2003
-56.7609
-57.3198
-57.878
-58.4345
-58.9902
-59.5443
-60.0974
-60.6497
-61.2017
-61.7523
-62.3015
-62.8497
-63.3962
-63.9425
-64.4868
-65.0308
-65.5736
-66.1167
-66.6582
-67.1999
-67.74
-68.2805
-68.8197
-69.3587
-69.8979
-70.4342
-70.9717
-71.5072
-72.0454
-72.5839
-73.1294
-73.6892
-74.2501
-75.1087
-12.4166
-13.3079
-14.2551
-15.2413
-16.2981
-17.3969
-18.501
-19.5697
-20.5891
-21.552
-22.4633
-23.3217
-24.1246
-24.8819
-25.5993
-26.2877
-26.9559
-27.6063
-28.2493
-28.8872
-29.5214
-30.1569
-30.7856
-31.4139
-32.0366
-32.6563
-33.2714
-33.8859
-34.4968
-35.1054
-35.7141
-36.3221
-36.9297
-37.5367
-38.1446
-38.7497
-39.3531
-39.9559
-40.5576
-41.1577
-41.7566
-42.3537
-42.9493
-43.5428
-44.1344
-44.7247
-45.3141
-45.9013
-46.4869
-47.0709
-47.6538
-48.2349
-48.8149
-49.3931
-49.97
-50.5454
-51.1194
-51.6918
-52.263
-52.8328
-53.4017
-53.9685
-54.534
-55.0982
-55.6609
-56.2225
-56.7832
-57.342
-57.9003
-58.4567
-59.0125
-59.5665
-60.1197
-60.6719
-61.224
-61.7744
-62.3237
-62.8719
-63.4184
-63.9647
-64.509
-65.053
-65.5959
-66.1389
-66.6804
-67.2222
-67.7621
-68.3029
-68.8417
-69.3813
-69.9196
-70.4571
-70.993
-71.531
-72.0653
-72.61
-73.1451
-73.7201
-74.2603
-75.1061
-12.4982
-13.3289
-14.2832
-15.2698
-16.3203
-17.4135
-18.5127
-19.5782
-20.5936
-21.5554
-22.465
-23.3225
-24.1251
-24.8824
-25.5997
-26.2888
-26.9572
-27.6079
-28.2512
-28.8894
-29.5245
-30.1599
-30.789
-31.4174
-32.041
-32.6614
-33.2769
-33.8919
-34.503
-35.1124
-35.7213
-36.3293
-36.9371
-37.5439
-38.1518
-38.7569
-39.3603
-39.9632
-40.5649
-41.165
-41.764
-42.3609
-42.9565
-43.5501
-44.1417
-44.732
-45.3213
-45.9086
-46.4941
-47.0782
-47.6611
-48.2422
-48.8221
-49.4003
-49.9772
-50.5526
-51.1267
-51.6992
-52.2705
-52.8403
-53.4095
-53.9764
-54.542
-55.1064
-55.6691
-56.2309
-56.7916
-57.3505
-57.9089
-58.4654
-59.0213
-59.5754
-60.1286
-60.6809
-61.233
-61.7835
-62.3329
-62.8811
-63.4277
-63.974
-64.5184
-65.0624
-65.6053
-66.1482
-66.6898
-67.2316
-67.7716
-68.3123
-68.8512
-69.3908
-69.9292
-70.4667
-71.0027
-71.5406
-72.0751
-72.6193
-73.1555
-73.7312
-74.2748
-75.0791
-12.5893
-13.359
-14.3117
-15.2968
-16.3397
-17.4278
-18.5242
-19.5897
-20.6027
-21.5656
-22.4762
-23.335
-24.1388
-24.8974
-25.6163
-26.3051
-26.9741
-27.6252
-28.2679
-28.9053
-29.5395
-30.173
-30.8011
-31.4281
-32.0517
-32.6718
-33.2871
-33.9024
-34.5141
-35.1247
-35.7342
-36.3429
-36.951
-37.5584
-38.1666
-38.7719
-39.3753
-39.9784
-40.5802
-41.1804
-41.7794
-42.3765
-42.9723
-43.5661
-44.1578
-44.7484
-45.3379
-45.9253
-46.511
-47.0951
-47.6782
-48.2594
-48.8395
-49.4179
-49.9949
-50.5705
-51.1447
-51.7171
-52.2883
-52.8582
-53.4272
-53.994
-54.5596
-55.1239
-55.6864
-56.2481
-56.8087
-57.3676
-57.9259
-58.4824
-59.0382
-59.5922
-60.1455
-60.6977
-61.2497
-61.8002
-62.3496
-62.8977
-63.4444
-63.9907
-64.5351
-65.079
-65.6221
-66.1648
-66.7067
-67.2481
-67.7885
-68.3289
-68.8681
-69.4073
-69.9461
-70.483
-71.0199
-71.5565
-72.0925
-72.6345
-73.1731
-73.7443
-74.2977
-75.0382
-12.6816
-13.3899
-14.3374
-15.3241
-16.3609
-17.4443
-18.5383
-19.6021
-20.6144
-21.5773
-22.4877
-23.3464
-24.1505
-24.9094
-25.6297
-26.3181
-26.988
-27.6402
-28.2836
-28.9215
-29.5565
-30.1898
-30.8188
-31.4456
-32.0692
-32.6888
-33.3039
-33.9182
-34.5296
-35.1397
-35.7481
-36.3564
-36.9635
-37.5708
-38.1788
-38.7846
-39.3883
-39.9918
-40.5938
-41.1943
-41.7935
-42.3908
-42.9866
-43.5808
-44.1726
-44.7635
-45.353
-45.9404
-46.5261
-47.1103
-47.6933
-48.2745
-48.8546
-49.4329
-50.0099
-50.5854
-51.1595
-51.7319
-52.3032
-52.8731
-53.4422
-54.0091
-54.5746
-55.139
-55.7019
-56.2638
-56.8245
-57.3834
-57.9419
-58.4984
-59.0543
-59.6084
-60.1618
-60.7141
-61.2661
-61.8167
-62.3661
-62.9143
-63.4611
-64.0073
-64.5519
-65.0956
-65.6389
-66.1815
-66.7235
-67.2649
-67.8054
-68.3456
-68.8851
-69.4241
-69.963
-70.4998
-71.0369
-71.5733
-72.1095
-72.6509
-73.1895
-73.7573
-74.3069
-75.0093
-12.7726
-13.4228
-14.3637
-15.354
-16.385
-17.463
-18.5542
-19.6163
-20.628
-21.5905
-22.5008
-23.3595
-24.1645
-24.9242
-25.6454
-26.3349
-27.0057
-27.6587
-28.3026
-28.9407
-29.5758
-30.2088
-30.8381
-31.4646
-32.088
-32.7074
-33.323
-33.9372
-34.549
-35.1592
-35.7676
-36.3761
-36.9829
-37.5899
-38.1978
-38.8033
-39.4066
-40.0094
-40.611
-41.211
-41.8097
-42.4068
-43.0021
-43.5964
-44.1877
-44.7793
-45.3689
-45.9566
-46.5423
-47.1268
-47.7099
-48.2914
-48.8715
-49.45
-50.0271
-50.6027
-51.1769
-51.7494
-52.3206
-52.8907
-53.4597
-54.0267
-54.5922
-55.1567
-55.7196
-56.2814
-56.8421
-57.401
-57.9595
-58.516
-59.0719
-59.6261
-60.1796
-60.7319
-61.284
-61.8347
-62.3841
-62.9322
-63.4792
-64.0252
-64.57
-65.1137
-65.657
-66.1996
-66.7417
-67.283
-67.8237
-68.3639
-68.9034
-69.4424
-69.9812
-70.5183
-71.0551
-71.5918
-72.1276
-72.6687
-73.207
-73.7702
-74.3174
-74.9844
-12.859
-13.4578
-14.3909
-15.3853
-16.411
-17.4836
-18.5722
-19.633
-20.6442
-21.6061
-22.5166
-23.3753
-24.1812
-24.9415
-25.6633
-26.354
-27.025
-27.6786
-28.3228
-28.9611
-29.5964
-30.2292
-30.8587
-31.4851
-32.1085
-32.728
-33.3439
-33.958
-34.5699
-35.18
-35.7886
-36.397
-37.0041
-37.611
-38.2189
-38.8243
-39.4279
-40.0306
-40.6324
-41.2323
-41.831
-42.428
-43.0232
-43.6173
-44.2085
-44.7998
-45.3894
-45.9767
-46.5621
-47.1462
-47.729
-48.3102
-48.89
-49.4683
-50.0453
-50.6208
-51.1949
-51.7677
-52.3391
-52.9095
-53.4785
-54.0457
-54.6112
-55.1759
-55.7388
-56.3007
-56.8616
-57.4205
-57.9791
-58.5355
-59.0915
-59.6458
-60.1992
-60.7516
-61.3035
-61.8542
-62.4036
-62.9516
-63.4988
-64.0447
-64.5896
-65.1333
-65.6766
-66.2193
-66.7614
-67.3027
-67.8435
-68.3836
-68.9232
-69.4623
-70.0009
-70.5385
-71.0749
-71.6118
-72.1473
-72.6878
-73.2256
-73.7831
-74.3267
-74.9619
-12.9369
-13.4944
-14.4192
-15.4175
-16.4388
-17.5065
-18.5931
-19.6527
-20.6634
-21.6249
-22.5355
-23.3941
-24.2007
-24.9615
-25.6839
-26.3756
-27.0468
-27.701
-28.3456
-28.9842
-29.6196
-30.2524
-30.882
-31.5083
-32.1317
-32.7512
-33.3672
-33.9812
-34.5931
-35.2033
-35.8119
-36.4202
-37.0275
-37.6345
-38.2422
-38.8474
-39.4512
-40.0538
-40.6557
-41.2555
-41.8542
-42.4512
-43.0464
-43.6405
-44.2322
-44.823
-45.4128
-45.9999
-46.5856
-47.1696
-47.7525
-48.3336
-48.9135
-49.4916
-50.0685
-50.6437
-51.2176
-51.7905
-52.3615
-52.9322
-53.5007
-54.0676
-54.6331
-55.1974
-55.7602
-56.3219
-56.8825
-57.4414
-57.9998
-58.5563
-59.1121
-59.6665
-60.2201
-60.7729
-61.3249
-61.8756
-62.4251
-62.9731
-63.5205
-64.0665
-64.6114
-65.1552
-65.6985
-66.2413
-66.7834
-67.3247
-67.8657
-68.4057
-68.9453
-69.4843
-70.0229
-70.5605
-71.0968
-71.6335
-72.169
-72.7087
-73.2453
-73.7977
-74.3341
-74.9393
-13.0028
-13.5311
-14.4489
-15.4502
-16.4681
-17.532
-18.6171
-19.6759
-20.6862
-21.6472
-22.5581
-23.4166
-24.2236
-24.9849
-25.7076
-26.4002
-27.0715
-27.7263
-28.3711
-29.0099
-29.6454
-30.2782
-30.9077
-31.534
-32.1573
-32.7768
-33.3929
-34.0069
-34.6189
-35.229
-35.8378
-36.446
-37.0534
-37.6605
-38.2679
-38.8732
-39.4771
-40.0797
-40.6815
-41.2814
-41.8801
-42.477
-43.0723
-43.6662
-44.2582
-44.8488
-45.4385
-46.0257
-46.6113
-47.1954
-47.7782
-48.3593
-48.9392
-49.5173
-50.0943
-50.6696
-51.2435
-51.8166
-52.3876
-52.9583
-53.5266
-54.0934
-54.6591
-55.2232
-55.7862
-56.3477
-56.9083
-57.4672
-58.0253
-58.5818
-59.1373
-59.6916
-60.245
-60.7981
-61.3497
-61.9005
-62.4498
-62.9977
-63.5446
-64.0907
-64.6354
-65.179
-65.7222
-66.2649
-66.8068
-67.3479
-67.8887
-68.4292
-68.9688
-69.5079
-70.0464
-70.5842
-71.1207
-71.6573
-72.1927
-72.7314
-73.2666
-73.8137
-74.3404
-74.9119
-13.052
-13.5657
-14.4798
-15.4829
-16.4988
-17.5605
-18.6448
-19.7032
-20.7132
-21.674
-22.585
-23.4435
-24.2507
-25.0122
-25.7351
-26.4283
-27.0996
-27.7546
-28.3996
-29.0386
-29.6741
-30.3069
-30.9364
-31.5627
-32.186
-32.8055
-33.4216
-34.0357
-34.6476
-35.2578
-35.8666
-36.4747
-37.0822
-37.6894
-38.2966
-38.902
-39.5058
-40.1085
-40.7102
-41.3102
-41.9088
-42.5057
-43.1011
-43.6949
-44.2869
-44.8776
-45.4671
-46.0544
-46.6401
-47.2242
-47.807
-48.3881
-48.968
-49.5461
-50.123
-50.6983
-51.2723
-51.8452
-52.4163
-52.9868
-53.5552
-54.122
-54.6878
-55.2518
-55.8148
-56.3764
-56.9369
-57.4959
-58.0539
-58.6105
-59.166
-59.7205
-60.2739
-60.8269
-61.3783
-61.9291
-62.4785
-63.0267
-63.5733
-64.1194
-64.6641
-65.2078
-65.7508
-66.2935
-66.8353
-67.3764
-67.9171
-68.4573
-68.9967
-69.5356
-70.074
-70.6117
-71.1483
-71.6846
-72.22
-72.7567
-73.2901
-73.8298
-74.3468
-74.8807
-13.0769
-13.594
-14.5103
-15.5132
-16.5288
-17.5908
-18.6753
-19.7337
-20.7437
-21.7045
-22.6155
-23.4739
-24.2812
-25.0426
-25.7654
-26.4587
-27.1298
-27.7849
-28.4299
-29.0689
-29.7045
-30.3372
-30.9668
-31.5931
-32.2163
-32.8358
-33.4519
-34.066
-34.6779
-35.2881
-35.8969
-36.505
-37.1124
-37.7199
-38.3269
-38.9322
-39.5361
-40.1389
-40.7405
-41.3406
-41.9391
-42.5361
-43.1314
-43.7251
-44.3173
-44.9081
-45.4974
-46.0848
-46.6704
-47.2545
-47.8373
-48.4185
-48.9983
-49.5765
-50.1533
-50.7287
-51.3026
-51.8755
-52.4466
-53.0171
-53.5856
-54.1524
-54.7181
-55.2822
-55.8451
-56.4067
-56.9672
-57.5263
-58.0842
-58.6409
-59.1964
-59.751
-60.3043
-60.8572
-61.4086
-61.9592
-62.5089
-63.057
-63.6038
-64.1498
-64.6946
-65.2382
-65.7812
-66.3237
-66.8655
-67.4066
-67.9473
-68.4874
-69.0267
-69.5657
-70.1041
-70.6418
-71.1786
-71.7145
-72.2502
-72.785
-73.3164
-73.8484
-74.356
-74.856
-13.0748
-13.6135
-14.5374
-15.5382
-16.5552
-17.6198
-18.7056
-19.7644
-20.7749
-21.7357
-22.6468
-23.5051
-24.3121
-25.0731
-25.7954
-26.4886
-27.1594
-27.8142
-28.459
-29.0981
-29.7337
-30.3664
-30.9959
-31.6222
-32.2455
-32.8648
-33.4809
-34.095
-34.7068
-35.317
-35.9259
-36.5339
-37.1413
-37.7491
-38.3559
-38.9611
-39.5651
-40.1679
-40.7695
-41.3696
-41.9682
-42.5651
-43.1604
-43.7541
-44.3463
-44.9372
-45.5263
-46.1137
-46.6994
-47.2835
-47.8662
-48.4474
-49.0272
-49.6055
-50.1823
-50.7578
-51.3317
-51.9046
-52.4759
-53.0462
-53.6147
-54.1815
-54.7471
-55.3114
-55.8742
-56.4358
-56.9963
-57.5553
-58.1132
-58.6698
-59.2252
-59.7798
-60.3332
-60.886
-61.4374
-61.988
-62.5379
-63.0861
-63.6329
-64.179
-64.7238
-65.2675
-65.8106
-66.3532
-66.8951
-67.4364
-67.9772
-68.5174
-69.0568
-69.5958
-70.1341
-70.6718
-71.2086
-71.7447
-72.2801
-72.8139
-73.3433
-73.869
-74.3681
-74.8421
-13.0511
-13.6259
-14.5603
-15.5574
-16.5774
-17.6463
-18.7339
-19.7937
-20.8047
-21.7657
-22.6769
-23.5349
-24.3416
-25.102
-25.8236
-26.5165
-27.1866
-27.841
-28.4855
-29.1245
-29.7601
-30.3928
-31.0224
-31.6486
-32.272
-32.8913
-33.5073
-34.1213
-34.7331
-35.3433
-35.9522
-36.5601
-37.1675
-37.7755
-38.3822
-38.9874
-39.5914
-40.1943
-40.7958
-41.3959
-41.9945
-42.5914
-43.1867
-43.7804
-44.3728
-44.9637
-45.5527
-46.1401
-46.7258
-47.3099
-47.8927
-48.4738
-49.0536
-49.6318
-50.2086
-50.7839
-51.3578
-51.9305
-52.5022
-53.0725
-53.6409
-54.2077
-54.7733
-55.3376
-55.9005
-56.4622
-57.0227
-57.5819
-58.14
-58.6968
-59.2523
-59.8069
-60.3603
-60.9132
-61.4648
-62.0157
-62.5657
-63.1141
-63.6611
-64.2072
-64.7522
-65.2961
-65.8392
-66.3818
-66.9238
-67.4651
-68.0058
-68.546
-69.0855
-69.6242
-70.1622
-70.6997
-71.2365
-71.7725
-72.3076
-72.8404
-73.3682
-73.8889
-74.3811
-74.8362
-13.0107
-13.6341
-14.5795
-15.5721
-16.5963
-17.6705
-18.7603
-19.8212
-20.8329
-21.7941
-22.7055
-23.5633
-24.3695
-25.1292
-25.8498
-26.5423
-27.2118
-27.8656
-28.5098
-29.1486
-29.7842
-30.4168
-31.0465
-31.6726
-32.2961
-32.9152
-33.5312
-34.1453
-34.757
-35.3671
-35.976
-36.5839
-37.1911
-37.7995
-38.4061
-39.0112
-39.6152
-40.2182
-40.8197
-41.4198
-42.0184
-42.6153
-43.2104
-43.8039
-44.3966
-44.9874
-45.5764
-46.1637
-46.7494
-47.3335
-47.9163
-48.4975
-49.0774
-49.6558
-50.2327
-50.8082
-51.3822
-51.9549
-52.527
-53.0974
-53.666
-54.2331
-54.7989
-55.3634
-55.9265
-56.4883
-57.049
-57.6083
-58.1664
-58.7232
-59.2787
-59.833
-60.3861
-60.9389
-61.4905
-62.0412
-62.5911
-63.1395
-63.6864
-64.2325
-64.7774
-65.3213
-65.8644
-66.407
-66.9489
-67.4901
-68.0309
-68.571
-69.1104
-69.6492
-70.1873
-70.7249
-71.2617
-71.7976
-72.3324
-72.8646
-73.391
-73.908
-74.3949
-74.8364
-12.958
-13.6397
-14.5953
-15.5832
-16.6124
-17.6924
-18.785
-19.8473
-20.8597
-21.8212
-22.7327
-23.59
-24.3956
-25.1546
-25.8741
-26.5661
-27.2347
-27.888
-28.5319
-29.1704
-29.8061
-30.4386
-31.0683
-31.6944
-32.3179
-32.9368
-33.5528
-34.1668
-34.7786
-35.3886
-35.9975
-36.6052
-37.2125
-37.821
-38.4274
-39.0325
-39.6365
-40.2394
-40.8409
-41.441
-42.0397
-42.6367
-43.232
-43.8257
-44.4187
-45.0096
-45.5988
-46.1865
-46.7725
-47.357
-47.9401
-48.5216
-49.1017
-49.6802
-50.2573
-50.8328
-51.4066
-51.979
-52.5508
-53.1211
-53.6896
-54.2566
-54.8223
-55.3867
-55.9498
-56.5115
-57.0721
-57.6314
-58.1894
-58.7462
-59.3016
-59.8559
-60.4092
-60.9619
-61.5136
-62.0642
-62.6141
-63.1625
-63.7095
-64.2555
-64.8003
-65.344
-65.8871
-66.4297
-66.9716
-67.5129
-68.0536
-68.5937
-69.1331
-69.6719
-70.21
-70.7475
-71.2842
-71.82
-72.3546
-72.8864
-73.4118
-73.9259
-74.4089
-74.8408
-12.8977
-13.6435
-14.6076
-15.5916
-16.6263
-17.7119
-18.8076
-19.8717
-20.8849
-21.8468
-22.7585
-23.6156
-24.4205
-25.1786
-25.8968
-26.5881
-27.2557
-27.9084
-28.5518
-29.1901
-29.8259
-30.4584
-31.0879
-31.7145
-32.3379
-32.9566
-33.5723
-34.1861
-34.7977
-35.4075
-36.0164
-36.6241
-37.2319
-37.8405
-38.4471
-39.0525
-39.6571
-40.2605
-40.8626
-41.4632
-42.0622
-42.6595
-43.255
-43.8489
-44.4415
-45.0321
-45.6212
-46.2087
-46.7945
-47.3788
-47.9617
-48.5432
-49.1231
-49.7016
-50.2785
-50.8539
-51.4277
-52.0001
-52.5719
-53.1422
-53.7106
-54.2777
-54.8433
-55.4077
-55.9707
-56.5324
-57.0929
-57.6522
-58.2102
-58.767
-59.3223
-59.8765
-60.4298
-60.9824
-61.5342
-62.0847
-62.6346
-63.1831
-63.73
-64.2762
-64.8213
-65.3651
-65.908
-66.4503
-66.9922
-67.5333
-68.074
-68.614
-69.1533
-69.6921
-70.2302
-70.7676
-71.3043
-71.8401
-72.3745
-72.906
-73.4308
-73.9428
-74.4229
-74.8482
-12.8331
-13.6459
-14.6166
-15.599
-16.6399
-17.7301
-18.8282
-19.8937
-20.9076
-21.8695
-22.7817
-23.6383
-24.4431
-25.1998
-25.9181
-26.6085
-27.275
-27.9268
-28.5697
-29.2074
-29.8429
-30.4753
-31.1044
-31.7313
-32.3547
-32.9741
-33.5904
-34.2048
-34.817
-35.4277
-36.0374
-36.6457
-37.2541
-37.8627
-38.4691
-39.0741
-39.6784
-40.2816
-40.8833
-41.4837
-42.0825
-42.6797
-43.275
-43.8686
-44.4608
-45.0514
-45.6405
-46.2279
-46.8137
-47.3979
-47.9808
-48.5622
-49.142
-49.7205
-50.2974
-50.8727
-51.4465
-52.0189
-52.5906
-53.1608
-53.7292
-54.2962
-54.8618
-55.426
-55.989
-56.5506
-57.1111
-57.6703
-58.2283
-58.7849
-59.3402
-59.8943
-60.4474
-60.9999
-61.5516
-62.1021
-62.6518
-63.2001
-63.7469
-64.2927
-64.8373
-65.3811
-65.9242
-66.4668
-67.0086
-67.5498
-68.0905
-68.6306
-69.1699
-69.7087
-70.2468
-70.7842
-71.3209
-71.8567
-72.391
-72.9222
-73.4465
-73.9579
-74.4361
-74.8575
-12.7665
-13.6461
-14.6194
-15.6027
-16.6529
-17.7487
-18.8494
-19.9166
-20.9309
-21.8922
-22.804
-23.6594
-24.4633
-25.2184
-25.9366
-26.6259
-27.292
-27.9438
-28.587
-29.2255
-29.8621
-30.4959
-31.1265
-31.7543
-32.3778
-32.9976
-33.6139
-34.2278
-34.8387
-35.4485
-36.0577
-36.6656
-37.2736
-37.8819
-38.4881
-39.093
-39.6973
-40.3004
-40.9021
-41.5024
-42.1012
-42.6983
-43.2936
-43.887
-44.479
-45.0696
-45.6585
-46.2459
-46.8317
-47.4159
-47.9987
-48.58
-49.1599
-49.7383
-50.3152
-50.8906
-51.4644
-52.0368
-52.6085
-53.1786
-53.7471
-54.3141
-54.8797
-55.444
-56.007
-56.5687
-57.1292
-57.6884
-58.2464
-58.8031
-59.3585
-59.9126
-60.4658
-61.0184
-61.5702
-62.1207
-62.6705
-63.2189
-63.7661
-64.3121
-64.857
-65.4007
-65.9437
-66.4861
-67.0279
-67.5691
-68.1097
-68.6497
-69.189
-69.7278
-70.2658
-70.8033
-71.34
-71.8756
-72.4099
-72.9409
-73.465
-73.9747
-74.4501
-74.8687
-12.7073
-13.6521
-14.6184
-15.5975
-16.6535
-17.7544
-18.8604
-19.9326
-20.9482
-21.9112
-22.8245
-23.6804
-24.4842
-25.2391
-25.9566
-26.6451
-27.3107
-27.9622
-28.6051
-29.2433
-29.8796
-30.5133
-31.1437
-31.7708
-32.3929
-33.012
-33.6277
-34.2411
-34.8516
-35.4609
-36.0698
-36.6776
-37.2854
-37.8937
-38.4999
-39.1046
-39.7087
-40.3117
-40.9133
-41.5135
-42.1122
-42.7092
-43.3044
-43.8977
-44.4897
-45.0802
-45.6691
-46.2563
-46.8421
-47.4262
-48.0089
-48.5902
-49.17
-49.7484
-50.3252
-50.9005
-51.4742
-52.0465
-52.6181
-53.1882
-53.7566
-54.3235
-54.8891
-55.4532
-56.0161
-56.5777
-57.1382
-57.6973
-58.2553
-58.8119
-59.3671
-59.9212
-60.4743
-61.0269
-61.5785
-62.1289
-62.6786
-63.2269
-63.7739
-64.3197
-64.8645
-65.4082
-65.9512
-66.4937
-67.0355
-67.5766
-68.1172
-68.6573
-69.1966
-69.7353
-70.2734
-70.8108
-71.3475
-71.8831
-72.4174
-72.9483
-73.4723
-73.983
-74.4586
-74.8771
-12.6313
-13.6586
-14.6384
-15.6253
-16.6852
-17.7859
-18.8927
-19.9658
-20.9793
-21.9432
-22.8578
-23.7147
-24.5185
-25.273
-25.9896
-26.677
-27.3412
-27.9913
-28.6329
-29.27
-29.9054
-30.5384
-31.1683
-31.7952
-32.4174
-33.0364
-33.652
-34.2651
-34.8756
-35.4847
-36.0935
-36.7011
-37.3087
-37.9167
-38.5228
-39.1275
-39.7315
-40.3345
-40.936
-41.5362
-42.1349
-42.7318
-43.3269
-43.9203
-44.5123
-45.1028
-45.6916
-46.2789
-46.8646
-47.4487
-48.0314
-48.6127
-49.1925
-49.7708
-50.3477
-50.9229
-51.4966
-52.069
-52.6406
-53.2107
-53.7791
-54.346
-54.9115
-55.4758
-56.0386
-56.6003
-57.1607
-57.7199
-58.2778
-58.8344
-59.3897
-59.9438
-60.4969
-61.0495
-61.6011
-62.1516
-62.7013
-63.2496
-63.7966
-64.3424
-64.8872
-65.4309
-65.9739
-66.5163
-67.0581
-67.5993
-68.1399
-68.6799
-69.2192
-69.758
-70.296
-70.8334
-71.3701
-71.9057
-72.4399
-72.9709
-73.4948
-74.005
-74.4797
-74.8975
-74.9264
-76.5435
-79.2218
-79.695
-77.4519
-73.105
-67.2578
-60.5028
-53.5516
-46.7864
-40.5426
-34.9233
-29.9817
-25.6868
-21.9839
-18.7923
-16.0413
-13.6551
-11.5781
-9.76453
-8.1727
-6.76605
-5.51778
-4.40802
-3.4152
-2.52189
-1.71574
-0.989735
-0.333256
0.261125
0.801415
1.29938
1.75612
2.17144
2.55003
2.89592
3.20943
3.4923
3.74702
3.97249
4.16758
4.32991
4.45726
4.54887
4.60882
4.63263
4.62356
4.58806
4.53431
4.47119
4.40688
4.34716
4.29449
4.24698
4.20091
4.1561
4.10714
4.05061
3.9917
3.9342
3.88197
3.84635
3.81935
3.81737
3.82248
3.76955
3.66951
3.53788
3.41859
3.30601
3.20701
3.11524
3.02119
2.93031
2.84461
2.75878
2.66943
2.56398
2.44063
2.29799
2.15582
2.01115
1.86259
1.7157
1.57556
1.43985
1.31109
1.19283
1.08362
0.979051
0.876634
0.781271
0.691024
0.603485
0.516484
0.430566
0.342768
0.253509
0.154941
0.0558241
-75.0487
-76.1345
-78.7622
-79.2968
-77.1113
-72.8449
-67.086
-60.4086
-53.5185
-46.7965
-40.5856
-34.9828
-30.0494
-25.7572
-22.053
-18.8571
-16.1004
-13.7072
-11.6241
-9.80495
-8.20787
-6.79663
-5.54472
-4.43108
-3.43476
-2.5388
-1.73065
-1.00313
-0.345261
0.25032
0.791064
1.28704
1.74231
2.15864
2.53803
2.88448
3.19847
3.48148
3.73595
3.96053
4.1542
4.3144
4.43932
4.52806
4.58502
4.60583
4.59465
4.55825
4.50484
4.44297
4.38052
4.32281
4.27157
4.2247
4.17863
4.13201
4.07986
4.02009
3.95931
3.90088
3.84785
3.81391
3.79364
3.79605
3.81373
3.7703
3.67706
3.55045
3.42783
3.31355
3.20926
3.11311
3.0161
2.9224
2.83142
2.74183
2.6505
2.54293
2.41925
2.27662
2.13612
1.99364
1.84672
1.70063
1.56103
1.42545
1.29763
1.17971
1.07011
0.96505
0.862273
0.766601
0.676361
0.589121
0.502784
0.417754
0.331892
0.244085
0.151254
0.047475
-75.0254
-76.1137
-78.4396
-78.8911
-76.7322
-72.5337
-66.8667
-60.276
-53.4604
-46.7973
-40.6272
-35.0495
-30.1315
-25.8439
-22.1374
-18.9359
-16.1721
-13.7714
-11.6813
-9.85564
-8.25255
-6.83585
-5.57929
-4.46116
-3.4606
-2.56101
-1.75001
-1.02019
-0.359427
0.238605
0.781839
1.27648
1.72789
2.14439
2.52565
2.87264
3.18725
3.47044
3.7247
3.94825
4.14021
4.29786
4.41985
4.50502
4.55833
4.57555
4.56177
4.52427
4.47137
4.41105
4.35072
4.29524
4.24612
4.20054
4.15422
4.1054
4.04967
3.98626
3.9234
3.86388
3.80984
3.77797
3.76633
3.7732
3.80266
3.77186
3.68619
3.5662
3.43896
3.32306
3.21267
3.11123
3.01024
2.91354
2.81795
2.72301
2.62937
2.51943
2.39502
2.25294
2.11416
1.9742
1.8293
1.6841
1.54502
1.40998
1.2831
1.16554
1.05551
0.949996
0.846608
0.750555
0.660342
0.573394
0.487808
0.403746
0.320232
0.23364
0.147174
0.0388387
-75.1069
-76.1136
-78.1578
-78.5149
-76.344
-72.1954
-66.6137
-60.121
-53.3871
-46.7923
-40.6679
-35.1223
-30.2242
-25.943
-22.2345
-19.027
-16.257
-13.8502
-11.7519
-9.91818
-8.30753
-6.8841
-5.62155
-4.49803
-3.49255
-2.5887
-1.77417
-1.04129
-0.377246
0.22352
0.769758
1.26441
1.71245
2.12908
2.51224
2.86067
3.17636
3.4597
3.71359
3.93592
4.12584
4.28043
4.39882
4.47955
4.5283
4.54121
4.52411
4.48527
4.43316
4.37497
4.31729
4.2648
4.21883
4.17462
4.1274
4.07598
4.01638
3.94892
3.8838
3.82305
3.76776
3.73874
3.73685
3.74997
3.7874
3.77374
3.69727
3.58461
3.45333
3.33451
3.21738
3.10957
3.00369
2.90319
2.80416
2.70243
2.60578
2.49319
2.36753
2.2268
2.08975
1.95265
1.81025
1.66604
1.5275
1.3934
1.26748
1.15025
1.0397
0.933911
0.829695
0.733125
0.642921
0.556271
0.471503
0.388533
0.307593
0.222178
0.142592
0.0302293
-75.1653
-76.0775
-77.8656
-78.1266
-75.9568
-71.8557
-66.3478
-59.9592
-53.3119
-46.7919
-40.7195
-35.2097
-30.331
-26.0574
-22.3479
-19.1354
-16.3581
-13.9446
-11.8367
-9.99327
-8.37367
-6.94233
-5.67273
-4.54305
-3.53246
-2.62427
-1.80559
-1.06875
-0.401621
0.201503
0.750324
1.24645
1.6946
2.11295
2.49769
2.84811
3.16549
3.45019
3.70306
3.92379
4.11117
4.26197
4.37605
4.45153
4.49408
4.50196
4.48129
4.44099
4.38971
4.33452
4.28061
4.23201
4.18905
4.14596
4.0979
4.04368
3.97983
3.90795
3.84033
3.77837
3.72157
3.6962
3.70484
3.72797
3.76916
3.77396
3.70983
3.60572
3.47203
3.34775
3.22345
3.10813
2.99638
2.8911
2.78913
2.6807
2.57954
2.46384
2.33636
2.19808
2.06278
1.92873
1.78949
1.64637
1.5085
1.37568
1.25077
1.13377
1.02268
0.916747
0.811854
0.714332
0.624117
0.53778
0.453872
0.372103
0.293839
0.209789
0.137167
0.0219993
-75.2074
-76.0259
-77.5506
-77.698
-75.5354
-71.4866
-66.0717
-59.7992
-53.2454
-46.8064
-40.791
-35.3216
-30.4636
-26.1981
-22.4878
-19.2694
-16.4813
-14.0571
-11.9381
-10.084
-8.45438
-7.01408
-5.73656
-4.59991
-3.58358
-2.67038
-1.84692
-1.10539
-0.434855
0.171317
0.723021
1.22272
1.67453
2.09567
2.48261
2.83503
3.15439
3.44105
3.69323
3.91219
4.0963
4.24209
4.35092
4.42181
4.45581
4.4576
4.43348
4.39176
4.34113
4.2889
4.23971
4.1959
4.15595
4.11417
4.06548
4.00851
3.93998
3.86363
3.79301
3.72947
3.67152
3.65006
3.6703
3.7061
3.75504
3.76954
3.72321
3.62935
3.49564
3.36266
3.23085
3.10684
2.98817
2.87725
2.77127
2.65869
2.55069
2.43109
2.3013
2.16653
2.0331
1.90214
1.76686
1.62506
1.48808
1.35686
1.23303
1.11609
1.00458
0.898355
0.79345
0.694292
0.604017
0.518007
0.434959
0.354455
0.278885
0.196549
0.130557
0.0146466
-75.2322
-75.9548
-77.2116
-77.2292
-75.0717
-71.0785
-65.7647
-59.6167
-53.1746
-46.831
-40.8836
-35.4636
-30.6308
-26.3746
-22.6615
-19.4341
-16.6323
-14.1934
-12.0607
-10.1936
-8.55206
-7.10125
-5.81435
-4.66948
-3.64594
-2.72659
-1.89776
-1.15091
-0.475798
0.135083
0.690934
1.19541
1.65236
2.07701
2.46704
2.82216
3.14388
3.43193
3.68429
3.90158
4.08194
4.22224
4.32381
4.38913
4.41435
4.40898
4.37953
4.33571
4.28649
4.23796
4.19405
4.15558
4.11921
4.07914
4.02999
3.97024
3.8968
3.81636
3.74214
3.6759
3.61794
3.60014
3.63252
3.68276
3.74294
3.76517
3.73886
3.65555
3.52364
3.37943
3.23945
3.10559
2.97898
2.86173
2.74967
2.63661
2.51947
2.39471
2.26226
2.13199
2.00063
1.8726
1.74204
1.6021
1.46639
1.33698
1.21435
1.09745
0.985572
0.878765
0.774407
0.673381
0.582757
0.497059
0.414798
0.335543
0.262534
0.182359
0.122275
0.00869362
-75.2391
-75.8608
-76.8512
-76.7258
-74.5718
-70.6398
-65.4311
-59.413
-53.0902
-46.8489
-40.9783
-35.6154
-30.8141
-26.5721
-22.854
-19.6168
-16.802
-14.3483
-12.2009
-10.3189
-8.66318
-7.19967
-5.90157
-4.74685
-3.71482
-2.7898
-1.95559
-1.2028
-0.522203
0.0943163
0.655399
1.16542
1.62841
2.0576
2.45177
2.8105
3.13512
3.42466
3.67691
3.89335
4.0698
4.20419
4.29662
4.35076
4.3665
4.35386
4.31914
4.27344
4.22604
4.18199
4.14362
4.11076
4.07836
4.04036
3.99104
3.92845
3.85043
3.76603
3.68814
3.61812
3.56148
3.54782
3.59012
3.65761
3.72845
3.76713
3.75706
3.68436
3.55416
3.39863
3.24926
3.10433
2.96885
2.84454
2.72588
2.6129
2.48522
2.35464
2.21998
2.09423
1.96518
1.83993
1.71458
1.57745
1.44362
1.31609
1.19474
1.07802
0.965812
0.858234
0.754063
0.652461
0.560644
0.475148
0.39352
0.315402
0.244654
0.167108
0.111867
0.00455302
-75.2315
-75.7488
-76.4742
-76.1912
-74.0361
-70.171
-65.0721
-59.1902
-52.984
-46.8438
-41.0518
-35.7492
-30.9842
-26.7598
-23.0463
-19.8053
-16.9798
-14.5127
-12.3513
-10.4554
-8.78637
-7.31072
-6.00174
-4.8368
-3.79567
-2.86277
-2.02123
-1.26099
-0.573451
0.0498703
0.617509
1.13421
1.60435
2.03922
2.43855
2.80177
3.12972
3.42101
3.67274
3.88557
4.05581
4.18221
4.26526
4.30799
4.31402
4.29296
4.25312
4.20618
4.16076
4.1211
4.0883
4.06099
4.03288
3.99742
3.9483
3.8828
3.80063
3.71253
3.63139
3.55696
3.50373
3.49538
3.54569
3.63053
3.71553
3.77214
3.77643
3.71471
3.58472
3.4205
3.26011
3.10296
2.95789
2.82622
2.70405
2.5845
2.44694
2.31075
2.17561
2.05271
1.92669
1.80432
1.68424
1.55116
1.41973
1.29405
1.17421
1.05783
0.945294
0.836844
0.732343
0.631587
0.538113
0.452616
0.371375
0.294168
0.225303
0.150669
0.0993028
0.00246299
-75.2121
-75.6222
-76.0853
-75.6286
-73.4613
-69.6631
-64.6745
-58.9319
-52.861
-46.8361
-41.1326
-35.8928
-31.1636
-26.955
-23.2499
-20.0043
-17.1661
-14.6835
-12.5069
-10.596
-8.91324
-7.42527
-6.10552
-4.931
-3.88152
-2.93978
-2.0911
-1.32411
-0.629782
0.000602757
0.575223
1.09912
1.57686
2.01805
2.42332
2.79182
3.12355
3.41669
3.66815
3.87627
4.03973
4.15688
4.22973
4.26156
4.25778
4.22785
4.18227
4.13388
4.09033
4.05517
4.02776
4.00578
3.98239
3.94984
3.90114
3.83306
3.74698
3.6562
3.57188
3.49419
3.44676
3.44499
3.50386
3.60319
3.70505
3.77799
3.79605
3.74495
3.61404
3.44426
3.27127
3.1014
2.94654
2.80983
2.68321
2.54939
2.40469
2.26333
2.12982
2.00753
1.88558
1.76643
1.65095
1.52328
1.39449
1.27079
1.1526
1.03676
0.923932
0.814572
0.709731
0.60921
0.515012
0.429533
0.348603
0.272058
0.204767
0.132692
0.0853838
0.00207916
-75.1858
-75.4951
-75.7269
-75.1036
-72.9183
-69.1845
-64.3004
-58.6868
-52.752
-46.8382
-41.2181
-36.0369
-31.3404
-27.1466
-23.443
-20.1894
-17.3386
-14.8421
-12.652
-10.7276
-9.03223
-7.53291
-6.20294
-5.0192
-3.96148
-3.01272
-2.15831
-1.38581
-0.686024
-0.0488593
0.532974
1.06335
1.54757
1.99445
2.40509
2.77838
3.11353
3.40831
3.65921
3.86387
4.02088
4.1291
4.19152
4.21214
4.1985
4.16143
4.11209
4.06266
4.02068
3.98954
3.96634
3.94803
3.92862
3.89823
3.84989
3.77999
3.69244
3.60054
3.51204
3.43672
3.39554
3.40137
3.4691
3.58092
3.69802
3.78477
3.81515
3.7719
3.64185
3.46682
3.28095
3.09921
2.93707
2.79798
2.65792
2.5112
2.3614
2.2158
2.08351
1.96213
1.84472
1.7291
1.61667
1.49527
1.36926
1.24759
1.1308
1.0153
0.90229
0.793298
0.688998
0.587196
0.492634
0.407033
0.325571
0.248583
0.182723
0.113966
0.0704781
0.000328601
-75.1603
-75.389
-75.4451
-74.687
-72.4837
-68.8039
-64.0063
-58.4973
-52.664
-46.8342
-41.279
-36.1448
-31.4759
-27.2956
-23.5947
-20.3371
-17.4785
-14.972
-12.7715
-10.8368
-9.13146
-7.62322
-6.28527
-5.09439
-4.0303
-3.07628
-2.21737
-1.44031
-0.736379
-0.0942038
0.493785
1.02961
1.5191
1.97062
2.38553
2.76248
3.10013
3.3959
3.646
3.84759
3.99901
4.09969
4.15348
4.16515
4.14338
4.10121
4.05007
4.00088
3.96039
3.9319
3.91166
3.89534
3.87761
3.84847
3.80123
3.73191
3.64371
3.55032
3.46017
3.39066
3.35521
3.36869
3.44482
3.56706
3.69608
3.79316
3.83353
3.79503
3.6663
3.4851
3.28762
3.09635
2.93397
2.78446
2.6295
2.47461
2.31993
2.17281
2.04027
1.92141
1.80818
1.69607
1.58529
1.46979
1.34629
1.22628
1.1111
0.996671
0.883586
0.77564
0.67085
0.567474
0.471456
0.385338
0.302447
0.225214
0.160578
0.0955717
0.0554705
-0.00478347
-75.1404
-75.3098
-75.2414
-74.3827
-72.1622
-68.5205
-63.7846
-58.3504
-52.5912
-46.826
-41.3223
-36.2256
-31.5797
-27.4109
-23.7129
-20.4529
-17.5884
-15.0743
-12.8659
-10.9232
-9.21034
-7.69531
-6.35127
-5.15491
-4.08592
-3.12772
-2.26508
-1.48434
-0.77684
-0.131646
0.459654
0.999127
1.49219
1.94692
2.36473
2.7441
3.0833
3.37951
3.62873
3.82785
3.97503
4.07014
4.11788
4.12328
4.09532
4.04931
3.99734
3.94921
3.91031
3.88355
3.86604
3.85221
3.8356
3.80781
3.76087
3.69151
3.60269
3.50749
3.42006
3.35521
3.32529
3.34617
3.43013
3.56121
3.69957
3.8044
3.85213
3.81658
3.68698
3.49901
3.29089
3.09455
2.93248
2.76643
2.60128
2.44021
2.28175
2.1343
2.00271
1.88662
1.77695
1.66805
1.55832
1.44751
1.32655
1.2086
1.0948
0.981175
0.867372
0.758788
0.651836
0.547295
0.450772
0.362783
0.280322
0.203854
0.140456
0.078278
0.0418854
-0.0118932
-75.1279
-75.2544
-75.0981
-74.1659
-71.9311
-68.3169
-63.6264
-58.247
-52.5429
-46.8266
-41.3616
-36.2924
-31.6635
-27.5032
-23.8076
-20.5455
-17.6764
-15.1565
-12.9421
-10.9933
-9.2747
-7.75451
-6.40593
-5.20545
-4.13276
-3.17131
-2.30568
-1.52214
-0.811746
-0.163967
0.429735
0.971969
1.46779
1.92488
2.34468
2.72559
3.06559
3.36169
3.60976
3.80644
3.94978
4.04024
4.08336
4.08337
4.05085
4.00363
3.95279
3.90613
3.86882
3.84362
3.8284
3.81712
3.80195
3.77478
3.72773
3.65705
3.56816
3.47334
3.3891
3.32803
3.30365
3.33173
3.4233
3.56253
3.7089
3.82015
3.8731
3.83833
3.70515
3.50932
3.29089
3.09654
2.92433
2.74577
2.57308
2.40685
2.24683
2.09967
1.97008
1.85658
1.74997
1.64391
1.53528
1.42767
1.3099
1.19376
1.07983
0.965625
0.850816
0.740535
0.632565
0.527709
0.431116
0.341907
0.260165
0.184169
0.120886
0.0612791
0.0286427
-0.0205611
-75.1221
-75.2181
-75.0002
-74.0157
-71.7708
-68.1775
-63.5208
-58.1819
-52.5184
-46.8383
-41.4018
-36.3523
-31.7354
-27.5806
-23.8859
-20.6218
-17.7489
-15.2242
-13.0049
-11.0515
-9.32845
-7.80427
-6.45223
-5.24865
-4.17317
-3.20923
-2.3413
-1.55573
-0.843001
-0.192822
0.402823
0.947008
1.44491
1.9037
2.32482
2.70661
3.04683
3.34236
3.58891
3.78293
3.92251
4.00881
4.04811
4.0446
4.00986
3.96295
3.91388
3.86918
3.8339
3.81063
3.79745
3.78811
3.7743
3.74699
3.70015
3.62846
3.54024
3.44701
3.36506
3.30769
3.28881
3.32401
3.42332
3.57066
3.72446
3.84152
3.89742
3.86061
3.72099
3.51541
3.28902
3.09794
2.90969
2.72297
2.54451
2.37497
2.21479
2.06911
1.9417
1.83056
1.72653
1.6228
1.51578
1.40961
1.29449
1.1791
1.06468
0.949557
0.833886
0.722569
0.614176
0.509168
0.412313
0.322816
0.241453
0.165892
0.102397
0.0446397
0.0153351
-0.0301793
-75.1222
-75.1971
-74.9372
-73.917
-71.666
-68.0887
-63.4571
-58.1475
-52.5131
-46.8592
-41.443
-36.4071
-31.7983
-27.6467
-23.9518
-20.6856
-17.8093
-15.2808
-13.0577
-11.1006
-9.3741
-7.84659
-6.49148
-5.28533
-4.20755
-3.24161
-2.37187
-1.58471
-0.870221
-0.218266
0.37864
0.924116
1.42344
1.88326
2.30503
2.68705
3.0269
3.32133
3.56593
3.7571
3.89314
3.97596
4.01233
4.00748
3.97284
3.92688
3.87961
3.83716
3.80428
3.78321
3.77212
3.76459
3.75101
3.72429
3.67752
3.6061
3.51838
3.42644
3.34672
3.29308
3.27964
3.32198
3.42933
3.58499
3.74591
3.86809
3.92407
3.8818
3.73317
3.51611
3.28923
3.09045
2.89103
2.69861
2.516
2.34525
2.18607
2.04233
1.91708
1.80806
1.70613
1.60414
1.49877
1.39313
1.2793
1.16415
1.04934
0.933727
0.817631
0.70568
0.597049
0.491876
0.394629
0.305249
0.223894
0.148515
0.0852401
0.0281623
0.00189889
-0.0401981
-75.1268
-75.188
-74.9006
-73.8574
-71.6036
-68.0386
-63.425
-58.1361
-52.5218
-46.886
-41.484
-36.4569
-31.8533
-27.7035
-24.0077
-20.7393
-17.8601
-15.3284
-13.102
-11.1419
-9.41247
-7.88221
-6.52451
-5.31618
-4.23645
-3.26885
-2.39764
-1.60913
-0.893412
-0.240482
0.357122
0.903414
1.40357
1.86385
2.28571
2.66739
3.00637
3.2993
3.54173
3.73016
3.86333
3.9436
3.97839
3.97355
3.93996
3.8954
3.85011
3.80989
3.77934
3.7608
3.75181
3.74469
3.73202
3.7065
3.65982
3.58856
3.50122
3.41052
3.33307
3.2831
3.27502
3.32445
3.43994
3.60391
3.77129
3.89687
3.94962
3.89823
3.73957
3.51202
3.28818
3.07483
2.86966
2.67347
2.48885
2.31834
2.16084
2.01899
1.89569
1.78843
1.68813
1.58741
1.48318
1.37795
1.26462
1.14947
1.03453
0.918719
0.802512
0.690232
0.58154
0.476381
0.379152
0.289777
0.208587
0.133203
0.070097
0.0126984
-0.0112707
-0.0504419
-75.1349
-75.1878
-74.8837
-73.8272
-71.5735
-68.0179
-63.4172
-58.1422
-52.5409
-46.9171
-41.5242
-36.5022
-31.9011
-27.7517
-24.0546
-20.7839
-17.9019
-15.3671
-13.1378
-11.1749
-9.44299
-7.91061
-6.55111
-5.34121
-4.26016
-3.29151
-2.41938
-1.62989
-0.913244
-0.259654
0.338486
0.885349
1.38592
1.84621
2.2677
2.64862
2.98638
3.27762
3.51798
3.70425
3.83557
3.91451
3.94898
3.94493
3.91261
3.86955
3.82605
3.78759
3.75823
3.74119
3.73436
3.72862
3.71783
3.69292
3.6462
3.57505
3.48811
3.39861
3.32333
3.27679
3.27365
3.32963
3.45268
3.62403
3.79631
3.92231
3.96916
3.90654
3.73648
3.50787
3.27866
3.05589
2.84774
2.64963
2.46479
2.29544
2.13946
1.99913
1.87722
1.77103
1.67159
1.57148
1.46771
1.36248
1.24923
1.13384
1.0186
0.90242
0.78595
0.673281
0.564332
0.459047
0.361617
0.271924
0.19073
0.115504
0.0528139
-0.00435666
-0.0248898
-0.069035
-75.1426
-75.1921
-74.8807
-73.8197
-71.5696
-68.0226
-63.4316
-58.1661
-52.5727
-46.956
-41.5677
-36.5467
-31.9454
-27.7943
-24.0945
-20.8206
-17.9351
-15.397
-13.1645
-11.1988
-9.46423
-7.92957
-6.56813
-5.35632
-4.27387
-3.3041
-2.43105
-1.64101
-0.924502
-0.271191
0.326565
0.872914
1.37283
1.83218
2.25247
2.63195
2.96802
3.25742
3.49601
3.68094
3.81156
3.89076
3.92623
3.92352
3.8928
3.85158
3.81022
3.77403
3.74772
3.7329
3.72458
3.72009
3.70975
3.6848
3.63784
3.5666
3.47983
3.39112
3.3174
3.27346
3.27413
3.33524
3.46418
3.64071
3.81535
3.9389
3.9798
3.91302
3.73176
3.50057
3.26313
3.03708
2.82789
2.62997
2.44649
2.27885
2.12461
1.98597
1.86561
1.76068
1.66222
1.56277
1.45945
1.35436
1.24125
1.1259
1.01063
0.894415
0.77796
0.665295
0.556424
0.451242
0.353982
0.26445
0.183265
0.107997
0.0452391
-0.0123375
-0.0340937
-0.0524029
-75.1629
-75.2115
-74.8984
-73.8387
-71.5944
-68.0552
-63.4714
-58.2119
-52.6224
-47.0086
-41.621
-36.5983
-31.9944
-27.8403
-24.137
-20.8597
-17.971
-15.4299
-13.195
-11.2272
-9.49106
-7.95516
-6.59278
-5.38047
-4.29714
-3.3269
-2.45361
-1.66361
-0.946784
-0.293635
0.304001
0.85012
1.34958
1.80811
2.22729
2.60546
2.94014
3.22823
3.46585
3.6502
3.78105
3.86136
3.89806
3.89648
3.86692
3.82685
3.78655
3.75138
3.72485
3.70996
3.70446
3.7009
3.69127
3.66667
3.61986
3.54883
3.46253
3.3748
3.30269
3.26111
3.26495
3.32991
3.46256
3.64126
3.8153
3.93469
3.96932
3.8935
3.71225
3.47602
3.23604
3.00869
2.79956
2.60268
2.42039
2.25382
2.10059
1.96282
1.84314
1.73864
1.64044
1.54108
1.43775
1.33249
1.21929
1.10376
0.988325
0.871975
0.755458
0.64272
0.533801
0.428681
0.331374
0.241858
0.160675
0.0854867
0.0227799
-0.034702
-0.0548712
-0.123157
-75.8646
-76.0427
-76.2465
-76.2933
-76.2937
-76.2566
-76.1889
-76.1033
-76.0133
-75.9257
-75.8458
-75.7787
-75.7262
-75.6928
-75.6957
-75.7335
-78.373
-78.451
-78.5387
-78.649
-78.674
-78.6325
-78.564
-78.4867
-78.4104
-78.3417
-78.2851
-78.2441
-78.2217
-78.2161
-78.2173
-78.2202
-80.0028
-80.3787
-80.7749
-80.9634
-81.0131
-80.9881
-80.9255
-80.8543
-80.7901
-80.7401
-80.7078
-80.6953
-80.7035
-80.7295
-80.7606
-80.7788
-80.254
-80.6981
-80.9665
-81.128
-81.2146
-81.2217
-81.1738
-81.106
-81.0405
-80.9875
-80.9512
-80.9323
-80.9306
-80.9436
-80.9614
-80.9659
-77.8924
-78.2107
-78.4233
-78.6004
-78.701
-78.7252
-78.6994
-78.6474
-78.5888
-78.531
-78.4774
-78.4311
-78.3948
-78.3696
-78.3527
-78.3297
-73.4206
-73.6738
-73.8807
-74.051
-74.1542
-74.1906
-74.1734
-74.1238
-74.0614
-73.9946
-73.9268
-73.86
-73.796
-73.7377
-73.688
-73.64
-67.4621
-67.6518
-67.8205
-67.9607
-68.0542
-68.0944
-68.0826
-68.0365
-67.9736
-67.899
-67.8142
-67.7201
-67.6184
-67.5149
-67.4209
-67.3425
-60.6136
-60.7457
-60.869
-60.9736
-61.0495
-61.0834
-61.069
-61.021
-60.9541
-60.8712
-60.7724
-60.6581
-60.5302
-60.3962
-60.2738
-60.1799
-53.5907
-53.6601
-53.7361
-53.8083
-53.8672
-53.8923
-53.8727
-53.8217
-53.7517
-53.6635
-53.556
-53.4289
-53.2841
-53.1297
-52.9877
-52.8834
-46.7735
-46.7857
-46.8172
-46.8593
-46.8992
-46.9106
-46.8818
-46.8261
-46.7528
-46.6611
-46.5488
-46.4157
-46.2633
-46.1005
-45.9504
-45.8407
-40.4902
-40.4608
-40.4609
-40.4812
-40.5051
-40.5031
-40.4658
-40.4065
-40.3312
-40.2381
-40.1247
-39.9905
-39.8372
-39.6733
-39.522
-39.4114
-34.8487
-34.79
-34.7657
-34.7677
-34.7761
-34.7603
-34.7144
-34.6517
-34.5752
-34.4822
-34.3704
-34.2392
-34.0902
-33.9315
-33.7851
-33.6776
-29.8973
-29.8254
-29.7893
-29.7805
-29.7749
-29.7455
-29.6931
-29.6289
-29.5528
-29.4617
-29.3534
-29.2277
-29.086
-28.9358
-28.7973
-28.6948
-25.5986
-25.5218
-25.4809
-25.4636
-25.4416
-25.3982
-25.3413
-25.2766
-25.2017
-25.1133
-25.0099
-24.891
-24.7584
-24.6187
-24.4899
-24.3939
-21.8967
-21.8208
-21.7796
-21.7568
-21.7239
-21.6731
-21.6145
-21.5501
-21.4766
-21.3913
-21.2929
-21.1812
-21.0579
-20.9292
-20.8112
-20.723
-18.7097
-18.6374
-18.5968
-18.5696
-18.5307
-18.4772
-18.4186
-18.3552
-18.2838
-18.2022
-18.1092
-18.005
-17.8913
-17.7738
-17.667
-17.5866
-15.9659
-15.9004
-15.8613
-15.827
-15.7808
-15.7267
-15.6702
-15.6094
-15.5412
-15.4641
-15.3771
-15.2806
-15.1762
-15.0693
-14.9726
-14.8993
-13.5886
-13.5314
-13.4943
-13.4536
-13.4023
-13.3487
-13.2941
-13.2354
-13.1704
-13.0975
-13.0162
-12.9269
-12.8311
-12.7338
-12.6463
-12.5792
-11.5197
-11.469
-11.4336
-11.3922
-11.3416
-11.2897
-11.2368
-11.1803
-11.1181
-11.0492
-10.9732
-10.8905
-10.8025
-10.7139
-10.6346
-10.5732
-9.71387
-9.66811
-9.63071
-9.58697
-9.53788
-9.48868
-9.43829
-9.38444
-9.32555
-9.26077
-9.18987
-9.11328
-9.03252
-8.9518
-8.87986
-8.82349
-8.12946
-8.08854
-8.04824
-8.00149
-7.95403
-7.90737
-7.85942
-7.80822
-7.75252
-7.69166
-7.62551
-7.55452
-7.48024
-7.40662
-7.34123
-7.28806
-6.72872
-6.69091
-6.65061
-6.60453
-6.55908
-6.51437
-6.46835
-6.41939
-6.36649
-6.30912
-6.2472
-6.18122
-6.1127
-6.0454
-5.98569
-5.93484
-5.48505
-5.44978
-5.41063
-5.36622
-5.3226
-5.27955
-5.23523
-5.18829
-5.1379
-5.08364
-5.02549
-4.96395
-4.90048
-4.83855
-4.7837
-4.73597
-4.37942
-4.343
-4.30285
-4.26061
-4.2195
-4.17852
-4.13614
-4.09131
-4.04338
-3.99205
-3.93735
-3.87978
-3.82076
-3.7635
-3.71283
-3.6682
-3.39043
-3.35226
-3.31028
-3.26969
-3.2307
-3.19162
-3.15112
-3.10836
-3.0628
-3.0142
-2.96265
-2.90866
-2.85358
-2.80039
-2.75336
-2.71143
-2.4999
-2.46316
-2.42264
-2.38373
-2.34609
-2.30821
-2.26901
-2.22779
-2.18409
-2.13773
-2.08881
-2.03785
-1.98612
-1.93644
-1.89256
-1.85293
-1.69568
-1.66056
-1.62178
-1.58442
-1.54807
-1.51139
-1.47348
-1.43373
-1.39177
-1.34746
-1.30094
-1.25271
-1.20398
-1.15741
-1.11634
-1.07874
-0.970884
-0.936828
-0.89942
-0.863319
-0.828034
-0.79237
-0.755546
-0.71706
-0.676605
-0.634086
-0.589661
-0.54381
-0.497718
-0.453877
-0.415269
-0.379441
-0.314081
-0.279634
-0.24402
-0.209689
-0.175745
-0.141223
-0.105535
-0.068286
-0.0292383
0.0116542
0.0542136
0.0979632
0.141757
0.183228
0.219687
0.253987
0.280708
0.316004
0.350485
0.383562
0.416479
0.45005
0.484747
0.520902
0.558709
0.598182
0.639127
0.681076
0.722917
0.76238
0.797018
0.830027
0.821565
0.855636
0.888836
0.921166
0.953561
0.986609
1.0207
1.05611
1.09302
1.13142
1.1711
1.2116
1.25185
1.28966
1.32278
1.35471
1.32047
1.35186
1.38283
1.4137
1.44504
1.47723
1.51052
1.54514
1.58119
1.61861
1.6572
1.69649
1.73541
1.77186
1.80374
1.83479
1.77644
1.80538
1.8346
1.86421
1.89452
1.92583
1.95836
1.99225
2.02757
2.06421
2.10193
2.14028
2.17821
2.21364
2.24458
2.27499
2.19049
2.21812
2.24646
2.2754
2.30514
2.33592
2.36794
2.40132
2.43611
2.47218
2.50931
2.54701
2.58426
2.61901
2.64933
2.6793
2.56839
2.59529
2.62312
2.65175
2.68129
2.71191
2.74377
2.77697
2.81153
2.84735
2.88417
2.92153
2.9584
2.99276
3.02271
3.05241
2.91352
2.9397
2.96714
2.99561
3.02513
3.05581
3.08776
3.12106
3.15568
3.19153
3.22833
3.26564
3.30241
3.33663
3.36643
3.39601
3.22647
3.25227
3.27962
3.3082
3.33793
3.36889
3.40113
3.43471
3.4696
3.50569
3.54271
3.58021
3.61715
3.65147
3.68132
3.71092
3.50927
3.53526
3.56298
3.59203
3.62229
3.65378
3.68655
3.72064
3.75603
3.79259
3.83008
3.86803
3.90538
3.94006
3.97017
3.99992
3.76443
3.79115
3.81963
3.84944
3.88045
3.91266
3.94613
3.9809
4.01696
4.0542
4.09236
4.13098
4.16897
4.2042
4.23471
4.26471
3.99113
4.01938
4.04922
4.08023
4.11232
4.14553
4.17993
4.21559
4.25251
4.2906
4.3296
4.36905
4.40781
4.44368
4.47466
4.50493
4.18818
4.21874
4.25054
4.28322
4.31676
4.35123
4.38677
4.42346
4.46134
4.50034
4.54022
4.58051
4.62003
4.65651
4.68789
4.71839
4.35337
4.38722
4.42169
4.45655
4.49186
4.5278
4.56456
4.60231
4.64113
4.68097
4.72162
4.7626
4.80271
4.83961
4.87118
4.90175
4.48398
4.52159
4.5591
4.59637
4.63361
4.67109
4.70909
4.74783
4.78746
4.82797
4.86918
4.9106
4.95102
4.98803
5.01951
5.04994
4.57932
4.62088
4.66134
4.70083
4.73976
4.77853
4.81752
4.85703
4.89726
4.93822
4.97976
5.02138
5.06181
5.0986
5.12963
5.15967
4.64324
4.68906
4.73268
4.77449
4.81506
4.85496
4.89469
4.93464
4.97504
5.01597
5.05728
5.09846
5.13825
5.17419
5.20422
5.23352
4.67118
4.72157
4.76869
4.81307
4.85546
4.89656
4.93695
4.97711
5.01735
5.05777
5.09826
5.13833
5.17677
5.21118
5.23965
5.26788
4.66494
4.71843
4.76787
4.8139
4.85737
4.89904
4.93956
4.97944
5.019
5.05839
5.0975
5.1359
5.17241
5.20478
5.23128
5.25822
4.63069
4.68555
4.73598
4.78262
4.82629
4.86779
4.90775
4.94669
4.98495
5.02269
5.05983
5.09599
5.1301
5.16009
5.18437
5.20997
4.57657
4.63101
4.68099
4.72706
4.76999
4.81049
4.84921
4.88664
4.92312
4.95881
4.99367
5.02735
5.05892
5.08651
5.10863
5.13301
4.51184
4.56441
4.61274
4.65725
4.69863
4.73755
4.77458
4.8102
4.84472
4.87828
4.91082
4.94205
4.97118
4.99652
5.01671
5.04006
4.44503
4.49467
4.54047
4.58276
4.62216
4.65924
4.69449
4.72831
4.76092
4.79245
4.82284
4.85185
4.8788
4.90223
4.92084
4.94338
4.38241
4.42852
4.47136
4.51123
4.54857
4.58382
4.61731
4.64936
4.68017
4.70983
4.73834
4.76553
4.79082
4.81288
4.83039
4.85242
4.32737
4.37041
4.41073
4.44852
4.48405
4.5176
4.54946
4.5799
4.60915
4.63735
4.66452
4.69055
4.71493
4.73632
4.75316
4.77481
4.27916
4.32101
4.36023
4.397
4.43156
4.4642
4.49525
4.52503
4.55376
4.58158
4.6085
4.63434
4.65854
4.67966
4.6957
4.71684
4.23374
4.27699
4.31735
4.35505
4.39047
4.424
4.456
4.48679
4.51654
4.54531
4.57296
4.59921
4.62345
4.64418
4.65853
4.67816
4.19134
4.23791
4.2815
4.32221
4.36042
4.39653
4.43084
4.46362
4.49499
4.52494
4.55324
4.57951
4.60322
4.62344
4.63099
4.65131
4.147
4.19934
4.24807
4.29329
4.33517
4.37405
4.4104
4.44453
4.4766
4.50664
4.53441
4.5595
4.58076
4.59771
4.6111
4.62783
4.09525
4.15363
4.20758
4.25694
4.30187
4.34287
4.3805
4.41519
4.44718
4.47647
4.50265
4.52546
4.54689
4.56608
4.57861
4.59193
4.03899
4.10018
4.15608
4.20712
4.25379
4.29618
4.33462
4.36953
4.40117
4.42998
4.45796
4.48473
4.50575
4.51957
4.52711
4.53758
3.9827
4.04469
4.1007
4.15113
4.19715
4.23981
4.27932
4.31628
4.35161
4.38435
4.41144
4.43198
4.44652
4.45518
4.45869
4.4669
3.93149
3.99433
4.0512
4.10268
4.14954
4.19264
4.23269
4.26921
4.30077
4.32675
4.34674
4.3607
4.3694
4.37352
4.3741
4.38119
3.89332
3.95303
4.00766
4.05751
4.10277
4.14339
4.17904
4.20916
4.23324
4.25119
4.26336
4.27057
4.27405
4.27485
4.27404
4.28174
3.85867
3.91115
3.9595
4.00289
4.04104
4.07355
4.10005
4.12046
4.13501
4.14429
4.14919
4.15071
4.15038
4.14976
4.14951
4.15932
3.84796
3.88498
3.91806
3.94711
3.97147
3.99073
4.00489
4.01427
4.0194
4.02079
4.01964
4.01767
4.01627
4.01638
4.01787
4.03006
3.83445
3.85026
3.86497
3.87748
3.88711
3.89363
3.89677
3.89676
3.89473
3.89199
3.88911
3.88706
3.88712
3.88958
3.89285
3.90702
3.76894
3.76914
3.76988
3.76996
3.76845
3.76574
3.76287
3.76003
3.75695
3.75419
3.75272
3.75313
3.75601
3.76126
3.76571
3.78252
3.65903
3.64627
3.63586
3.62853
3.6239
3.62024
3.61685
3.6143
3.61319
3.61356
3.61547
3.61908
3.62487
3.63326
3.63687
3.65557
3.52255
3.5078
3.4979
3.49038
3.48478
3.48157
3.48056
3.48137
3.48377
3.4877
3.49323
3.50047
3.50956
3.5201
3.52779
3.54598
3.40574
3.39068
3.3802
3.37416
3.37172
3.37211
3.37475
3.37932
3.38568
3.39379
3.40347
3.41403
3.42412
3.43389
3.44299
3.46198
3.29682
3.28842
3.28457
3.28447
3.28735
3.29267
3.30003
3.30894
3.31839
3.32666
3.33465
3.34424
3.35617
3.3692
3.38045
3.4
3.20508
3.20525
3.20837
3.21383
3.2207
3.2277
3.23387
3.24057
3.24952
3.26177
3.27621
3.29128
3.30676
3.32163
3.33411
3.35406
3.11907
3.12491
3.13075
3.13633
3.14327
3.15323
3.16657
3.1819
3.19799
3.21492
3.23252
3.25042
3.26817
3.28462
3.29799
3.31814
3.02829
3.03778
3.04931
3.06402
3.08065
3.09814
3.11653
3.13565
3.15536
3.17555
3.19599
3.21632
3.23594
3.25358
3.26736
3.28746
2.94297
2.96259
2.98341
3.00461
3.02603
3.04769
3.0697
3.09206
3.11469
3.13742
3.15998
3.18195
3.20271
3.22099
3.23474
3.2547
2.8648
2.89201
2.91833
2.94399
2.96924
2.99424
3.01912
3.0439
3.06857
3.093
3.11688
3.13977
3.16096
3.17925
3.19244
3.2124
2.78359
2.8161
2.84688
2.87628
2.90459
2.93216
2.95924
2.98594
3.01215
3.0376
3.06193
3.08473
3.10547
3.12315
3.13497
3.15459
2.69705
2.73306
2.76693
2.79911
2.82986
2.85931
2.88769
2.91512
2.9416
2.96688
2.99057
3.01224
3.03172
3.04861
3.05887
3.0783
2.59462
2.63423
2.67061
2.70433
2.7361
2.76631
2.79504
2.82229
2.84799
2.87204
2.89418
2.91411
2.93184
2.94805
2.95497
2.97443
2.47138
2.51127
2.54849
2.58312
2.61528
2.64523
2.67319
2.69927
2.7235
2.74583
2.76611
2.7842
2.80004
2.81405
2.82301
2.84143
2.32912
2.36936
2.40633
2.44027
2.47153
2.50037
2.52701
2.55156
2.57409
2.59457
2.61293
2.62916
2.64434
2.65858
2.66738
2.68486
2.18444
2.22153
2.25578
2.28741
2.31661
2.34355
2.36834
2.39105
2.41169
2.4304
2.44817
2.46517
2.48006
2.49268
2.50071
2.51798
2.03675
2.07036
2.10173
2.1309
2.15791
2.18282
2.20576
2.22707
2.24773
2.26747
2.28477
2.2998
2.31335
2.3255
2.33332
2.35052
1.88603
1.91705
1.94622
1.97352
1.9992
2.02392
2.04775
2.06992
2.08945
2.10672
2.12244
2.13673
2.14995
2.16209
2.16975
2.18712
1.73793
1.76739
1.79573
1.82359
1.85013
1.87414
1.89563
1.91529
1.93342
1.95009
1.96541
1.97948
1.99264
2.00506
2.01258
2.03021
1.59714
1.62688
1.65541
1.68138
1.70512
1.72727
1.7479
1.7671
1.78492
1.80147
1.81683
1.83101
1.84432
1.85722
1.86449
1.88275
1.46136
1.4897
1.5162
1.54114
1.56459
1.58654
1.60708
1.62637
1.64446
1.66133
1.677
1.69146
1.70497
1.71854
1.72565
1.74405
1.33125
1.35834
1.38419
1.40894
1.43267
1.45524
1.47642
1.49615
1.51454
1.53173
1.54776
1.56251
1.57596
1.59047
1.59648
1.61551
1.2125
1.23936
1.26561
1.2907
1.31433
1.33659
1.35763
1.37744
1.39603
1.41342
1.42971
1.44494
1.45695
1.47369
1.47861
1.49826
1.10397
1.13153
1.15808
1.18362
1.20785
1.23069
1.25219
1.2723
1.29088
1.30789
1.32353
1.33802
1.35122
1.36539
1.37191
1.39087
1.0001
1.02848
1.05564
1.08112
1.10494
1.12771
1.14948
1.16993
1.189
1.20667
1.22295
1.23789
1.25158
1.26565
1.27263
1.29147
0.898077
0.926997
0.954246
0.979929
1.00488
1.02868
1.05075
1.07115
1.09008
1.10763
1.12381
1.13863
1.15227
1.16616
1.17324
1.19203
0.802935
0.831631
0.858913
0.885237
0.910513
0.933959
0.955609
0.975753
0.994523
1.01193
1.02794
1.0426
1.0561
1.06988
1.07694
1.09566
0.71272
0.741037
0.7683
0.794678
0.819229
0.841911
0.863066
0.882875
0.901376
0.918543
0.934323
0.94875
0.962044
0.975693
0.982681
1.00135
0.624689
0.65259
0.679435
0.704918
0.728564
0.750665
0.771442
0.790951
0.809158
0.826018
0.841503
0.855692
0.868796
0.882301
0.88925
0.907832
0.536863
0.563987
0.589685
0.613787
0.636366
0.657638
0.677688
0.696512
0.714083
0.730386
0.745466
0.759396
0.772319
0.785699
0.792612
0.811159
0.449487
0.474713
0.498715
0.521468
0.543088
0.563657
0.583148
0.601472
0.618553
0.634409
0.649128
0.662781
0.675503
0.688655
0.695615
0.714033
0.358988
0.380473
0.400883
0.420622
0.439928
0.458701
0.476717
0.493777
0.509788
0.524803
0.538936
0.552209
0.564684
0.577645
0.584586
0.603072
0.267554
0.287195
0.306606
0.325518
0.343769
0.361278
0.37794
0.393687
0.408541
0.422584
0.435912
0.448541
0.460567
0.472863
0.480035
0.49796
0.160461
0.169072
0.178813
0.189384
0.20083
0.213079
0.225803
0.238557
0.251052
0.263202
0.275042
0.286527
0.297775
0.310577
0.315395
0.335336
0.0683895
0.0849529
0.099728
0.112073
0.122269
0.130996
0.138788
0.146029
0.153089
0.160282
0.16784
0.175708
0.183588
0.1921
0.210007
0.190971
)
;

boundaryField
{
    frontAndBack
    {
        type            empty;
    }
    inlet
    {
        type            zeroGradient;
    }
    outlet
    {
        type            fixedValue;
        value           uniform 0;
    }
    walls
    {
        type            zeroGradient;
    }
}


// ************************************************************************* //
