/*--------------------------------*- C++ -*----------------------------------*\
| =========                 |                                                 |
| \\      /  F ield         | OpenFOAM: The Open Source CFD Toolbox           |
|  \\    /   O peration     | Version:  v2012                                 |
|   \\  /    A nd           | Website:  www.openfoam.com                      |
|    \\/     M anipulation  |                                                 |
\*---------------------------------------------------------------------------*/
FoamFile
{
    version     2.0;
    format      ascii;
    class       volScalarField;
    location    "0.294";
    object      p;
}
// * * * * * * * * * * * * * * * * * * * * * * * * * * * * * * * * * * * * * //

dimensions      [0 2 -2 0 0 0 0];


internalField   nonuniform List<scalar> 
1900
(
-299.623
-300.722
-301.622
-302.283
-302.96
-303.727
-304.532
-305.361
-305.974
-306.578
-300.077
-300.876
-301.704
-302.38
-303.06
-303.821
-304.632
-305.47
-306.23
-307.05
-300.363
-300.928
-301.696
-302.409
-303.106
-303.867
-304.693
-305.577
-306.47
-307.715
-300.547
-300.991
-301.726
-302.468
-303.178
-303.94
-304.784
-305.709
-306.722
-308.095
-300.645
-301.039
-301.754
-302.505
-303.221
-303.986
-304.847
-305.807
-306.888
-308.277
-300.662
-301.061
-301.78
-302.535
-303.254
-304.027
-304.904
-305.889
-307.004
-308.371
-300.597
-301.056
-301.807
-302.557
-303.277
-304.061
-304.951
-305.952
-307.079
-308.402
-300.445
-301.036
-301.83
-302.557
-303.27
-304.065
-304.969
-305.979
-307.11
-308.391
-300.188
-301.03
-301.891
-302.579
-303.277
-304.077
-304.985
-305.995
-307.118
-308.36
-299.754
-300.929
-301.881
-302.562
-303.26
-304.073
-304.992
-306.009
-307.135
-308.357
-305.92
-318.28
-337.562
-339.208
-320.079
-286.053
-243.019
-198.247
-157.32
-122.522
-94.1851
-71.7711
-54.2915
-40.7361
-30.1907
-21.8635
-15.2064
-9.85418
-5.5105
-1.91283
1.11382
3.65895
5.80094
7.62603
9.20884
10.5831
11.7617
12.7816
13.6683
14.4431
15.1194
15.7044
16.2069
16.6342
16.9931
17.2966
17.552
17.7614
17.9274
18.0535
18.1454
18.2075
18.2411
18.2478
18.2279
18.1831
18.1165
18.0315
17.9297
17.8112
17.6756
17.5229
17.3555
17.1751
16.9829
16.7797
16.5653
16.3392
16.102
15.8549
15.5988
15.3345
15.0618
14.7803
14.4901
14.1912
13.8848
13.5711
13.2502
12.9221
12.5867
12.2442
11.8948
11.5388
11.1762
10.8072
10.4318
10.05
9.66201
9.268
8.86791
8.46216
8.05047
7.6332
7.21016
6.7816
6.34749
5.90804
5.4633
5.01344
4.55856
4.09883
3.63414
3.16499
2.69015
2.21245
1.72484
1.24264
0.733534
0.279208
-309.337
-321.606
-333.412
-332.126
-313.079
-280.334
-239.751
-197.441
-158.32
-124.586
-96.6765
-74.2514
-56.5561
-42.6842
-31.794
-23.144
-16.2164
-10.644
-6.11685
-2.3737
0.748896
3.35844
5.55935
7.43875
9.05935
10.4597
11.6586
12.6939
13.5913
14.3731
15.0529
15.6394
16.1391
16.5629
16.9248
17.233
17.4924
17.7055
17.8749
18.0042
18.0995
18.1649
18.2003
18.2079
18.1886
18.1442
18.0781
17.994
17.8934
17.776
17.6408
17.4885
17.3215
17.1417
16.9499
16.7471
16.5332
16.3076
16.0706
15.8239
15.5681
15.304
15.0318
14.7504
14.4602
14.1616
13.8554
13.5419
13.2212
12.8931
12.5579
12.2155
11.8663
11.5103
11.1478
10.7788
10.4034
10.0216
9.63356
9.2395
8.8394
8.43358
8.02185
7.60451
7.18143
6.75284
6.31872
5.87928
5.43459
4.98482
4.53009
4.07059
3.60638
3.13769
2.66451
2.18742
1.70545
1.22185
0.729549
0.25189
-310.271
-317.92
-326.263
-324.072
-306.103
-275.371
-237.27
-197.131
-159.466
-126.588
-99.0122
-76.5684
-58.6751
-44.5279
-33.3381
-24.4188
-17.2728
-11.5207
-6.83777
-2.96557
0.259385
2.95039
5.22409
7.17292
8.84981
10.2878
11.517
12.5804
13.503
14.3016
14.9903
15.5826
16.0861
16.5116
16.8769
17.1882
17.4494
17.6636
17.8335
17.9634
18.0581
18.1215
18.1559
18.1637
18.1453
18.1018
18.0373
17.955
17.856
17.7403
17.6067
17.4556
17.2899
17.1109
16.9198
16.7172
16.5027
16.2766
16.0398
15.7933
15.5378
15.2739
15.0019
14.7209
14.4308
14.1326
13.8269
13.5136
13.1931
12.865
12.5299
12.1876
11.8384
11.4825
11.12
10.751
10.3756
9.99374
9.60571
9.21159
8.81144
8.40551
7.99372
7.57628
7.15314
6.72449
6.29037
5.85092
5.40628
4.95657
4.50201
4.04271
3.57899
3.11076
2.63927
2.1629
1.68653
1.20186
0.727116
0.223765
-310.492
-316.294
-321.939
-318.557
-301.089
-271.666
-235.203
-196.611
-160.103
-127.981
-100.76
-78.3701
-60.3584
-46.0099
-34.5863
-25.4507
-18.1242
-12.2181
-7.40148
-3.42413
-0.121584
2.62919
4.94888
6.93214
8.63501
10.0908
11.3333
12.4085
13.3472
14.1606
14.8616
15.4651
15.9831
16.4274
16.8084
17.1311
17.401
17.6222
17.7975
17.9318
18.0285
18.0913
18.1258
18.1343
18.1159
18.0725
18.0082
17.9259
17.8262
17.7088
17.5739
17.4228
17.2578
17.0793
16.8889
16.6867
16.4719
16.2456
16.0093
15.7636
15.5088
15.2451
14.9724
14.6909
14.4011
14.1033
13.7979
13.4848
13.1645
12.8365
12.5015
12.1593
11.8102
11.4543
11.0918
10.7228
10.3472
9.96537
9.57723
9.18305
8.7828
8.37674
7.96483
7.54726
7.12408
6.69536
6.26125
5.82178
5.37721
4.92757
4.4732
4.01411
3.5509
3.08316
2.61337
2.13775
1.66708
1.18109
0.723994
0.196
-310.518
-314.805
-318.112
-313.455
-296.276
-267.995
-233.033
-195.923
-160.556
-129.164
-102.29
-79.9703
-61.8651
-47.3418
-35.7162
-26.3926
-18.906
-12.8627
-7.9247
-3.84863
-0.475976
2.32945
4.69755
6.72143
8.45435
9.93141
11.1925
12.2834
13.2359
14.0618
14.7713
15.3786
15.8967
16.3438
16.7279
17.0518
17.3218
17.5443
17.7223
17.8597
17.9612
18.0305
18.071
18.0849
18.0721
18.0343
17.9751
17.8965
17.7986
17.6817
17.5475
17.3979
17.2339
17.0557
16.8656
16.6635
16.4485
16.2221
15.9857
15.7398
15.4849
15.2205
14.9463
14.6637
14.3733
14.0752
13.7695
13.4559
13.1352
12.8067
12.4714
12.1288
11.7795
11.4235
11.0608
10.6916
10.3159
9.93398
9.54578
9.1516
8.75149
8.34553
7.93367
7.51611
7.09299
6.6643
6.23029
5.79089
5.34648
4.89698
4.44287
3.98406
3.52138
3.0542
2.58603
2.11132
1.6459
1.15932
0.718407
0.171099
-310.4
-313.509
-315.041
-309.398
-292.508
-265.228
-231.494
-195.546
-161.047
-130.184
-103.561
-81.2873
-63.1032
-48.4302
-36.6352
-27.1635
-19.5484
-13.3879
-8.34952
-4.19783
-0.771608
2.07885
4.49028
6.54783
8.30073
9.79187
11.0678
12.1736
13.1358
13.9688
14.6832
15.2947
15.8189
16.2723
16.6623
16.9916
17.264
17.4867
17.6668
17.808
17.9131
17.9843
18.0235
18.0346
18.0207
17.9829
17.9239
17.8452
17.747
17.6303
17.4973
17.3493
17.1872
17.0114
16.8233
16.6227
16.4095
16.1849
15.95
15.7053
15.4513
15.1875
14.9142
14.6321
14.342
14.0439
13.7378
13.424
13.1028
12.7738
12.4381
12.0952
11.7456
11.3894
11.0265
10.6572
10.2815
9.89951
9.51144
9.11735
8.71737
8.31143
7.89967
7.4822
7.05923
6.63068
6.19684
5.75759
5.3134
4.86411
4.41031
3.95186
3.48972
3.02319
2.55648
2.0829
1.62173
1.13606
0.707817
0.152309
-310.21
-312.446
-312.668
-306.232
-289.501
-262.955
-230.135
-195.076
-161.266
-130.844
-104.468
-82.2739
-64.0508
-49.2798
-37.3687
-27.7908
-20.0799
-13.8218
-8.70027
-4.49655
-1.03217
1.86238
4.31575
6.39603
8.15809
9.66259
10.958
12.0783
13.047
13.8821
14.602
15.2222
15.7532
16.2107
16.603
16.9334
17.2092
17.4352
17.6166
17.7594
17.8666
17.9391
17.9795
17.9917
17.9795
17.9441
17.887
17.8091
17.7111
17.5947
17.4619
17.3139
17.1514
16.9749
16.7852
16.5833
16.3692
16.1438
15.9079
15.6622
15.4073
15.1431
14.8696
14.5874
14.2971
13.999
13.6932
13.3798
13.0591
12.7307
12.3956
12.0533
11.7044
11.3487
10.9865
10.6176
10.2426
9.8609
9.47339
9.07968
8.68004
8.27436
7.86296
7.44587
7.02326
6.59509
6.16159
5.7227
5.27882
4.82989
4.37646
3.91842
3.45684
2.991
2.52544
2.05316
1.59469
1.11177
0.690372
0.143277
-310.014
-311.622
-310.914
-303.872
-287.218
-261.199
-229.052
-194.665
-161.387
-131.316
-105.159
-83.0508
-64.8032
-49.9594
-37.976
-28.3221
-20.5199
-14.1793
-9.00576
-4.76281
-1.24965
1.69045
4.16637
6.25584
8.03338
9.55976
10.8716
11.9964
12.9653
13.8066
14.5366
15.164
15.6971
16.1533
16.5468
16.8818
17.1616
17.3889
17.5699
17.7124
17.8211
17.8962
17.938
17.9502
17.9376
17.9024
17.8455
17.7675
17.6693
17.553
17.4201
17.272
17.1093
16.9326
16.7427
16.5408
16.327
16.1018
15.8657
15.6196
15.3643
15.0998
14.826
14.5435
14.2527
13.954
13.6478
13.3339
13.0127
12.684
12.3487
12.006
11.6568
11.301
10.9388
10.5699
10.1949
9.81335
9.42604
9.03265
8.63337
8.2282
7.81737
7.40093
6.97892
6.55144
6.1186
5.68039
5.23713
4.78882
4.33597
3.8785
3.41755
2.95243
2.48775
2.01696
1.55963
1.08118
0.660174
0.13864
-309.856
-311.036
-309.718
-302.257
-285.629
-259.948
-228.241
-194.298
-161.364
-131.531
-105.534
-83.4785
-65.2206
-50.3504
-38.3267
-28.6183
-20.7652
-14.391
-9.1911
-4.92005
-1.37836
1.58191
4.06684
6.16478
7.95222
9.48599
10.8015
11.9286
12.901
13.7463
14.4795
15.1087
15.6432
16.1011
16.4968
16.8342
17.1153
17.3433
17.5251
17.6689
17.7792
17.8556
17.8981
17.9107
17.8987
17.8646
17.8087
17.7314
17.6338
17.5181
17.3859
17.2385
17.0763
16.9001
16.7106
16.509
16.2955
16.0706
15.8347
15.5888
15.3337
15.0696
14.7964
14.5142
14.2239
13.9258
13.6202
13.307
12.9865
12.6586
12.3244
11.9823
11.6336
11.2782
10.9165
10.5482
10.1736
9.79257
9.40552
9.01238
8.61322
8.20799
7.79712
7.38059
6.95855
6.531
6.09815
5.65989
5.21662
4.76828
4.31544
3.85808
3.39727
2.93227
2.46759
1.99757
1.53981
1.06573
0.639703
0.148964
-309.799
-310.776
-309.167
-301.515
-284.923
-259.448
-228.001
-194.311
-161.573
-131.866
-105.939
-83.9017
-65.6292
-50.7244
-38.6577
-28.91
-21.0246
-14.6209
-9.3935
-5.10031
-1.54052
1.44138
3.943
6.05224
7.84551
9.38346
10.7048
11.8375
12.8127
13.6593
14.3945
15.0263
15.5637
16.0233
16.4201
16.7588
17.0414
17.271
17.454
17.5987
17.7097
17.7871
17.8308
17.8443
17.833
17.7996
17.7443
17.6676
17.5706
17.4555
17.3239
17.1769
17.0153
16.8395
16.6505
16.4492
16.2363
16.0119
15.7766
15.5311
15.2764
15.0126
14.7397
14.4579
14.1679
13.8698
13.5644
13.2513
12.9309
12.6029
12.2684
11.9273
11.5789
11.2237
10.8621
10.494
10.1195
9.73877
9.35192
8.95904
8.56024
8.1556
7.74499
7.32868
6.90683
6.47942
6.04665
5.60845
5.16523
4.71688
4.26413
3.80678
3.34619
2.88159
2.41694
1.94791
1.48893
1.0201
0.591362
0.112924
-314.073
-315.342
-316.519
-316.763
-316.246
-314.976
-313.67
-313.762
-333.208
-334.725
-335.67
-336.006
-335.684
-334.97
-334.106
-333.757
-348.321
-351.158
-352.673
-353.239
-353.129
-352.819
-352.512
-352.172
-346.898
-350.263
-352.116
-352.862
-352.689
-352.174
-351.696
-351.058
-325.752
-328.652
-330.387
-330.946
-330.606
-329.869
-329.084
-328.157
-289.994
-292.05
-293.341
-293.795
-293.469
-292.521
-291.108
-289.508
-244.964
-246.037
-246.887
-247.288
-247.03
-246.002
-244.217
-242.159
-198.429
-198.46
-198.714
-198.928
-198.65
-197.569
-195.618
-193.374
-156.291
-155.596
-155.333
-155.238
-154.835
-153.719
-151.764
-149.558
-120.781
-119.659
-119.113
-118.841
-118.352
-117.25
-115.402
-113.359
-92.2237
-90.9971
-90.3496
-89.9552
-89.3938
-88.3497
-86.6758
-84.8499
-69.8939
-68.7405
-68.1025
-67.6373
-67.0358
-66.0755
-64.6008
-63.0166
-52.6341
-51.6244
-51.0369
-50.572
-49.9919
-49.1281
-47.8499
-46.4882
-39.3594
-38.5234
-38.02
-37.59
-37.0557
-36.296
-35.2076
-34.054
-29.0912
-28.41
-27.9652
-27.5663
-27.0909
-26.4352
-25.514
-24.5375
-21.0199
-20.4798
-20.0763
-19.6965
-19.2794
-18.7198
-17.9406
-17.098
-14.5723
-14.1486
-13.7986
-13.4566
-13.0926
-12.6135
-11.9527
-11.1955
-9.37846
-9.0451
-8.75046
-8.45459
-8.13699
-7.72462
-7.16271
-6.48473
-5.15196
-4.88618
-4.63842
-4.38395
-4.10634
-3.74773
-3.26507
-2.67675
-1.63985
-1.42797
-1.22101
-1.00439
-0.76275
-0.449097
-0.0292492
0.481672
1.33334
1.50513
1.68052
1.86192
2.06971
2.34352
2.71069
3.15727
3.84654
3.99121
4.14478
4.30031
4.48127
4.72216
5.04557
5.43898
5.9616
6.0852
6.22011
6.35847
6.52153
6.7381
7.02691
7.37727
7.76346
7.8706
7.98859
8.11247
8.26071
8.45719
8.7174
9.03235
9.3273
9.42008
9.52387
9.63502
9.76977
9.94842
10.1839
10.4689
10.693
10.779
10.8691
10.9682
11.0909
11.2539
11.468
11.7272
11.8695
11.9559
12.0384
12.1286
12.2411
12.3904
12.5858
12.8225
12.8798
12.9601
13.0371
13.122
13.2276
13.3665
13.5466
13.7644
13.7561
13.8292
13.9001
13.9795
14.0786
14.2082
14.3748
14.5763
14.5212
14.5877
14.6532
14.7276
14.8207
14.9419
15.0965
15.2836
15.1894
15.2503
15.3113
15.3814
15.4692
15.5829
15.7268
15.9011
15.7674
15.8233
15.881
15.9477
16.0311
16.1382
16.2725
16.4354
16.2662
16.3173
16.3712
16.4344
16.5135
16.6146
16.7402
16.8929
16.6906
16.7378
16.7885
16.8486
16.9238
17.0194
17.1374
17.281
17.0465
17.0914
17.1402
17.1979
17.27
17.361
17.4722
17.6078
17.3472
17.3901
17.437
17.4925
17.5617
17.6484
17.7536
17.8819
17.6001
17.6412
17.6862
17.7396
17.806
17.8888
17.9883
18.1101
17.8075
17.8472
17.8908
17.9424
18.0063
18.0855
18.1798
18.2955
17.9719
18.0104
18.0527
18.1027
18.1644
18.2404
18.3299
18.4403
18.0964
18.1338
18.1751
18.2237
18.2834
18.3564
18.4418
18.5472
18.1864
18.2227
18.2628
18.31
18.3679
18.4382
18.5196
18.6206
18.2465
18.2814
18.3203
18.3661
18.4222
18.4899
18.5678
18.6646
18.2786
18.3124
18.3501
18.3947
18.4491
18.5144
18.5889
18.682
18.2842
18.3171
18.3539
18.3974
18.4503
18.5134
18.5848
18.6744
18.2636
18.296
18.3322
18.3748
18.4263
18.4874
18.556
18.6424
18.2182
18.2502
18.2858
18.3276
18.378
18.4373
18.5033
18.5868
18.1513
18.1826
18.2175
18.2584
18.3077
18.3653
18.4288
18.5097
18.0655
18.096
18.1303
18.1704
18.2185
18.2745
18.3358
18.4142
17.9626
17.9926
18.0263
18.0657
18.1127
18.1672
18.2263
18.3023
17.8435
17.8731
17.9062
17.9448
17.9908
18.0438
18.101
18.1748
17.7074
17.7367
17.7693
17.8073
17.8523
17.904
17.9593
18.0311
17.5546
17.5835
17.6158
17.6533
17.6975
17.7479
17.8015
17.8714
17.3867
17.4153
17.4472
17.4842
17.5277
17.577
17.6289
17.6972
17.206
17.2342
17.2658
17.3022
17.3449
17.3932
17.4436
17.5102
17.0134
17.0413
17.0725
17.1084
17.1504
17.1977
17.2466
17.3118
16.8098
16.8374
16.8682
16.9036
16.9449
16.9911
17.0387
17.1024
16.595
16.6223
16.6527
16.6876
16.7282
16.7735
16.8198
16.8821
16.3686
16.3957
16.4258
16.4604
16.5003
16.5447
16.5897
16.6509
16.1312
16.158
16.1879
16.2221
16.2614
16.305
16.3489
16.4089
15.8838
15.9105
15.9401
15.9739
16.0127
16.0555
16.0983
16.1572
15.6275
15.6539
15.6832
15.7166
15.7549
15.797
15.8388
15.8967
15.3629
15.3891
15.4181
15.4511
15.4889
15.5302
15.571
15.6279
15.0899
15.1159
15.1446
15.1772
15.2144
15.255
15.2949
15.3509
14.8083
14.834
14.8624
14.8947
14.9314
14.9713
15.0103
15.0654
14.5177
14.5432
14.5715
14.6034
14.6397
14.679
14.7171
14.7715
14.2188
14.2442
14.2723
14.3039
14.3397
14.3785
14.4158
14.4694
13.9122
13.9374
13.9653
13.9967
14.0321
14.0703
14.1069
14.1598
13.5984
13.6235
13.6512
13.6822
13.7173
13.7549
13.7908
13.843
13.2773
13.3023
13.3297
13.3606
13.3952
13.4323
13.4676
13.5191
12.9491
12.9739
13.0012
13.0317
13.066
13.1026
13.1372
13.1881
12.6136
12.6383
12.6654
12.6957
12.7296
12.7658
12.7998
12.8502
12.2711
12.2956
12.3226
12.3527
12.3863
12.422
12.4554
12.5052
11.9215
11.946
11.9729
12.0028
12.0361
12.0714
12.1043
12.1536
11.5655
11.5898
11.6165
11.6462
11.6792
11.7142
11.7465
11.7953
11.2028
11.2271
11.2537
11.2832
11.3159
11.3506
11.3824
11.4308
10.8338
10.858
10.8845
10.9138
10.9462
10.9805
11.0118
11.0598
10.4583
10.4825
10.5089
10.5381
10.5703
10.6042
10.635
10.6826
10.0765
10.1007
10.127
10.156
10.1879
10.2214
10.2518
10.299
9.68848
9.7126
9.73882
9.76768
9.79938
9.83264
9.86262
9.9095
9.29446
9.31852
9.34463
9.37331
9.40475
9.43767
9.46722
9.51372
8.89438
8.91843
8.94449
8.97305
9.00429
9.03695
9.06613
9.11232
8.48863
8.51265
8.53861
8.56702
8.59801
8.63036
8.65912
8.70496
8.07697
8.10098
8.1269
8.1552
8.18601
8.21813
8.24658
8.29216
7.65972
7.68371
7.70957
7.73774
7.76834
7.8002
7.82836
7.8737
7.2367
7.26068
7.2865
7.31457
7.34501
7.37667
7.40491
7.45071
6.80814
6.83209
6.85782
6.88576
6.91599
6.94733
6.97539
7.02129
6.37401
6.39791
6.42357
6.45138
6.48143
6.51253
6.54031
6.58597
5.93451
5.95836
5.98392
6.01159
6.04146
6.07233
6.09982
6.14523
5.48971
5.51347
5.53891
5.56641
5.59605
5.62666
5.65384
5.69892
5.03975
5.06342
5.08874
5.11609
5.14554
5.17596
5.20288
5.24775
4.5847
4.6082
4.63332
4.66043
4.68957
4.71966
4.74619
4.79064
4.12479
4.14812
4.17308
4.19999
4.22892
4.25882
4.28516
4.32952
3.65966
3.68263
3.70721
3.73374
3.76227
3.79178
3.8177
3.86165
3.19013
3.21278
3.23703
3.2632
3.29136
3.32052
3.34611
3.38982
2.71391
2.73548
2.75878
2.78414
2.81164
2.84032
2.86561
2.9092
2.23574
2.25687
2.27966
2.30443
2.33125
2.35925
2.38392
2.42683
1.74348
1.76112
1.78104
1.8036
1.82891
1.85614
1.88072
1.92465
1.26279
1.28123
1.30121
1.3231
1.34703
1.37227
1.39484
1.43516
0.739325
0.746894
0.757985
0.773179
0.792875
0.815957
0.834903
0.883322
0.302164
0.32022
0.336607
0.35174
0.366661
0.383732
0.400924
0.376905
)
;

boundaryField
{
    frontAndBack
    {
        type            empty;
    }
    inlet
    {
        type            zeroGradient;
    }
    outlet
    {
        type            fixedValue;
        value           uniform 0;
    }
    walls
    {
        type            zeroGradient;
    }
}


// ************************************************************************* //
