/*--------------------------------*- C++ -*----------------------------------*\
| =========                 |                                                 |
| \\      /  F ield         | OpenFOAM: The Open Source CFD Toolbox           |
|  \\    /   O peration     | Version:  v2012                                 |
|   \\  /    A nd           | Website:  www.openfoam.com                      |
|    \\/     M anipulation  |                                                 |
\*---------------------------------------------------------------------------*/
FoamFile
{
    version     2.0;
    format      ascii;
    class       volScalarField;
    location    "0.11";
    object      p;
}
// * * * * * * * * * * * * * * * * * * * * * * * * * * * * * * * * * * * * * //

dimensions      [0 2 -2 0 0 0 0];


internalField   nonuniform List<scalar> 
5600
(
-12.8867
-13.8524
-14.8056
-15.7969
-16.8554
-17.9562
-19.0606
-20.1296
-21.1485
-22.1091
-23.0227
-23.8819
-24.6838
-25.4419
-26.1561
-26.8455
-27.5109
-28.1579
-28.8044
-29.4351
-30.0739
-30.7066
-31.3353
-31.9641
-32.5844
-33.207
-33.818
-34.4347
-35.0454
-35.6519
-36.2634
-36.8675
-37.4781
-38.0836
-38.6905
-39.2976
-39.9
-40.5034
-41.1038
-41.7054
-42.3023
-42.9007
-43.4947
-44.0887
-44.6802
-45.2711
-45.8604
-46.4476
-47.0328
-47.6169
-48.2004
-48.781
-49.3616
-49.9386
-50.5156
-51.092
-51.666
-52.2397
-52.8095
-53.3781
-53.946
-54.5111
-55.0762
-55.6396
-56.2018
-56.7636
-57.3228
-57.8824
-58.4412
-58.9983
-59.5554
-60.1109
-60.6648
-61.2172
-61.7674
-62.3188
-62.8678
-63.4168
-63.9638
-64.51
-65.0544
-65.598
-66.141
-66.6841
-67.2257
-67.7688
-68.3086
-68.8496
-69.3872
-69.9248
-70.4622
-70.9974
-71.5355
-72.0686
-72.6062
-73.1437
-73.6882
-74.2472
-74.8022
-75.6232
-12.9852
-13.8762
-14.8234
-15.8099
-16.8653
-17.9654
-19.0697
-20.1381
-21.158
-22.1194
-23.0321
-23.8905
-24.6924
-25.4511
-26.1663
-26.8572
-27.5241
-28.1727
-28.8203
-29.4517
-30.0913
-30.7248
-31.3538
-31.9834
-32.6036
-33.2265
-33.8376
-34.4547
-35.0654
-35.6721
-36.2839
-36.888
-37.4989
-38.1046
-38.7119
-39.3192
-39.9214
-40.5251
-41.1255
-41.7272
-42.3241
-42.9227
-43.5168
-44.1107
-44.7023
-45.2932
-45.8825
-46.4698
-47.055
-47.6391
-48.2227
-48.8032
-49.3839
-49.9609
-50.538
-51.1144
-51.6883
-52.2622
-52.8318
-53.4004
-53.9683
-54.5333
-55.0985
-55.6618
-56.224
-56.7859
-57.345
-57.9046
-58.4634
-59.0204
-59.5778
-60.133
-60.6871
-61.2393
-61.7897
-62.341
-62.89
-63.4389
-63.9861
-64.5322
-65.0767
-65.6202
-66.1632
-66.7063
-67.2479
-67.7911
-68.3307
-68.8719
-69.4093
-69.9472
-70.4841
-71.0203
-71.5566
-72.0925
-72.6261
-73.1698
-73.7039
-74.2782
-74.8124
-75.6239
-13.0668
-13.8972
-14.8515
-15.8383
-16.8876
-17.982
-19.0813
-20.1467
-21.1625
-22.1227
-23.034
-23.891
-24.693
-25.4515
-26.1668
-26.8583
-27.5253
-28.1747
-28.8216
-29.4544
-30.0942
-30.7278
-31.3574
-31.9865
-32.6082
-33.2314
-33.8432
-34.4606
-35.0717
-35.6791
-36.291
-36.8953
-37.5062
-38.1119
-38.7191
-39.3264
-39.9287
-40.5323
-41.1328
-41.7345
-42.3314
-42.9299
-43.524
-44.1181
-44.7095
-45.3004
-45.8898
-46.4771
-47.0624
-47.6464
-48.23
-48.8105
-49.3912
-49.9682
-50.5452
-51.1217
-51.6956
-52.2696
-52.8394
-53.4082
-53.9763
-54.5413
-55.1066
-55.67
-56.2323
-56.7943
-57.3534
-57.9131
-58.472
-59.029
-59.5865
-60.1418
-60.696
-61.2482
-61.7987
-62.3501
-62.8992
-63.4481
-63.9955
-64.5414
-65.0861
-65.6295
-66.1726
-66.7157
-67.2574
-67.8005
-68.3404
-68.8813
-69.419
-69.9568
-70.4937
-71.0298
-71.5663
-72.1021
-72.6359
-73.1793
-73.7143
-74.2892
-74.8269
-75.605
-13.158
-13.9274
-14.88
-15.8652
-16.9072
-17.9963
-19.0928
-20.1582
-21.1718
-22.1328
-23.0454
-23.9033
-24.7069
-25.4666
-26.1833
-26.8746
-27.5421
-28.1924
-28.8377
-29.471
-30.1086
-30.741
-31.3696
-31.9969
-32.6194
-33.2413
-33.8538
-34.4709
-35.0828
-35.6916
-36.3037
-36.909
-37.5201
-38.1263
-38.7339
-39.3412
-39.9438
-40.5474
-41.1481
-41.7499
-42.347
-42.9455
-43.5398
-44.134
-44.7257
-45.3168
-45.9064
-46.4937
-47.0792
-47.6633
-48.2471
-48.8277
-49.4086
-49.9858
-50.5628
-51.1395
-51.7135
-52.2874
-52.8571
-53.4257
-53.9939
-54.5588
-55.1242
-55.6875
-56.2495
-56.8115
-57.3705
-57.9302
-58.4891
-59.046
-59.6035
-60.1588
-60.7128
-61.265
-61.8155
-62.3668
-62.916
-63.4646
-64.0123
-64.558
-65.1029
-65.6462
-66.1893
-66.7322
-67.2742
-67.8169
-68.3572
-68.8977
-69.436
-69.9732
-70.5107
-71.0462
-71.5832
-72.1182
-72.6532
-73.1946
-73.7318
-74.3025
-74.8499
-75.5722
-13.2503
-13.9583
-14.9057
-15.8925
-16.9286
-18.0127
-19.1068
-20.1705
-21.1834
-22.1445
-23.0569
-23.9147
-24.7185
-25.4787
-26.1966
-26.8877
-27.5558
-28.2079
-28.8529
-29.4879
-30.125
-30.758
-31.3874
-32.0139
-32.6375
-33.2579
-33.8709
-34.4866
-35.098
-35.707
-36.3171
-36.9229
-37.5324
-38.1385
-38.7466
-39.3537
-39.957
-40.5606
-41.1619
-41.7635
-42.3613
-42.9597
-43.5542
-44.1487
-44.7405
-45.332
-45.9215
-46.5088
-47.0943
-47.6784
-48.2622
-48.8428
-49.4237
-50.0008
-50.5778
-51.1546
-51.7283
-52.3022
-52.8719
-53.4406
-54.0089
-54.5736
-55.1392
-55.7028
-56.265
-56.8273
-57.3862
-57.946
-58.5051
-59.0619
-59.6196
-60.1749
-60.729
-61.2814
-61.8319
-62.3832
-62.9325
-63.481
-64.029
-64.5747
-65.1196
-65.6629
-66.2061
-66.7489
-67.2911
-67.8336
-68.3742
-68.9145
-69.453
-69.99
-70.5278
-71.0631
-71.6001
-72.1351
-72.6702
-73.211
-73.7483
-74.3156
-74.8603
-75.5505
-13.3412
-13.9911
-14.9319
-15.9223
-16.9528
-18.0313
-19.1228
-20.1847
-21.1969
-22.1579
-23.0698
-23.9279
-24.7325
-25.4935
-26.2125
-26.9045
-27.5735
-28.2266
-28.8714
-29.5076
-30.144
-30.777
-31.4067
-32.0327
-32.6565
-33.2762
-33.8902
-34.5056
-35.1171
-35.7273
-36.3359
-36.9431
-37.5517
-38.1576
-38.7657
-39.372
-39.9754
-40.5781
-41.1794
-41.7799
-42.3779
-42.9754
-43.5698
-44.1642
-44.7557
-45.3477
-45.9374
-46.5249
-47.1107
-47.695
-48.2788
-48.8596
-49.4404
-50.018
-50.5949
-51.172
-51.7459
-52.3195
-52.8894
-53.4581
-54.0264
-54.5912
-55.1569
-55.7205
-56.2825
-56.8449
-57.4038
-57.9636
-58.5229
-59.0795
-59.6374
-60.1928
-60.7467
-61.2993
-61.8499
-62.401
-62.9506
-63.499
-64.047
-64.5927
-65.1375
-65.681
-66.2242
-66.767
-67.3094
-67.8517
-68.3925
-68.9327
-69.4712
-70.0085
-70.546
-71.0816
-71.6181
-72.1537
-72.6883
-73.2289
-73.7659
-74.3286
-74.8719
-75.5322
-13.4275
-14.0262
-14.9591
-15.9536
-16.9789
-18.0518
-19.1409
-20.2015
-21.2129
-22.1738
-23.0854
-23.9437
-24.7492
-25.5105
-26.2307
-26.9232
-27.5929
-28.2465
-28.8914
-29.5284
-30.1645
-30.7975
-31.4274
-32.0532
-32.677
-33.2967
-33.9113
-34.5264
-35.1378
-35.7484
-36.3566
-36.9644
-37.5725
-38.1789
-38.7867
-39.3929
-39.9968
-40.5992
-41.2009
-41.801
-42.3996
-42.9964
-43.5909
-44.185
-44.7767
-45.368
-45.9579
-46.5449
-47.1303
-47.7145
-48.2976
-48.8786
-49.4586
-50.0365
-50.6132
-51.1901
-51.7643
-52.3373
-52.9077
-53.4768
-54.0451
-54.6101
-55.1758
-55.7398
-56.3018
-56.8642
-57.4233
-57.983
-58.5425
-59.099
-59.657
-60.2126
-60.7663
-61.3189
-61.8696
-62.4203
-62.9703
-63.5184
-64.0665
-64.6124
-65.157
-65.7006
-66.2438
-66.7865
-67.3293
-67.8713
-68.4123
-68.9523
-69.4909
-70.0285
-70.5657
-71.1017
-71.6377
-72.1737
-72.7081
-73.248
-73.7848
-74.3417
-74.8825
-75.5155
-13.5054
-14.0628
-14.9875
-15.9858
-17.0067
-18.0746
-19.1617
-20.2213
-21.2319
-22.1928
-23.1041
-23.9626
-24.7688
-25.5303
-26.2516
-26.9445
-27.6149
-28.269
-28.914
-29.5517
-30.1876
-30.8207
-31.4506
-32.0765
-32.7001
-33.3198
-33.9348
-34.5495
-35.1611
-35.7716
-36.3798
-36.9879
-37.5957
-38.2025
-38.81
-39.416
-40.0201
-40.6224
-41.2242
-41.8241
-42.4229
-43.0194
-43.6144
-44.2082
-44.8006
-45.3911
-45.9812
-46.5682
-47.1538
-47.7382
-48.3207
-48.9022
-49.4819
-50.0601
-50.6367
-51.2126
-51.7873
-52.3596
-52.9298
-53.4992
-54.067
-54.6324
-55.1976
-55.7613
-56.3234
-56.8851
-57.4446
-58.0039
-58.5633
-59.1201
-59.6777
-60.2334
-60.7872
-61.3399
-61.8913
-62.4416
-62.992
-63.5401
-64.088
-64.6343
-65.1786
-65.7225
-66.2657
-66.8083
-67.3514
-67.8933
-68.4344
-68.9744
-69.5128
-70.0505
-70.5876
-71.1237
-71.6595
-72.1955
-72.7299
-73.2689
-73.8046
-74.3565
-74.8913
-75.498
-13.5713
-14.0995
-15.0172
-16.0185
-17.0362
-18.1002
-19.1857
-20.2445
-21.2545
-22.2154
-23.1265
-23.9851
-24.7919
-25.5534
-26.2756
-26.9688
-27.6397
-28.2942
-28.9394
-29.5777
-30.2134
-30.8464
-31.4762
-32.1023
-32.7256
-33.3454
-33.9607
-34.575
-35.1869
-35.7973
-36.4057
-37.0137
-37.6215
-38.2286
-38.8358
-39.4417
-40.0458
-40.6483
-41.25
-41.8499
-42.4487
-43.0452
-43.6404
-44.2339
-44.8265
-45.4169
-46.0068
-46.594
-47.1795
-47.764
-48.3463
-48.928
-49.5077
-50.0857
-50.6628
-51.2382
-51.8131
-52.3854
-52.9558
-53.5254
-54.0927
-54.6586
-55.2237
-55.7871
-56.3498
-56.9108
-57.4706
-58.0297
-58.5885
-59.1459
-59.7027
-60.2584
-60.8122
-61.3647
-61.9164
-62.4663
-63.0164
-63.5649
-64.1119
-64.6587
-65.2026
-65.7462
-66.2894
-66.8316
-67.375
-67.9166
-68.4578
-68.9979
-69.5363
-70.0741
-70.6112
-71.1473
-71.6833
-72.2193
-72.7538
-73.2917
-73.8261
-74.3728
-74.8991
-75.4748
-13.6205
-14.1341
-15.0481
-16.0512
-17.067
-18.1287
-19.2135
-20.2718
-21.2814
-22.2423
-23.1533
-24.0119
-24.8191
-25.5806
-26.3033
-26.9967
-27.6679
-28.3226
-28.9678
-29.6065
-30.2421
-30.8751
-31.5049
-32.1311
-32.7542
-33.374
-33.9896
-34.6036
-35.2158
-35.826
-36.4346
-37.0425
-37.6502
-38.2576
-38.8646
-39.4704
-40.0745
-40.6772
-41.2788
-41.8786
-42.4774
-43.074
-43.6691
-44.2627
-44.8551
-45.4458
-46.0355
-46.6228
-47.2083
-47.7928
-48.3752
-48.9567
-49.5364
-50.1145
-50.6916
-51.2669
-51.8416
-52.414
-52.9845
-53.554
-54.1214
-54.6874
-55.2523
-55.8156
-56.3785
-56.9393
-57.4994
-58.0585
-58.617
-59.1748
-59.7311
-60.287
-60.8411
-61.3933
-61.9453
-62.495
-63.0448
-63.594
-64.1403
-64.6876
-65.2313
-65.7749
-66.3182
-66.86
-67.4033
-67.945
-68.4857
-69.026
-69.564
-70.1018
-70.6389
-71.1748
-71.7108
-72.2465
-72.7808
-73.3173
-73.85
-74.3894
-74.907
-75.4471
-13.6453
-14.1624
-15.0786
-16.0815
-17.097
-18.1589
-19.2439
-20.3023
-21.3119
-22.2729
-23.1838
-24.0424
-24.8496
-25.6109
-26.3337
-27.027
-27.6982
-28.3529
-28.998
-29.6369
-30.2725
-30.9055
-31.5352
-32.1615
-32.7846
-33.4042
-34.0201
-34.6339
-35.2461
-35.8562
-36.4649
-37.0729
-37.6804
-38.2881
-38.895
-39.5007
-40.1048
-40.7075
-41.3091
-41.9089
-42.5077
-43.1044
-43.6994
-44.2931
-44.8854
-45.4763
-46.0657
-46.6531
-47.2387
-47.823
-48.4056
-48.9869
-49.5667
-50.145
-50.7218
-51.2973
-51.8717
-52.4442
-53.0148
-53.5844
-54.1519
-54.7179
-55.2826
-55.846
-56.4088
-56.9699
-57.5298
-58.089
-58.6473
-59.205
-59.7614
-60.3173
-60.8713
-61.4237
-61.9756
-62.5252
-63.0752
-63.6243
-64.1708
-64.7179
-65.2618
-65.8055
-66.3485
-66.8905
-67.4333
-67.9749
-68.5157
-69.0559
-69.5943
-70.1322
-70.6692
-71.2054
-71.7411
-72.2765
-72.8108
-73.3458
-73.8767
-74.4087
-74.9176
-75.425
-13.6432
-14.1819
-15.1057
-16.1064
-17.1234
-18.188
-19.2742
-20.333
-21.343
-22.3042
-23.2151
-24.0735
-24.8805
-25.6414
-26.3638
-27.0568
-27.7277
-28.3822
-29.0271
-29.6661
-30.3016
-30.9346
-31.5642
-32.1906
-32.8138
-33.4331
-34.0492
-34.6628
-35.2751
-35.8851
-36.4938
-37.1019
-37.7092
-38.3173
-38.924
-39.5296
-40.1337
-40.7365
-41.3382
-41.9379
-42.5368
-43.1334
-43.7284
-44.3222
-44.9143
-45.5055
-46.0946
-46.682
-47.2677
-47.8519
-48.4347
-49.0158
-49.5957
-50.1741
-50.7507
-51.3263
-51.9005
-52.4733
-53.0441
-53.6135
-54.1811
-54.7469
-55.3118
-55.8752
-56.4378
-56.9993
-57.5589
-58.1182
-58.6764
-59.2337
-59.7903
-60.3458
-60.9
-61.4527
-62.0042
-62.5542
-63.1042
-63.6533
-64.2001
-64.7469
-65.2913
-65.8348
-66.3778
-66.92
-67.4626
-68.0046
-68.5455
-69.0859
-69.6246
-70.1624
-70.6993
-71.2356
-71.7711
-72.3066
-72.8408
-73.3747
-73.904
-74.4298
-74.9307
-75.413
-13.6195
-14.1943
-15.1286
-16.1257
-17.1456
-18.2144
-19.3025
-20.3623
-21.3728
-22.3342
-23.2451
-24.1034
-24.91
-25.6703
-26.392
-27.0846
-27.755
-28.409
-29.0536
-29.6926
-30.328
-30.9611
-31.5906
-32.2171
-32.8403
-33.4594
-34.0757
-34.6891
-35.3015
-35.9113
-36.5201
-37.1282
-37.7353
-38.3438
-38.9502
-39.5559
-40.16
-40.7627
-41.3645
-41.9642
-42.5631
-43.1597
-43.7547
-44.3485
-44.9407
-45.532
-46.1209
-46.7084
-47.2941
-47.8782
-48.4613
-49.0421
-49.6222
-50.2004
-50.7769
-51.3525
-51.9264
-52.4992
-53.0704
-53.6398
-54.2074
-54.7731
-55.338
-55.9015
-56.4641
-57.0256
-57.5854
-58.1448
-58.7031
-59.2606
-59.8173
-60.3728
-60.9271
-61.4799
-62.0315
-62.5821
-63.1319
-63.6812
-64.2283
-64.775
-65.3198
-65.8633
-66.4064
-66.9486
-67.491
-68.0331
-68.5741
-69.1145
-69.6533
-70.191
-70.7275
-71.2636
-71.7991
-72.3344
-72.8684
-73.4012
-73.929
-74.4501
-74.9446
-75.4083
-13.5791
-14.2025
-15.1478
-16.1404
-17.1645
-18.2385
-19.329
-20.3899
-21.4009
-22.3627
-23.2737
-24.1318
-24.9379
-25.6974
-26.4183
-27.1104
-27.7802
-28.4336
-29.0778
-29.7168
-30.3521
-30.9851
-31.6146
-32.2412
-32.8644
-33.4833
-34.0997
-34.713
-35.3254
-35.9351
-36.5439
-37.152
-37.7589
-38.3678
-38.9741
-39.5798
-40.1838
-40.7866
-41.3885
-41.9881
-42.587
-43.1836
-43.7784
-44.372
-44.9645
-45.5557
-46.1446
-46.732
-47.3178
-47.9018
-48.4848
-49.0658
-49.6459
-50.2243
-50.8011
-51.3768
-51.9508
-52.5235
-53.0952
-53.6648
-54.2325
-54.7986
-55.3636
-55.9274
-56.4901
-57.0518
-57.6118
-58.1712
-58.7295
-59.2871
-59.8436
-60.3988
-60.9529
-61.5055
-62.0571
-62.6077
-63.1573
-63.7066
-64.2537
-64.8002
-65.3451
-65.8885
-66.4316
-66.9738
-67.516
-68.0582
-68.5991
-69.1395
-69.6783
-70.216
-70.7527
-71.2888
-71.8242
-72.3594
-72.8933
-73.4254
-73.952
-74.4695
-74.959
-75.4093
-13.5264
-14.2081
-15.1636
-16.1515
-17.1807
-18.2605
-19.3537
-20.416
-21.4277
-22.3898
-23.3008
-24.1586
-24.9641
-25.7227
-26.4426
-27.1341
-27.8033
-28.456
-29.0999
-29.7387
-30.3739
-31.007
-31.6364
-32.263
-32.8863
-33.5048
-34.1214
-34.7345
-35.347
-35.9566
-36.5654
-37.1735
-37.7802
-38.3893
-38.9955
-39.6009
-40.2052
-40.8077
-41.4097
-42.0094
-42.6081
-43.2051
-43.8
-44.3939
-44.9866
-45.5779
-46.1672
-46.7547
-47.341
-47.9254
-48.5086
-49.09
-49.6702
-50.2488
-50.8257
-51.4013
-51.9752
-52.5476
-53.1191
-53.6885
-54.2561
-54.8221
-55.387
-55.9508
-56.5134
-57.0749
-57.635
-58.1943
-58.7526
-59.31
-59.8665
-60.4218
-60.976
-61.5286
-62.0802
-62.6308
-63.1804
-63.7296
-64.2767
-64.8232
-65.368
-65.9113
-66.4543
-66.9965
-67.5387
-68.0808
-68.6218
-69.1621
-69.701
-70.2387
-70.7754
-71.3114
-71.8468
-72.3819
-72.9156
-73.4472
-73.9729
-74.4875
-74.9734
-75.4143
-13.4661
-14.2119
-15.176
-16.1599
-17.1946
-18.28
-19.3763
-20.4404
-21.4529
-22.4154
-23.3266
-24.1841
-24.9889
-25.7467
-26.4654
-27.1561
-27.8242
-28.4764
-29.1197
-29.7585
-30.3937
-31.0268
-31.6561
-32.2829
-32.9064
-33.5245
-34.141
-34.7538
-35.3659
-35.9757
-36.5841
-37.1925
-37.7995
-38.4089
-39.0152
-39.6207
-40.226
-40.8288
-41.4314
-42.0315
-42.6306
-43.228
-43.823
-44.4171
-45.0094
-45.6004
-46.1895
-46.7768
-47.363
-47.9471
-48.5303
-49.1116
-49.6916
-50.2701
-50.8469
-51.4224
-51.9962
-52.5688
-53.1402
-53.7096
-54.2772
-54.8432
-55.4081
-55.9718
-56.5343
-57.0958
-57.6559
-58.2151
-58.7734
-59.3308
-59.8871
-60.4423
-60.9965
-61.5491
-62.1007
-62.6513
-63.2009
-63.7501
-64.2973
-64.8438
-65.3889
-65.9324
-66.4751
-67.0172
-67.5593
-68.1014
-68.6423
-69.1825
-69.7213
-70.2589
-70.7957
-71.3315
-71.8669
-72.4019
-72.9355
-73.4667
-73.992
-74.5049
-74.9876
-75.422
-13.4015
-14.2143
-15.185
-16.1672
-17.2081
-18.2981
-19.3969
-20.4624
-21.4756
-22.4381
-23.3498
-24.2069
-25.0116
-25.768
-26.4867
-27.1764
-27.8435
-28.4949
-29.1375
-29.7759
-30.4107
-31.0436
-31.6726
-32.2997
-32.9233
-33.5418
-34.1591
-34.7726
-35.3851
-35.996
-36.6049
-37.2143
-37.8216
-38.4311
-39.0373
-39.6422
-40.2474
-40.8497
-41.4522
-42.0521
-42.6509
-43.2482
-43.8429
-44.4368
-45.0287
-45.6197
-46.2088
-46.796
-47.3822
-47.9662
-48.5493
-49.1306
-49.7105
-50.289
-50.8658
-51.4411
-52.015
-52.5875
-53.1588
-53.7283
-54.2957
-54.8617
-55.4265
-55.9902
-56.5526
-57.1141
-57.6741
-58.2332
-58.7914
-59.3488
-59.905
-60.4601
-61.0141
-61.5667
-62.1182
-62.6686
-63.2181
-63.7671
-64.3142
-64.8603
-65.405
-65.9484
-66.4913
-67.0336
-67.5756
-68.1177
-68.6587
-69.1989
-69.7379
-70.2755
-70.8123
-71.3482
-71.8836
-72.4185
-72.9521
-73.4829
-74.0078
-74.5198
-75.001
-75.4316
-13.3349
-14.2144
-15.1878
-16.171
-17.2211
-18.3168
-19.418
-20.4853
-21.4989
-22.4608
-23.3721
-24.228
-25.0318
-25.7865
-26.5052
-27.1938
-27.8604
-28.5119
-29.1549
-29.794
-30.4299
-31.0642
-31.6947
-32.3226
-32.9465
-33.5652
-34.1826
-34.7956
-35.4068
-36.0169
-36.6251
-37.2342
-37.8411
-38.4502
-39.0564
-39.6612
-40.2663
-40.8685
-41.471
-42.0708
-42.6696
-43.2669
-43.8615
-44.4553
-45.0469
-45.6378
-46.2268
-46.814
-47.4002
-47.9841
-48.5672
-49.1484
-49.7284
-50.3069
-50.8836
-51.459
-52.0328
-52.6054
-53.1767
-53.7462
-54.3136
-54.8796
-55.4445
-56.0082
-56.5706
-57.1321
-57.6922
-58.2513
-58.8096
-59.367
-59.9232
-60.4784
-61.0325
-61.5852
-62.1367
-62.6873
-63.2369
-63.7859
-64.3333
-64.8797
-65.4246
-65.968
-66.5108
-67.0531
-67.595
-68.1371
-68.678
-69.2182
-69.757
-70.2946
-70.8313
-71.3672
-71.9025
-72.4374
-72.9709
-73.5017
-74.0263
-74.537
-75.0151
-75.443
-13.2757
-14.2205
-15.1867
-16.1658
-17.2217
-18.3225
-19.429
-20.5013
-21.5162
-22.4798
-23.3927
-24.2489
-25.0527
-25.8072
-26.5252
-27.2131
-27.8792
-28.5303
-29.1728
-29.8118
-30.4474
-31.0816
-31.7119
-32.339
-32.9616
-33.5796
-34.1964
-34.809
-35.4196
-36.0293
-36.6372
-37.2462
-37.853
-38.4621
-39.0681
-39.6728
-40.2777
-40.8798
-41.4822
-42.0819
-42.6806
-43.2778
-43.8723
-44.466
-45.0576
-45.6485
-46.2374
-46.8245
-47.4106
-47.9945
-48.5775
-49.1586
-49.7385
-50.3169
-50.8936
-51.4689
-52.0427
-52.6152
-53.1863
-53.7557
-54.3231
-54.889
-55.4538
-56.0174
-56.5797
-57.1412
-57.7012
-58.2602
-58.8184
-59.3757
-59.9319
-60.487
-61.041
-61.5936
-62.145
-62.6955
-63.245
-63.794
-64.3411
-64.8873
-65.4321
-65.9755
-66.5183
-67.0606
-67.6025
-68.1446
-68.6855
-69.2257
-69.7646
-70.3022
-70.8389
-71.3747
-71.91
-72.4449
-72.9785
-73.5091
-74.0336
-74.545
-75.0237
-75.4515
-13.1997
-14.227
-15.2068
-16.1936
-17.2534
-18.3541
-19.4613
-20.5345
-21.5473
-22.5117
-23.426
-24.2831
-25.087
-25.8411
-26.5582
-27.2449
-27.9096
-28.5595
-29.2006
-29.8386
-30.4732
-31.1067
-31.7365
-32.3635
-32.9862
-33.604
-34.2206
-34.833
-35.4435
-36.0531
-36.6609
-37.2696
-37.8762
-38.4851
-39.0911
-39.6956
-40.3005
-40.9026
-41.5049
-42.1046
-42.7032
-43.3004
-43.8949
-44.4886
-45.0802
-45.671
-46.26
-46.8471
-47.4331
-48.017
-48.6
-49.1811
-49.7609
-50.3394
-50.916
-51.4913
-52.0651
-52.6377
-53.2088
-53.7782
-54.3456
-54.9115
-55.4763
-56.0399
-56.6022
-57.1637
-57.7237
-58.2827
-58.8409
-59.3982
-59.9545
-60.5096
-61.0636
-61.6162
-62.1677
-62.7181
-63.2676
-63.8166
-64.3638
-64.91
-65.4548
-65.9982
-66.541
-67.0833
-67.6251
-68.1673
-68.7082
-69.2483
-69.7872
-70.3248
-70.8615
-71.3973
-71.9326
-72.4675
-73.001
-73.5316
-74.0561
-74.5672
-75.0448
-75.4719
-75.5727
-77.1753
-79.8174
-80.2854
-78.0458
-73.7119
-67.8793
-61.1449
-54.209
-47.4497
-41.2006
-35.5616
-30.59
-26.262
-22.5227
-19.2925
-16.5158
-14.1199
-12.037
-10.2181
-8.62179
-7.21051
-5.95846
-4.85295
-3.87828
-3.00548
-2.21771
-1.4912
-0.813672
-0.175898
0.420378
0.964885
1.45149
1.87665
2.22768
2.49133
2.67433
2.78812
2.85261
2.89256
2.92021
2.94022
2.96045
2.97914
2.984
2.96602
2.92467
2.88453
2.8299
2.80425
2.87545
3.04696
3.34475
3.53202
3.53494
3.42985
3.32591
3.23772
3.18189
3.14192
3.09826
3.08071
3.07395
3.05855
3.03043
2.97062
2.86514
2.73586
2.60693
2.47358
2.34645
2.25404
2.17807
2.11599
2.0695
2.03764
2.01254
1.987
1.95444
1.9121
1.86055
1.80073
1.7348
1.66346
1.58679
1.50566
1.42131
1.33285
1.24075
1.14553
1.04522
0.940684
0.834261
0.727626
0.620358
0.510194
0.403248
0.298223
0.187059
0.0592428
-75.6856
-76.7683
-79.3583
-79.887
-77.7055
-73.4519
-67.7075
-61.0503
-54.1759
-47.4587
-41.2427
-35.6206
-30.6574
-26.3327
-22.5921
-19.3577
-16.575
-14.1719
-12.0824
-10.257
-8.65435
-7.23707
-5.97954
-4.86894
-3.89055
-3.01354
-2.22104
-1.49239
-0.81429
-0.177656
0.415464
0.954202
1.43286
1.84884
2.19263
2.45064
2.62975
2.74272
2.80981
2.85423
2.88623
2.91052
2.93356
2.95012
2.94811
2.91849
2.86328
2.81407
2.75168
2.71966
2.79569
2.98596
3.31406
3.53448
3.5562
3.46594
3.35952
3.26844
3.20205
3.15298
3.10308
3.07761
3.06207
3.03994
3.00687
2.94231
2.83605
2.70704
2.58101
2.4504
2.32535
2.23613
2.16208
2.10123
2.05517
2.02314
1.9981
1.97224
1.93926
1.89701
1.84587
1.78655
1.72112
1.65013
1.57367
1.49259
1.4082
1.31982
1.22755
1.13208
1.03191
0.927413
0.821413
0.715164
0.608186
0.498872
0.392983
0.289633
0.180354
0.0577567
-75.6536
-76.7442
-79.0366
-79.4814
-77.3269
-73.1407
-67.4879
-60.9169
-54.1174
-47.458
-41.2833
-35.6862
-30.7387
-26.4196
-22.6767
-19.4369
-16.647
-14.2359
-12.1383
-10.3056
-8.6956
-7.27117
-6.0072
-4.88961
-3.9055
-3.02534
-2.2245
-1.49285
-0.813296
-0.177891
0.410721
0.941949
1.41209
1.81782
2.15266
2.40399
2.57837
2.69068
2.76121
2.81101
2.84824
2.87678
2.90279
2.91781
2.90859
2.86544
2.79427
2.73512
2.66382
2.62398
2.70697
2.91839
3.27787
3.53929
3.58213
3.51104
3.39951
3.30612
3.2271
3.16667
3.10881
3.07541
3.05035
3.01919
2.98029
2.90985
2.80312
2.67475
2.55204
2.42486
2.30211
2.21649
2.14479
2.08538
2.03999
2.00765
1.98251
1.95611
1.92267
1.88052
1.82982
1.77106
1.70612
1.6355
1.55925
1.4782
1.39376
1.30543
1.21317
1.11725
1.01701
0.912718
0.807051
0.701401
0.59485
0.486693
0.382061
0.279581
0.172752
0.0563371
-75.7295
-76.7403
-78.7557
-79.1057
-76.9394
-72.8024
-67.2345
-60.761
-54.0427
-47.4512
-41.3224
-35.7577
-30.8303
-26.5188
-22.7742
-19.5285
-16.732
-14.3139
-12.2073
-10.3654
-8.74638
-7.31301
-6.0412
-4.91537
-3.923
-3.03785
-2.22862
-1.49138
-0.810028
-0.177465
0.404638
0.92813
1.3894
1.78338
2.10692
2.35001
2.51866
2.63062
2.70561
2.76189
2.806
2.8404
2.86981
2.88317
2.86499
2.80641
2.71737
2.64771
2.56649
2.51704
2.60959
2.8449
3.2323
3.54658
3.6143
3.56531
3.44872
3.35161
3.25794
3.1834
3.11564
3.07354
3.03937
2.99645
2.95029
2.87317
2.76529
2.63882
2.5198
2.39683
2.27694
2.19472
2.12621
2.0685
2.02388
1.99143
1.9658
1.93861
1.90463
1.86259
1.81237
1.75415
1.68969
1.61944
1.54341
1.46238
1.37787
1.28957
1.19732
1.10115
1.00058
0.896436
0.791047
0.685892
0.580088
0.473464
0.370632
0.268292
0.163987
0.0548493
-75.7818
-76.7002
-78.4642
-78.7182
-76.5529
-72.4627
-66.9683
-60.598
-53.9653
-47.4486
-41.3714
-35.8433
-30.9356
-26.6327
-22.8884
-19.6375
-16.8334
-14.4075
-12.2901
-10.4372
-8.80741
-7.3634
-6.08221
-4.9472
-3.94459
-3.05145
-2.23586
-1.48997
-0.805385
-0.176272
0.3988
0.914053
1.3652
1.74532
2.05394
2.28593
2.4494
2.56152
2.6423
2.70815
2.76117
2.80263
2.83449
2.84491
2.81746
2.74206
2.63316
2.55219
2.46083
2.40052
2.50663
2.7701
3.179
3.55041
3.65379
3.62964
3.51079
3.40549
3.29545
3.20363
3.12372
3.07154
3.02888
2.97249
2.91652
2.83181
2.7218
2.59911
2.4841
2.36623
2.25028
2.1704
2.10645
2.05079
2.00704
1.97462
1.94814
1.91992
1.88527
1.84325
1.79346
1.7357
1.67168
1.60183
1.52601
1.44497
1.36038
1.27208
1.17981
1.08347
0.982737
0.878605
0.773343
0.668388
0.563439
0.45888
0.357967
0.255942
0.154377
0.0532416
-75.8183
-76.6444
-78.1498
-78.2904
-76.1323
-72.0939
-66.692
-60.4363
-53.8962
-47.4601
-41.4391
-35.9524
-31.0662
-26.7721
-23.0288
-19.7727
-16.9576
-14.5196
-12.3891
-10.5233
-8.88144
-7.42515
-6.13272
-4.98689
-3.97184
-3.06748
-2.24438
-1.48965
-0.799416
-0.171112
0.396969
0.900153
1.3394
1.70485
1.99388
2.21206
2.37175
2.48497
2.57268
2.64911
2.7123
2.76155
2.79566
2.80281
2.76637
2.673
2.54362
2.45024
2.3473
2.27734
2.39782
2.69739
3.13354
3.54155
3.69656
3.70547
3.58866
3.46803
3.34017
3.2277
3.13314
3.06905
3.01678
2.94946
2.87919
2.78537
2.67233
2.55551
2.4448
2.33305
2.2225
2.14343
2.0857
2.03259
1.98978
1.95738
1.92987
1.90037
1.86481
1.8226
1.77305
1.71561
1.65198
1.58249
1.50686
1.42579
1.34111
1.25275
1.16047
1.06398
0.963147
0.859062
0.753954
0.649112
0.544686
0.442503
0.343385
0.242521
0.144266
0.0513667
-75.8381
-76.5693
-77.8112
-77.8225
-75.6692
-71.6859
-66.3845
-60.2518
-53.8221
-47.4807
-41.5266
-36.0898
-31.2305
-26.9459
-23.2015
-19.9387
-17.1099
-14.6553
-12.5085
-10.6268
-8.97003
-7.49914
-6.19273
-5.03314
-4.00222
-3.08282
-2.24908
-1.48466
-0.787667
-0.159218
0.401204
0.892097
1.31401
1.66267
1.9311
2.13289
2.28379
2.39831
2.49531
2.5836
2.65847
2.716
2.75293
2.75716
2.71098
2.59727
2.4495
2.34259
2.22656
2.15203
2.28146
2.6272
3.10016
3.52763
3.7436
3.79136
3.68343
3.53937
3.3921
3.25575
3.14404
3.06627
3.00075
2.92893
2.83929
2.73366
2.61728
2.50783
2.40187
2.29735
2.19385
2.11493
2.06333
2.01429
1.9725
1.94006
1.91132
1.88019
1.8433
1.80055
1.75103
1.69374
1.63043
1.56127
1.4858
1.40463
1.31982
1.23138
1.13906
1.04245
0.941557
0.837548
0.732652
0.628068
0.524031
0.423874
0.32666
0.228234
0.133344
0.0489286
-75.8406
-76.4715
-77.451
-77.3201
-75.1699
-71.2473
-66.0503
-60.0459
-53.7338
-47.4939
-41.6153
-36.2356
-31.4096
-27.1398
-23.3913
-20.121
-17.2795
-14.8083
-12.644
-10.7438
-9.06867
-7.58012
-6.2564
-5.07894
-4.02824
-3.09008
-2.24202
-1.46576
-0.761404
-0.13324
0.420169
0.897367
1.29323
1.61232
1.85908
2.04589
2.1882
2.30541
2.41058
2.51067
2.59825
2.6636
2.70246
2.70578
2.65225
2.51724
2.34963
2.22609
2.0976
2.02813
2.16394
2.55582
3.06615
3.52516
3.80245
3.88696
3.79266
3.61992
3.45081
3.28772
3.15673
3.06389
2.98526
2.90621
2.79547
2.67718
2.55878
2.45583
2.35523
2.25916
2.16428
2.08734
2.0383
1.99588
1.95566
1.92313
1.89291
1.85972
1.82094
1.77709
1.72709
1.67007
1.60691
1.53798
1.4626
1.38126
1.29629
1.20771
1.11538
1.01867
0.917743
0.813814
0.709175
0.605008
0.501638
0.402628
0.307942
0.212532
0.121328
0.0457196
-75.8295
-76.3563
-77.0744
-76.7868
-74.6352
-70.7788
-65.6907
-59.8218
-53.624
-47.4836
-41.6823
-36.3625
-31.5745
-27.3237
-23.5806
-20.3087
-17.4571
-14.97
-12.7886
-10.8704
-9.17651
-7.66978
-6.32793
-5.12959
-4.05573
-3.09586
-2.22958
-1.43969
-0.728566
-0.101765
0.443182
0.902619
1.27268
1.56032
1.78154
1.9491
2.08445
2.20676
2.32125
2.4332
2.5329
2.60464
2.64401
2.64713
2.5881
2.43624
2.24631
2.10194
1.9625
1.90801
2.05747
2.48159
3.03227
3.53742
3.87163
3.99237
3.90953
3.71007
3.51581
3.32328
3.17124
3.06415
2.97572
2.87581
2.74669
2.61662
2.49941
2.39978
2.3055
2.21869
2.13351
2.06127
2.01282
1.97631
1.93915
1.90672
1.8749
1.83932
1.79806
1.75254
1.70191
1.64462
1.58141
1.51249
1.43699
1.35538
1.27026
1.1815
1.08907
0.992295
0.891404
0.78762
0.683299
0.579641
0.477208
0.378927
0.286912
0.194947
0.108245
0.0413403
-75.8071
-76.227
-76.6862
-76.2263
-74.0623
-70.2721
-65.2929
-59.5612
-53.4963
-47.47
-41.756
-36.499
-31.7484
-27.5148
-23.7814
-20.5069
-17.6433
-15.1382
-12.9381
-11.0012
-9.28759
-7.76229
-6.40205
-5.18188
-4.08464
-3.10323
-2.21824
-1.41514
-0.697603
-0.0719964
0.460832
0.898821
1.24358
1.50548
1.70243
1.85114
1.97876
2.10472
2.22936
2.35386
2.46487
2.54246
2.58244
2.5821
2.51188
2.34732
2.14492
1.97913
1.83929
1.80242
1.97036
2.41387
3.00775
3.55968
3.94582
4.10277
4.02553
3.8085
3.58533
3.36192
3.18907
3.07156
2.96445
2.83754
2.69543
2.55554
2.43942
2.34149
2.25426
2.17645
2.10111
2.03491
1.98926
1.9561
1.9223
1.89021
1.85723
1.81893
1.77471
1.72743
1.67572
1.6176
1.55395
1.48474
1.40887
1.32668
1.24148
1.15234
1.05992
0.963322
0.862347
0.75862
0.654684
0.551617
0.450344
0.353132
0.262872
0.175076
0.0941399
0.0350924
-75.7787
-76.0977
-76.3282
-75.703
-73.5209
-69.7942
-64.9185
-59.3126
-53.3823
-47.4661
-41.8348
-36.6365
-31.9199
-27.7024
-23.9719
-20.6911
-17.815
-15.2938
-13.0773
-11.1232
-9.39159
-7.84938
-6.47136
-5.22999
-4.11128
-3.11009
-2.20786
-1.39324
-0.670864
-0.0482579
0.471677
0.888667
1.20989
1.44941
1.62694
1.76344
1.88555
2.01267
2.14362
2.27634
2.39481
2.47695
2.51711
2.51037
2.42864
2.25616
2.05349
1.8749
1.74844
1.72823
1.91225
2.36972
2.99829
3.58824
4.01732
4.20637
4.13203
3.90423
3.65179
3.39973
3.2128
3.08046
2.94489
2.79824
2.64495
2.49985
2.3816
2.2868
2.2063
2.13509
2.0693
2.0101
1.96929
1.93909
1.90786
1.87535
1.83983
1.79793
1.75115
1.70247
1.6494
1.59001
1.52571
1.45608
1.38017
1.29807
1.21186
1.12171
1.02898
0.932671
0.832053
0.72826
0.624642
0.522191
0.422181
0.325873
0.23743
0.153619
0.0797535
0.0263598
-75.7517
-75.9898
-76.0464
-75.2874
-73.0872
-69.414
-64.6237
-59.1211
-53.2912
-47.4577
-41.8905
-36.7393
-32.0512
-27.8482
-24.1217
-20.8381
-17.9538
-15.4211
-13.1921
-11.2243
-9.47841
-7.92287
-6.53014
-5.2717
-4.13662
-3.11999
-2.20427
-1.38091
-0.655233
-0.0356798
0.47365
0.873823
1.17539
1.39701
1.56054
1.69002
1.80992
1.93819
2.07345
2.20997
2.33051
2.4142
2.45179
2.43863
2.35303
2.18024
1.98093
1.79999
1.68703
1.68294
1.88247
2.35355
3.00379
3.62148
4.07951
4.2912
4.22126
3.98329
3.70565
3.43189
3.23827
3.0809
2.9221
2.76172
2.59874
2.45135
2.33273
2.24192
2.16653
2.1003
2.04426
1.99199
1.9548
1.92539
1.89501
1.86135
1.82223
1.77728
1.7288
1.67819
1.62346
1.56328
1.49871
1.42879
1.35284
1.27149
1.1847
1.09435
1.00062
0.904152
0.803836
0.700116
0.596507
0.494537
0.39517
0.299597
0.213369
0.132413
0.06598
0.0156026
-75.7308
-75.9095
-75.8426
-74.9837
-72.7662
-69.1306
-64.4014
-58.9726
-53.2156
-47.4459
-41.9297
-36.8163
-32.1518
-27.9611
-24.2386
-20.9532
-18.0628
-15.5215
-13.283
-11.3047
-9.54812
-7.98234
-6.57835
-5.30758
-4.16081
-3.13294
-2.20771
-1.37852
-0.65097
-0.0339042
0.467641
0.855582
1.14344
1.35206
1.50561
1.63034
1.74971
1.87874
2.01634
2.15423
2.27415
2.35689
2.39373
2.37879
2.29244
2.12172
1.92363
1.74517
1.64334
1.65537
1.87121
2.35579
3.02148
3.65774
4.13363
4.35982
4.29191
4.04347
3.74512
3.45855
3.25672
3.07378
2.89834
2.7266
2.55798
2.40932
2.2931
2.20674
2.13632
2.0753
2.02528
1.97788
1.94131
1.91131
1.88048
1.84551
1.80434
1.75743
1.70734
1.65544
1.59998
1.53958
1.47466
1.40453
1.3283
1.24663
1.15977
1.07
0.976091
0.87908
0.778834
0.675266
0.571577
0.469729
0.370282
0.275667
0.191139
0.11228
0.0523708
0.00372361
-75.7176
-75.8532
-75.6992
-74.7672
-72.5355
-68.927
-64.2427
-58.8679
-53.1652
-47.4438
-41.966
-36.8801
-32.2332
-28.0518
-24.3324
-21.0453
-18.1503
-15.6025
-13.3566
-11.3704
-9.606
-8.03242
-6.62015
-5.3408
-4.18574
-3.14984
-2.21809
-1.38504
-0.656399
-0.0413659
0.454203
0.833057
1.11103
1.30969
1.45652
1.57948
1.69952
1.82923
1.96767
2.10608
2.22646
2.30942
2.34656
2.33162
2.24369
2.07393
1.87678
1.70366
1.61119
1.6386
1.87108
2.36981
3.0489
3.69826
4.18552
4.41943
4.34981
4.08977
3.77288
3.48429
3.26246
3.06067
2.87252
2.69169
2.52068
2.37263
2.25974
2.17822
2.11347
2.05679
2.00754
1.9633
1.92694
1.89643
1.86491
1.82886
1.78633
1.73811
1.68702
1.63445
1.57869
1.51819
1.4531
1.38284
1.30658
1.22472
1.13771
1.04742
0.95344
0.856055
0.755569
0.652085
0.548449
0.44667
0.347429
0.253411
0.169999
0.0929763
0.0388511
-0.0083898
-75.7114
-75.8162
-75.6012
-74.6173
-72.3753
-68.7874
-64.1366
-58.8018
-53.139
-47.4534
-42.0038
-36.9378
-32.3034
-28.1281
-24.4102
-21.1213
-18.2223
-15.6694
-13.4178
-11.4256
-9.65538
-8.07588
-6.65751
-5.37223
-4.21143
-3.16995
-2.23386
-1.39839
-0.66935
-0.0564297
0.434049
0.805961
1.07626
1.26802
1.41091
1.53429
1.65626
1.7873
1.92667
2.06579
2.1876
2.27215
2.30905
2.2929
2.20392
2.03527
1.83893
1.6712
1.58707
1.62883
1.87823
2.39264
3.08545
3.7457
4.24055
4.47618
4.39994
4.12574
3.79101
3.50613
3.25793
3.04225
2.84422
2.65761
2.48615
2.34052
2.23095
2.15354
2.09372
2.04081
1.99047
1.94862
1.91256
1.88154
1.84944
1.8125
1.76899
1.71997
1.6683
1.61529
1.55932
1.49868
1.43347
1.36304
1.28669
1.20459
1.11745
1.02684
0.932701
0.83514
0.734552
0.631124
0.527464
0.425745
0.326877
0.233426
0.150667
0.0750279
0.0254903
-0.0204093
-75.711
-75.7948
-75.5381
-74.5187
-72.2707
-68.6986
-64.0725
-58.7667
-53.1326
-47.4728
-42.0435
-36.9912
-32.3652
-28.1936
-24.4759
-21.1849
-18.2826
-15.7256
-13.4695
-11.4728
-9.69831
-8.1142
-6.691
-5.40157
-4.23693
-3.19172
-2.25307
-1.41664
-0.688291
-0.0780867
0.407561
0.773873
1.03864
1.227
1.36898
1.49353
1.61806
1.75128
1.89265
2.03326
2.1561
2.24226
2.27921
2.26168
2.17232
2.00402
1.80851
1.64511
1.56882
1.62414
1.89102
2.42324
3.13157
3.80267
4.30222
4.53329
4.44424
4.15221
3.80252
3.51813
3.24646
3.01955
2.81421
2.62513
2.4549
2.31236
2.20601
2.13178
2.07556
2.02556
1.97425
1.93471
1.89907
1.8677
1.83504
1.79727
1.75299
1.70335
1.65122
1.59778
1.54159
1.48074
1.41527
1.34451
1.26792
1.18555
1.09827
1.00748
0.913258
0.815579
0.714853
0.611381
0.507764
0.406044
0.30726
0.213998
0.132159
0.0581319
0.0121298
-0.0321438
-75.7153
-75.7854
-75.5015
-74.4592
-72.2084
-68.6484
-64.0403
-58.7549
-53.1405
-47.4986
-42.0833
-37.0402
-32.4196
-28.2501
-24.5318
-21.2387
-18.3334
-15.773
-13.5134
-11.5131
-9.73515
-8.14747
-6.72067
-5.42849
-4.26138
-3.21387
-2.27418
-1.43811
-0.711458
-0.104431
0.376832
0.738598
1.00036
1.18814
1.33123
1.45755
1.58471
1.7205
1.8643
2.00733
2.13189
2.21839
2.25605
2.23741
2.14718
1.97872
1.78379
1.62417
1.55534
1.62371
1.90865
2.46083
3.1869
3.8693
4.36979
4.58915
4.48075
4.16788
3.81417
3.51493
3.22833
2.99385
2.78446
2.59519
2.42739
2.28781
2.1844
2.11274
2.05969
2.01043
1.96002
1.92181
1.88642
1.85471
1.82149
1.78303
1.73829
1.68837
1.6361
1.58254
1.5264
1.46568
1.40026
1.32951
1.25291
1.17047
1.08306
0.99209
0.897783
0.800069
0.699435
0.596129
0.492738
0.391152
0.292821
0.19968
0.116113
0.0431643
-0.000974008
-0.0436043
-75.7233
-75.785
-75.4846
-74.4291
-72.1783
-68.6278
-64.0322
-58.7606
-53.1592
-47.529
-42.1229
-37.085
-32.4672
-28.2984
-24.5789
-21.2835
-18.3752
-15.8117
-13.5491
-11.5458
-9.76494
-8.1747
-6.74566
-5.45188
-4.28342
-3.23492
-2.29544
-1.46067
-0.73624
-0.132184
0.345851
0.704673
0.965402
1.15421
1.29912
1.42773
1.55758
1.69584
1.84087
1.98696
2.11295
2.20049
2.2387
2.21927
2.12757
1.95861
1.76409
1.608
1.54613
1.62678
1.92961
2.50258
3.24713
3.9396
4.43546
4.63683
4.50511
4.17167
3.82297
3.50048
3.20647
2.9679
2.75749
2.56968
2.40436
2.26725
2.16605
2.09582
2.04334
1.99324
1.94626
1.90861
1.87322
1.84094
1.80697
1.76758
1.72197
1.67121
1.61825
1.56426
1.50773
1.44664
1.38093
1.30995
1.2332
1.15068
1.0633
0.972383
0.878082
0.780284
0.679514
0.576043
0.472599
0.370961
0.272674
0.180317
0.0981488
0.0257441
-0.0142792
-0.0632782
-75.7309
-75.7891
-75.4815
-74.4216
-72.1743
-68.6324
-64.0466
-58.7844
-53.1908
-47.5676
-42.1661
-37.1297
-32.5117
-28.3413
-24.6192
-21.3205
-18.4087
-15.8419
-13.5762
-11.57
-9.78655
-8.19446
-6.76433
-5.47012
-4.30165
-3.25383
-2.31597
-1.48345
-0.761591
-0.15995
0.316336
0.67455
0.936219
1.12706
1.27441
1.40583
1.53886
1.68045
1.82982
1.97615
2.10198
2.19061
2.22849
2.20808
2.11527
1.94593
1.75149
1.59739
1.54062
1.63128
1.94974
2.54145
3.30179
4.00024
4.48608
4.66765
4.51456
4.17193
3.8179
3.48173
3.18384
2.94462
2.73571
2.55057
2.38792
2.25349
2.15475
2.0866
2.03686
1.98802
1.94059
1.90271
1.86711
1.83446
1.80024
1.76077
1.71527
1.66474
1.61201
1.55792
1.50145
1.44045
1.37479
1.30384
1.22708
1.14455
1.05711
0.96609
0.87176
0.773924
0.673206
0.569806
0.466415
0.36478
0.266562
0.173557
0.0906707
0.0174724
-0.0235176
-0.0463734
-75.7511
-75.8084
-75.4992
-74.4406
-72.1992
-68.665
-64.0864
-58.8301
-53.2405
-47.6203
-42.2196
-37.1816
-32.5613
-28.3878
-24.6622
-21.36
-18.4449
-15.8752
-13.6071
-11.5989
-9.81369
-8.22067
-6.7903
-5.49619
-4.32837
-3.28198
-2.34616
-1.51589
-0.796152
-0.19595
0.279977
0.639282
0.90298
1.09604
1.24568
1.37936
1.51444
1.65792
1.80657
1.95501
2.08262
2.1716
2.20929
2.1881
2.0941
1.92388
1.72985
1.57855
1.52713
1.62661
1.95601
2.56061
3.33039
4.02965
4.5057
4.67082
4.49853
4.15361
3.79156
3.45178
3.1524
2.91446
2.70776
2.52452
2.36361
2.23067
2.13307
2.06556
2.01417
1.96608
1.91913
1.88127
1.84576
1.81302
1.77852
1.73873
1.69292
1.64212
1.58919
1.53504
1.4785
1.41745
1.35174
1.28075
1.20397
1.12141
1.03397
0.942945
0.848614
0.750746
0.649992
0.546555
0.443142
0.341512
0.243248
0.150658
0.0679836
-0.00524687
-0.0441278
-0.118773
-76.5153
-76.6673
-76.877
-76.9273
-76.9257
-76.8871
-76.8181
-76.7311
-76.6398
-76.5513
-76.4707
-76.403
-76.3499
-76.316
-76.3188
-76.3572
-78.9865
-79.0647
-79.1567
-79.269
-79.2952
-79.2546
-79.1868
-79.1102
-79.0344
-78.9662
-78.9101
-78.8696
-78.8475
-78.842
-78.8433
-78.8463
-80.5982
-80.9738
-81.3696
-81.5582
-81.6083
-81.5838
-81.5218
-81.4513
-81.3878
-81.3384
-81.3067
-81.2948
-81.3034
-81.3298
-81.3611
-81.3794
-80.8446
-81.2884
-81.5565
-81.7181
-81.805
-81.8125
-81.7651
-81.6979
-81.6328
-81.5803
-81.5443
-81.5257
-81.5241
-81.5372
-81.5551
-81.5597
-78.4861
-78.804
-79.0163
-79.1932
-79.2935
-79.3178
-79.2922
-79.2405
-79.1823
-79.1248
-79.0716
-79.0257
-78.9897
-78.9648
-78.9481
-78.9252
-74.0272
-74.2797
-74.4864
-74.6563
-74.7591
-74.7953
-74.7781
-74.7287
-74.6665
-74.5999
-74.5324
-74.4659
-74.4023
-74.3443
-74.295
-74.2473
-68.0835
-68.2731
-68.4418
-68.5819
-68.675
-68.7147
-68.7026
-68.6565
-68.5937
-68.5194
-68.4349
-68.3411
-68.24
-68.1371
-68.0436
-67.9657
-61.2561
-61.3886
-61.5119
-61.6161
-61.6911
-61.7245
-61.7099
-61.6618
-61.5947
-61.5119
-61.4133
-61.2994
-61.1721
-61.0385
-60.9166
-60.8231
-54.2485
-54.3183
-54.3937
-54.4647
-54.5223
-54.5467
-54.5266
-54.4751
-54.4047
-54.3163
-54.2088
-54.0819
-53.9373
-53.7833
-53.6416
-53.5375
-47.4378
-47.4503
-47.4808
-47.5211
-47.5592
-47.5692
-47.5394
-47.4829
-47.4089
-47.3168
-47.2043
-47.0711
-46.9187
-46.7559
-46.6058
-46.4961
-41.1488
-41.1189
-41.1174
-41.1354
-41.1572
-41.1538
-41.1154
-41.055
-40.9789
-40.8852
-40.7714
-40.6368
-40.4832
-40.3189
-40.1673
-40.0566
-35.4874
-35.4278
-35.4017
-35.4013
-35.4076
-35.3904
-35.3434
-35.2795
-35.2021
-35.1084
-34.996
-34.8642
-34.7146
-34.5553
-34.4083
-34.3004
-30.5055
-30.4322
-30.394
-30.383
-30.3764
-30.3466
-30.2934
-30.2281
-30.1512
-30.0593
-29.9504
-29.8239
-29.6814
-29.5303
-29.391
-29.2879
-26.173
-26.0941
-26.0507
-26.0316
-26.0093
-25.9658
-25.908
-25.8425
-25.7668
-25.6778
-25.5736
-25.4539
-25.3202
-25.1794
-25.0495
-24.9527
-22.4345
-22.3568
-22.3139
-22.29
-22.2566
-22.2051
-22.1459
-22.0808
-22.0067
-21.9208
-21.8215
-21.7089
-21.5844
-21.4545
-21.3353
-21.2462
-19.2094
-19.1363
-19.0952
-19.0684
-19.0301
-18.9766
-18.9177
-18.8539
-18.7821
-18.6999
-18.6063
-18.5012
-18.3864
-18.2678
-18.1598
-18.0787
-16.4404
-16.3743
-16.3348
-16.3012
-16.2558
-16.2018
-16.1452
-16.0842
-16.0159
-15.9384
-15.8509
-15.7536
-15.6483
-15.5404
-15.4428
-15.3689
-14.0533
-13.9957
-13.9584
-13.9178
-13.8664
-13.8127
-13.7579
-13.6991
-13.6338
-13.5606
-13.4787
-13.3887
-13.292
-13.1937
-13.1053
-13.0377
-11.9792
-11.9289
-11.8938
-11.8528
-11.8022
-11.7502
-11.697
-11.6402
-11.5776
-11.5081
-11.4314
-11.3477
-11.2587
-11.1691
-11.089
-11.027
-10.169
-10.1248
-10.089
-10.0462
-9.99728
-9.94797
-9.89734
-9.8431
-9.78364
-9.7181
-9.64628
-9.56864
-9.48677
-9.40497
-9.33215
-9.27528
-8.58137
-8.54298
-8.50496
-8.45972
-8.41284
-8.36637
-8.31837
-8.26683
-8.21052
-8.1488
-8.0816
-8.00944
-7.93394
-7.85919
-7.79291
-7.7391
-7.17807
-7.14482
-7.10744
-7.06306
-7.01858
-6.97439
-6.92847
-6.8792
-6.82562
-6.76727
-6.70417
-6.63688
-6.56705
-6.49855
-6.43792
-6.38644
-5.93317
-5.90456
-5.86949
-5.82763
-5.78564
-5.74351
-5.69949
-5.6523
-5.60119
-5.54587
-5.48643
-5.42349
-5.35863
-5.29545
-5.23964
-5.19146
-4.83329
-4.80592
-4.77116
-4.73189
-4.69256
-4.65252
-4.61034
-4.56509
-4.51627
-4.4637
-4.40757
-4.34851
-4.28803
-4.22943
-4.17773
-4.13262
-3.86277
-3.83545
-3.80026
-3.76303
-3.72549
-3.6867
-3.64566
-3.60175
-3.55463
-3.50422
-3.45074
-3.39482
-3.33785
-3.28293
-3.23448
-3.19181
-2.99599
-2.97136
-2.93782
-2.90229
-2.86584
-2.82764
-2.78709
-2.74383
-2.69768
-2.64863
-2.59691
-2.5431
-2.48853
-2.43611
-2.38987
-2.34883
-2.21181
-2.18922
-2.15718
-2.12261
-2.08668
-2.04879
-2.00851
-1.96562
-1.92
-1.87167
-1.82088
-1.76818
-1.71486
-1.66374
-1.61866
-1.57847
-1.48714
-1.46578
-1.43457
-1.40014
-1.36376
-1.32523
-1.28434
-1.24098
-1.19505
-1.14658
-1.09578
-1.04319
-0.990056
-0.939162
-0.894291
-0.854271
-0.809345
-0.787184
-0.755307
-0.71985
-0.682109
-0.642112
-0.599833
-0.555223
-0.508208
-0.458789
-0.407138
-0.353735
-0.299826
-0.248219
-0.202759
-0.162362
-0.169241
-0.144004
-0.11003
-0.0728268
-0.0334506
0.00806157
0.0517292
0.0976344
0.1459
0.196576
0.24953
0.304301
0.359617
0.412569
0.459146
0.500267
0.431772
0.462585
0.4999
0.539547
0.58103
0.624407
0.669744
0.717192
0.766947
0.819126
0.873642
0.930051
0.987039
1.04156
1.0894
1.13132
0.983694
1.02208
1.06426
1.10769
1.15232
1.19828
1.24576
1.29504
1.34644
1.40018
1.45625
1.51424
1.5728
1.62873
1.67765
1.72022
1.48053
1.52738
1.5754
1.62347
1.67173
1.72043
1.76995
1.8208
1.8735
1.92841
1.98562
2.04473
2.10435
2.16115
2.21061
2.25341
1.91704
1.97241
2.02589
2.0776
2.12817
2.17832
2.22877
2.28024
2.3334
2.3887
2.44627
2.50571
2.56557
2.62238
2.67159
2.71405
2.27745
2.34184
2.40156
2.45736
2.51047
2.56207
2.61322
2.6649
2.71794
2.7729
2.82993
2.88865
2.94755
3.00311
3.05092
3.09227
2.54885
2.62186
2.68822
2.74884
2.8052
2.85873
2.91078
2.96258
3.01512
3.06907
3.12465
3.18152
3.23817
3.29119
3.3365
3.37598
2.73711
2.81574
2.88603
2.94922
3.00704
3.06115
3.11309
3.16415
3.21539
3.26749
3.32072
3.37476
3.42817
3.47771
3.51979
3.55699
2.85224
2.9322
3.00327
3.06677
3.12446
3.17802
3.22897
3.27859
3.32792
3.37761
3.42794
3.47862
3.5283
3.57398
3.61254
3.64735
2.91346
2.98987
3.05821
3.11956
3.17539
3.2272
3.27632
3.32394
3.37099
3.41809
3.46547
3.51286
3.55899
3.60107
3.63644
3.66917
2.94732
3.01692
3.07986
3.13687
3.1891
3.2378
3.28413
3.32913
3.37358
3.418
3.46256
3.50696
3.54997
3.58902
3.62177
3.65284
2.96873
3.03096
3.08793
3.14013
3.18847
3.23395
3.27752
3.32001
3.36205
3.40402
3.44603
3.48777
3.52808
3.56459
3.59526
3.62507
2.9826
3.03838
3.09061
3.13927
3.1849
3.22818
3.2698
3.31041
3.35055
3.39056
3.43055
3.47027
3.50866
3.54347
3.57289
3.60209
2.99925
3.05168
3.10156
3.14845
3.19263
3.23459
3.27496
3.31439
3.35344
3.39248
3.43167
3.47077
3.50874
3.54331
3.57258
3.60177
3.02081
3.076
3.12751
3.17527
3.21988
3.2621
3.30272
3.34249
3.382
3.42165
3.46159
3.50153
3.54034
3.5755
3.60479
3.63343
3.03569
3.10215
3.16218
3.21633
3.26602
3.31257
3.35706
3.40031
3.44292
3.48524
3.52732
3.56874
3.60818
3.64285
3.67033
3.69699
3.03414
3.12104
3.19894
3.26812
3.32995
3.38619
3.43828
3.48729
3.534
3.57888
3.62207
3.66322
3.70101
3.73235
3.75329
3.77452
3.01291
3.12454
3.2237
3.31062
3.38638
3.45313
3.5128
3.56693
3.61672
3.66298
3.70587
3.74476
3.77781
3.80184
3.81948
3.83745
2.98587
3.11297
3.22433
3.32202
3.40749
3.48152
3.54619
3.60364
3.65538
3.70197
3.74301
3.77829
3.81261
3.84391
3.86133
3.87145
2.94219
3.07997
3.19816
3.29918
3.38752
3.46667
3.53717
3.59949
3.65588
3.70988
3.76148
3.8064
3.83715
3.85373
3.85929
3.86319
2.9252
3.07134
3.19653
3.30363
3.39614
3.47749
3.55122
3.61893
3.67911
3.7278
3.7635
3.78787
3.8015
3.80542
3.80226
3.80231
2.99107
3.13025
3.25065
3.35463
3.44438
3.52135
3.58632
3.63952
3.68074
3.70987
3.72766
3.73579
3.7363
3.73094
3.72243
3.72158
3.13712
3.24754
3.34298
3.42441
3.49246
3.54754
3.59006
3.62065
3.64032
3.65041
3.65221
3.64742
3.63888
3.62987
3.62246
3.62574
3.38678
3.43553
3.4787
3.51493
3.54319
3.56324
3.57532
3.57965
3.57681
3.56851
3.5573
3.54547
3.53455
3.52655
3.52289
3.53132
3.52945
3.52751
3.5271
3.52598
3.52194
3.51392
3.50253
3.48961
3.47631
3.46275
3.44948
3.43813
3.43047
3.427
3.42728
3.43956
3.5058
3.47105
3.44123
3.41617
3.39621
3.3798
3.36491
3.35047
3.33712
3.32598
3.31762
3.31226
3.31036
3.31176
3.31449
3.33059
3.38352
3.33503
3.29995
3.27253
3.24963
3.231
3.21672
3.20626
3.19888
3.19415
3.19191
3.19226
3.19571
3.20235
3.20556
3.22466
3.27991
3.22769
3.18804
3.15951
3.13957
3.12611
3.11753
3.11275
3.11112
3.11226
3.11601
3.12238
3.13123
3.14113
3.14866
3.16693
3.19766
3.15587
3.12656
3.10705
3.09498
3.08864
3.08683
3.08871
3.09367
3.10096
3.10895
3.11636
3.12441
3.13441
3.14491
3.16437
3.15604
3.13032
3.11364
3.10404
3.09974
3.099
3.09984
3.10105
3.10392
3.10964
3.11881
3.13184
3.1469
3.16182
3.17526
3.19585
3.12756
3.1126
3.10173
3.09494
3.09291
3.09558
3.10304
3.11516
3.12997
3.14591
3.16309
3.18147
3.20032
3.21823
3.23366
3.25504
3.09231
3.08958
3.09355
3.10276
3.11504
3.12951
3.14605
3.16442
3.18424
3.20524
3.22716
3.2496
3.27178
3.29207
3.30884
3.33064
3.08755
3.10135
3.11796
3.13663
3.15685
3.17836
3.20094
3.22446
3.24884
3.27391
3.29938
3.32481
3.34926
3.371
3.38829
3.41005
3.09232
3.11822
3.14428
3.17053
3.19697
3.22358
3.25041
3.2775
3.30492
3.33259
3.36026
3.38742
3.41309
3.43545
3.45251
3.47386
3.08562
3.12119
3.15492
3.18721
3.21844
3.24894
3.27898
3.30874
3.33828
3.36752
3.39617
3.42371
3.44923
3.47108
3.48728
3.50864
3.06443
3.10823
3.1485
3.18571
3.22054
3.25357
3.28527
3.31602
3.34598
3.37508
3.40306
3.42944
3.45348
3.47384
3.48837
3.50954
3.01039
3.06006
3.10488
3.14574
3.18325
3.21799
3.25048
3.28114
3.31026
3.33794
3.36402
3.38819
3.41008
3.42874
3.44079
3.46167
2.90716
2.96048
3.00827
3.05111
3.08977
3.12502
3.15747
3.1876
3.21573
3.24197
3.26621
3.28823
3.30807
3.32601
3.3348
3.3548
2.77745
2.83005
2.87722
2.91944
2.95737
2.99166
3.02292
3.05163
3.07808
3.10245
3.12471
3.1447
3.16238
3.17913
3.18843
3.20744
2.64448
2.69247
2.73599
2.77527
2.81068
2.84267
2.87175
2.89835
2.92277
2.94517
2.96557
2.98386
3.00021
3.0155
3.02447
3.04279
2.50763
2.55191
2.59267
2.62982
2.66345
2.69384
2.72132
2.74643
2.76944
2.79051
2.80977
2.82739
2.84342
2.85819
2.86622
2.88485
2.37745
2.41792
2.4557
2.49088
2.52353
2.55364
2.58118
2.60618
2.62879
2.64924
2.66767
2.68409
2.69893
2.71376
2.72136
2.74016
2.28057
2.31553
2.3484
2.37911
2.40767
2.43416
2.45872
2.4815
2.5026
2.52212
2.54016
2.55705
2.56954
2.58746
2.59309
2.61306
2.20201
2.23404
2.26454
2.29331
2.32049
2.34622
2.37022
2.39232
2.41279
2.43185
2.44951
2.46578
2.4803
2.49426
2.50161
2.52058
2.13822
2.16831
2.19787
2.22674
2.25425
2.27955
2.30258
2.32415
2.34453
2.36358
2.38127
2.39759
2.41267
2.427
2.43547
2.45452
2.09147
2.12167
2.15108
2.17937
2.20562
2.22974
2.25265
2.2743
2.29456
2.31349
2.33111
2.3474
2.36247
2.37662
2.38542
2.40436
2.05949
2.08929
2.1184
2.1457
2.17104
2.19537
2.2183
2.23962
2.25957
2.27827
2.2957
2.31181
2.32673
2.34072
2.34958
2.36844
2.03422
2.06393
2.09229
2.1189
2.14428
2.1683
2.19064
2.21155
2.23116
2.24952
2.26664
2.28248
2.2972
2.31103
2.31978
2.33856
2.00876
2.03814
2.06592
2.09214
2.11727
2.14059
2.16244
2.18306
2.20245
2.22056
2.23739
2.25293
2.26737
2.28104
2.28956
2.30824
1.97675
2.00538
2.03275
2.05907
2.08356
2.10639
2.12794
2.1484
2.16771
2.18569
2.20223
2.21741
2.2315
2.24499
2.2532
2.27178
1.93441
1.96342
1.99061
2.01623
2.04007
2.06252
2.08377
2.10392
2.12291
2.14058
2.15681
2.17166
2.18547
2.19887
2.20677
2.22529
1.88229
1.91096
1.93763
1.9626
1.98607
2.00829
2.02939
2.04931
2.06795
2.08525
2.10116
2.11575
2.1293
2.14265
2.15024
2.16873
1.82172
1.8497
1.8758
1.90023
1.92334
1.94531
1.96619
1.98588
2.00427
2.02131
2.037
2.05141
2.06475
2.0781
2.08542
2.10389
1.75506
1.78224
1.80788
1.83188
1.85464
1.87634
1.89696
1.91641
1.93452
1.95126
1.96669
1.98088
1.99401
2.00739
2.01445
2.03293
1.6832
1.70959
1.73483
1.7587
1.78125
1.80271
1.82307
1.84223
1.86006
1.87658
1.89183
1.90586
1.9188
1.93224
1.93906
1.95754
1.60628
1.63225
1.6571
1.68091
1.70343
1.7247
1.74481
1.7637
1.78129
1.79761
1.8127
1.82659
1.83931
1.85289
1.85942
1.87795
1.525
1.55081
1.57534
1.59894
1.62145
1.64259
1.66242
1.68106
1.69848
1.71466
1.72964
1.74343
1.75592
1.76968
1.77593
1.79453
1.4405
1.46586
1.49029
1.51362
1.53584
1.55671
1.57628
1.5948
1.61207
1.62806
1.64291
1.65664
1.66874
1.68288
1.68885
1.70751
1.35216
1.3777
1.40205
1.42504
1.4468
1.46735
1.48682
1.50522
1.52233
1.53817
1.55289
1.56669
1.57825
1.59318
1.59837
1.61728
1.26035
1.28592
1.31009
1.33288
1.3544
1.37468
1.39401
1.41226
1.42921
1.44491
1.45936
1.47355
1.48469
1.49959
1.50485
1.52375
1.16508
1.19071
1.21495
1.23768
1.25904
1.27905
1.29806
1.31605
1.33278
1.3483
1.3628
1.3765
1.38809
1.40284
1.40812
1.42699
1.06477
1.09038
1.11447
1.13711
1.15836
1.1783
1.19724
1.21508
1.2316
1.24693
1.26136
1.27486
1.28662
1.30096
1.30638
1.3252
0.960157
0.985318
1.00908
1.03152
1.05256
1.07238
1.09125
1.10899
1.12542
1.14096
1.15563
1.16906
1.18092
1.19517
1.20066
1.21946
0.852923
0.877626
0.901064
0.923084
0.943875
0.963578
0.98229
0.999878
1.01654
1.0322
1.04663
1.05998
1.0717
1.08603
1.09146
1.11027
0.746018
0.770324
0.793078
0.814415
0.834396
0.853735
0.872164
0.889664
0.906128
0.921457
0.935768
0.949153
0.960654
0.975365
0.980651
0.999527
0.638342
0.662045
0.684181
0.70477
0.724371
0.743212
0.761192
0.778214
0.794211
0.809161
0.823192
0.836585
0.847728
0.8626
0.867859
0.886811
0.527145
0.549875
0.571882
0.592581
0.611793
0.629884
0.646983
0.663361
0.678875
0.693384
0.706994
0.720495
0.732007
0.745718
0.751715
0.77032
0.418284
0.438003
0.456631
0.474448
0.491706
0.508355
0.524419
0.540007
0.555189
0.569635
0.583347
0.596385
0.608327
0.621262
0.627758
0.646255
0.310651
0.327364
0.34327
0.358493
0.373499
0.388443
0.402967
0.416942
0.430272
0.443091
0.455463
0.467387
0.479166
0.492065
0.499092
0.517278
0.19691
0.20948
0.220718
0.230687
0.240195
0.24984
0.259466
0.269138
0.278868
0.288668
0.298539
0.308509
0.318605
0.330427
0.335105
0.35466
0.0617739
0.0662815
0.0720868
0.0793182
0.0878249
0.0973005
0.107075
0.11701
0.127098
0.137218
0.147336
0.157374
0.167013
0.176575
0.195682
0.17696
)
;

boundaryField
{
    frontAndBack
    {
        type            empty;
    }
    inlet
    {
        type            zeroGradient;
    }
    outlet
    {
        type            fixedValue;
        value           uniform 0;
    }
    walls
    {
        type            zeroGradient;
    }
}


// ************************************************************************* //
