/*--------------------------------*- C++ -*----------------------------------*\
| =========                 |                                                 |
| \\      /  F ield         | OpenFOAM: The Open Source CFD Toolbox           |
|  \\    /   O peration     | Version:  v2012                                 |
|   \\  /    A nd           | Website:  www.openfoam.com                      |
|    \\/     M anipulation  |                                                 |
\*---------------------------------------------------------------------------*/
FoamFile
{
    version     2.0;
    format      ascii;
    class       volScalarField;
    location    "0.384";
    object      p;
}
// * * * * * * * * * * * * * * * * * * * * * * * * * * * * * * * * * * * * * //

dimensions      [0 2 -2 0 0 0 0];


internalField   nonuniform List<scalar> 
1900
(
-299.623
-300.722
-301.622
-302.283
-302.96
-303.727
-304.532
-305.361
-305.974
-306.578
-300.077
-300.876
-301.704
-302.38
-303.06
-303.821
-304.632
-305.47
-306.23
-307.05
-300.363
-300.928
-301.696
-302.409
-303.106
-303.867
-304.693
-305.577
-306.47
-307.715
-300.547
-300.991
-301.726
-302.468
-303.178
-303.94
-304.784
-305.709
-306.722
-308.095
-300.645
-301.039
-301.753
-302.505
-303.221
-303.986
-304.847
-305.807
-306.888
-308.277
-300.662
-301.061
-301.78
-302.535
-303.254
-304.027
-304.904
-305.889
-307.004
-308.372
-300.597
-301.056
-301.807
-302.557
-303.277
-304.06
-304.951
-305.952
-307.079
-308.403
-300.445
-301.036
-301.83
-302.557
-303.27
-304.065
-304.969
-305.979
-307.11
-308.391
-300.188
-301.03
-301.891
-302.579
-303.277
-304.077
-304.985
-305.995
-307.118
-308.36
-299.754
-300.929
-301.881
-302.562
-303.26
-304.073
-304.992
-306.009
-307.135
-308.357
-305.92
-318.28
-337.562
-339.208
-320.079
-286.052
-243.02
-198.245
-157.318
-122.529
-94.1834
-71.7603
-54.2956
-40.7526
-30.1869
-21.8429
-15.2057
-9.87609
-5.51871
-1.89431
1.12877
3.64929
5.78412
7.62642
9.22206
10.5889
11.7551
12.7736
13.6671
14.4474
15.1241
15.7055
16.2045
16.6312
16.9926
17.2993
17.5552
17.762
17.9255
18.0515
18.145
18.2088
18.2431
18.2484
18.2262
18.1809
18.116
18.0329
17.9313
17.8117
17.6747
17.5216
17.3548
17.1755
16.984
16.7805
16.5653
16.3385
16.1012
15.8547
15.5993
15.335
15.0621
14.7802
14.4897
14.191
13.8848
13.5714
13.2505
12.9221
12.5866
12.2441
11.8948
11.5388
11.1763
10.8073
10.4317
10.0499
9.66191
9.26795
8.8679
8.46214
8.05043
7.63314
7.21011
6.78158
6.34749
5.90804
5.4633
5.01343
4.55855
4.09883
3.63414
3.16499
2.69015
2.21244
1.72483
1.24263
0.733534
0.279208
-309.337
-321.606
-333.413
-332.127
-313.079
-280.334
-239.752
-197.438
-158.319
-124.593
-96.6726
-74.2426
-56.5625
-42.6974
-31.7865
-23.1276
-16.221
-10.6629
-6.11852
-2.35584
0.757729
3.34745
5.54663
7.44141
9.07057
10.4632
11.6524
12.6873
13.5907
14.3769
15.0571
15.6402
16.1364
16.56
16.9247
17.2361
17.4955
17.7056
17.8726
18.0022
18.0994
18.1665
18.2024
18.2082
18.1867
18.1421
18.0778
17.9956
17.895
17.7762
17.6398
17.4873
17.321
17.1421
16.951
16.7478
16.5331
16.3067
16.0699
15.8238
15.5686
15.3046
15.0319
14.7502
14.4598
14.1614
13.8555
13.5421
13.2214
12.8932
12.5578
12.2154
11.8662
11.5103
11.1478
10.7788
10.4033
10.0215
9.63348
9.23945
8.83938
8.43355
8.02181
7.60446
7.18138
6.75282
6.31871
5.87928
5.43459
4.98481
4.53009
4.07059
3.60638
3.13769
2.66451
2.18742
1.70545
1.22185
0.729549
0.251891
-310.271
-317.92
-326.263
-324.073
-306.103
-275.372
-237.271
-197.127
-159.467
-126.594
-99.0062
-76.5623
-58.6843
-44.5363
-33.3272
-24.408
-17.2823
-11.5346
-6.8325
-2.94959
0.259463
2.93683
5.21985
7.18191
8.85656
10.284
11.5108
12.5785
13.5042
14.3041
14.993
15.5836
16.0837
16.5085
16.8768
17.1917
17.4527
17.6636
17.831
17.9614
18.0581
18.1233
18.158
18.1636
18.1429
18.0999
18.0375
17.9568
17.8574
17.7402
17.6054
17.4545
17.2896
17.1116
16.9209
16.7177
16.5023
16.2758
16.0392
15.7933
15.5382
15.2743
15.0021
14.7207
14.4305
14.1325
13.8269
13.5138
13.1933
12.8651
12.5298
12.1875
11.8384
11.4825
11.1201
10.751
10.3755
9.99365
9.60564
9.21155
8.81141
8.40548
7.99367
7.57623
7.15311
6.72448
6.29036
5.85091
5.40627
4.95657
4.502
4.04271
3.57899
3.11076
2.63927
2.1629
1.68653
1.20185
0.727116
0.223765
-310.492
-316.294
-321.939
-318.557
-301.089
-271.666
-235.203
-196.608
-160.105
-127.986
-100.752
-78.3674
-60.3699
-46.0135
-34.5732
-25.4453
-18.1364
-12.2268
-7.39256
-3.41223
-0.12549
2.61665
4.94797
6.94297
8.6407
10.0843
11.3259
12.4098
13.3507
14.1615
14.8606
15.465
15.9837
16.4267
16.8082
17.1332
17.4029
17.6216
17.7956
17.9308
18.0289
18.0931
18.1277
18.1335
18.1132
18.0708
18.0089
17.9281
17.8275
17.7084
17.5724
17.4216
17.2576
17.0802
16.8902
16.6871
16.4713
16.2448
16.0089
15.7638
15.5093
15.2454
14.9724
14.6907
14.4008
14.1032
13.798
13.485
13.1646
12.8365
12.5014
12.1592
11.8102
11.4544
11.0918
10.7228
10.3472
9.9653
9.57718
9.18302
8.78277
8.37669
7.96478
7.54722
7.12405
6.69534
6.26124
5.82177
5.37721
4.92757
4.4732
4.01411
3.5509
3.08316
2.61336
2.13775
1.66708
1.18109
0.723994
0.196
-310.518
-314.805
-318.112
-313.455
-296.276
-267.995
-233.033
-195.92
-160.559
-129.165
-102.282
-79.9726
-61.8763
-47.3404
-35.7026
-26.3919
-18.9206
-12.8667
-7.91126
-3.84145
-0.485371
2.31936
4.70196
6.73289
8.45619
9.92261
11.1853
12.2865
13.2426
14.0638
14.7683
15.374
15.8972
16.3461
16.7288
17.0531
17.3232
17.5435
17.7204
17.8594
17.9618
18.0314
18.0722
18.0843
18.0702
18.0333
17.9757
17.8978
17.7993
17.6813
17.5465
17.397
17.2336
17.0565
16.8669
16.6637
16.4477
16.2213
15.9855
15.7402
15.4854
15.2207
14.9462
14.6634
14.3731
14.0752
13.7696
13.4561
13.1352
12.8066
12.4713
12.1288
11.7795
11.4235
11.0608
10.6915
10.3159
9.93393
9.54575
9.15156
8.75144
8.34547
7.93362
7.51608
7.09297
6.66429
6.23028
5.79088
5.34647
4.89697
4.44287
3.98406
3.52138
3.0542
2.58603
2.11132
1.6459
1.15932
0.718406
0.171099
-310.4
-313.509
-315.041
-309.398
-292.508
-265.228
-231.494
-195.545
-161.05
-130.181
-103.555
-81.2958
-63.1106
-48.4214
-36.6261
-27.17
-19.5603
-13.3848
-8.33563
-4.19724
-0.784542
2.07402
4.49957
6.55659
8.29784
9.78277
11.0647
12.178
13.1417
13.9687
14.6786
15.2908
15.8209
16.2766
16.6642
16.9904
17.2619
17.4858
17.6674
17.8101
17.9147
17.9833
18.022
18.0338
18.02
17.9832
17.9251
17.846
17.7469
17.6295
17.4964
17.3489
17.1874
17.0122
16.8241
16.6227
16.4088
16.1843
15.9499
15.7057
15.4517
15.1878
14.914
14.6318
14.3419
14.0439
13.738
13.4241
13.1028
12.7737
12.438
12.0952
11.7457
11.3894
11.0265
10.6571
10.2814
9.89949
9.51144
9.11731
8.71731
8.31136
7.89963
7.48218
7.05922
6.63066
6.19682
5.75758
5.31339
4.86411
4.41031
3.95186
3.48972
3.02319
2.55648
2.0829
1.62173
1.13606
0.707817
0.152309
-310.21
-312.446
-312.668
-306.232
-289.501
-262.955
-230.135
-195.076
-161.266
-130.84
-104.468
-82.2823
-64.0524
-49.2684
-37.3658
-27.8036
-20.0852
-13.8098
-8.69282
-4.50582
-1.04115
1.86835
4.32449
6.3949
8.15231
9.66001
10.96
12.0811
13.0471
13.881
14.6008
15.2201
15.755
16.2136
16.6029
16.9332
17.2085
17.434
17.6175
17.7616
17.8673
17.9378
17.9778
17.9912
17.9798
17.945
17.8877
17.809
17.7105
17.5941
17.4616
17.314
17.1516
16.9752
16.7856
16.5832
16.3687
16.1433
15.9077
15.6626
15.4078
15.1433
14.8693
14.587
14.2969
13.9991
13.6935
13.38
13.059
12.7306
12.3955
12.0534
11.7045
11.3488
10.9865
10.6175
10.2425
9.86088
9.47341
9.07964
8.67997
8.27427
7.86291
7.44586
7.02325
6.59507
6.16157
5.72268
5.27881
4.8299
4.37646
3.91842
3.45684
2.991
2.52544
2.05316
1.59469
1.11178
0.690372
0.143277
-310.014
-311.622
-310.914
-303.872
-287.218
-261.199
-229.052
-194.666
-161.384
-131.313
-105.165
-83.0547
-64.796
-49.9551
-37.9826
-28.3273
-20.5146
-14.174
-9.0096
-4.76757
-1.24699
1.6947
4.16436
6.25272
8.03566
9.56302
10.8692
11.9919
12.9655
13.811
14.5389
15.1602
15.6939
16.1549
16.5498
16.8843
17.1607
17.3857
17.569
17.715
17.8237
17.8958
17.9356
17.9487
17.9378
17.9035
17.8463
17.7674
17.6688
17.5526
17.4199
17.2719
17.1092
16.9327
16.7431
16.5411
16.3268
16.1013
15.8653
15.6198
15.3648
15.1001
14.8259
14.5431
14.2525
13.9541
13.648
13.3341
13.0127
12.6839
12.3486
12.006
11.6569
11.3011
10.9387
10.5698
10.1948
9.81334
9.42606
9.03262
8.63329
8.22811
7.81732
7.40091
6.97892
6.55143
6.11857
5.68036
5.23712
4.78883
4.33597
3.87849
3.41755
2.95243
2.48775
2.01696
1.55964
1.08118
0.660175
0.13864
-309.857
-311.036
-309.718
-302.258
-285.629
-259.948
-228.242
-194.297
-161.363
-131.533
-105.535
-83.4762
-65.2194
-50.3527
-38.3286
-28.6173
-20.7629
-14.391
-9.19368
-4.92043
-1.37555
1.58257
4.06394
6.16406
7.95607
9.488
10.7974
11.9243
12.9025
13.7515
14.4812
15.1039
15.6396
16.1034
16.5009
16.8366
17.1136
17.3396
17.5244
17.6721
17.7821
17.855
17.8952
17.9091
17.8992
17.866
17.8095
17.7311
17.6331
17.5177
17.3858
17.2385
17.0764
16.9003
16.711
16.5093
16.2954
16.07
15.8342
15.5889
15.3343
15.07
14.7963
14.5139
14.2237
13.9259
13.6205
13.3072
12.9865
12.6585
12.3243
11.9823
11.6337
11.2783
10.9165
10.5481
10.1735
9.79255
9.40555
9.01236
8.61315
8.2079
7.79706
7.38057
6.95856
6.53099
6.09812
5.65986
5.21662
4.76829
4.31545
3.85808
3.39726
2.93226
2.46759
1.99757
1.53981
1.06573
0.639704
0.148963
-309.799
-310.777
-309.167
-301.515
-284.923
-259.448
-228.001
-194.311
-161.572
-131.866
-105.94
-83.9022
-65.628
-50.7236
-38.6591
-28.9119
-21.0232
-14.6184
-9.39472
-5.10292
-1.53939
1.44394
3.94194
6.05015
7.84748
9.38622
10.7025
11.833
12.8128
13.6639
14.3969
15.0225
15.5598
16.0249
16.424
16.7613
17.0401
17.2674
17.453
17.6016
17.7127
17.7867
17.828
17.8426
17.8335
17.801
17.7451
17.6673
17.57
17.4551
17.3238
17.177
17.0153
16.8396
16.6508
16.4496
16.2363
16.0114
15.7761
15.5312
15.2769
15.013
14.7397
14.4575
14.1676
13.8699
13.5647
13.2515
12.9309
12.6028
12.2683
11.9273
11.579
11.2238
10.8621
10.4938
10.1194
9.73875
9.35194
8.95902
8.56016
8.15551
7.74493
7.32867
6.90684
6.47941
6.04662
5.60841
5.16522
4.71689
4.26413
3.80678
3.34619
2.88158
2.41694
1.94792
1.48893
1.0201
0.591363
0.112924
-314.074
-315.343
-316.519
-316.764
-316.246
-314.976
-313.67
-313.762
-333.208
-334.725
-335.671
-336.006
-335.684
-334.97
-334.106
-333.758
-348.321
-351.158
-352.673
-353.24
-353.129
-352.819
-352.512
-352.172
-346.898
-350.263
-352.116
-352.862
-352.69
-352.175
-351.696
-351.058
-325.752
-328.652
-330.387
-330.946
-330.606
-329.869
-329.085
-328.157
-289.994
-292.05
-293.342
-293.795
-293.469
-292.521
-291.109
-289.508
-244.965
-246.038
-246.888
-247.289
-247.031
-246.003
-244.218
-242.159
-198.427
-198.458
-198.712
-198.927
-198.648
-197.567
-195.616
-193.372
-156.289
-155.593
-155.331
-155.236
-154.834
-153.718
-151.763
-149.557
-120.787
-119.664
-119.118
-118.846
-118.356
-117.253
-115.405
-113.362
-92.2236
-90.9976
-90.3503
-89.9558
-89.3944
-88.3499
-86.6756
-84.8495
-69.8823
-68.7294
-68.0927
-67.6286
-67.028
-66.0686
-64.5945
-63.0107
-52.638
-51.628
-51.0393
-50.5736
-49.9932
-49.1294
-47.8514
-46.4901
-39.376
-38.5388
-38.0341
-37.603
-37.0675
-36.3069
-35.2177
-34.0635
-29.0884
-28.4077
-27.9643
-27.5664
-27.0914
-26.4357
-25.5142
-24.5373
-20.9994
-20.4611
-20.0594
-19.681
-19.2652
-18.7066
-17.9282
-17.0861
-14.5697
-14.1456
-13.7944
-13.4514
-13.0871
-12.6082
-11.9479
-11.1912
-9.39961
-9.06384
-8.76681
-8.46929
-8.15041
-7.73703
-7.1745
-6.49622
-5.16201
-4.89644
-4.64935
-4.39546
-4.11778
-3.75868
-3.27539
-2.68645
-1.62305
-1.41387
-1.20947
-0.994608
-0.754168
-0.441318
-0.0218222
0.489078
1.34936
1.52085
1.69634
1.87774
2.08505
2.35817
2.72467
3.17071
3.83894
3.98601
4.14184
4.29891
4.48078
4.72213
5.04559
5.43878
5.94504
6.06962
6.20506
6.34394
6.50771
6.72499
7.01432
7.36501
7.76214
7.86751
7.98375
8.10657
8.25432
8.45068
8.71107
9.02634
9.33949
9.43093
9.53369
9.64402
9.77804
9.9561
10.1913
10.4762
10.6996
10.7865
10.8776
10.9772
11.1001
11.263
11.4768
11.7357
11.864
11.9515
12.0352
12.1262
12.2392
12.3889
12.5843
12.821
12.8717
12.952
13.0288
13.1136
13.2194
13.3585
13.5387
13.7567
13.7543
13.8269
13.897
13.9759
14.0748
14.2043
14.3709
14.5726
14.5252
14.5914
14.6567
14.731
14.8239
14.945
15.0995
15.2866
15.194
15.255
15.3162
15.3864
15.4742
15.5878
15.7316
15.9059
15.7689
15.8252
15.883
15.9497
16.0331
16.1402
16.2745
16.4372
16.264
16.3152
16.3692
16.4325
16.5117
16.6128
16.7385
16.8912
16.6873
16.7345
16.7852
16.8453
16.9207
17.0164
17.1344
17.2781
17.0457
17.0904
17.139
17.1967
17.2688
17.3598
17.4711
17.6067
17.3497
17.3924
17.4392
17.4946
17.5637
17.6503
17.7554
17.8838
17.6034
17.6445
17.6895
17.7428
17.8092
17.8918
17.9912
18.113
17.8084
17.8483
17.892
17.9436
18.0076
18.0868
18.181
18.2968
17.9701
18.0087
18.0512
18.1013
18.1631
18.2391
18.3287
18.4391
18.0942
18.1316
18.1729
18.2215
18.2813
18.3543
18.4397
18.5452
18.1857
18.2219
18.2619
18.3091
18.3669
18.4372
18.5187
18.6197
18.2477
18.2825
18.3213
18.367
18.4231
18.4907
18.5686
18.6654
18.2807
18.3145
18.3521
18.3966
18.4509
18.5162
18.5907
18.6837
18.285
18.318
18.355
18.3985
18.4513
18.5144
18.5858
18.6754
18.2621
18.2947
18.331
18.3737
18.4254
18.4866
18.5551
18.6416
18.2161
18.248
18.2837
18.3255
18.3759
18.4353
18.5013
18.5848
18.1507
18.1817
18.2165
18.2574
18.3065
18.3642
18.4277
18.5086
18.0666
18.097
18.1312
18.1712
18.2193
18.2753
18.3365
18.4149
17.9643
17.9944
18.0281
18.0674
18.1144
18.1688
18.228
18.304
17.8442
17.8739
17.9071
17.9458
17.9918
18.0448
18.1019
18.1757
17.7066
17.7359
17.7686
17.8067
17.8518
17.9035
17.9587
18.0305
17.5532
17.5821
17.6143
17.6518
17.6961
17.7466
17.8001
17.8701
17.3859
17.4144
17.4463
17.4833
17.5267
17.5761
17.628
17.6963
17.2063
17.2345
17.266
17.3024
17.3451
17.3933
17.4437
17.5104
17.0144
17.0424
17.0735
17.1095
17.1514
17.1986
17.2476
17.3127
16.8107
16.8383
16.8691
16.9046
16.9458
16.992
17.0396
17.1033
16.595
16.6223
16.6528
16.6878
16.7284
16.7736
16.8199
16.8823
16.3679
16.395
16.4251
16.4597
16.4997
16.544
16.5891
16.6502
16.1303
16.1572
16.187
16.2212
16.2606
16.3042
16.3481
16.4081
15.8836
15.9102
15.9398
15.9735
16.0123
16.0551
16.098
16.1569
15.6279
15.6543
15.6836
15.717
15.7553
15.7973
15.8391
15.897
15.3635
15.3897
15.4188
15.4518
15.4895
15.5308
15.5716
15.6285
15.0902
15.1162
15.1449
15.1776
15.2148
15.2554
15.2953
15.3512
14.8081
14.8338
14.8623
14.8946
14.9313
14.9712
15.0102
15.0653
14.5174
14.5429
14.5711
14.603
14.6393
14.6786
14.7168
14.7711
14.2186
14.2439
14.272
14.3036
14.3395
14.3782
14.4155
14.4691
13.9122
13.9375
13.9653
13.9967
14.0321
14.0703
14.1069
14.1598
13.5987
13.6238
13.6514
13.6825
13.7175
13.7551
13.791
13.8432
13.2776
13.3025
13.33
13.3608
13.3954
13.4326
13.4678
13.5194
12.9492
12.974
13.0013
13.0318
13.0661
13.1027
13.1373
13.1882
12.6135
12.6382
12.6653
12.6956
12.7296
12.7658
12.7997
12.8501
12.2709
12.2955
12.3224
12.3525
12.3861
12.4219
12.4552
12.5051
11.9215
11.9459
11.9728
12.0027
12.036
12.0713
12.1042
12.1535
11.5655
11.5899
11.6166
11.6463
11.6792
11.7142
11.7465
11.7954
11.2029
11.2272
11.2538
11.2833
11.316
11.3506
11.3824
11.4309
10.8338
10.8581
10.8845
10.9139
10.9463
10.9805
11.0118
11.0598
10.4582
10.4824
10.5088
10.538
10.5702
10.6041
10.635
10.6826
10.0764
10.1006
10.1268
10.1558
10.1878
10.2213
10.2517
10.2989
9.68838
9.71249
9.7387
9.76756
9.79926
9.83252
9.8625
9.90938
9.29441
9.31847
9.34458
9.37326
9.4047
9.43762
9.46716
9.51367
8.89437
8.91843
8.94449
8.97305
9.00429
9.03695
9.06613
9.11231
8.48862
8.51264
8.53861
8.56701
8.59801
8.63035
8.65912
8.70496
8.07693
8.10094
8.12686
8.15516
8.18598
8.2181
8.24655
8.29212
7.65966
7.68365
7.70951
7.73768
7.76828
7.80014
7.8283
7.87364
7.23665
7.26063
7.28644
7.31451
7.34496
7.37661
7.40486
7.45065
6.80812
6.83206
6.8578
6.88574
6.91597
6.94731
6.97536
7.02126
6.374
6.39791
6.42357
6.45138
6.48143
6.51253
6.54031
6.58597
5.93452
5.95836
5.98393
6.0116
6.04146
6.07233
6.09983
6.14524
5.48971
5.51347
5.53891
5.56641
5.59605
5.62666
5.65383
5.69892
5.03974
5.06341
5.08873
5.11608
5.14553
5.17595
5.20287
5.24774
4.58469
4.60819
4.63331
4.66042
4.68956
4.71965
4.74618
4.79063
4.12478
4.14812
4.17308
4.19999
4.22892
4.25882
4.28516
4.32952
3.65966
3.68263
3.70722
3.73375
3.76228
3.79179
3.81771
3.86166
3.19014
3.21278
3.23703
3.26321
3.29137
3.32052
3.34612
3.38983
2.71391
2.73548
2.75878
2.78414
2.81164
2.84032
2.86561
2.9092
2.23573
2.25686
2.27966
2.30443
2.33125
2.35925
2.38391
2.42682
1.74347
1.76112
1.78103
1.80359
1.8289
1.85614
1.88071
1.92464
1.26279
1.28123
1.3012
1.32309
1.34702
1.37226
1.39484
1.43516
0.739324
0.746893
0.757984
0.773178
0.792874
0.815956
0.834902
0.883321
0.302164
0.32022
0.336607
0.35174
0.366661
0.383732
0.400924
0.376905
)
;

boundaryField
{
    frontAndBack
    {
        type            empty;
    }
    inlet
    {
        type            zeroGradient;
    }
    outlet
    {
        type            fixedValue;
        value           uniform 0;
    }
    walls
    {
        type            zeroGradient;
    }
}


// ************************************************************************* //
