/*--------------------------------*- C++ -*----------------------------------*\
| =========                 |                                                 |
| \\      /  F ield         | OpenFOAM: The Open Source CFD Toolbox           |
|  \\    /   O peration     | Version:  v2012                                 |
|   \\  /    A nd           | Website:  www.openfoam.com                      |
|    \\/     M anipulation  |                                                 |
\*---------------------------------------------------------------------------*/
FoamFile
{
    version     2.0;
    format      ascii;
    class       volScalarField;
    location    "0.224";
    object      p;
}
// * * * * * * * * * * * * * * * * * * * * * * * * * * * * * * * * * * * * * //

dimensions      [0 2 -2 0 0 0 0];


internalField   nonuniform List<scalar> 
5600
(
-0.694366
-1.15241
-1.53308
-1.85125
-2.16232
-2.47256
-2.77385
-3.05585
-3.31826
-3.56951
-3.80532
-4.02992
-4.24513
-4.4498
-4.65167
-4.84611
-5.03929
-5.22928
-5.41591
-5.60146
-5.78325
-5.96449
-6.14144
-6.31826
-6.4931
-6.6661
-6.83918
-7.00958
-7.18083
-7.35117
-7.52062
-7.68991
-7.85764
-8.02588
-8.19257
-8.35954
-8.52544
-8.69087
-8.85583
-9.02001
-9.18369
-9.34665
-9.50919
-9.67077
-9.83209
-9.99267
-10.1529
-10.3127
-10.4718
-10.6306
-10.789
-10.9468
-11.1042
-11.261
-11.4178
-11.5737
-11.7296
-11.8845
-12.0392
-12.1938
-12.3475
-12.5013
-12.6546
-12.8073
-12.9598
-13.1118
-13.2637
-13.4151
-13.5664
-13.7171
-13.8674
-14.0174
-14.1669
-14.3163
-14.4656
-14.6147
-14.7636
-14.9123
-15.0606
-15.2086
-15.3562
-15.5038
-15.651
-15.7981
-15.945
-16.0918
-16.2384
-16.3851
-16.5314
-16.6776
-16.8234
-16.9687
-17.1146
-17.2601
-17.4063
-17.5528
-17.7019
-17.8555
-18.0129
-18.2565
-0.753405
-1.17259
-1.54967
-1.86905
-2.18036
-2.49085
-2.79214
-3.07434
-3.33713
-3.58848
-3.82443
-4.04939
-4.2649
-4.46996
-4.67218
-4.86695
-5.06038
-5.25068
-5.43742
-5.62309
-5.80505
-5.98645
-6.16342
-6.34035
-6.51536
-6.68844
-6.86165
-7.03211
-7.20347
-7.3739
-7.54342
-7.7128
-7.88054
-8.04882
-8.21554
-8.38255
-8.54848
-8.71394
-8.87894
-9.04313
-9.20686
-9.36985
-9.53243
-9.69402
-9.85537
-10.016
-10.1762
-10.336
-10.4951
-10.6539
-10.8123
-10.9701
-11.1275
-11.2844
-11.4411
-11.597
-11.7528
-11.9078
-12.0624
-12.217
-12.3707
-12.5245
-12.6778
-12.8304
-12.9831
-13.135
-13.2869
-13.4382
-13.5895
-13.7403
-13.8905
-14.0405
-14.19
-14.3394
-14.4887
-14.6378
-14.7867
-14.9354
-15.0837
-15.2317
-15.3793
-15.5269
-15.674
-15.8212
-15.9681
-16.1149
-16.2615
-16.4082
-16.5544
-16.7007
-16.8463
-16.992
-17.1374
-17.2835
-17.4287
-17.5769
-17.723
-17.8805
-18.0329
-18.269
-0.791653
-1.18523
-1.5624
-1.88241
-2.19161
-2.4995
-2.79983
-3.0815
-3.34422
-3.59505
-3.83078
-4.05599
-4.27123
-4.47665
-4.67851
-4.87356
-5.067
-5.25711
-5.44412
-5.62955
-5.81172
-5.993
-6.17026
-6.34714
-6.52212
-6.69518
-6.86828
-7.03877
-7.21004
-7.38041
-7.54987
-7.71916
-7.88697
-8.05526
-8.22196
-8.38895
-8.55487
-8.72029
-8.88525
-9.0494
-9.21307
-9.376
-9.5385
-9.70002
-9.86128
-10.0219
-10.1822
-10.3419
-10.501
-10.6599
-10.8183
-10.9761
-11.1335
-11.2903
-11.4471
-11.6031
-11.7591
-11.9141
-12.0688
-12.2234
-12.3772
-12.5311
-12.6844
-12.8371
-12.9898
-13.1418
-13.2937
-13.4451
-13.5964
-13.7472
-13.8975
-14.0475
-14.197
-14.3465
-14.4958
-14.6449
-14.7939
-14.9426
-15.0909
-15.2389
-15.3866
-15.5342
-15.6813
-15.8285
-15.9754
-16.1222
-16.2688
-16.4155
-16.5618
-16.7081
-16.8537
-16.9994
-17.1448
-17.291
-17.4362
-17.5844
-17.7309
-17.8889
-18.0404
-18.2669
-0.840364
-1.20172
-1.57777
-1.89924
-2.20722
-2.51409
-2.81487
-3.09714
-3.36047
-3.61166
-3.84787
-4.07327
-4.28875
-4.49468
-4.69624
-4.89155
-5.0846
-5.2745
-5.46134
-5.64624
-5.82854
-6.00948
-6.18693
-6.36382
-6.5389
-6.71232
-6.88569
-7.0566
-7.22806
-7.39866
-7.56831
-7.73772
-7.90559
-8.0739
-8.2407
-8.40775
-8.57378
-8.73928
-8.90436
-9.06862
-9.23244
-9.39553
-9.55821
-9.71994
-9.88137
-10.042
-10.2023
-10.3622
-10.5213
-10.6802
-10.8387
-10.9965
-11.154
-11.3109
-11.4676
-11.6235
-11.7794
-11.9343
-12.0889
-12.2435
-12.3971
-12.551
-12.7042
-12.8568
-13.0094
-13.1613
-13.3132
-13.4645
-13.6157
-13.7665
-13.9167
-14.0667
-14.2162
-14.3656
-14.515
-14.664
-14.8129
-14.9616
-15.1099
-15.2579
-15.4055
-15.5531
-15.7003
-15.8474
-15.9943
-16.141
-16.2877
-16.4343
-16.5806
-16.7269
-16.8726
-17.0181
-17.1637
-17.3096
-17.4551
-17.6025
-17.7498
-17.9057
-18.0618
-18.266
-0.889974
-1.21886
-1.5935
-1.91745
-2.22382
-2.52984
-2.8303
-3.11246
-3.37575
-3.62678
-3.86312
-4.08847
-4.3039
-4.51032
-4.71185
-4.90752
-5.10064
-5.29059
-5.4778
-5.66254
-5.84506
-6.02581
-6.20338
-6.38007
-6.55491
-6.72834
-6.90124
-7.0722
-7.24332
-7.41378
-7.58344
-7.75268
-7.92078
-8.08903
-8.25598
-8.42297
-8.58902
-8.75452
-8.91955
-9.0838
-9.24752
-9.41053
-9.57305
-9.73473
-9.89605
-10.0567
-10.2169
-10.3767
-10.5358
-10.6947
-10.853
-11.0108
-11.1682
-11.325
-11.4817
-11.6378
-11.7937
-11.9487
-12.1035
-12.2581
-12.4118
-12.5657
-12.7191
-12.8719
-13.0246
-13.1766
-13.3285
-13.4799
-13.6312
-13.7821
-13.9324
-14.0824
-14.232
-14.3814
-14.5308
-14.6799
-14.8289
-14.9776
-15.1259
-15.2739
-15.4216
-15.5692
-15.7164
-15.8635
-16.0105
-16.1572
-16.3039
-16.4505
-16.5969
-16.7431
-16.8889
-17.0344
-17.1801
-17.3258
-17.4714
-17.6188
-17.7658
-17.9213
-18.0743
-18.2702
-0.939994
-1.2382
-1.61077
-1.93774
-2.24242
-2.54752
-2.84757
-3.12977
-3.39331
-3.64445
-3.88111
-4.10678
-4.32246
-4.52925
-4.73084
-4.92676
-5.11992
-5.30979
-5.49721
-5.68182
-5.86431
-6.04492
-6.22264
-6.39937
-6.57416
-6.74787
-6.92055
-7.09171
-7.26284
-7.43312
-7.60286
-7.77193
-7.94018
-8.10812
-8.27512
-8.44191
-8.60793
-8.77336
-8.93832
-9.10258
-9.26628
-9.42952
-9.59207
-9.75387
-9.91522
-10.076
-10.2363
-10.3962
-10.5553
-10.7142
-10.8727
-11.0306
-11.1881
-11.3449
-11.5017
-11.6577
-11.8136
-11.9687
-12.1233
-12.278
-12.4318
-12.5856
-12.7388
-12.8914
-13.0441
-13.1961
-13.348
-13.4994
-13.6506
-13.8014
-13.9516
-14.1016
-14.2512
-14.4006
-14.55
-14.6991
-14.8481
-14.9968
-15.1451
-15.2931
-15.4408
-15.5884
-15.7356
-15.8827
-16.0296
-16.1764
-16.3231
-16.4697
-16.616
-16.7623
-16.9081
-17.0536
-17.1992
-17.345
-17.4905
-17.6377
-17.7846
-17.9387
-18.0904
-18.2763
-0.989403
-1.26002
-1.62982
-1.96007
-2.26321
-2.56736
-2.86704
-3.14931
-3.41314
-3.66423
-3.90117
-4.12697
-4.34276
-4.5498
-4.75137
-4.94752
-5.14068
-5.33055
-5.51804
-5.70267
-5.88516
-6.06575
-6.24361
-6.42034
-6.59513
-6.76891
-6.94152
-7.1128
-7.28394
-7.45413
-7.62394
-7.79291
-7.96138
-8.12911
-8.29625
-8.46295
-8.62901
-8.79441
-8.9593
-9.12359
-9.28714
-9.45047
-9.61292
-9.77467
-9.93591
-10.0966
-10.2568
-10.4166
-10.5757
-10.7346
-10.893
-11.0508
-11.2083
-11.3652
-11.5219
-11.678
-11.8339
-11.989
-12.1437
-12.2983
-12.4521
-12.6059
-12.7592
-12.9119
-13.0646
-13.2167
-13.3685
-13.52
-13.6713
-13.822
-13.9723
-14.1223
-14.272
-14.4214
-14.5708
-14.7199
-14.8689
-15.0176
-15.1659
-15.3139
-15.4617
-15.6092
-15.7565
-15.9036
-16.0505
-16.1973
-16.344
-16.4906
-16.637
-16.7832
-16.929
-17.0746
-17.2202
-17.3659
-17.5114
-17.6583
-17.805
-17.9575
-18.1073
-18.2827
-1.03638
-1.28452
-1.65121
-1.98458
-2.28642
-2.58967
-2.88909
-3.17138
-3.43547
-3.68644
-3.92368
-4.14955
-4.36547
-4.57279
-4.77438
-4.97078
-5.16394
-5.35387
-5.54134
-5.72607
-5.90855
-6.08909
-6.26705
-6.44371
-6.61856
-6.79234
-6.96493
-7.13631
-7.30741
-7.47762
-7.64745
-7.81638
-7.98489
-8.15258
-8.3198
-8.48642
-8.65253
-8.81792
-8.98279
-9.14715
-9.31067
-9.47396
-9.63638
-9.79816
-9.95942
-10.1201
-10.2803
-10.44
-10.5992
-10.758
-10.9164
-11.0742
-11.2316
-11.3888
-11.5452
-11.7014
-11.8571
-12.0122
-12.167
-12.3214
-12.4753
-12.629
-12.7823
-12.935
-13.0876
-13.2397
-13.3915
-13.5432
-13.6944
-13.845
-13.9955
-14.1454
-14.2951
-14.4445
-14.5939
-14.743
-14.892
-15.0407
-15.1891
-15.337
-15.4848
-15.6323
-15.7796
-15.9267
-16.0736
-16.2204
-16.3671
-16.5137
-16.6601
-16.8063
-16.9521
-17.0978
-17.2433
-17.389
-17.5344
-17.681
-17.8273
-17.9779
-18.1253
-18.2898
-1.07936
-1.31159
-1.67552
-2.0114
-2.31229
-2.61478
-2.91403
-3.19629
-3.4606
-3.71147
-3.94898
-4.17489
-4.39093
-4.59846
-4.80004
-4.99663
-5.18976
-5.37973
-5.56715
-5.75197
-5.93443
-6.11488
-6.29296
-6.46954
-6.64448
-6.81824
-6.99083
-7.16229
-7.33336
-7.5036
-7.6734
-7.84235
-8.01083
-8.17855
-8.34577
-8.51239
-8.67849
-8.84389
-9.00874
-9.1731
-9.33667
-9.49988
-9.66233
-9.82412
-9.98539
-10.1461
-10.3063
-10.466
-10.6252
-10.784
-10.9423
-11.1002
-11.2575
-11.4148
-11.5712
-11.7275
-11.883
-12.0381
-12.1931
-12.3473
-12.5013
-12.6548
-12.808
-12.9608
-13.1133
-13.2655
-13.4173
-13.5689
-13.7202
-13.8707
-14.0212
-14.171
-14.3206
-14.4702
-14.6194
-14.7686
-14.9175
-15.0663
-15.2146
-15.3625
-15.5103
-15.6578
-15.8051
-15.9522
-16.0991
-16.2459
-16.3927
-16.5392
-16.6856
-16.8319
-16.9777
-17.1233
-17.2688
-17.4144
-17.5598
-17.706
-17.8517
-18.0004
-18.1448
-18.2977
-1.11654
-1.34078
-1.70335
-2.0407
-2.34101
-2.64311
-2.94229
-3.22446
-3.48893
-3.73973
-3.97743
-4.20334
-4.41943
-4.6271
-4.82865
-5.02538
-5.21847
-5.4085
-5.59588
-5.78078
-5.96324
-6.14359
-6.32177
-6.49828
-6.6733
-6.84704
-7.0196
-7.19112
-7.36218
-7.53245
-7.70219
-7.87117
-8.03963
-8.20739
-8.3746
-8.54123
-8.70729
-8.87274
-9.03755
-9.20193
-9.36555
-9.52867
-9.69116
-9.85294
-10.0142
-10.1749
-10.3351
-10.4948
-10.654
-10.8128
-10.9711
-11.129
-11.2864
-11.4436
-11.6
-11.7562
-11.9118
-12.0669
-12.2219
-12.3761
-12.5301
-12.6837
-12.8369
-12.9897
-13.1421
-13.2944
-13.4461
-13.5978
-13.749
-13.8995
-14.05
-14.1999
-14.3494
-14.499
-14.6482
-14.7975
-14.9463
-15.095
-15.2434
-15.3911
-15.539
-15.6864
-15.8337
-15.9808
-16.1276
-16.2744
-16.4212
-16.5677
-16.7141
-16.8603
-17.0061
-17.1518
-17.2972
-17.4427
-17.588
-17.7337
-17.8788
-18.0252
-18.1661
-18.3075
-1.1439
-1.37007
-1.73376
-2.07106
-2.37123
-2.67352
-2.97275
-3.25477
-3.5193
-3.77005
-4.00784
-4.23369
-4.44975
-4.65749
-4.85897
-5.05577
-5.2488
-5.43888
-5.6262
-5.81115
-5.99363
-6.17388
-6.3521
-6.52857
-6.70364
-6.87734
-7.04988
-7.22144
-7.3925
-7.56278
-7.73249
-7.90149
-8.06993
-8.23771
-8.40493
-8.57156
-8.73758
-8.90309
-9.06784
-9.23226
-9.39591
-9.55896
-9.72149
-9.88324
-10.0445
-10.2052
-10.3654
-10.5252
-10.6843
-10.8432
-11.0014
-11.1593
-11.3167
-11.4738
-11.6304
-11.7865
-11.9421
-12.0973
-12.2521
-12.4065
-12.5604
-12.714
-12.8672
-13.02
-13.1725
-13.3247
-13.4764
-13.628
-13.7792
-13.9299
-14.0803
-14.2302
-14.3798
-14.5293
-14.6785
-14.8277
-14.9765
-15.1252
-15.2736
-15.4215
-15.5693
-15.7167
-15.864
-16.0111
-16.158
-16.3047
-16.4515
-16.5981
-16.7444
-16.8906
-17.0365
-17.1821
-17.3275
-17.473
-17.6181
-17.7634
-17.9077
-18.0518
-18.1893
-18.3208
-1.15868
-1.39672
-1.76381
-2.09953
-2.40001
-2.70307
-3.00246
-3.28425
-3.5488
-3.79951
-4.03728
-4.26299
-4.47896
-4.68667
-4.88805
-5.08486
-5.27782
-5.46791
-5.65518
-5.84016
-6.02265
-6.2028
-6.38105
-6.55747
-6.73259
-6.90626
-7.07877
-7.25036
-7.42144
-7.59172
-7.76139
-7.9304
-8.09884
-8.26663
-8.43386
-8.60049
-8.76648
-8.93203
-9.09671
-9.26119
-9.42484
-9.58783
-9.75039
-9.91212
-10.0734
-10.2341
-10.3943
-10.5541
-10.7132
-10.8721
-11.0303
-11.1883
-11.3456
-11.5028
-11.6593
-11.8154
-11.9711
-12.1262
-12.281
-12.4354
-12.5893
-12.7429
-12.8961
-13.0489
-13.2014
-13.3536
-13.5054
-13.6569
-13.8081
-13.9588
-14.1093
-14.2592
-14.4088
-14.5583
-14.7075
-14.8567
-15.0056
-15.1543
-15.3027
-15.4507
-15.5985
-15.7459
-15.8932
-16.0403
-16.1872
-16.3339
-16.4807
-16.6273
-16.7737
-16.92
-17.0659
-17.2116
-17.357
-17.5023
-17.6473
-17.7922
-17.9358
-18.078
-18.2125
-18.3365
-1.1624
-1.42029
-1.79184
-2.12488
-2.42607
-2.73025
-3.02988
-3.31137
-3.57592
-3.82659
-4.06427
-4.28981
-4.50565
-4.71325
-4.91447
-5.11128
-5.30414
-5.49426
-5.68146
-5.86648
-6.04898
-6.22902
-6.40727
-6.58365
-6.75879
-6.93243
-7.1049
-7.27649
-7.4476
-7.61787
-7.7875
-7.95653
-8.12497
-8.29274
-8.46001
-8.62662
-8.79261
-8.95817
-9.12284
-9.28737
-9.45101
-9.61397
-9.77652
-9.93825
-10.0996
-10.2602
-10.4205
-10.5802
-10.7393
-10.8982
-11.0564
-11.2143
-11.3718
-11.5289
-11.6855
-11.8415
-11.9972
-12.1524
-12.3072
-12.4616
-12.6155
-12.7692
-12.9224
-13.0752
-13.2277
-13.3799
-13.5317
-13.6833
-13.8345
-13.9853
-14.1358
-14.2858
-14.4354
-14.5849
-14.7341
-14.8833
-15.0322
-15.1809
-15.3294
-15.4774
-15.6251
-15.7726
-15.9198
-16.0668
-16.2137
-16.3604
-16.5071
-16.6537
-16.8
-16.9462
-17.0922
-17.238
-17.3834
-17.5288
-17.6737
-17.8182
-17.9611
-18.1019
-18.2341
-18.3527
-1.15732
-1.44162
-1.81781
-2.14754
-2.44977
-2.75524
-3.05515
-3.33628
-3.60079
-3.85142
-4.08898
-4.3143
-4.53001
-4.73747
-4.93852
-5.13527
-5.32803
-5.51815
-5.70529
-5.89034
-6.07283
-6.25279
-6.43103
-6.60738
-6.78254
-6.95615
-7.12856
-7.30016
-7.47129
-7.64155
-7.81116
-7.98018
-8.14863
-8.31638
-8.48365
-8.65024
-8.81625
-8.9817
-9.14647
-9.31097
-9.47464
-9.6376
-9.80011
-9.96191
-10.1232
-10.2839
-10.4441
-10.6039
-10.7631
-10.9219
-11.0803
-11.238
-11.3957
-11.5528
-11.7094
-11.8655
-12.0212
-12.1765
-12.3313
-12.4857
-12.6397
-12.7933
-12.9466
-13.0994
-13.2519
-13.404
-13.5558
-13.7073
-13.8585
-14.0093
-14.1598
-14.3098
-14.4594
-14.6089
-14.7581
-14.9072
-15.0562
-15.2049
-15.3533
-15.5014
-15.6491
-15.7966
-15.9439
-16.091
-16.2379
-16.3847
-16.5315
-16.6782
-16.8246
-16.9708
-17.1167
-17.2623
-17.4077
-17.5529
-17.6977
-17.8421
-17.9848
-18.1239
-18.2544
-18.369
-1.14599
-1.46108
-1.84143
-2.16777
-2.47131
-2.77813
-3.07845
-3.35921
-3.62365
-3.87423
-4.1116
-4.33664
-4.55216
-4.75945
-4.96034
-5.157
-5.34965
-5.53973
-5.72682
-5.91188
-6.09434
-6.27421
-6.4524
-6.62876
-6.80387
-6.97753
-7.1498
-7.32148
-7.49261
-7.66283
-7.83243
-8.00145
-8.16994
-8.3377
-8.50499
-8.6716
-8.83767
-9.0031
-9.16805
-9.33245
-9.49618
-9.65919
-9.82175
-9.98366
-10.1449
-10.3058
-10.466
-10.6258
-10.7851
-10.9439
-11.1022
-11.2599
-11.4176
-11.5746
-11.7312
-11.8873
-12.043
-12.1983
-12.353
-12.5075
-12.6614
-12.815
-12.9683
-13.1211
-13.2735
-13.4256
-13.5775
-13.729
-13.8802
-14.031
-14.1814
-14.3314
-14.481
-14.6305
-14.7797
-14.9288
-15.0777
-15.2264
-15.3748
-15.5228
-15.6704
-15.8179
-15.965
-16.112
-16.2589
-16.4055
-16.5522
-16.6987
-16.845
-16.9912
-17.1372
-17.2829
-17.4285
-17.5737
-17.7184
-17.8626
-18.0046
-18.1438
-18.2732
-18.3849
-1.13046
-1.47906
-1.86266
-2.18595
-2.49086
-2.79891
-3.0997
-3.38012
-3.64456
-3.89508
-4.13234
-4.35712
-4.57236
-4.77943
-4.98025
-5.17677
-5.36942
-5.55937
-5.74658
-5.93163
-6.11408
-6.29385
-6.47198
-6.64829
-6.82331
-6.997
-7.16917
-7.341
-7.51208
-7.68236
-7.85199
-8.02102
-8.18964
-8.35751
-8.52489
-8.69161
-8.85775
-9.02326
-9.18825
-9.35254
-9.51623
-9.67922
-9.84176
-10.0037
-10.1649
-10.3258
-10.4859
-10.6458
-10.805
-10.9638
-11.1221
-11.2799
-11.4375
-11.5945
-11.7511
-11.9073
-12.0629
-12.2182
-12.3729
-12.5274
-12.6814
-12.835
-12.9883
-13.141
-13.2935
-13.4456
-13.5975
-13.749
-13.9002
-14.0511
-14.2015
-14.3516
-14.5012
-14.6506
-14.7999
-14.949
-15.0979
-15.2466
-15.3951
-15.5432
-15.6909
-15.8384
-15.9857
-16.1328
-16.2798
-16.4266
-16.5734
-16.72
-16.8665
-17.0127
-17.1586
-17.3043
-17.4496
-17.5947
-17.7394
-17.8836
-18.0254
-18.1625
-18.2907
-18.4005
-1.11172
-1.49575
-1.88172
-2.2028
-2.50904
-2.81798
-3.119
-3.39893
-3.66333
-3.91365
-4.15057
-4.37562
-4.59038
-4.79708
-4.99768
-5.19398
-5.38653
-5.57628
-5.76359
-5.94846
-6.13097
-6.31077
-6.48906
-6.66553
-6.84068
-7.01454
-7.18682
-7.35884
-7.52995
-7.7003
-7.8699
-8.0388
-8.20736
-8.37515
-8.54247
-8.70912
-8.87519
-9.04064
-9.20557
-9.36983
-9.53351
-9.69645
-9.85891
-10.0208
-10.182
-10.3428
-10.5029
-10.6627
-10.8219
-10.9806
-11.139
-11.2966
-11.4542
-11.6112
-11.7678
-11.9239
-12.0794
-12.2347
-12.3894
-12.5438
-12.6977
-12.8513
-13.0045
-13.1572
-13.3097
-13.4617
-13.6135
-13.765
-13.9161
-14.0669
-14.2173
-14.3672
-14.5168
-14.6662
-14.8154
-14.9644
-15.1133
-15.2619
-15.4103
-15.5583
-15.7059
-15.8533
-16.0005
-16.1475
-16.2943
-16.441
-16.5876
-16.7342
-16.8805
-17.0266
-17.1725
-17.3182
-17.4636
-17.6088
-17.7535
-17.8975
-18.0395
-18.1778
-18.3059
-18.415
-1.09086
-1.51008
-1.89731
-2.21775
-2.52592
-2.83645
-3.13782
-3.41727
-3.68169
-3.93188
-4.16854
-4.39387
-4.60827
-4.81486
-5.01545
-5.21188
-5.40463
-5.59469
-5.78235
-5.96743
-6.15019
-6.33
-6.50839
-6.68487
-6.8599
-7.03358
-7.20561
-7.37756
-7.54857
-7.71889
-7.88852
-8.05744
-8.22603
-8.39383
-8.56118
-8.72786
-8.89396
-9.05944
-9.2244
-9.38866
-9.55238
-9.71532
-9.87776
-10.0396
-10.2008
-10.3617
-10.5218
-10.6817
-10.8409
-10.9996
-11.158
-11.3157
-11.4733
-11.6303
-11.787
-11.9431
-12.0987
-12.254
-12.4087
-12.5632
-12.7172
-12.8708
-13.024
-13.1768
-13.3293
-13.4814
-13.6332
-13.7848
-13.9359
-14.0868
-14.2372
-14.3872
-14.5369
-14.6863
-14.8355
-14.9846
-15.1335
-15.2822
-15.4306
-15.5787
-15.7264
-15.8739
-16.0212
-16.1682
-16.3152
-16.4619
-16.6086
-16.7552
-16.9016
-17.0479
-17.1938
-17.3395
-17.4848
-17.63
-17.7746
-17.9186
-18.06
-18.1969
-18.3235
-18.4311
-1.07626
-1.52466
-1.90955
-2.22729
-2.53628
-2.84859
-3.15049
-3.42938
-3.69397
-3.94417
-4.18069
-4.40566
-4.61986
-4.82636
-5.02682
-5.22314
-5.41579
-5.60571
-5.79326
-5.97815
-6.16062
-6.34
-6.5182
-6.69447
-6.86937
-7.04294
-7.21476
-7.38662
-7.55753
-7.72778
-7.89733
-8.06616
-8.23466
-8.40238
-8.56965
-8.73625
-8.90228
-9.06769
-9.23258
-9.39679
-9.56044
-9.72333
-9.88573
-10.0475
-10.2087
-10.3695
-10.5296
-10.6894
-10.8486
-11.0073
-11.1656
-11.3233
-11.4808
-11.6378
-11.7944
-11.9504
-12.106
-12.2613
-12.4159
-12.5704
-12.7243
-12.8778
-13.0311
-13.1838
-13.3363
-13.4883
-13.6401
-13.7916
-13.9427
-14.0935
-14.2439
-14.3939
-14.5435
-14.6928
-14.842
-14.9911
-15.14
-15.2886
-15.437
-15.585
-15.7327
-15.8801
-16.0273
-16.1743
-16.3212
-16.4679
-16.6146
-16.7612
-16.9075
-17.0537
-17.1996
-17.3453
-17.4907
-17.6358
-17.7804
-17.9244
-18.0662
-18.2038
-18.3308
-18.439
-1.04578
-1.53949
-1.93316
-2.25144
-2.56063
-2.87344
-3.1761
-3.45404
-3.71893
-3.96925
-4.20566
-4.43045
-4.64444
-4.85065
-5.05085
-5.24693
-5.4394
-5.62917
-5.81663
-6.00143
-6.18394
-6.36338
-6.54155
-6.71781
-6.89264
-7.06621
-7.23802
-7.40984
-7.58071
-7.75091
-7.92045
-8.08926
-8.25775
-8.42547
-8.59273
-8.75933
-8.92536
-9.09077
-9.25567
-9.41987
-9.58353
-9.74642
-9.90883
-10.0706
-10.2318
-10.3926
-10.5527
-10.7125
-10.8717
-11.0304
-11.1887
-11.3464
-11.504
-11.661
-11.8175
-11.9736
-12.1292
-12.2845
-12.4391
-12.5936
-12.7475
-12.9011
-13.0543
-13.207
-13.3595
-13.5116
-13.6633
-13.8149
-13.966
-14.1168
-14.2672
-14.4172
-14.5668
-14.7162
-14.8654
-15.0144
-15.1633
-15.312
-15.4604
-15.6084
-15.7561
-15.9035
-16.0507
-16.1978
-16.3447
-16.4914
-16.6381
-16.7846
-16.931
-17.0772
-17.2231
-17.3688
-17.5141
-17.6593
-17.8039
-17.9479
-18.0895
-18.2267
-18.3535
-18.4612
-18.2228
-18.5021
-19.2301
-19.3541
-18.8113
-17.7308
-16.2749
-14.5771
-12.8219
-11.1049
-9.51417
-8.07692
-6.80955
-5.70644
-4.7544
-3.93514
-3.23252
-2.62801
-2.10627
-1.6551
-1.26283
-0.918433
-0.613671
-0.343168
-0.101142
0.116806
0.312316
0.488365
0.644482
0.783166
0.904381
1.0079
1.09411
1.16378
1.21835
1.25962
1.28838
1.30683
1.31757
1.32394
1.32844
1.33289
1.3388
1.34719
1.3577
1.36902
1.37936
1.38543
1.38631
1.3818
1.37461
1.36735
1.36035
1.35524
1.35291
1.35627
1.34917
1.32325
1.28526
1.24894
1.22216
1.19692
1.17274
1.14852
1.12763
1.10766
1.08725
1.06293
1.03226
0.992222
0.949895
0.90756
0.862932
0.820794
0.786314
0.752117
0.721818
0.695746
0.672442
0.651527
0.631994
0.612261
0.590318
0.566405
0.540764
0.514083
0.48702
0.459199
0.430557
0.401173
0.370946
0.340079
0.308194
0.275258
0.240823
0.205203
0.166982
0.126213
0.0787372
0.0316635
-18.2666
-18.4276
-19.1239
-19.2644
-18.7339
-17.6737
-16.2399
-14.5617
-12.822
-11.1164
-9.53396
-8.10136
-6.83649
-5.73443
-4.78223
-3.96209
-3.25798
-2.65168
-2.12804
-1.67502
-1.28099
-0.935037
-0.628982
-0.35742
-0.114136
0.10453
0.300804
0.477318
0.633431
0.771664
0.891572
0.993693
1.07895
1.14774
1.20133
1.2416
1.26949
1.28729
1.29763
1.30396
1.30881
1.31389
1.32057
1.32972
1.34087
1.35259
1.36274
1.36816
1.36818
1.36298
1.35555
1.34828
1.34161
1.33761
1.33731
1.34402
1.34047
1.31709
1.28148
1.24398
1.21693
1.18963
1.16377
1.13833
1.11592
1.09397
1.07243
1.04723
1.01578
0.976049
0.934064
0.89262
0.848757
0.806833
0.772601
0.739024
0.708944
0.682862
0.659312
0.638397
0.618835
0.598877
0.576888
0.55304
0.527521
0.501001
0.474059
0.446324
0.417735
0.388396
0.358241
0.327412
0.295645
0.262977
0.228944
0.193918
0.156949
0.117841
0.0732513
0.0289205
-18.2615
-18.4344
-19.0496
-19.1728
-18.6472
-17.6045
-16.1931
-14.5368
-12.8164
-11.1264
-9.55433
-8.12861
-6.86808
-5.76765
-4.81509
-3.99381
-3.28777
-2.67932
-2.15348
-1.69836
-1.3023
-0.954507
-0.646828
-0.373609
-0.129059
0.0903313
0.287881
0.464887
0.621118
0.758771
0.877329
0.978095
1.06224
1.12994
1.18236
1.22139
1.2482
1.26517
1.275
1.28125
1.28654
1.29249
1.3002
1.31039
1.32237
1.33446
1.34433
1.34902
1.34807
1.34208
1.33436
1.327
1.32065
1.31808
1.32033
1.33023
1.33111
1.31061
1.27775
1.23929
1.21162
1.18196
1.15401
1.12697
1.10315
1.0791
1.05594
1.02974
0.997359
0.957976
0.916496
0.876049
0.833116
0.791587
0.75737
0.724637
0.694824
0.668749
0.64498
0.623979
0.604302
0.584088
0.562054
0.538268
0.512916
0.486573
0.459746
0.4321
0.403565
0.374266
0.344179
0.313427
0.281803
0.249411
0.215823
0.181367
0.145836
0.108603
0.0671866
0.0259559
-18.2885
-18.4537
-18.988
-19.0892
-18.5588
-17.5291
-16.1383
-14.5069
-12.8073
-11.1352
-9.57559
-8.15872
-6.90378
-5.80553
-4.85272
-4.03021
-3.32207
-2.71141
-2.18341
-1.72582
-1.32724
-0.977138
-0.667385
-0.392115
-0.145925
0.0745639
0.27329
0.45057
0.607009
0.743814
0.861407
0.96104
1.04382
1.11021
1.16118
1.19869
1.22415
1.23996
1.24926
1.25558
1.26153
1.26859
1.2776
1.28903
1.30199
1.31448
1.32402
1.32784
1.3258
1.31894
1.31083
1.30333
1.29725
1.29649
1.30164
1.31426
1.32098
1.30386
1.27403
1.23515
1.20617
1.1739
1.14338
1.11434
1.08893
1.06314
1.03765
1.01023
0.97682
0.937711
0.897034
0.857681
0.81587
0.7749
0.740543
0.708833
0.679373
0.653308
0.629368
0.608182
0.588276
0.567797
0.545709
0.521982
0.49682
0.470659
0.443947
0.416387
0.387904
0.358641
0.328624
0.297952
0.266475
0.234383
0.201311
0.167531
0.133554
0.0983995
0.0604751
0.0227295
-18.309
-18.4638
-18.926
-19.0041
-18.4721
-17.4538
-16.0807
-14.476
-12.7986
-11.1462
-9.60077
-8.1939
-6.94464
-5.84903
-4.89634
-4.07263
-3.36231
-2.74904
-2.21851
-1.75793
-1.35621
-1.00328
-0.691048
-0.413402
-0.165206
0.0566998
0.256403
0.434071
0.590675
0.727053
0.844238
0.942457
1.02356
1.08828
1.13742
1.17303
1.19693
1.2115
1.22024
1.22672
1.23366
1.24204
1.25256
1.26539
1.2794
1.29237
1.30163
1.3045
1.30128
1.2934
1.28481
1.27715
1.27131
1.27281
1.2813
1.29635
1.30916
1.29681
1.27043
1.23183
1.20048
1.16541
1.13182
1.10036
1.07293
1.04585
1.01763
0.988485
0.953927
0.915014
0.875505
0.837333
0.796866
0.75661
0.722274
0.691314
0.662488
0.636471
0.612362
0.59093
0.570684
0.549925
0.527753
0.504073
0.4791
0.453117
0.426512
0.399027
0.370594
0.341364
0.311416
0.280827
0.249515
0.21774
0.185216
0.152275
0.119984
0.0871206
0.0530444
0.0191827
-18.3274
-18.4712
-18.8604
-18.91
-18.3784
-17.3723
-16.0217
-14.4465
-12.7929
-11.1619
-9.63188
-8.23635
-6.99322
-5.90075
-4.94838
-4.12319
-3.41029
-2.79351
-2.25936
-1.79515
-1.38971
-1.03339
-0.718248
-0.43781
-0.187188
0.0364394
0.23734
0.415843
0.572619
0.708853
0.8255
0.922167
1.0016
1.06415
1.11095
1.14424
1.16623
1.17984
1.18799
1.19458
1.20239
1.21226
1.22464
1.2392
1.25442
1.26799
1.277
1.27893
1.27449
1.26552
1.25625
1.24823
1.24272
1.24704
1.25963
1.27815
1.29437
1.28874
1.26681
1.22949
1.19442
1.15635
1.11918
1.08489
1.05499
1.02634
0.996282
0.964453
0.928463
0.889752
0.85172
0.814811
0.775937
0.736528
0.702591
0.671938
0.644073
0.618167
0.593859
0.572146
0.551497
0.530403
0.508097
0.484431
0.459628
0.433802
0.407278
0.379852
0.35147
0.322263
0.292381
0.261875
0.230749
0.199312
0.167386
0.135438
0.104962
0.0746098
0.0448019
0.0152298
-18.3443
-18.4747
-18.7907
-18.8067
-18.2752
-17.2822
-15.9559
-14.4126
-12.7875
-11.181
-9.66889
-8.28663
-7.0507
-5.96135
-5.00932
-4.18219
-3.46612
-2.84517
-2.30641
-1.83781
-1.42795
-1.06744
-0.748736
-0.464898
-0.211254
0.0145843
0.217069
0.396753
0.553791
0.689666
0.805299
0.900368
0.977789
1.03806
1.08217
1.11274
1.13225
1.14412
1.15165
1.15875
1.16763
1.1793
1.19363
1.21015
1.22687
1.24114
1.24998
1.25102
1.24541
1.23536
1.22515
1.21639
1.21145
1.21856
1.23612
1.25943
1.27777
1.27959
1.2629
1.22789
1.18789
1.14649
1.10531
1.06779
1.03511
1.00433
0.97342
0.937954
0.900174
0.861914
0.825468
0.789915
0.752885
0.714504
0.681008
0.650951
0.62413
0.59832
0.573772
0.551755
0.53065
0.509148
0.486636
0.462923
0.438251
0.412546
0.386055
0.358664
0.330324
0.301127
0.271311
0.2409
0.20999
0.178918
0.147649
0.116836
0.0883169
0.0607021
0.0356547
0.0107562
-18.3595
-18.4738
-18.7177
-18.6959
-18.1641
-17.1854
-15.8845
-14.3739
-12.7793
-11.1992
-9.70702
-8.33966
-7.11262
-6.0254
-5.07369
-4.24503
-3.52604
-2.90123
-2.35772
-1.88431
-1.46952
-1.10409
-0.781014
-0.493107
-0.235838
-0.00722705
0.197177
0.378182
0.535564
0.670927
0.785081
0.87793
0.951989
1.00867
1.04962
1.07748
1.09481
1.10461
1.11141
1.11912
1.12961
1.14326
1.15957
1.17805
1.19636
1.21135
1.22013
1.22049
1.21387
1.20289
1.19151
1.1816
1.17787
1.18735
1.20999
1.23849
1.26119
1.27007
1.25846
1.22619
1.18086
1.13563
1.09003
1.04892
1.0133
0.98102
0.947477
0.908561
0.868954
0.831643
0.796512
0.762454
0.727479
0.690363
0.657299
0.628411
0.602595
0.576833
0.551976
0.52966
0.508052
0.48608
0.46329
0.439431
0.414796
0.38915
0.362655
0.335259
0.306941
0.277748
0.247982
0.21766
0.186991
0.156308
0.125766
0.0962241
0.0698223
0.0451598
0.0254604
0.00558468
-18.3738
-18.4698
-18.6431
-18.5793
-18.0459
-17.0827
-15.8085
-14.3293
-12.7653
-11.2118
-9.74092
-8.38997
-7.17322
-6.09133
-5.14165
-4.31213
-3.59009
-2.96124
-2.41287
-1.93427
-1.51438
-1.14386
-0.815953
-0.523627
-0.262456
-0.0306677
0.17584
0.358032
0.515707
0.650451
0.762831
0.853045
0.923707
0.976364
1.01385
1.0387
1.05349
1.06137
1.06735
1.07569
1.08791
1.10357
1.12213
1.14275
1.16257
1.17821
1.18695
1.18667
1.1791
1.16761
1.15503
1.14419
1.14251
1.15439
1.18119
1.21549
1.24436
1.25953
1.25294
1.2231
1.1732
1.12357
1.07316
1.02823
0.990319
0.956035
0.917642
0.876188
0.834999
0.798938
0.764743
0.732351
0.699468
0.663916
0.631616
0.604053
0.579121
0.553671
0.528285
0.505665
0.483527
0.461002
0.437899
0.413853
0.389142
0.363442
0.336874
0.309427
0.281101
0.251877
0.222199
0.19202
0.161609
0.131304
0.101562
0.0734221
0.0492772
0.0277539
0.0140946
-0.000515129
-18.3871
-18.463
-18.5687
-18.459
-17.9216
-16.9741
-15.7266
-14.2822
-12.7522
-11.2276
-9.77896
-8.44456
-7.23777
-6.16279
-5.21514
-4.38436
-3.65879
-3.02542
-2.472
-1.98786
-1.56256
-1.18682
-0.85382
-0.556917
-0.291794
-0.0567639
0.151797
0.335082
0.493016
0.626686
0.736807
0.824173
0.891433
0.94052
0.974524
0.996719
1.00939
1.01544
1.02045
1.02923
1.04286
1.06053
1.08143
1.104
1.12512
1.1414
1.1499
1.1488
1.14033
1.12841
1.11481
1.10518
1.10588
1.12045
1.15106
1.19094
1.22615
1.24717
1.24569
1.21709
1.16443
1.10984
1.05444
1.00608
0.966413
0.927286
0.884647
0.840981
0.798839
0.763442
0.730296
0.699663
0.66871
0.635039
0.603974
0.577584
0.553328
0.528301
0.502606
0.47947
0.45691
0.433874
0.410146
0.385829
0.360974
0.335149
0.308525
0.281026
0.252663
0.223326
0.193544
0.163493
0.133424
0.103531
0.0747043
0.0480796
0.0262636
0.00806259
0.00130279
-0.00794239
-18.3998
-18.456
-18.5034
-18.3502
-17.8073
-16.875
-15.6524
-14.2424
-12.7454
-11.2483
-9.82047
-8.50116
-7.30362
-6.23304
-5.28605
-4.45372
-3.72497
-3.08751
-2.52956
-2.04046
-1.61021
-1.22967
-0.892014
-0.590796
-0.321931
-0.0839269
0.126518
0.310765
0.468737
0.601164
0.708953
0.793429
0.857321
0.902833
0.933507
0.953437
0.964767
0.970022
0.974691
0.983895
0.998612
1.01798
1.04049
1.06398
1.08577
1.10261
1.11082
1.10891
1.10037
1.08749
1.0745
1.06747
1.07052
1.08797
1.12218
1.16672
1.20744
1.23329
1.2364
1.20829
1.15406
1.09446
1.0345
0.984617
0.940883
0.895969
0.850386
0.804672
0.76246
0.727038
0.695307
0.666302
0.637012
0.605363
0.575617
0.550104
0.526505
0.501912
0.476656
0.452631
0.429336
0.405476
0.381081
0.356383
0.331221
0.305405
0.278766
0.251189
0.222865
0.193683
0.163934
0.133926
0.103936
0.0744746
0.0466038
0.0213165
0.00172693
-0.0132235
-0.0125598
-0.0168589
-18.4123
-18.4522
-18.4558
-18.2672
-17.7189
-16.7994
-15.5978
-14.2136
-12.7418
-11.2662
-9.8555
-8.54896
-7.35949
-6.29302
-5.34736
-4.5143
-3.78321
-3.14244
-2.58071
-2.0876
-1.65324
-1.26877
-0.927407
-0.622655
-0.35079
-0.110454
0.10149
0.286433
0.444291
0.575582
0.681402
0.763518
0.824785
0.867624
0.895873
0.913742
0.923643
0.928616
0.933716
0.943561
0.959294
0.979858
1.00346
1.02747
1.04926
1.06614
1.07481
1.07322
1.06427
1.05104
1.03969
1.0345
1.03979
1.06002
1.09735
1.14553
1.19041
1.21985
1.226
1.19847
1.14258
1.07851
1.0155
0.964927
0.914889
0.865701
0.81781
0.770739
0.728634
0.693646
0.6633
0.635622
0.607625
0.5778
0.549431
0.524853
0.501581
0.477356
0.452209
0.42691
0.402432
0.378021
0.353404
0.328437
0.302885
0.276993
0.250295
0.222678
0.19421
0.16512
0.135508
0.105865
0.0759584
0.0469228
0.0197598
-0.00446268
-0.0220371
-0.0342764
-0.0266022
-0.0269101
-18.425
-18.4525
-18.425
-18.2099
-17.6567
-16.7465
-15.5601
-14.1947
-12.7419
-11.2832
-9.8859
-8.58926
-7.40609
-6.3429
-5.39835
-4.56471
-3.83183
-3.18846
-2.62381
-2.12764
-1.69017
-1.30276
-0.958608
-0.651216
-0.377143
-0.135076
0.07796
0.263329
0.42098
0.551336
0.655617
0.735935
0.795274
0.836161
0.862653
0.878925
0.887828
0.892779
0.898579
0.909169
0.925687
0.946947
0.971165
0.995855
1.01817
1.03501
1.04391
1.04293
1.03338
1.02078
1.01044
1.0068
1.01427
1.03704
1.07706
1.12813
1.17609
1.20823
1.21604
1.18882
1.13077
1.06279
0.999416
0.945176
0.889988
0.837735
0.787914
0.740491
0.698581
0.664503
0.635389
0.608746
0.581813
0.553863
0.526763
0.502619
0.478977
0.454533
0.428941
0.402734
0.377642
0.352959
0.328082
0.30306
0.277507
0.251724
0.225107
0.197583
0.169204
0.13997
0.110247
0.0804475
0.0506768
0.0218928
-0.00477003
-0.0281774
-0.0440875
-0.0543009
-0.0405563
-0.0376552
-18.4381
-18.4564
-18.407
-18.1724
-17.6153
-16.7119
-15.5368
-14.1852
-12.7466
-11.3006
-9.91331
-8.62398
-7.44555
-6.38483
-5.44106
-4.60689
-3.87259
-3.22724
-2.66039
-2.16192
-1.7222
-1.33265
-0.986443
-0.677179
-0.401536
-0.158196
0.0556249
0.241254
0.398696
0.528319
0.631382
0.71028
0.76812
0.807405
0.832354
0.847631
0.856157
0.861253
0.867752
0.879462
0.896913
0.918837
0.943585
0.968665
0.991584
1.00878
1.01749
1.01665
1.00722
0.995088
0.985647
0.98353
0.993033
1.01814
1.06064
1.11427
1.16467
1.19905
1.20754
1.1797
1.11891
1.04751
0.985198
0.925062
0.866144
0.811578
0.760507
0.713198
0.671943
0.638825
0.610862
0.58521
0.559217
0.532919
0.506384
0.481968
0.457871
0.433129
0.407154
0.380524
0.354984
0.329996
0.304891
0.27978
0.254112
0.228167
0.201358
0.17372
0.14521
0.116162
0.0866432
0.056928
0.0275107
-0.00102532
-0.0272262
-0.0499792
-0.0645283
-0.0733401
-0.0544304
-0.048879
-18.4515
-18.4632
-18.3984
-18.1501
-17.5901
-16.6919
-15.5251
-14.1836
-12.7555
-11.3189
-9.93904
-8.65495
-7.47989
-6.4209
-5.47758
-4.64287
-3.90738
-3.26046
-2.69193
-2.19174
-1.75039
-1.3593
-1.01156
-0.700963
-0.424239
-0.179982
0.0343891
0.220142
0.377353
0.506343
0.608354
0.686054
0.742678
0.780527
0.804219
0.819308
0.828257
0.833733
0.840849
0.853683
0.872251
0.89495
0.919806
0.94543
0.96869
0.986321
0.995086
0.994167
0.984937
0.973259
0.964724
0.964029
0.975403
1.00274
1.04768
1.1038
1.15639
1.19257
1.20083
1.17113
1.1068
1.03397
0.970092
0.905073
0.843416
0.787117
0.735603
0.688699
0.648316
0.616034
0.589019
0.564618
0.539491
0.513806
0.487367
0.46267
0.438281
0.413354
0.387269
0.360599
0.335032
0.310135
0.285162
0.260171
0.234718
0.208745
0.18204
0.154274
0.125738
0.0964426
0.0667865
0.0368375
0.00727455
-0.0213243
-0.0474287
-0.0698446
-0.0833819
-0.0914436
-0.0681431
-0.0604239
-18.4652
-18.4724
-18.3971
-18.1393
-17.5775
-16.6833
-15.5228
-14.1887
-12.768
-11.3382
-9.96375
-8.68327
-7.51037
-6.45243
-5.50924
-4.67396
-3.93748
-3.2893
-2.71946
-2.21798
-1.77543
-1.38321
-1.03429
-0.722705
-0.445255
-0.200378
0.0142928
0.199964
0.356809
0.48511
0.586103
0.662745
0.718416
0.755385
0.77856
0.793966
0.803709
0.809952
0.817837
0.831384
0.851059
0.874064
0.899283
0.925678
0.949407
0.96722
0.975991
0.975011
0.965961
0.954729
0.94704
0.947645
0.960789
0.990344
1.03779
1.09644
1.15109
1.18836
1.19545
1.16262
1.09403
1.02211
0.953485
0.88529
0.821801
0.76461
0.713198
0.667025
0.627526
0.595983
0.56953
0.54507
0.51983
0.495494
0.469367
0.44452
0.419834
0.394457
0.36779
0.340541
0.314487
0.289133
0.264022
0.238774
0.2132
0.187185
0.16044
0.132703
0.104224
0.0749937
0.0454717
0.015879
-0.0133485
-0.041466
-0.0669303
-0.0887635
-0.101172
-0.10877
-0.0817205
-0.0721553
-18.4787
-18.483
-18.401
-18.1372
-17.5746
-16.6835
-15.5275
-14.1987
-12.7833
-11.3582
-9.98752
-8.70949
-7.5379
-6.48053
-5.53724
-4.70137
-3.964
-3.31471
-2.74381
-2.24129
-1.79779
-1.40471
-1.05495
-0.742709
-0.464793
-0.219536
-0.00480894
0.180581
0.336914
0.464455
0.564481
0.64025
0.695313
0.732075
0.755431
0.771335
0.781873
0.789167
0.798667
0.813616
0.832544
0.85579
0.881809
0.908762
0.932829
0.950748
0.959496
0.958469
0.949575
0.938763
0.931865
0.933704
0.948576
0.980353
1.03036
1.09148
1.14782
1.18483
1.18974
1.15305
1.08215
1.00831
0.935847
0.86592
0.801296
0.743956
0.693085
0.647768
0.609264
0.57878
0.553595
0.530924
0.507365
0.481847
0.455627
0.430605
0.405987
0.380813
0.354657
0.327613
0.301785
0.276598
0.251342
0.226099
0.200452
0.174331
0.147552
0.119705
0.0911574
0.0618506
0.0322058
0.00227525
-0.0271518
-0.0557015
-0.0816067
-0.103647
-0.116103
-0.12401
-0.0945146
-0.0838848
-18.4936
-18.4958
-18.4092
-18.1416
-17.5788
-16.69
-15.5372
-14.2119
-12.7999
-11.3779
-10.0097
-8.73313
-7.56226
-6.50514
-5.56161
-4.72519
-3.98708
-3.33693
-2.76528
-2.26204
-1.81787
-1.42418
-1.07388
-0.761215
-0.482901
-0.237349
-0.0226504
0.162412
0.318243
0.445103
0.544353
0.619473
0.674228
0.711051
0.734632
0.750806
0.761601
0.768872
0.777837
0.793865
0.814565
0.839189
0.866134
0.893666
0.91811
0.936166
0.944923
0.943905
0.935215
0.924888
0.918837
0.921927
0.938488
0.9724
1.02481
1.088
1.14524
1.18039
1.18102
1.14067
1.07094
0.992473
0.918033
0.847205
0.782053
0.724759
0.674186
0.629111
0.59073
0.560052
0.534422
0.51019
0.485228
0.46141
0.435446
0.410419
0.385503
0.359807
0.332911
0.305762
0.279678
0.254293
0.229206
0.203951
0.178352
0.152254
0.125434
0.0976248
0.0690862
0.0397998
0.0102691
-0.0193786
-0.0485779
-0.0765762
-0.101781
-0.123328
-0.134545
-0.142185
-0.109855
-0.0978526
-18.5018
-18.5038
-18.4161
-18.1476
-17.5859
-16.6993
-15.549
-14.2261
-12.8162
-11.396
-10.029
-8.75274
-7.58168
-6.524
-5.57954
-4.74201
-4.00266
-3.35127
-2.7786
-2.27451
-1.82975
-1.43568
-1.08525
-0.772687
-0.494574
-0.249375
-0.0351748
0.149305
0.304562
0.430999
0.530012
0.605251
0.660522
0.698073
0.722527
0.739724
0.751663
0.760496
0.771444
0.786863
0.807243
0.831721
0.858674
0.886222
0.910628
0.928548
0.937117
0.935944
0.927218
0.916995
0.911257
0.914945
0.93247
0.967794
1.02194
1.08654
1.14412
1.17869
1.17831
1.13336
1.06214
0.980998
0.905786
0.834978
0.770346
0.713932
0.664257
0.620099
0.582653
0.552875
0.528086
0.504967
0.481384
0.456927
0.430758
0.405533
0.380572
0.354915
0.328244
0.301029
0.274897
0.249507
0.2243
0.198995
0.173371
0.147248
0.120446
0.0926149
0.064068
0.0347595
0.0051843
-0.02465
-0.0539756
-0.0822423
-0.107828
-0.129637
-0.141372
-0.149489
-0.117046
-0.102309
-18.5239
-18.5255
-18.437
-18.1686
-17.6083
-16.7237
-15.5753
-14.2539
-12.845
-11.4255
-10.0587
-8.78208
-7.61046
-6.55206
-5.60678
-4.76843
-4.02833
-3.37626
-2.80314
-2.29867
-1.85361
-1.45939
-1.10889
-0.796378
-0.518424
-0.273498
-0.0596276
0.12452
0.279531
0.405851
0.504985
0.580572
0.636219
0.674125
0.698894
0.716329
0.728429
0.73697
0.74791
0.763693
0.784942
0.809944
0.837325
0.865182
0.889795
0.90782
0.916436
0.915306
0.906707
0.896787
0.891584
0.896046
0.914577
0.951039
1.00596
1.07057
1.1271
1.15794
1.15572
1.11139
1.03854
0.956925
0.881417
0.810895
0.746649
0.690531
0.641113
0.597166
0.559877
0.530141
0.505291
0.481742
0.457507
0.433237
0.407116
0.381897
0.356905
0.331183
0.304415
0.277215
0.251079
0.225692
0.200507
0.175225
0.149603
0.123475
0.0966609
0.0688254
0.04028
0.0109659
-0.0185998
-0.0483554
-0.077691
-0.105809
-0.131234
-0.152998
-0.164384
-0.172483
-0.139323
-0.130378
-18.4633
-18.4559
-18.4945
-18.482
-18.4627
-18.4376
-18.4077
-18.3761
-18.3457
-18.318
-18.2937
-18.2734
-18.2576
-18.2489
-18.2486
-18.2405
-18.9693
-18.9464
-18.9497
-18.9602
-18.9514
-18.9274
-18.8973
-18.8655
-18.8343
-18.8058
-18.781
-18.7609
-18.7454
-18.7338
-18.7262
-18.7111
-19.4101
-19.4778
-19.5655
-19.5985
-19.5977
-19.5781
-19.5491
-19.5178
-19.4881
-19.4619
-19.4402
-19.4236
-19.4127
-19.4069
-19.4017
-19.3898
-19.4794
-19.5711
-19.6209
-19.6457
-19.6528
-19.6407
-19.6157
-19.5864
-19.5583
-19.5339
-19.514
-19.4989
-19.4885
-19.4824
-19.4777
-19.4649
-18.9095
-18.9704
-19.0061
-19.0346
-19.0449
-19.037
-19.0173
-18.9914
-18.9649
-18.9391
-18.9151
-18.8935
-18.875
-18.8602
-18.8492
-18.8304
-17.798
-17.8436
-17.8788
-17.9059
-17.9168
-17.9117
-17.894
-17.869
-17.8415
-17.8136
-17.7862
-17.7597
-17.7346
-17.7121
-17.6939
-17.6696
-16.3137
-16.3443
-16.3706
-16.3904
-16.3991
-16.395
-16.3784
-16.354
-16.3261
-16.296
-16.264
-16.2303
-16.1956
-16.1617
-16.1314
-16.101
-14.5924
-14.6091
-14.6243
-14.6353
-14.6395
-14.6338
-14.6168
-14.5919
-14.5628
-14.5305
-14.4948
-14.4559
-14.4144
-14.3727
-14.335
-14.3006
-12.8192
-12.82
-12.8228
-12.8251
-12.8249
-12.817
-12.7985
-12.7726
-12.7425
-12.7085
-12.6702
-12.6277
-12.5814
-12.5343
-12.4914
-12.454
-11.0889
-11.0751
-11.0664
-11.0608
-11.0555
-11.0439
-11.0228
-10.9955
-10.9644
-10.9293
-10.8896
-10.8452
-10.7967
-10.747
-10.7018
-10.6629
-9.48754
-9.46203
-9.44453
-9.43288
-9.42316
-9.4079
-9.3844
-9.35591
-9.32408
-9.28837
-9.24813
-9.20314
-9.15406
-9.10372
-9.05797
-9.01876
-8.04406
-8.01047
-7.98628
-7.96961
-7.95568
-7.93668
-7.91079
-7.88123
-7.8489
-7.81305
-7.77299
-7.72852
-7.68029
-7.63104
-7.58632
-7.5478
-6.77358
-6.73582
-6.70804
-6.68836
-6.67113
-6.64894
-6.6213
-6.59121
-6.55885
-6.52334
-6.48403
-6.44077
-6.39421
-6.34693
-6.30406
-6.26674
-5.66898
-5.62931
-5.59983
-5.57795
-5.55668
-5.53082
-5.50186
-5.47165
-5.43958
-5.40474
-5.36658
-5.32498
-5.2806
-5.23587
-5.19534
-5.15953
-4.71693
-4.67737
-4.64791
-4.62466
-4.60015
-4.57192
-4.54249
-4.5124
-4.48074
-4.44671
-4.40985
-4.37009
-4.3281
-4.28615
-4.2483
-4.21436
-3.8987
-3.86004
-3.83088
-3.80685
-3.78102
-3.75214
-3.72275
-3.69294
-3.66183
-3.62872
-3.59327
-3.55546
-3.51595
-3.47691
-3.44189
-3.40989
-3.1979
-3.16101
-3.13243
-3.10684
-3.07928
-3.0503
-3.02151
-2.99243
-2.96222
-2.93033
-2.89649
-2.86073
-2.82372
-2.78748
-2.75513
-2.72489
-2.59573
-2.56129
-2.5335
-2.50617
-2.4771
-2.44826
-2.42003
-2.39159
-2.36223
-2.33151
-2.29921
-2.26538
-2.23069
-2.19701
-2.16708
-2.13838
-2.07646
-2.04409
-2.01693
-1.98942
-1.96045
-1.93209
-1.90434
-1.87648
-1.84789
-1.81822
-1.78732
-1.75523
-1.72262
-1.69124
-1.66349
-1.63614
-1.62771
-1.59703
-1.56977
-1.54182
-1.51326
-1.48554
-1.4584
-1.43118
-1.4034
-1.37478
-1.34519
-1.31472
-1.28398
-1.25464
-1.22884
-1.20268
-1.23779
-1.20862
-1.18078
-1.15214
-1.12403
-1.09698
-1.07046
-1.04389
-1.01689
-0.98924
-0.960845
-0.931799
-0.902689
-0.875102
-0.85097
-0.825788
-0.895563
-0.86774
-0.839881
-0.811281
-0.783673
-0.75712
-0.731055
-0.705004
-0.67866
-0.651834
-0.624452
-0.596611
-0.568871
-0.542742
-0.520017
-0.495637
-0.592507
-0.565836
-0.538557
-0.510553
-0.483506
-0.457393
-0.431726
-0.406122
-0.380325
-0.354184
-0.327646
-0.300808
-0.274202
-0.249281
-0.227751
-0.20396
-0.323173
-0.296856
-0.269668
-0.242302
-0.215905
-0.190297
-0.165069
-0.13992
-0.114647
-0.0891284
-0.0633291
-0.0373457
-0.0116911
0.0122144
0.0326958
0.0561895
-0.0827303
-0.0563005
-0.0289168
-0.00211541
0.0237131
0.0488822
0.0737186
0.098461
0.123279
0.148271
0.173458
0.198744
0.223636
0.24674
0.266384
0.289634
0.134264
0.160254
0.18722
0.213482
0.238886
0.263743
0.288307
0.312764
0.337254
0.361858
0.386587
0.411346
0.435661
0.458172
0.477216
0.500148
0.329205
0.354805
0.381374
0.407288
0.432429
0.457076
0.481451
0.505716
0.529986
0.554326
0.578736
0.603125
0.627032
0.649127
0.667751
0.69045
0.504836
0.530215
0.556572
0.5823
0.60731
0.631844
0.656095
0.680216
0.704318
0.728459
0.752641
0.776773
0.800404
0.822218
0.84055
0.863091
0.661451
0.687653
0.7142
0.73994
0.764972
0.789531
0.813786
0.837876
0.861914
0.885963
0.910024
0.93401
0.957475
0.979112
0.997241
1.01967
0.801101
0.828229
0.854919
0.88071
0.905831
0.930483
0.954812
0.978954
1.00302
1.02706
1.05109
1.07502
1.09839
1.11992
1.1379
1.16025
0.923776
0.951485
0.978422
1.00448
1.02987
1.05473
1.07923
1.10349
1.12764
1.15174
1.17578
1.19969
1.22303
1.24448
1.26233
1.28462
1.02888
1.05745
1.08504
1.11167
1.13751
1.16272
1.18746
1.2119
1.23617
1.26033
1.2844
1.3083
1.3316
1.35297
1.37068
1.39289
1.11634
1.14615
1.17471
1.20209
1.22848
1.25408
1.27911
1.30374
1.32813
1.35236
1.37645
1.40032
1.42354
1.44479
1.46228
1.48439
1.18723
1.21837
1.24799
1.27618
1.30318
1.32925
1.35461
1.37946
1.40398
1.42825
1.4523
1.47607
1.49913
1.52017
1.53735
1.55931
1.24312
1.2757
1.30643
1.33547
1.36309
1.38959
1.41523
1.44024
1.46481
1.48903
1.51295
1.53651
1.55931
1.58005
1.59683
1.6186
1.28571
1.31972
1.35148
1.38125
1.40938
1.4362
1.462
1.48705
1.51155
1.53561
1.5593
1.58255
1.60498
1.62533
1.64159
1.66312
1.31565
1.35092
1.38362
1.41407
1.44266
1.46975
1.49568
1.52072
1.54509
1.56892
1.59226
1.61509
1.63702
1.65684
1.67242
1.69365
1.33498
1.37121
1.40462
1.43556
1.46446
1.4917
1.51764
1.54255
1.56667
1.59013
1.61299
1.63522
1.6565
1.67565
1.69039
1.71128
1.34623
1.38299
1.41675
1.4479
1.47687
1.50406
1.52982
1.55444
1.57814
1.60107
1.62329
1.64477
1.66525
1.68365
1.69745
1.71799
1.35261
1.38932
1.42299
1.45399
1.48274
1.50963
1.53501
1.55915
1.58227
1.60452
1.62596
1.64657
1.66616
1.68377
1.69659
1.71682
1.35662
1.39273
1.4259
1.45644
1.48475
1.51117
1.53602
1.55958
1.58205
1.60355
1.62416
1.64387
1.66256
1.67942
1.69131
1.71127
1.36022
1.39535
1.42772
1.4576
1.48529
1.51114
1.53542
1.55838
1.5802
1.601
1.62084
1.63972
1.65759
1.67382
1.68489
1.70465
1.36514
1.39912
1.43055
1.45965
1.48667
1.51191
1.53561
1.55798
1.57919
1.59934
1.61849
1.63666
1.65387
1.66965
1.68003
1.69963
1.37261
1.40557
1.43617
1.46458
1.491
1.51569
1.53887
1.56071
1.58137
1.60097
1.61955
1.63716
1.65388
1.66944
1.67915
1.69866
1.38241
1.4147
1.44472
1.47262
1.49863
1.52295
1.54579
1.56731
1.58767
1.60697
1.62526
1.64255
1.65899
1.67463
1.68339
1.70271
1.39327
1.4252
1.45492
1.4826
1.50848
1.53275
1.55561
1.57721
1.59771
1.61718
1.63561
1.65284
1.66903
1.68569
1.69213
1.71178
1.40368
1.43559
1.46542
1.4933
1.51941
1.54393
1.56708
1.58901
1.60984
1.62961
1.64827
1.66563
1.68133
1.69636
1.7048
1.72316
1.41065
1.44361
1.47432
1.50293
1.52967
1.55476
1.57836
1.60057
1.62151
1.64124
1.65967
1.67658
1.69182
1.70598
1.715
1.73202
1.41277
1.44727
1.47929
1.50896
1.5364
1.5618
1.58546
1.60762
1.62835
1.64764
1.66539
1.68156
1.69685
1.71043
1.71856
1.73489
1.40926
1.44485
1.47766
1.5078
1.53547
1.56097
1.58456
1.60644
1.6267
1.64546
1.66338
1.68033
1.69508
1.70703
1.71421
1.72992
1.40239
1.43807
1.47069
1.5006
1.52824
1.55381
1.57741
1.59942
1.62044
1.6403
1.65781
1.67278
1.68558
1.69609
1.70228
1.71751
1.39509
1.43054
1.46286
1.49241
1.51968
1.5452
1.56928
1.59177
1.61206
1.62994
1.64541
1.65852
1.6697
1.67903
1.68454
1.69967
1.38759
1.42236
1.45419
1.48342
1.51037
1.5352
1.55793
1.57839
1.59638
1.61185
1.62494
1.63601
1.64567
1.65417
1.65939
1.67496
1.38094
1.41383
1.44405
1.47175
1.49699
1.51972
1.53987
1.55742
1.57246
1.58522
1.59602
1.60536
1.61396
1.62225
1.62752
1.64384
1.37585
1.40527
1.43226
1.45676
1.47871
1.49806
1.5149
1.52939
1.54181
1.55244
1.56167
1.5701
1.57854
1.58743
1.59293
1.61004
1.37418
1.3975
1.41908
1.43869
1.45626
1.4718
1.48543
1.49725
1.50761
1.51697
1.5257
1.53415
1.54303
1.55309
1.55843
1.57664
1.36213
1.37945
1.39585
1.41114
1.42504
1.4375
1.44883
1.4594
1.46932
1.47874
1.48794
1.49708
1.50661
1.51862
1.52285
1.54221
1.33262
1.34549
1.35795
1.37012
1.38225
1.39413
1.40543
1.4162
1.42668
1.43707
1.44743
1.45766
1.46746
1.48208
1.48685
1.506
1.29169
1.30234
1.31435
1.32672
1.33888
1.3509
1.36291
1.37486
1.38668
1.3984
1.41005
1.42168
1.43335
1.44594
1.45224
1.47113
1.25684
1.26802
1.27984
1.29239
1.30544
1.31874
1.3321
1.34543
1.3587
1.37189
1.38489
1.39713
1.40881
1.42129
1.42881
1.44767
1.23056
1.24328
1.25701
1.2714
1.28613
1.30098
1.31574
1.33012
1.34351
1.35616
1.36868
1.38154
1.39468
1.40788
1.41602
1.43495
1.20816
1.22408
1.2402
1.25617
1.27158
1.28617
1.30039
1.31473
1.3296
1.34468
1.35937
1.37368
1.38773
1.40146
1.41007
1.42903
1.18607
1.20372
1.22064
1.23742
1.25452
1.27199
1.2894
1.30637
1.32299
1.33925
1.35506
1.37036
1.38518
1.39943
1.40828
1.42726
1.16343
1.18382
1.20439
1.22478
1.24465
1.26403
1.28289
1.30125
1.31912
1.33648
1.35326
1.36936
1.38477
1.39943
1.40831
1.42726
1.1453
1.16941
1.19267
1.21502
1.23652
1.25727
1.27733
1.29675
1.31556
1.33373
1.35118
1.36777
1.38352
1.39848
1.40715
1.4261
1.12785
1.15445
1.17963
1.20357
1.22641
1.24826
1.26924
1.28943
1.30889
1.3276
1.34544
1.36223
1.37801
1.39316
1.40127
1.42034
1.10892
1.13724
1.16385
1.18894
1.21273
1.2354
1.25709
1.27785
1.29772
1.31665
1.33452
1.35112
1.36654
1.38183
1.38901
1.40845
1.08583
1.11567
1.14359
1.16972
1.19424
1.21739
1.23934
1.2602
1.28
1.29872
1.31622
1.33225
1.3468
1.36262
1.36839
1.38781
1.05612
1.08679
1.11516
1.14162
1.16644
1.18974
1.21162
1.23219
1.25148
1.26955
1.28641
1.30184
1.31477
1.33156
1.33632
1.35594
1.01587
1.04679
1.07557
1.10227
1.12709
1.15019
1.17173
1.19182
1.21055
1.22796
1.24408
1.25888
1.27179
1.28659
1.2926
1.31161
0.973038
1.00319
1.0312
1.0572
1.08136
1.10383
1.12473
1.14416
1.16219
1.17888
1.19429
1.20871
1.22211
1.2365
1.24234
1.26126
0.929437
0.958097
0.984865
1.00984
1.03311
1.05477
1.07494
1.09373
1.11137
1.12812
1.14384
1.15806
1.17081
1.18493
1.19072
1.20956
0.883794
0.911311
0.937259
0.961733
0.984883
1.00673
1.02717
1.04619
1.0638
1.07996
1.09489
1.10866
1.12115
1.13542
1.14105
1.15993
0.841568
0.869238
0.895261
0.919529
0.942026
0.962872
0.982327
1.00055
1.01756
1.03343
1.04827
1.06203
1.0742
1.08909
1.09439
1.11347
0.806335
0.832494
0.857121
0.880312
0.902088
0.922496
0.941612
0.959538
0.976369
0.992165
1.00706
1.0211
1.03266
1.04832
1.05302
1.07235
0.771438
0.796995
0.821192
0.844007
0.865533
0.885892
0.905117
0.923206
0.940179
0.956039
0.970777
0.985728
0.995629
1.01314
1.01672
1.03674
0.740862
0.766139
0.790239
0.813257
0.835074
0.855616
0.874951
0.893152
0.910251
0.926262
0.941129
0.955201
0.966828
0.982318
0.987242
1.0066
0.714893
0.740557
0.765025
0.788171
0.809948
0.830327
0.849477
0.867542
0.884533
0.900474
0.915446
0.929505
0.941726
0.956791
0.9622
0.981399
0.691895
0.717661
0.742124
0.76509
0.786596
0.80707
0.826511
0.844753
0.861839
0.877854
0.892867
0.906858
0.919178
0.934005
0.939582
0.958696
0.670962
0.696839
0.72114
0.743915
0.765679
0.78633
0.805674
0.823808
0.840844
0.856839
0.871836
0.885793
0.898077
0.912855
0.918444
0.937525
0.651355
0.677072
0.701366
0.724382
0.74625
0.766715
0.785904
0.803972
0.820983
0.836953
0.851901
0.865798
0.87794
0.892718
0.898239
0.917292
0.631867
0.657257
0.68138
0.704491
0.72615
0.746424
0.765518
0.783535
0.800482
0.816362
0.831221
0.845078
0.857059
0.871921
0.877329
0.896386
0.610047
0.635821
0.660143
0.683094
0.704594
0.724838
0.743933
0.761896
0.778719
0.79442
0.809105
0.822888
0.834636
0.849608
0.854863
0.873931
0.586014
0.611765
0.636064
0.658894
0.680365
0.700604
0.719666
0.737558
0.75429
0.769904
0.784516
0.798337
0.809873
0.82501
0.830111
0.849197
0.560215
0.585818
0.609924
0.632583
0.653976
0.674172
0.693168
0.71097
0.727598
0.743103
0.757606
0.771472
0.78277
0.798108
0.803027
0.822186
0.533392
0.558922
0.582812
0.605272
0.62649
0.646534
0.665408
0.683105
0.69965
0.715089
0.729519
0.743445
0.754574
0.770037
0.774848
0.794016
0.506098
0.531317
0.555086
0.57746
0.598549
0.618456
0.637196
0.654772
0.671213
0.68656
0.700889
0.714846
0.725804
0.741387
0.746125
0.765316
0.478124
0.503107
0.526796
0.549171
0.570207
0.589993
0.608609
0.626082
0.64245
0.657749
0.672017
0.686034
0.696868
0.712522
0.717187
0.736394
0.449399
0.474256
0.497813
0.520103
0.541061
0.560739
0.579269
0.596675
0.612987
0.628237
0.642408
0.656473
0.667148
0.682922
0.687507
0.706727
0.419956
0.444723
0.468147
0.490298
0.51117
0.530776
0.549192
0.566493
0.582739
0.597968
0.612071
0.62625
0.636775
0.652643
0.657166
0.676414
0.389634
0.414261
0.437496
0.459433
0.480139
0.499667
0.518045
0.535291
0.55147
0.566663
0.580631
0.59487
0.605291
0.621209
0.625698
0.64495
0.358724
0.383226
0.406352
0.428146
0.44866
0.467971
0.486167
0.503281
0.519367
0.534519
0.548437
0.562666
0.573056
0.588935
0.593454
0.612691
0.326665
0.350865
0.37371
0.395252
0.415546
0.434691
0.452738
0.469706
0.485655
0.500706
0.514591
0.528679
0.539177
0.554856
0.559468
0.57869
0.293322
0.317084
0.339502
0.36064
0.380558
0.399385
0.417184
0.433951
0.449723
0.46458
0.478435
0.492188
0.503012
0.518335
0.523188
0.54229
0.258258
0.281231
0.302959
0.323491
0.342876
0.361207
0.378538
0.394901
0.410366
0.425002
0.438816
0.452195
0.463317
0.478118
0.483248
0.502256
0.221696
0.243464
0.264022
0.283467
0.301927
0.319504
0.336224
0.352123
0.367245
0.381603
0.395224
0.408282
0.419594
0.434035
0.439399
0.458359
0.181724
0.201231
0.219709
0.237283
0.254087
0.27021
0.285706
0.300577
0.314801
0.328386
0.341374
0.353833
0.365202
0.378771
0.384596
0.403257
0.138553
0.155002
0.170804
0.186135
0.201118
0.215764
0.230047
0.243942
0.257443
0.270597
0.283432
0.295885
0.307638
0.321046
0.32731
0.345913
0.0868014
0.0974078
0.10747
0.117226
0.126943
0.136731
0.146632
0.15666
0.166768
0.176908
0.187067
0.197253
0.207339
0.219157
0.225081
0.243392
0.0358123
0.0418905
0.0483922
0.0553845
0.0629025
0.0709043
0.0793312
0.08811
0.0971459
0.106359
0.115706
0.125165
0.134707
0.144769
0.153249
0.165824
)
;

boundaryField
{
    frontAndBack
    {
        type            empty;
    }
    inlet
    {
        type            zeroGradient;
    }
    outlet
    {
        type            fixedValue;
        value           uniform 0;
    }
    walls
    {
        type            zeroGradient;
    }
}


// ************************************************************************* //
