/*--------------------------------*- C++ -*----------------------------------*\
| =========                 |                                                 |
| \\      /  F ield         | OpenFOAM: The Open Source CFD Toolbox           |
|  \\    /   O peration     | Version:  v2012                                 |
|   \\  /    A nd           | Website:  www.openfoam.com                      |
|    \\/     M anipulation  |                                                 |
\*---------------------------------------------------------------------------*/
FoamFile
{
    version     2.0;
    format      ascii;
    class       volScalarField;
    location    "0.257";
    object      p;
}
// * * * * * * * * * * * * * * * * * * * * * * * * * * * * * * * * * * * * * //

dimensions      [0 2 -2 0 0 0 0];


internalField   nonuniform List<scalar> 
5600
(
-0.556099
-1.01421
-1.39478
-1.71323
-2.02399
-2.33442
-2.63556
-2.91744
-3.18049
-3.43054
-3.66731
-3.89178
-4.10645
-4.31259
-4.5128
-4.70878
-4.90069
-5.09078
-5.27763
-5.46286
-5.64547
-5.8258
-6.00373
-6.17982
-6.35489
-6.52826
-6.70059
-6.8718
-7.04257
-7.21282
-7.38251
-7.55146
-7.71968
-7.88736
-8.05475
-8.22125
-8.38743
-8.55275
-8.71761
-8.88185
-9.04534
-9.20852
-9.37088
-9.53261
-9.69389
-9.85456
-10.0148
-10.1744
-10.3337
-10.4925
-10.6507
-10.8085
-10.9659
-11.1228
-11.2793
-11.4354
-11.5911
-11.7463
-11.9011
-12.0554
-12.2093
-12.3629
-12.5162
-12.669
-12.8214
-12.9735
-13.1252
-13.2766
-13.4276
-13.5783
-13.7288
-13.8789
-14.0288
-14.1784
-14.3276
-14.4766
-14.6253
-14.7738
-14.9219
-15.07
-15.2177
-15.3654
-15.5126
-15.6598
-15.8066
-15.9534
-16.1
-16.2465
-16.3928
-16.5388
-16.6845
-16.8299
-16.9758
-17.1214
-17.2677
-17.4142
-17.5634
-17.7168
-17.8743
-18.1194
-0.615136
-1.03439
-1.41139
-1.73104
-2.04198
-2.35276
-2.65381
-2.93596
-3.19936
-3.44946
-3.68646
-3.91123
-4.12623
-4.33274
-4.53331
-4.72961
-4.92181
-5.11215
-5.29916
-5.48446
-5.6673
-5.84773
-6.02572
-6.20191
-6.37713
-6.55062
-6.72305
-6.89434
-7.06521
-7.23555
-7.40532
-7.57434
-7.74259
-7.9103
-8.07773
-8.24426
-8.41047
-8.57582
-8.74071
-8.90499
-9.0685
-9.23172
-9.39412
-9.55586
-9.71718
-9.87785
-10.0381
-10.1977
-10.357
-10.5158
-10.674
-10.8319
-10.9893
-11.1461
-11.3026
-11.4587
-11.6144
-11.7696
-11.9243
-12.0786
-12.2325
-12.3861
-12.5394
-12.6921
-12.8446
-12.9966
-13.1484
-13.2997
-13.4508
-13.6015
-13.7519
-13.902
-14.0519
-14.2015
-14.3507
-14.4997
-14.6484
-14.7969
-14.945
-15.0931
-15.2408
-15.3885
-15.5357
-15.6829
-15.8297
-15.9765
-16.123
-16.2696
-16.4158
-16.5619
-16.7075
-16.8532
-16.9987
-17.1449
-17.29
-17.4383
-17.5845
-17.7418
-17.8942
-18.1317
-0.653388
-1.04701
-1.42414
-1.74439
-2.05319
-2.36148
-2.66142
-2.94321
-3.20631
-3.45615
-3.69284
-3.9177
-4.13274
-4.33921
-4.53985
-4.73611
-4.92838
-5.1187
-5.30574
-5.49105
-5.67387
-5.85436
-6.03248
-6.20878
-6.38385
-6.55736
-6.7297
-6.901
-7.07176
-7.24207
-7.41175
-7.58072
-7.74902
-7.91674
-8.08415
-8.25066
-8.41685
-8.58217
-8.74703
-8.91126
-9.07471
-9.23788
-9.40019
-9.56185
-9.72311
-9.88378
-10.0441
-10.2037
-10.363
-10.5217
-10.68
-10.8378
-10.9952
-11.1521
-11.3087
-11.4648
-11.6206
-11.7758
-11.9307
-12.085
-12.239
-12.3927
-12.546
-12.6988
-12.8513
-13.0034
-13.1552
-13.3066
-13.4577
-13.6084
-13.7589
-13.909
-14.0589
-14.2085
-14.3578
-14.5068
-14.6556
-14.8041
-14.9522
-15.1003
-15.2481
-15.3957
-15.543
-15.6902
-15.837
-15.9838
-16.1304
-16.277
-16.4232
-16.5693
-16.7149
-16.8606
-17.0061
-17.1523
-17.2975
-17.4458
-17.5924
-17.7503
-17.9018
-18.1293
-0.702113
-1.06349
-1.43952
-1.76123
-2.06876
-2.37613
-2.6764
-2.95886
-3.22255
-3.47275
-3.71
-3.93487
-4.15039
-4.35705
-4.55777
-4.75391
-4.94611
-5.13611
-5.32291
-5.50785
-5.69055
-5.87094
-6.04906
-6.2255
-6.40063
-6.57447
-6.74714
-6.9188
-7.08979
-7.26033
-7.43018
-7.5993
-7.7676
-7.9354
-8.10287
-8.26948
-8.43575
-8.60117
-8.76613
-8.93049
-9.09407
-9.25741
-9.4199
-9.58176
-9.7432
-9.90388
-10.0642
-10.2239
-10.3832
-10.5421
-10.7004
-10.8583
-11.0158
-11.1727
-11.3292
-11.4852
-11.641
-11.7961
-11.9508
-12.1051
-12.259
-12.4126
-12.5658
-12.7185
-12.8709
-13.0229
-13.1747
-13.326
-13.477
-13.6277
-13.7782
-13.9283
-14.0782
-14.2277
-14.3769
-14.5259
-14.6746
-14.8231
-14.9713
-15.1193
-15.2671
-15.4147
-15.5619
-15.7091
-15.856
-16.0027
-16.1493
-16.2958
-16.442
-16.5881
-16.7337
-16.8794
-17.025
-17.1709
-17.3165
-17.4639
-17.6112
-17.7671
-17.9232
-18.1282
-0.751738
-1.08062
-1.45526
-1.77942
-2.08536
-2.3919
-2.69185
-2.97415
-3.23785
-3.48785
-3.72534
-3.94994
-4.16569
-4.37252
-4.57351
-4.76975
-4.9622
-5.15227
-5.33926
-5.52426
-5.70696
-5.88736
-6.06545
-6.24178
-6.41668
-6.59038
-6.76282
-6.93432
-7.10505
-7.27549
-7.44525
-7.61436
-7.78271
-7.95061
-8.11807
-8.28473
-8.45097
-8.61643
-8.78132
-8.94566
-9.10916
-9.2724
-9.43476
-9.59655
-9.75788
-9.91855
-10.0788
-10.2385
-10.3977
-10.5565
-10.7148
-10.8726
-11.0299
-11.1868
-11.3433
-11.4994
-11.6553
-11.8105
-11.9654
-12.1197
-12.2736
-12.4273
-12.5807
-12.7336
-12.8861
-13.0382
-13.19
-13.3414
-13.4925
-13.6433
-13.7938
-13.944
-14.0939
-14.2435
-14.3927
-14.5418
-14.6906
-14.839
-14.9873
-15.1353
-15.2831
-15.4308
-15.578
-15.7252
-15.8721
-16.0188
-16.1655
-16.312
-16.4583
-16.6043
-16.7501
-16.8956
-17.0413
-17.1872
-17.3328
-17.4802
-17.6272
-17.7827
-17.9358
-18.1323
-0.801769
-1.09995
-1.47253
-1.79968
-2.104
-2.40955
-2.70915
-2.99144
-3.2554
-3.50557
-3.74331
-3.96824
-4.18429
-4.39137
-4.59259
-4.78891
-4.9815
-5.17153
-5.35861
-5.5436
-5.72615
-5.90654
-6.08467
-6.26107
-6.436
-6.60978
-6.78224
-6.95378
-7.12456
-7.29485
-7.46464
-7.63368
-7.802
-7.9698
-8.13713
-8.30373
-8.46985
-8.63528
-8.80012
-8.96441
-9.12795
-9.29137
-9.45381
-9.61568
-9.77706
-9.93784
-10.0982
-10.2579
-10.4172
-10.5761
-10.7344
-10.8924
-11.0498
-11.2067
-11.3633
-11.5194
-11.6752
-11.8304
-11.9852
-12.1396
-12.2936
-12.4472
-12.6004
-12.7531
-12.9056
-13.0577
-13.2095
-13.3608
-13.5119
-13.6626
-13.8131
-13.9632
-14.1131
-14.2627
-14.412
-14.561
-14.7098
-14.8582
-15.0065
-15.1545
-15.3023
-15.4499
-15.5972
-15.7444
-15.8913
-16.038
-16.1846
-16.3311
-16.4774
-16.6235
-16.7692
-16.9148
-17.0605
-17.2063
-17.3519
-17.4991
-17.6459
-17.8001
-17.9518
-18.1381
-0.851183
-1.12178
-1.49158
-1.82197
-2.12484
-2.42932
-2.72868
-3.01099
-3.27516
-3.52545
-3.76328
-3.98849
-4.20459
-4.41185
-4.61318
-4.80959
-5.00229
-5.19231
-5.37947
-5.56443
-5.74699
-5.92741
-6.1056
-6.28204
-6.457
-6.63077
-6.80327
-6.97481
-7.1457
-7.31587
-7.48569
-7.65473
-7.82309
-7.99088
-8.15819
-8.32482
-8.49089
-8.65633
-8.82113
-8.98537
-9.14892
-9.31225
-9.47467
-9.63646
-9.79774
-9.95845
-10.1187
-10.2784
-10.4376
-10.5964
-10.7547
-10.9126
-11.07
-11.227
-11.3835
-11.5396
-11.6955
-11.8508
-12.0056
-12.16
-12.3139
-12.4675
-12.6208
-12.7737
-12.9262
-13.0783
-13.2301
-13.3815
-13.5326
-13.6833
-13.8338
-13.9839
-14.1339
-14.2834
-14.4327
-14.5818
-14.7306
-14.879
-15.0273
-15.1753
-15.3232
-15.4708
-15.6181
-15.7653
-15.9122
-16.0589
-16.2055
-16.3521
-16.4983
-16.6445
-16.7901
-16.9358
-17.0814
-17.2272
-17.3728
-17.5196
-17.6663
-17.8188
-17.9686
-18.1443
-0.89816
-1.14627
-1.51298
-1.84645
-2.14811
-2.45155
-2.75077
-3.03307
-3.29741
-3.5478
-3.78568
-4.01116
-4.22729
-4.43479
-4.63623
-4.83278
-5.02559
-5.21561
-5.40284
-5.5878
-5.77038
-5.95078
-6.12898
-6.30544
-6.48043
-6.65419
-6.82671
-6.99827
-7.16918
-7.33938
-7.50917
-7.67822
-7.84658
-8.01439
-8.18168
-8.34833
-8.51439
-8.67983
-8.84465
-9.00891
-9.17255
-9.33568
-9.49813
-9.65995
-9.82122
-9.98195
-10.1422
-10.3019
-10.4611
-10.6199
-10.7781
-10.936
-11.0934
-11.2504
-11.4069
-11.563
-11.7188
-11.874
-12.0288
-12.1831
-12.3371
-12.4906
-12.6439
-12.7967
-12.9492
-13.1013
-13.2531
-13.4045
-13.5557
-13.7064
-13.8569
-14.007
-14.157
-14.3065
-14.4558
-14.6049
-14.7538
-14.9022
-15.0504
-15.1985
-15.3463
-15.4939
-15.6413
-15.7884
-15.9353
-16.082
-16.2287
-16.3752
-16.5215
-16.6676
-16.8133
-16.9589
-17.1045
-17.2503
-17.3958
-17.5423
-17.6886
-17.8392
-17.9866
-18.1511
-0.941139
-1.17335
-1.5373
-1.87324
-2.17402
-2.4766
-2.77574
-3.05801
-3.32245
-3.57295
-3.81087
-4.03658
-4.25272
-4.46042
-4.66193
-4.85857
-5.05145
-5.24145
-5.42871
-5.61368
-5.79626
-5.97661
-6.15483
-6.33131
-6.50633
-6.68009
-6.85263
-7.02421
-7.19514
-7.36538
-7.53512
-7.70417
-7.87255
-8.04036
-8.20765
-8.3743
-8.54036
-8.70578
-8.87062
-9.03488
-9.19852
-9.3616
-9.52408
-9.68592
-9.84718
-10.0079
-10.1681
-10.3278
-10.4871
-10.6458
-10.8041
-10.962
-11.1193
-11.2764
-11.4329
-11.589
-11.7447
-11.8999
-12.0547
-12.209
-12.363
-12.5165
-12.6697
-12.8225
-12.975
-13.1271
-13.2788
-13.4303
-13.5814
-13.7321
-13.8826
-14.0327
-14.1826
-14.3322
-14.4814
-14.6304
-14.7792
-14.9277
-15.076
-15.224
-15.3718
-15.5194
-15.6667
-15.8139
-15.9608
-16.1075
-16.2542
-16.4007
-16.547
-16.6931
-16.8388
-16.9845
-17.13
-17.2757
-17.4211
-17.5673
-17.713
-17.8616
-18.006
-18.1588
-0.978319
-1.20255
-1.56513
-1.90251
-2.20277
-2.50488
-2.80403
-3.08621
-3.35072
-3.60131
-3.83924
-4.06509
-4.28121
-4.48903
-4.69056
-4.88727
-5.0802
-5.2702
-5.45749
-5.64247
-5.82504
-6.00535
-6.18359
-6.36009
-6.53513
-6.70887
-6.88142
-7.05302
-7.22397
-7.39424
-7.56392
-7.73298
-7.90137
-8.06919
-8.23648
-8.40311
-8.56918
-8.7346
-8.89943
-9.06372
-9.22736
-9.39043
-9.5529
-9.71476
-9.876
-10.0368
-10.197
-10.3566
-10.5159
-10.6746
-10.8329
-10.9908
-11.1481
-11.3052
-11.4617
-11.6178
-11.7735
-11.9287
-12.0835
-12.2378
-12.3918
-12.5454
-12.6986
-12.8514
-13.0038
-13.1559
-13.3077
-13.4591
-13.6102
-13.761
-13.9113
-14.0616
-14.2114
-14.361
-14.5102
-14.6592
-14.808
-14.9565
-15.1047
-15.2527
-15.4005
-15.548
-15.6953
-15.8425
-15.9894
-16.136
-16.2827
-16.4292
-16.5754
-16.7215
-16.8673
-17.0129
-17.1584
-17.304
-17.4493
-17.5951
-17.7401
-17.8865
-18.0273
-18.1684
-1.00567
-1.23185
-1.59554
-1.93285
-2.23301
-2.53526
-2.8345
-3.11652
-3.38105
-3.63171
-3.8696
-4.09547
-4.31153
-4.51939
-4.72089
-4.91762
-5.11056
-5.30056
-5.48785
-5.67285
-5.85541
-6.03566
-6.2139
-6.39039
-6.56546
-6.73917
-6.91171
-7.08331
-7.25429
-7.42458
-7.59422
-7.76329
-7.93169
-8.09951
-8.26681
-8.43342
-8.5995
-8.76492
-8.92972
-9.09407
-9.25769
-9.42076
-9.5832
-9.74508
-9.90631
-10.0671
-10.2273
-10.387
-10.5462
-10.705
-10.8633
-11.0211
-11.1784
-11.3356
-11.492
-11.6482
-11.8038
-11.959
-12.1138
-12.2682
-12.4221
-12.5757
-12.7289
-12.8817
-13.0342
-13.1863
-13.338
-13.4894
-13.6405
-13.7913
-13.9416
-14.0919
-14.2417
-14.3913
-14.5405
-14.6895
-14.8383
-14.9867
-15.1349
-15.283
-15.4307
-15.5783
-15.7257
-15.8728
-16.0197
-16.1664
-16.313
-16.4595
-16.6058
-16.7519
-16.8977
-17.0433
-17.1888
-17.3342
-17.4794
-17.6247
-17.769
-17.913
-18.0503
-18.1816
-1.02046
-1.2585
-1.6256
-1.96132
-2.2618
-2.56479
-2.86423
-3.14601
-3.41052
-3.66121
-3.89899
-4.1248
-4.34074
-4.54854
-4.74998
-4.94668
-5.1396
-5.32959
-5.51684
-5.70188
-5.88441
-6.0646
-6.24283
-6.41931
-6.5944
-6.76809
-6.94062
-7.11221
-7.28323
-7.45353
-7.62312
-7.7922
-7.96061
-8.12843
-8.29574
-8.46232
-8.62843
-8.79383
-8.9586
-9.123
-9.28661
-9.44966
-9.61208
-9.77398
-9.93522
-10.096
-10.2562
-10.4159
-10.5751
-10.7339
-10.8922
-11.0501
-11.2074
-11.3645
-11.521
-11.6771
-11.8327
-11.9879
-12.1427
-12.297
-12.451
-12.6046
-12.7577
-12.9106
-13.063
-13.2151
-13.3669
-13.5183
-13.6694
-13.8202
-13.9706
-14.1209
-14.2707
-14.4203
-14.5695
-14.7186
-14.8673
-15.0158
-15.1641
-15.3121
-15.4599
-15.6075
-15.7548
-15.9019
-16.0489
-16.1956
-16.3423
-16.4888
-16.6351
-16.7813
-16.9271
-17.0728
-17.2182
-17.3636
-17.5086
-17.6535
-17.7971
-17.9392
-18.0735
-18.1971
-1.02418
-1.28207
-1.65363
-1.98666
-2.28787
-2.59196
-2.89165
-3.17315
-3.43762
-3.68833
-3.92597
-4.15163
-4.36743
-4.5751
-4.77642
-4.97306
-5.16595
-5.35592
-5.54314
-5.72821
-5.91071
-6.09083
-6.26904
-6.4455
-6.6206
-6.79424
-6.96676
-7.13832
-7.3094
-7.47968
-7.64925
-7.81832
-7.98674
-8.15456
-8.32187
-8.48845
-8.65456
-8.81997
-8.98473
-9.14919
-9.31276
-9.47581
-9.63823
-9.8001
-9.96136
-10.1221
-10.2823
-10.442
-10.6012
-10.76
-10.9182
-11.0761
-11.2335
-11.3906
-11.5471
-11.7032
-11.8589
-12.0141
-12.1689
-12.3233
-12.4773
-12.6309
-12.7841
-12.9369
-13.0894
-13.2415
-13.3933
-13.5447
-13.6959
-13.8466
-13.9972
-14.1474
-14.2972
-14.4468
-14.5961
-14.7452
-14.894
-15.0425
-15.1907
-15.3388
-15.4866
-15.6341
-15.7814
-15.9285
-16.0754
-16.2221
-16.3687
-16.5152
-16.6614
-16.8074
-16.9534
-17.0991
-17.2446
-17.39
-17.535
-17.6795
-17.8223
-17.963
-18.0951
-18.2132
-1.0191
-1.3034
-1.67959
-2.00931
-2.31158
-2.61694
-2.91693
-3.19806
-3.46247
-3.71319
-3.95065
-4.17613
-4.39179
-4.59929
-4.80048
-4.99703
-5.18986
-5.37981
-5.56697
-5.75209
-5.93456
-6.11461
-6.29279
-6.46925
-6.64434
-6.81796
-6.99045
-7.16197
-7.3331
-7.50336
-7.67291
-7.84197
-8.0104
-8.1782
-8.34551
-8.51208
-8.67818
-8.84353
-9.00833
-9.17281
-9.33638
-9.49941
-9.66185
-9.82372
-9.985
-10.1457
-10.306
-10.4657
-10.625
-10.7838
-10.9421
-11.0999
-11.2574
-11.4145
-11.5711
-11.7272
-11.8829
-12.0382
-12.193
-12.3474
-12.5014
-12.655
-12.8083
-12.9611
-13.1135
-13.2655
-13.4173
-13.5688
-13.7199
-13.8706
-14.0212
-14.1714
-14.3212
-14.4708
-14.6201
-14.7692
-14.9179
-15.0664
-15.2147
-15.3628
-15.5106
-15.6581
-15.8055
-15.9526
-16.0996
-16.2463
-16.3931
-16.5397
-16.686
-16.8321
-16.9778
-17.1234
-17.2689
-17.4141
-17.559
-17.7034
-17.8461
-17.985
-18.1153
-18.2294
-1.00777
-1.32286
-1.70322
-2.02953
-2.33312
-2.63982
-2.94023
-3.22099
-3.48532
-3.73601
-3.97327
-4.19847
-4.41395
-4.62127
-4.82231
-5.01874
-5.21149
-5.40139
-5.5885
-5.77364
-5.95605
-6.13604
-6.31415
-6.49062
-6.66567
-6.83932
-7.0117
-7.18327
-7.35442
-7.52464
-7.69419
-7.86323
-8.03172
-8.19952
-8.36684
-8.53345
-8.69957
-8.86495
-9.02988
-9.19433
-9.3579
-9.521
-9.68352
-9.84543
-10.0068
-10.1676
-10.3279
-10.4876
-10.6469
-10.8057
-10.964
-11.1218
-11.2793
-11.4363
-11.5929
-11.749
-11.9047
-12.0599
-12.2147
-12.3691
-12.5231
-12.6767
-12.8299
-12.9828
-13.1352
-13.2872
-13.439
-13.5905
-13.7416
-13.8923
-14.0428
-14.193
-14.3428
-14.4924
-14.6417
-14.7907
-14.9394
-15.0879
-15.2361
-15.3841
-15.5319
-15.6794
-15.8267
-15.9737
-16.1206
-16.2672
-16.4137
-16.5601
-16.7064
-16.8524
-16.9984
-17.1441
-17.2897
-17.435
-17.5797
-17.7238
-17.8658
-18.0049
-18.1341
-18.2454
-0.992238
-1.34084
-1.72445
-2.0477
-2.35267
-2.66061
-2.96148
-3.24191
-3.50623
-3.75686
-3.99401
-4.21895
-4.43415
-4.64124
-4.8422
-5.03851
-5.23125
-5.42105
-5.60825
-5.79341
-5.97579
-6.15569
-6.33372
-6.51015
-6.68513
-6.85876
-7.0311
-7.20277
-7.3739
-7.54417
-7.71375
-7.88281
-8.05142
-8.21932
-8.38675
-8.55346
-8.71964
-8.88513
-9.05005
-9.21443
-9.37796
-9.54103
-9.70354
-9.86543
-10.0268
-10.1875
-10.3478
-10.5076
-10.6669
-10.8256
-10.9839
-11.1417
-11.2992
-11.4563
-11.6128
-11.7689
-11.9246
-12.0799
-12.2347
-12.3891
-12.5431
-12.6967
-12.8499
-13.0027
-13.1552
-13.3072
-13.459
-13.6105
-13.7616
-13.9124
-14.0629
-14.2131
-14.363
-14.5126
-14.6619
-14.8109
-14.9597
-15.1082
-15.2565
-15.4045
-15.5524
-15.7
-15.8473
-15.9945
-16.1414
-16.2883
-16.4349
-16.5815
-16.7279
-16.874
-17.0198
-17.1654
-17.3108
-17.456
-17.6007
-17.7449
-17.8866
-18.0236
-18.1516
-18.2609
-0.973503
-1.35753
-1.74351
-2.06455
-2.37085
-2.67969
-2.98078
-3.26071
-3.52501
-3.77543
-4.01224
-4.23744
-4.45218
-4.65889
-4.85963
-5.05573
-5.24834
-5.43798
-5.62524
-5.81025
-5.99266
-6.17262
-6.35079
-6.52739
-6.70252
-6.87627
-7.04877
-7.2206
-7.39178
-7.56211
-7.73165
-7.90059
-8.06913
-8.23697
-8.40432
-8.57097
-8.73707
-8.90252
-9.06737
-9.23172
-9.39524
-9.55825
-9.72069
-9.88252
-10.0438
-10.2045
-10.3648
-10.5245
-10.6837
-10.8425
-11.0007
-11.1585
-11.3159
-11.473
-11.6294
-11.7855
-11.9411
-12.0963
-12.2511
-12.4055
-12.5594
-12.713
-12.8662
-13.0189
-13.1713
-13.3233
-13.4751
-13.6265
-13.7775
-13.9282
-14.0787
-14.2288
-14.3786
-14.5281
-14.6773
-14.8263
-14.975
-15.1235
-15.2717
-15.4196
-15.5674
-15.7149
-15.8621
-16.0092
-16.156
-16.3027
-16.4492
-16.5956
-16.7418
-16.8879
-17.0337
-17.1794
-17.3248
-17.4701
-17.6147
-17.7588
-17.9008
-18.0389
-18.1668
-18.2754
-0.952649
-1.37186
-1.7591
-2.0795
-2.38773
-2.69817
-2.99959
-3.27905
-3.54337
-3.79366
-4.03023
-4.25567
-4.47009
-4.67666
-4.87741
-5.07363
-5.26643
-5.45642
-5.64399
-5.82924
-6.01186
-6.19187
-6.37012
-6.54672
-6.72176
-6.8953
-7.06758
-7.2393
-7.4104
-7.58071
-7.75027
-7.91924
-8.0878
-8.25565
-8.42303
-8.58971
-8.75584
-8.92132
-9.08619
-9.25055
-9.4141
-9.57713
-9.73954
-9.90137
-10.0627
-10.2234
-10.3837
-10.5435
-10.7027
-10.8615
-11.0198
-11.1775
-11.335
-11.4921
-11.6486
-11.8047
-11.9604
-12.1157
-12.2705
-12.4249
-12.5789
-12.7325
-12.8857
-13.0385
-13.1909
-13.343
-13.4948
-13.6462
-13.7973
-13.9481
-14.0986
-14.2488
-14.3987
-14.5482
-14.6975
-14.8465
-14.9953
-15.1438
-15.292
-15.4401
-15.5879
-15.7354
-15.8828
-16.0299
-16.1768
-16.3236
-16.4702
-16.6167
-16.763
-16.9091
-17.055
-17.2006
-17.346
-17.4913
-17.6359
-17.7799
-17.9212
-18.0579
-18.1844
-18.2915
-0.938048
-1.38643
-1.77134
-2.08904
-2.39808
-2.71031
-3.01225
-3.29117
-3.55565
-3.80594
-4.04239
-4.26745
-4.48169
-4.68814
-4.88879
-5.0849
-5.27758
-5.46744
-5.65489
-5.83997
-6.02228
-6.20187
-6.37992
-6.55632
-6.73124
-6.90465
-7.07674
-7.24835
-7.41936
-7.5896
-7.75908
-7.92795
-8.09643
-8.2642
-8.4315
-8.59811
-8.76416
-8.92958
-9.09438
-9.25868
-9.42216
-9.58514
-9.74751
-9.9093
-10.0706
-10.2313
-10.3915
-10.5512
-10.7104
-10.8691
-11.0273
-11.1851
-11.3425
-11.4995
-11.656
-11.8121
-11.9677
-12.1229
-12.2777
-12.432
-12.586
-12.7395
-12.8927
-13.0455
-13.1979
-13.3499
-13.5016
-13.653
-13.8041
-13.9548
-14.1053
-14.2555
-14.4052
-14.5548
-14.704
-14.853
-15.0017
-15.1502
-15.2984
-15.4464
-15.5942
-15.7417
-15.8889
-16.036
-16.1829
-16.3296
-16.4762
-16.6226
-16.7689
-16.915
-17.0608
-17.2064
-17.3519
-17.4971
-17.6417
-17.7857
-17.9274
-18.0649
-18.1917
-18.2994
-0.907574
-1.40126
-1.79496
-2.11319
-2.42243
-2.73517
-3.03786
-3.31583
-3.58062
-3.83102
-4.06737
-4.29224
-4.50628
-4.71243
-4.91281
-5.10869
-5.30119
-5.4909
-5.67826
-5.86326
-6.0456
-6.22525
-6.40327
-6.57965
-6.75451
-6.92792
-7.1
-7.27158
-7.44254
-7.61274
-7.78219
-7.95105
-8.11952
-8.28728
-8.45458
-8.62119
-8.78724
-8.95266
-9.11746
-9.28176
-9.44526
-9.60823
-9.77061
-9.9324
-10.0937
-10.2544
-10.4146
-10.5743
-10.7335
-10.8923
-11.0505
-11.2082
-11.3657
-11.5227
-11.6792
-11.8353
-11.9909
-12.1461
-12.3009
-12.4553
-12.6092
-12.7628
-12.9159
-13.0687
-13.2211
-13.3732
-13.5249
-13.6763
-13.8274
-13.9781
-14.1286
-14.2788
-14.4286
-14.5781
-14.7274
-14.8763
-15.0251
-15.1735
-15.3218
-15.4698
-15.6175
-15.7651
-15.9124
-16.0594
-16.2063
-16.3531
-16.4996
-16.6461
-16.7924
-16.9384
-17.0843
-17.2299
-17.3753
-17.5206
-17.6652
-17.8092
-17.9507
-18.0878
-18.2144
-18.3216
-18.085
-18.3539
-19.0899
-19.2148
-18.6732
-17.591
-16.1317
-14.4285
-12.6679
-10.9454
-9.35141
-7.9145
-6.65073
-5.55488
-4.61335
-3.80617
-3.1154
-2.5211
-2.00775
-1.56309
-1.17532
-0.834675
-0.534164
-0.267963
-0.0309911
0.181632
0.372262
0.543312
0.696673
0.835013
0.960343
1.0733
1.1743
1.26501
1.34686
1.41959
1.48414
1.54019
1.588
1.62749
1.65879
1.68212
1.69792
1.7069
1.70937
1.70589
1.69749
1.68517
1.66998
1.65301
1.63511
1.61706
1.59944
1.58243
1.56575
1.54902
1.53208
1.51487
1.49657
1.47667
1.45553
1.43361
1.41056
1.38648
1.36207
1.33748
1.31288
1.28654
1.25451
1.21814
1.17817
1.14053
1.10558
1.07144
1.03684
1.00115
0.965814
0.931438
0.897275
0.861246
0.822852
0.780521
0.737059
0.693784
0.649102
0.603191
0.558152
0.513094
0.469239
0.426873
0.386173
0.347695
0.309817
0.272722
0.235487
0.198266
0.159135
0.119608
0.0711996
0.030858
-18.1277
-18.2798
-18.9835
-19.1252
-18.5957
-17.5338
-16.0967
-14.4131
-12.6682
-10.9571
-9.37153
-7.93931
-6.67799
-5.58314
-4.64139
-3.83325
-3.1409
-2.54483
-2.02969
-1.58338
-1.19413
-0.852223
-0.550653
-0.283366
-0.0455055
0.167776
0.358924
0.530437
0.684083
0.822648
0.947435
1.05993
1.16122
1.25207
1.33398
1.40667
1.47116
1.52704
1.57464
1.61385
1.64485
1.66785
1.68331
1.69193
1.69406
1.69028
1.68165
1.66915
1.65387
1.6369
1.61908
1.60119
1.58382
1.56714
1.55078
1.53435
1.51763
1.50055
1.48226
1.46232
1.44114
1.41924
1.39635
1.37256
1.34856
1.32454
1.30073
1.27547
1.2443
1.20873
1.16937
1.13099
1.09579
1.06079
1.02547
0.989269
0.953296
0.917874
0.883263
0.846916
0.808234
0.766105
0.722766
0.679972
0.635794
0.589994
0.545066
0.500146
0.456488
0.414205
0.373533
0.334975
0.297124
0.260215
0.223381
0.186719
0.148813
0.110815
0.0659599
0.0267787
-18.1228
-18.2873
-18.9088
-19.0336
-18.5089
-17.4644
-16.0498
-14.3883
-12.6628
-10.9673
-9.39231
-7.9671
-6.7101
-5.61677
-4.6746
-3.86515
-3.17082
-2.57268
-2.0555
-1.60732
-1.21639
-0.87297
-0.570081
-0.30155
-0.0625954
0.151595
0.343488
0.515812
0.670167
0.809419
0.9337
1.04518
1.14672
1.23792
1.31986
1.39254
1.45695
1.51263
1.55996
1.59884
1.62947
1.65208
1.66712
1.6753
1.67701
1.67288
1.66396
1.65123
1.63581
1.61886
1.60119
1.58353
1.5665
1.5502
1.53422
1.51814
1.50168
1.4847
1.46642
1.44647
1.42523
1.40336
1.38063
1.35713
1.3336
1.31031
1.28722
1.26327
1.23307
1.19839
1.1598
1.12062
1.08508
1.04911
1.01293
0.975983
0.939522
0.902964
0.867726
0.831021
0.792011
0.750091
0.706928
0.664655
0.621094
0.575428
0.53061
0.4859
0.442449
0.400255
0.359622
0.320973
0.283156
0.246458
0.210045
0.174036
0.137484
0.101194
0.0603247
0.0223951
-18.1493
-18.3075
-18.8468
-18.95
-18.4202
-17.3889
-15.9949
-14.3585
-12.654
-10.9767
-9.41417
-7.99796
-6.74654
-5.65523
-4.71271
-3.90183
-3.2054
-2.60526
-2.08606
-1.63562
-1.24259
-0.897265
-0.592699
-0.322716
-0.0824603
0.132842
0.325671
0.498911
0.654116
0.794027
0.918141
1.029
1.13077
1.22234
1.30431
1.37723
1.44147
1.49687
1.54389
1.58238
1.61255
1.63468
1.64922
1.65685
1.65804
1.65345
1.64416
1.63119
1.61565
1.59875
1.58129
1.56393
1.54728
1.53142
1.51591
1.50021
1.48403
1.4672
1.44893
1.42894
1.40764
1.38581
1.36324
1.34004
1.31708
1.29473
1.27219
1.24958
1.22073
1.18704
1.14927
1.10948
1.07329
1.03627
0.999054
0.961184
0.92415
0.886701
0.850512
0.813384
0.774024
0.732275
0.68941
0.647668
0.604853
0.559358
0.514657
0.470239
0.427006
0.384912
0.344323
0.305577
0.267815
0.231334
0.19537
0.160125
0.125064
0.0906952
0.0542321
0.0177872
-18.1696
-18.3184
-18.7845
-18.8647
-18.3332
-17.3133
-15.9372
-14.3278
-12.6455
-10.9884
-9.44023
-8.03414
-6.78845
-5.69952
-4.75698
-3.94469
-3.24601
-2.64352
-2.12193
-1.66872
-1.27312
-0.925553
-0.61901
-0.347364
-0.10565
0.110872
0.304745
0.478901
0.63496
0.775413
0.899935
1.0111
1.11329
1.20517
1.2873
1.36047
1.42452
1.47964
1.52634
1.56441
1.59394
1.61547
1.62938
1.63631
1.63686
1.63174
1.62207
1.60886
1.59322
1.57636
1.55917
1.54216
1.52594
1.51059
1.49561
1.48038
1.46453
1.44787
1.42962
1.40959
1.38823
1.36641
1.344
1.32114
1.29893
1.27761
1.25585
1.23399
1.20699
1.1745
1.13765
1.09758
1.06025
1.02214
0.983703
0.94474
0.906911
0.868947
0.831505
0.793813
0.754076
0.712445
0.670067
0.628833
0.586887
0.541639
0.497084
0.453038
0.410034
0.368058
0.327508
0.288687
0.250995
0.21473
0.17925
0.144892
0.11147
0.0792635
0.047611
0.0130572
-18.1878
-18.3265
-18.7187
-18.7705
-18.2393
-17.2315
-15.878
-14.2984
-12.6402
-11.005
-9.47253
-8.0779
-6.83852
-5.75241
-4.80996
-3.99597
-3.29443
-2.68857
-2.16369
-1.70723
-1.3087
-0.958609
-0.649823
-0.376267
-0.132893
0.0850084
0.280115
0.455316
0.612368
0.753603
0.879174
0.991323
1.09408
1.18638
1.26877
1.34203
1.40597
1.46082
1.5071
1.54464
1.57345
1.59422
1.60736
1.6135
1.61331
1.60756
1.59748
1.58407
1.56832
1.55146
1.53448
1.51791
1.50227
1.4875
1.4731
1.45841
1.44297
1.42654
1.40834
1.38829
1.36688
1.34503
1.32275
1.30027
1.2789
1.25869
1.23824
1.2167
1.1914
1.16061
1.12481
1.08482
1.04581
1.00652
0.966692
0.926483
0.887613
0.849272
0.810749
0.772143
0.731964
0.690423
0.648749
0.607971
0.566973
0.522106
0.477779
0.434157
0.391397
0.349571
0.309049
0.270189
0.232577
0.196534
0.161575
0.128247
0.0966186
0.066827
0.0403402
0.00825277
-18.2045
-18.3309
-18.6488
-18.667
-18.1357
-17.141
-15.812
-14.2646
-12.6353
-11.0251
-9.51104
-8.1299
-6.89798
-5.81484
-4.87232
-4.05622
-3.35116
-2.74114
-2.21216
-1.75184
-1.34984
-0.996782
-0.685362
-0.40954
-0.164204
0.0553566
0.251934
0.428433
0.58677
0.729128
0.856051
0.969466
1.07294
1.16583
1.24859
1.32194
1.38582
1.44036
1.48606
1.52287
1.55089
1.57073
1.5829
1.58832
1.58734
1.58085
1.57012
1.55631
1.54049
1.52377
1.50701
1.491
1.47602
1.46191
1.44817
1.4341
1.41914
1.403
1.38489
1.36484
1.3434
1.32152
1.29931
1.27721
1.25667
1.23765
1.21872
1.19791
1.17423
1.14527
1.11054
1.07094
1.02987
0.989217
0.947829
0.906233
0.86615
0.827148
0.788275
0.748245
0.707459
0.666084
0.625262
0.584901
0.54485
0.500569
0.456614
0.413427
0.370944
0.329321
0.288809
0.249947
0.212425
0.176627
0.142232
0.110086
0.0804166
0.0532856
0.0322796
0.00341383
-18.2197
-18.3306
-18.5757
-18.5559
-18.0242
-17.0439
-15.7404
-14.2261
-12.6277
-11.0444
-9.55093
-8.18505
-6.9622
-5.88142
-4.93883
-4.12104
-3.41289
-2.79897
-2.26584
-1.80144
-1.39557
-1.03911
-0.724642
-0.446195
-0.198633
0.0228277
0.220752
0.398601
0.558416
0.702163
0.830628
0.945527
1.04992
1.14354
1.22675
1.3002
1.3639
1.41833
1.46339
1.49933
1.5264
1.5451
1.55603
1.5602
1.55821
1.55102
1.53969
1.52544
1.50956
1.49301
1.47666
1.46126
1.44698
1.43358
1.42057
1.40718
1.3928
1.37703
1.35905
1.33903
1.31761
1.29569
1.27349
1.25174
1.23205
1.21424
1.19682
1.17751
1.15567
1.12824
1.09468
1.0554
1.01235
0.970087
0.926945
0.883823
0.842432
0.802972
0.763348
0.721832
0.680365
0.639379
0.599339
0.559431
0.520268
0.476842
0.433387
0.390653
0.348507
0.307135
0.266651
0.22779
0.19038
0.15485
0.121118
0.0902737
0.0627368
0.0385098
0.0232761
-0.00145366
-18.2339
-18.3271
-18.5011
-18.439
-17.9057
-16.941
-15.6642
-14.1817
-12.6143
-11.0583
-9.58681
-8.23779
-7.02534
-5.94996
-5.00907
-4.19011
-3.47891
-2.86103
-2.32366
-1.85519
-1.4455
-1.08566
-0.768197
-0.487068
-0.237152
-0.0136518
0.186139
0.365693
0.52726
0.672703
0.802968
0.919583
1.02511
1.1196
1.20332
1.27684
1.3402
1.39396
1.43807
1.47293
1.49892
1.51652
1.52628
1.52901
1.52591
1.51792
1.50598
1.49141
1.47553
1.45915
1.44325
1.42847
1.41494
1.40232
1.39006
1.37745
1.36374
1.34843
1.33059
1.31067
1.28927
1.26729
1.24499
1.22384
1.20506
1.18845
1.17265
1.15531
1.13511
1.10918
1.07692
1.03762
0.993125
0.948961
0.903897
0.859115
0.816644
0.776917
0.735244
0.692573
0.650453
0.610247
0.570711
0.531405
0.493027
0.45072
0.407869
0.365642
0.323915
0.282786
0.242405
0.203506
0.166226
0.130936
0.0981547
0.0685419
0.0433175
0.0221932
0.0129913
-0.00660778
-18.2471
-18.3208
-18.4267
-18.3183
-17.7809
-16.8319
-15.5822
-14.1348
-12.602
-11.0755
-9.62697
-8.29497
-7.09261
-6.02402
-5.08489
-4.26423
-3.54949
-2.92729
-2.38533
-1.91254
-1.49885
-1.13546
-0.814948
-0.531125
-0.278864
-0.0534107
0.148622
0.329992
0.49323
0.640372
0.772456
0.890801
0.997558
1.093
1.17727
1.25086
1.31396
1.36676
1.40986
1.44356
1.46826
1.4846
1.4931
1.4946
1.49045
1.48159
1.46903
1.45411
1.43821
1.42208
1.40666
1.39257
1.37984
1.36803
1.3566
1.34474
1.33176
1.31699
1.29931
1.27954
1.25815
1.23588
1.21388
1.19357
1.17572
1.16038
1.14627
1.13087
1.11227
1.08786
1.05694
1.01725
0.971857
0.925557
0.878466
0.832082
0.789308
0.747695
0.703918
0.660351
0.617751
0.578248
0.539207
0.500693
0.462951
0.421971
0.37986
0.338183
0.296964
0.256014
0.215777
0.176827
0.13971
0.10458
0.0729812
0.0445687
0.0219583
0.00393931
0.00105453
-0.0126718
-18.2597
-18.3141
-18.3615
-18.2092
-17.6662
-16.7325
-15.5078
-14.0953
-12.596
-11.0975
-9.67046
-8.35403
-7.16102
-6.09678
-5.15812
-4.33556
-3.61758
-2.99152
-2.44549
-1.96884
-1.55159
-1.18493
-0.861616
-0.575297
-0.32081
-0.0935366
0.110347
0.293441
0.458229
0.606974
0.740735
0.860597
0.968452
1.06473
1.14945
1.22305
1.28584
1.33805
1.38024
1.41273
1.43612
1.45113
1.45829
1.4585
1.45324
1.44353
1.43043
1.4153
1.3995
1.38375
1.36891
1.35555
1.34361
1.33259
1.32197
1.31081
1.29847
1.28427
1.26681
1.24699
1.22557
1.20332
1.18202
1.16251
1.14568
1.13166
1.11917
1.10553
1.08841
1.06542
1.03552
0.99557
0.949311
0.900848
0.851825
0.804948
0.760893
0.716196
0.671043
0.626584
0.584098
0.544703
0.50645
0.468862
0.431598
0.391979
0.350712
0.309561
0.268861
0.22807
0.18787
0.14883
0.111991
0.0774633
0.0467974
0.0195042
-0.00070141
-0.0160653
-0.0123092
-0.0202576
-18.2721
-18.3106
-18.3139
-18.126
-17.5776
-16.6568
-15.4531
-14.0667
-12.593
-11.1166
-9.70713
-8.40384
-7.21899
-6.15879
-5.22126
-4.39778
-3.6774
-3.04826
-2.4989
-2.01909
-1.59894
-1.22964
-0.904064
-0.615792
-0.359554
-0.130879
0.0743984
0.258989
0.425084
0.575161
0.710361
0.831498
0.940275
1.0372
1.12224
1.19582
1.25836
1.31012
1.35149
1.38289
1.40512
1.41905
1.42516
1.42434
1.41809
1.40758
1.39399
1.37876
1.36306
1.3478
1.33378
1.32122
1.31001
1.29969
1.28975
1.27922
1.2673
1.2533
1.23627
1.21636
1.19501
1.17325
1.15253
1.13382
1.11803
1.10524
1.09421
1.08208
1.0662
1.04445
1.01498
0.974945
0.927563
0.877094
0.826872
0.780107
0.732801
0.68585
0.639705
0.594516
0.552266
0.513146
0.47572
0.439024
0.402118
0.363679
0.323228
0.282541
0.242148
0.201501
0.161265
0.122712
0.08612
0.0520216
0.02179
-0.00491157
-0.0233639
-0.0365547
-0.026179
-0.0293199
-18.2848
-18.311
-18.2831
-18.0684
-17.5151
-16.6037
-15.4154
-14.0479
-12.5936
-11.1344
-9.73882
-8.44569
-7.26723
-6.21023
-5.27359
-4.4494
-3.7272
-3.09565
-2.54372
-2.06148
-1.63912
-1.2678
-0.940468
-0.650696
-0.393103
-0.16328
0.0430101
0.228605
0.395593
0.546553
0.682753
0.804804
0.91423
1.01158
1.09679
1.17029
1.23259
1.28396
1.32473
1.3553
1.37663
1.38976
1.39514
1.39353
1.38649
1.37539
1.36146
1.34621
1.33089
1.3162
1.30296
1.29114
1.28059
1.27087
1.26119
1.25126
1.23981
1.22584
1.2091
1.18937
1.16824
1.14687
1.1267
1.10879
1.094
1.08234
1.0726
1.06177
1.04689
1.02618
0.996737
0.956233
0.907531
0.855307
0.805449
0.756592
0.706434
0.658047
0.611052
0.565701
0.523604
0.485053
0.448368
0.412449
0.375832
0.338324
0.298563
0.258237
0.218001
0.177567
0.137679
0.0994229
0.0627381
0.0283328
-0.00174194
-0.0278682
-0.0446472
-0.0562353
-0.0399349
-0.0393943
-18.2978
-18.3151
-18.2651
-18.0309
-17.4736
-16.569
-15.3921
-14.0386
-12.5987
-11.1525
-9.76724
-8.48158
-7.3079
-6.25329
-5.31728
-4.49245
-3.76883
-3.13541
-2.58151
-2.09746
-1.67345
-1.30063
-0.971986
-0.681109
-0.422506
-0.19178
0.0152966
0.201654
0.369383
0.52104
0.657948
0.780667
0.890587
0.988223
1.07351
1.14689
1.20892
1.25986
1.30005
1.32992
1.35051
1.36296
1.36768
1.36531
1.35778
1.34661
1.33269
1.31757
1.30282
1.28867
1.27603
1.26486
1.25485
1.24531
1.23608
1.22669
1.21568
1.20191
1.18528
1.16573
1.14482
1.12383
1.10422
1.0871
1.07325
1.06267
1.05414
1.04449
1.03048
1.01041
0.980677
0.93913
0.88883
0.836047
0.78582
0.733712
0.681837
0.632399
0.58491
0.539675
0.497966
0.460024
0.423997
0.388733
0.352366
0.315567
0.276348
0.236297
0.196192
0.156271
0.116448
0.0777893
0.0408273
0.00627177
-0.0235435
-0.0491035
-0.0644845
-0.0750721
-0.053633
-0.050193
-18.3113
-18.322
-18.2566
-18.0085
-17.4483
-16.5489
-15.3804
-14.0372
-12.6079
-11.1714
-9.79372
-8.51339
-7.34313
-6.29015
-5.35446
-4.52901
-3.80423
-3.1693
-2.61387
-2.12845
-1.70318
-1.32923
-0.999605
-0.707911
-0.448572
-0.217162
-0.00948572
0.177447
0.345835
0.498127
0.635566
0.75879
0.869085
0.966901
1.05218
1.1254
1.18711
1.23761
1.27723
1.30644
1.32636
1.33825
1.34245
1.33958
1.33187
1.32091
1.30725
1.29238
1.27805
1.26454
1.25253
1.24191
1.23205
1.22289
1.21439
1.20542
1.19467
1.18108
1.16454
1.14516
1.12447
1.10388
1.08481
1.06844
1.0555
1.04596
1.03862
1.03004
1.01679
0.996748
0.966241
0.923065
0.871145
0.819279
0.766352
0.711954
0.658972
0.608789
0.561216
0.516304
0.475088
0.437692
0.402235
0.367457
0.331358
0.29505
0.256153
0.216458
0.176458
0.136763
0.0965226
0.0575689
0.0205021
-0.0139934
-0.0435067
-0.0686849
-0.0829795
-0.0930091
-0.0672538
-0.061442
-18.325
-18.3311
-18.2553
-17.9976
-17.4356
-16.5402
-15.378
-14.0423
-12.6207
-11.1911
-9.81898
-8.5423
-7.37423
-6.3222
-5.38653
-4.56048
-3.8347
-3.19855
-2.64191
-2.1554
-1.72916
-1.35428
-1.02377
-0.731359
-0.471423
-0.239477
-0.0313438
0.156018
0.324894
0.477619
0.615398
0.738965
0.849481
0.94734
1.03251
1.10548
1.16682
1.21684
1.25592
1.28454
1.30392
1.31539
1.31933
1.31636
1.30874
1.29808
1.28487
1.27037
1.25615
1.24331
1.23213
1.22162
1.21215
1.20371
1.19566
1.18699
1.17645
1.163
1.14656
1.12734
1.10687
1.08663
1.06807
1.05239
1.04033
1.03179
1.02558
1.01794
1.00527
0.98472
0.952685
0.907478
0.855457
0.802696
0.747216
0.691553
0.63784
0.587393
0.54003
0.495583
0.454851
0.417892
0.382848
0.348329
0.312515
0.276434
0.237778
0.198326
0.158341
0.118388
0.0778677
0.0387118
0.00160629
-0.0328101
-0.0620917
-0.0869725
-0.100379
-0.110042
-0.0808065
-0.0729479
-18.3384
-18.3418
-18.2593
-17.9954
-17.4326
-16.5404
-15.3828
-14.0524
-12.6361
-11.2113
-9.84313
-8.5689
-7.40216
-6.35061
-5.41475
-4.58806
-3.8614
-3.22418
-2.66648
-2.17906
-1.75199
-1.3763
-1.04498
-0.751887
-0.491369
-0.258922
-0.0503865
0.137302
0.306421
0.459273
0.597168
0.72087
0.83142
0.929178
1.01413
1.08676
1.14769
1.19725
1.23585
1.264
1.28299
1.29425
1.29817
1.29535
1.28801
1.27781
1.26531
1.25185
1.23932
1.22586
1.21415
1.20382
1.19495
1.18692
1.17919
1.17077
1.1604
1.14708
1.13072
1.11163
1.09136
1.07144
1.05334
1.03829
1.027
1.01933
1.01401
1.00701
0.994568
0.973747
0.939253
0.892776
0.840298
0.785425
0.728681
0.672325
0.618326
0.568036
0.521159
0.477316
0.437231
0.400884
0.366378
0.332177
0.296684
0.260641
0.222185
0.182669
0.142705
0.102743
0.0622729
0.0231345
-0.0138429
-0.048171
-0.0774458
-0.102269
-0.115454
-0.125262
-0.0937747
-0.0845614
-18.3533
-18.3546
-18.2675
-17.9998
-17.4368
-16.5469
-15.3925
-14.0656
-12.6527
-11.2312
-9.86553
-8.59274
-7.42674
-6.37534
-5.43919
-4.61191
-3.88455
-3.24655
-2.68814
-2.20018
-1.77269
-1.39668
-1.06511
-0.771811
-0.511111
-0.278461
-0.0696788
0.118354
0.287836
0.441024
0.579291
0.703336
0.814083
0.91186
0.996679
1.06905
1.12962
1.17881
1.21705
1.24484
1.26354
1.27467
1.27855
1.27571
1.26834
1.25807
1.24528
1.23109
1.21691
1.20658
1.19579
1.18661
1.17845
1.17099
1.16371
1.15563
1.1455
1.13235
1.11612
1.09721
1.07718
1.05761
1.03996
1.02546
1.01479
1.00773
1.00272
0.995359
0.98077
0.957894
0.923971
0.878273
0.823783
0.767705
0.710393
0.653565
0.599419
0.549188
0.502391
0.4586
0.418511
0.382086
0.347566
0.31337
0.277944
0.241895
0.203443
0.163833
0.123757
0.083553
0.0430071
0.00369541
-0.0333212
-0.0675888
-0.0966356
-0.121255
-0.133585
-0.143057
-0.109215
-0.0983415
-18.3616
-18.3626
-18.2744
-18.0058
-17.4438
-16.5562
-15.4043
-14.0799
-12.6691
-11.2494
-9.88493
-8.61237
-7.44614
-6.39409
-5.45695
-4.6285
-3.89989
-3.26061
-2.70101
-2.21205
-1.78367
-1.40684
-1.07461
-0.780791
-0.519686
-0.286769
-0.077853
0.110129
0.279416
0.432335
0.570249
0.693878
0.80417
0.901471
0.985808
1.05772
1.1179
1.16682
1.20492
1.23275
1.2517
1.26321
1.26757
1.26532
1.25864
1.24918
1.23743
1.22476
1.21195
1.19959
1.18883
1.17941
1.1712
1.16374
1.15646
1.14835
1.13818
1.12497
1.1087
1.08977
1.06976
1.05029
1.03281
1.01864
1.00844
1.0019
0.997455
0.990631
0.977659
0.951508
0.915797
0.869393
0.81355
0.757016
0.699591
0.642984
0.589375
0.539715
0.493504
0.450282
0.410719
0.374729
0.340508
0.306481
0.27117
0.235116
0.196666
0.15705
0.117014
0.0768538
0.03637
-0.002879
-0.039855
-0.074135
-0.103271
-0.128013
-0.140581
-0.150445
-0.116502
-0.102853
-18.3836
-18.3843
-18.2953
-18.0269
-17.4663
-16.5806
-15.4305
-14.1076
-12.6979
-11.279
-9.91466
-8.64164
-7.47482
-6.422
-5.48403
-4.65476
-3.92542
-3.2855
-2.7254
-2.23611
-1.80748
-1.43043
-1.098
-0.804153
-0.543015
-0.310061
-0.101121
0.0869002
0.256231
0.409165
0.547073
0.67066
0.780865
0.878019
0.962157
1.03387
1.09389
1.14271
1.1808
1.20878
1.22792
1.23959
1.2441
1.24197
1.23537
1.22595
1.21406
1.20123
1.18807
1.1766
1.16609
1.15708
1.14917
1.14199
1.13494
1.12703
1.11702
1.10394
1.08777
1.06895
1.04909
1.02979
1.01247
0.998406
0.988221
0.981487
0.976649
0.968536
0.954231
0.92871
0.892927
0.845869
0.789919
0.733219
0.675878
0.619434
0.565964
0.516396
0.470256
0.427093
0.387575
0.3516
0.317395
0.283358
0.248063
0.21198
0.173511
0.133857
0.0937637
0.0535607
0.0130534
-0.0262112
-0.0631925
-0.0974328
-0.126505
-0.151201
-0.163565
-0.173339
-0.138848
-0.130726
-18.325
-18.3173
-18.3554
-18.3425
-18.323
-18.2977
-18.2679
-18.2364
-18.2061
-18.1786
-18.1546
-18.1345
-18.1189
-18.1104
-18.11
-18.1018
-18.8211
-18.7984
-18.8013
-18.812
-18.8034
-18.7796
-18.7496
-18.7179
-18.6869
-18.6583
-18.6336
-18.6135
-18.598
-18.5864
-18.5788
-18.5636
-19.2699
-19.3378
-19.4259
-19.4593
-19.4587
-19.4391
-19.4101
-19.3788
-19.349
-19.3227
-19.3008
-19.284
-19.273
-19.267
-19.2618
-19.2499
-19.3399
-19.4319
-19.482
-19.5071
-19.5143
-19.5022
-19.4771
-19.4478
-19.4196
-19.3952
-19.3753
-19.3601
-19.3498
-19.3437
-19.3389
-19.3261
-18.7716
-18.8327
-18.8685
-18.897
-18.9073
-18.8994
-18.8797
-18.8536
-18.827
-18.8012
-18.777
-18.7554
-18.7368
-18.7219
-18.7109
-18.6921
-17.6582
-17.7039
-17.7392
-17.7663
-17.7772
-17.772
-17.7542
-17.729
-17.7015
-17.6735
-17.646
-17.6194
-17.5942
-17.5717
-17.5534
-17.529
-16.1706
-16.2013
-16.2275
-16.2472
-16.2558
-16.2516
-16.235
-16.2105
-16.1824
-16.1522
-16.12
-16.0862
-16.0513
-16.0173
-15.9869
-15.9564
-14.4438
-14.4604
-14.4755
-14.4864
-14.4905
-14.4848
-14.4676
-14.4426
-14.4135
-14.381
-14.3452
-14.3061
-14.2644
-14.2225
-14.1846
-14.1501
-12.6651
-12.6657
-12.6684
-12.6707
-12.6704
-12.6626
-12.644
-12.618
-12.5879
-12.5538
-12.5154
-12.4727
-12.4263
-12.3789
-12.3359
-12.2983
-10.9292
-10.9151
-10.9064
-10.901
-10.8959
-10.8844
-10.8634
-10.8361
-10.805
-10.7699
-10.7301
-10.6856
-10.637
-10.5871
-10.5417
-10.5027
-9.32438
-9.2987
-9.2813
-9.26995
-9.26057
-9.24558
-9.22228
-9.19397
-9.16226
-9.12662
-9.08639
-9.04135
-8.9922
-8.94177
-8.89593
-8.85668
-7.88123
-7.84747
-7.82347
-7.80722
-7.79378
-7.77515
-7.74955
-7.72027
-7.68816
-7.65246
-7.61249
-7.56806
-7.51986
-7.47062
-7.4259
-7.3874
-6.61443
-6.5767
-6.54933
-6.53021
-6.51336
-6.49143
-6.46413
-6.43439
-6.40232
-6.36703
-6.3279
-6.28478
-6.23835
-6.19121
-6.14846
-6.11121
-5.51722
-5.4778
-5.44892
-5.42761
-5.40663
-5.38102
-5.35244
-5.3226
-5.29084
-5.25626
-5.21835
-5.177
-5.13289
-5.08843
-5.04815
-5.01251
-4.57574
-4.53647
-4.50758
-4.48486
-4.46073
-4.43286
-4.40381
-4.37407
-4.34272
-4.30898
-4.27241
-4.23298
-4.19134
-4.14977
-4.11227
-4.07856
-3.76966
-3.73135
-3.70269
-3.67898
-3.65335
-3.62476
-3.59571
-3.56622
-3.53541
-3.50261
-3.46749
-3.43004
-3.39096
-3.35236
-3.31775
-3.28602
-3.08081
-3.04432
-3.01614
-2.99059
-2.96304
-2.93432
-2.90584
-2.87705
-2.84713
-2.81555
-2.78206
-2.74669
-2.71013
-2.67437
-2.64244
-2.61246
-2.48883
-2.45466
-2.42709
-2.39976
-2.37073
-2.34212
-2.31413
-2.28595
-2.25686
-2.22644
-2.1945
-2.16108
-2.12685
-2.09366
-2.06416
-2.03573
-1.9778
-1.94548
-1.91843
-1.89097
-1.86213
-1.83397
-1.80645
-1.77881
-1.75048
-1.72112
-1.69058
-1.65893
-1.62679
-1.59592
-1.56862
-1.54154
-1.53539
-1.5045
-1.47688
-1.44874
-1.42033
-1.3929
-1.36605
-1.33913
-1.31167
-1.28342
-1.25426
-1.22427
-1.19405
-1.16526
-1.13995
-1.11406
-1.14974
-1.12025
-1.09191
-1.06299
-1.03503
-1.00826
-0.982055
-0.955835
-0.929233
-0.902029
-0.874131
-0.845635
-0.817117
-0.790131
-0.766541
-0.741658
-0.810723
-0.782114
-0.753915
-0.725305
-0.697905
-0.671647
-0.645932
-0.62029
-0.594411
-0.568111
-0.541318
-0.514127
-0.48708
-0.461651
-0.439568
-0.415528
-0.511514
-0.483384
-0.455383
-0.427292
-0.400449
-0.37467
-0.34943
-0.324335
-0.299125
-0.273646
-0.247844
-0.22181
-0.196056
-0.171986
-0.151233
-0.127914
-0.246555
-0.218143
-0.189844
-0.162358
-0.136206
-0.110999
-0.0862924
-0.0617696
-0.037218
-0.0125136
0.012381
0.0373774
0.06199
0.0848575
0.104367
0.127275
-0.0105842
0.0180344
0.046559
0.0735827
0.0992065
0.12394
0.148172
0.172167
0.19611
0.220105
0.244177
0.268246
0.291855
0.313679
0.33208
0.354679
0.20134
0.229443
0.257427
0.283948
0.30918
0.333565
0.357427
0.380998
0.404438
0.427836
0.45121
0.474485
0.497238
0.518195
0.535696
0.557851
0.391455
0.419088
0.446625
0.472755
0.497654
0.521723
0.54525
0.568437
0.591426
0.614289
0.63704
0.659611
0.681609
0.70181
0.718528
0.740292
0.562424
0.590037
0.617015
0.642604
0.667085
0.690799
0.713976
0.736788
0.759354
0.781732
0.803927
0.825876
0.847215
0.866763
0.882792
0.904227
0.716013
0.743891
0.770477
0.79563
0.819754
0.843142
0.86599
0.888448
0.91062
0.932555
0.95425
0.975649
0.996412
1.0154
1.03083
1.05199
0.854377
0.881871
0.908023
0.932884
0.956788
0.979965
1.00258
1.02478
1.04665
1.06823
1.08951
1.11045
1.13074
1.14927
1.16418
1.18512
0.97995
1.00673
1.03227
1.05674
1.08035
1.10327
1.12564
1.14759
1.16918
1.19044
1.21138
1.23194
1.25182
1.26997
1.28446
1.30522
1.0928
1.11895
1.14406
1.16821
1.19158
1.21429
1.23646
1.25819
1.27956
1.30057
1.32124
1.34149
1.36107
1.37893
1.39311
1.41373
1.19353
1.21941
1.24433
1.26835
1.29158
1.31416
1.33621
1.35781
1.37902
1.39987
1.42035
1.4404
1.45977
1.47743
1.49138
1.51192
1.28415
1.30992
1.33476
1.35872
1.38191
1.40444
1.42642
1.44795
1.46909
1.48984
1.5102
1.53013
1.54937
1.56692
1.58071
1.60119
1.36591
1.39162
1.41645
1.44041
1.46361
1.48616
1.50814
1.52966
1.55077
1.57148
1.59179
1.61165
1.63082
1.64829
1.66198
1.68241
1.43871
1.4645
1.48941
1.51346
1.53673
1.55934
1.58138
1.60294
1.62407
1.64479
1.66509
1.68493
1.70406
1.7215
1.7351
1.75551
1.50335
1.52927
1.55429
1.57844
1.60181
1.6245
1.6466
1.6682
1.68937
1.71012
1.73043
1.75027
1.76938
1.78679
1.80034
1.82072
1.55962
1.5858
1.61104
1.63537
1.65887
1.68167
1.70386
1.72554
1.74677
1.76755
1.78789
1.80774
1.82686
1.84425
1.85773
1.8781
1.60773
1.63424
1.65974
1.68428
1.70796
1.73089
1.75319
1.77496
1.79625
1.81709
1.83746
1.85732
1.87643
1.89381
1.90721
1.92755
1.64757
1.67449
1.70032
1.72512
1.749
1.7721
1.79453
1.81639
1.83775
1.85864
1.87903
1.8989
1.91799
1.93533
1.94863
1.96894
1.6793
1.70669
1.73289
1.75798
1.78209
1.80536
1.82791
1.84987
1.87129
1.8922
1.91261
1.93245
1.95149
1.96878
1.98193
2.00218
1.70307
1.73096
1.75756
1.78294
1.80728
1.83073
1.85342
1.87546
1.89694
1.91788
1.93827
1.95806
1.97701
1.9942
2.00715
2.02733
1.71934
1.74775
1.77475
1.80046
1.82504
1.84866
1.87147
1.89359
1.91509
1.93601
1.95633
1.97601
1.99483
2.01188
2.02457
2.04467
1.7288
1.75774
1.78514
1.81114
1.83593
1.85969
1.88258
1.90471
1.92619
1.94703
1.96723
1.98675
2.00538
2.02225
2.03464
2.05463
1.73174
1.76117
1.78894
1.8152
1.84017
1.86403
1.88696
1.90909
1.9305
1.95124
1.97129
1.9906
2.009
2.02565
2.03766
2.05753
1.72865
1.75853
1.78662
1.81312
1.83824
1.86219
1.88514
1.90723
1.92854
1.94912
1.96895
1.98799
2.00609
2.02249
2.03404
2.05377
1.72057
1.75078
1.77912
1.80578
1.83099
1.85497
1.87788
1.89986
1.92101
1.94137
1.96092
1.97961
1.99734
2.01345
2.02448
2.04407
1.70847
1.73891
1.7674
1.79415
1.81939
1.84332
1.86614
1.88796
1.9089
1.92897
1.94818
1.96647
1.98378
1.99959
2.01003
2.02949
1.69339
1.72392
1.75246
1.77921
1.8044
1.82824
1.8509
1.87252
1.89319
1.91294
1.93176
1.94961
1.96647
1.982
1.99178
2.01113
1.6764
1.70688
1.73534
1.76199
1.78705
1.81072
1.83316
1.8545
1.87485
1.89422
1.9126
1.92995
1.94631
1.9616
1.97068
1.98993
1.65839
1.68869
1.71698
1.74344
1.76829
1.79172
1.81387
1.83489
1.85485
1.87379
1.89168
1.90847
1.9243
1.93943
1.94775
1.96697
1.64012
1.67014
1.69815
1.72436
1.74895
1.7721
1.79394
1.81461
1.83417
1.85268
1.87009
1.88635
1.90163
1.91675
1.92417
1.94348
1.62222
1.6519
1.67961
1.70555
1.7299
1.7528
1.77438
1.79475
1.814
1.83216
1.8492
1.86499
1.87971
1.89515
1.90173
1.92097
1.60484
1.63413
1.66153
1.68721
1.71132
1.73399
1.75533
1.77544
1.7944
1.81228
1.82908
1.84456
1.85829
1.87442
1.87994
1.89931
1.58774
1.61663
1.64369
1.66908
1.69292
1.71534
1.73644
1.75631
1.77502
1.79262
1.80914
1.8245
1.83816
1.8528
1.85933
1.87819
1.57063
1.59914
1.62589
1.65099
1.67458
1.69676
1.71763
1.73729
1.7558
1.77319
1.78945
1.80448
1.81829
1.83221
1.8396
1.85774
1.55336
1.58152
1.60803
1.6329
1.65625
1.67822
1.6989
1.71838
1.73671
1.75388
1.76984
1.78454
1.7984
1.8119
1.81899
1.83688
1.53592
1.56373
1.58999
1.61469
1.63789
1.6597
1.68023
1.69954
1.71764
1.73453
1.7502
1.76489
1.77856
1.79136
1.79834
1.81589
1.5176
1.54529
1.5714
1.596
1.61914
1.64088
1.6613
1.68045
1.69835
1.7151
1.73082
1.74532
1.75854
1.77087
1.77768
1.79497
1.49775
1.52551
1.55165
1.57626
1.5994
1.6211
1.64144
1.66051
1.67847
1.69532
1.71081
1.72484
1.73769
1.74962
1.75619
1.77328
1.47669
1.50452
1.53067
1.55521
1.57826
1.59993
1.62029
1.63944
1.65731
1.67378
1.68881
1.70243
1.71487
1.72635
1.73265
1.7496
1.45472
1.48245
1.50846
1.53282
1.55567
1.57715
1.59733
1.61616
1.63361
1.64962
1.66414
1.6772
1.6891
1.70015
1.70622
1.72312
1.43143
1.45877
1.48441
1.50843
1.53096
1.55208
1.57182
1.59013
1.60696
1.62225
1.63598
1.64828
1.65957
1.67031
1.67618
1.69322
1.4069
1.43366
1.45877
1.48231
1.50437
1.52495
1.54402
1.56151
1.57739
1.59168
1.60448
1.61601
1.62679
1.63741
1.64316
1.66051
1.38189
1.4079
1.43232
1.4552
1.47651
1.49622
1.51427
1.53065
1.54542
1.55871
1.57069
1.58164
1.59212
1.60297
1.60864
1.62639
1.3565
1.38149
1.40492
1.42677
1.44696
1.46546
1.48227
1.49748
1.51123
1.52373
1.53516
1.54581
1.55624
1.56768
1.57317
1.5915
1.33068
1.35412
1.37606
1.39642
1.41516
1.43229
1.44789
1.4621
1.47506
1.48704
1.49828
1.50893
1.51939
1.53182
1.53709
1.55575
1.30283
1.32433
1.34448
1.36322
1.38055
1.39649
1.4111
1.42458
1.4372
1.44913
1.46059
1.47156
1.48193
1.49563
1.49991
1.51924
1.26954
1.28937
1.30805
1.3255
1.3417
1.35683
1.37111
1.38455
1.39728
1.40951
1.42145
1.43314
1.44382
1.45799
1.46341
1.48243
1.23202
1.25032
1.26772
1.28444
1.30047
1.31565
1.33005
1.34384
1.35711
1.36994
1.38241
1.39461
1.40657
1.41976
1.42592
1.44488
1.1915
1.20972
1.22741
1.24432
1.26049
1.27607
1.2911
1.30561
1.31964
1.3333
1.34659
1.35936
1.37145
1.38441
1.39132
1.41018
1.15461
1.17316
1.19107
1.20847
1.22538
1.24176
1.25765
1.27306
1.28796
1.30205
1.31522
1.32786
1.34043
1.35375
1.36101
1.37987
1.12017
1.13975
1.15878
1.17725
1.19513
1.21234
1.22868
1.24387
1.25825
1.27245
1.28652
1.30018
1.31347
1.32704
1.33454
1.35343
1.08723
1.10823
1.12833
1.14738
1.1651
1.18182
1.19815
1.21442
1.2304
1.24582
1.26067
1.27489
1.2886
1.30246
1.31004
1.32897
1.05354
1.07523
1.09545
1.11474
1.13378
1.15245
1.17044
1.18779
1.20453
1.22063
1.23607
1.25076
1.26481
1.27892
1.28645
1.30537
1.0184
1.04116
1.06329
1.08471
1.10524
1.12492
1.1438
1.16194
1.17939
1.19613
1.21208
1.22713
1.24139
1.25576
1.26307
1.282
0.984477
1.0094
1.03311
1.05563
1.07707
1.09755
1.11716
1.13596
1.15396
1.17115
1.18745
1.20268
1.21694
1.23157
1.23837
1.25735
0.951377
0.977553
1.00225
1.02565
1.04787
1.06904
1.08923
1.10852
1.12693
1.14444
1.16092
1.17613
1.19009
1.20507
1.21126
1.23033
0.917817
0.944762
0.970152
0.994136
1.01687
1.0385
1.0591
1.07869
1.09725
1.11477
1.1312
1.14626
1.15949
1.17505
1.18022
1.19939
0.882246
0.909801
0.93577
0.960273
0.983393
1.00523
1.02589
1.04542
1.06381
1.08102
1.09711
1.11211
1.12424
1.14066
1.14509
1.16453
0.84421
0.872075
0.898147
0.922657
0.945792
0.967625
0.988179
1.00747
1.02553
1.04234
1.05791
1.07224
1.08478
1.09936
1.10499
1.12387
0.801676
0.829549
0.855743
0.8803
0.903307
0.924864
0.94505
0.96392
0.981504
0.997809
1.01285
1.02687
1.0399
1.054
1.05964
1.07842
0.757994
0.785425
0.81112
0.835196
0.857759
0.878891
0.898643
0.917053
0.934168
0.950094
0.965128
0.979015
0.991595
1.00524
1.01101
1.02965
0.714021
0.74062
0.765585
0.789008
0.810961
0.831502
0.850694
0.86866
0.885721
0.901871
0.916699
0.930171
0.942565
0.956132
0.961866
0.980555
0.668674
0.694521
0.718896
0.741823
0.763345
0.783588
0.802846
0.821066
0.837866
0.853342
0.867728
0.88103
0.893325
0.906971
0.912646
0.931368
0.622598
0.648178
0.672246
0.69488
0.71644
0.736887
0.755826
0.773354
0.789719
0.805019
0.819326
0.832594
0.844804
0.858668
0.864258
0.883072
0.577376
0.602655
0.626577
0.649366
0.670714
0.69055
0.709118
0.726514
0.742818
0.758095
0.772408
0.785703
0.797812
0.811982
0.817412
0.836315
0.532208
0.55757
0.581529
0.603969
0.624939
0.644631
0.663131
0.680492
0.696788
0.712105
0.726513
0.739937
0.751952
0.766516
0.771775
0.790766
0.488044
0.51299
0.536607
0.558862
0.57985
0.599651
0.618306
0.635834
0.652271
0.667693
0.682206
0.69577
0.707525
0.722643
0.727413
0.746609
0.44555
0.470277
0.493706
0.515914
0.536935
0.556757
0.575432
0.593029
0.609594
0.625172
0.639852
0.653685
0.665122
0.680644
0.685336
0.704565
0.404818
0.429549
0.453072
0.475361
0.496394
0.516233
0.534945
0.55262
0.569302
0.584942
0.599603
0.613734
0.624497
0.640762
0.645099
0.664445
0.366467
0.391307
0.414743
0.436806
0.457581
0.477149
0.495669
0.513331
0.530136
0.545903
0.560359
0.575171
0.5851
0.601842
0.605892
0.625393
0.328521
0.353232
0.376627
0.398741
0.419625
0.439434
0.458267
0.47594
0.492374
0.507781
0.521933
0.536409
0.546941
0.563034
0.567465
0.586867
0.291186
0.315586
0.33866
0.360488
0.381242
0.401055
0.419812
0.4374
0.45385
0.469181
0.483441
0.497238
0.508345
0.523699
0.528568
0.547723
0.25335
0.277047
0.29954
0.320915
0.341343
0.360753
0.379006
0.396155
0.412281
0.427431
0.441665
0.455217
0.466629
0.481439
0.486615
0.505642
0.215315
0.237901
0.259382
0.279976
0.299692
0.318353
0.335971
0.352621
0.368346
0.383175
0.397171
0.410441
0.422036
0.436529
0.441981
0.460952
0.174407
0.194688
0.214124
0.232865
0.250816
0.267907
0.284203
0.299737
0.314516
0.32856
0.341927
0.354652
0.36621
0.379936
0.385707
0.404442
0.132647
0.150217
0.167412
0.184254
0.200582
0.216397
0.231699
0.246457
0.260651
0.274283
0.287367
0.299893
0.311683
0.324961
0.331257
0.34977
0.0791412
0.09015
0.101092
0.111985
0.122922
0.133888
0.144801
0.155595
0.166247
0.176784
0.187279
0.197745
0.208054
0.220022
0.225934
0.244318
0.0369429
0.0454917
0.0540174
0.0624688
0.0708977
0.0793217
0.0877725
0.0962947
0.104925
0.113692
0.12263
0.131733
0.140978
0.150784
0.159173
0.17164
)
;

boundaryField
{
    frontAndBack
    {
        type            empty;
    }
    inlet
    {
        type            zeroGradient;
    }
    outlet
    {
        type            fixedValue;
        value           uniform 0;
    }
    walls
    {
        type            zeroGradient;
    }
}


// ************************************************************************* //
