/*--------------------------------*- C++ -*----------------------------------*\
| =========                 |                                                 |
| \\      /  F ield         | OpenFOAM: The Open Source CFD Toolbox           |
|  \\    /   O peration     | Version:  v2012                                 |
|   \\  /    A nd           | Website:  www.openfoam.com                      |
|    \\/     M anipulation  |                                                 |
\*---------------------------------------------------------------------------*/
FoamFile
{
    version     2.0;
    format      ascii;
    class       volScalarField;
    location    "0.389";
    object      p;
}
// * * * * * * * * * * * * * * * * * * * * * * * * * * * * * * * * * * * * * //

dimensions      [0 2 -2 0 0 0 0];


internalField   nonuniform List<scalar> 
5600
(
-0.674635
-1.13279
-1.51323
-1.83175
-2.14261
-2.45285
-2.7542
-3.03594
-3.29901
-3.54917
-3.78574
-4.01041
-4.22485
-4.43114
-4.63135
-4.82718
-5.01945
-5.2092
-5.39636
-5.5813
-5.7641
-5.94441
-6.12216
-6.29846
-6.47329
-6.64681
-6.81907
-6.99032
-7.1611
-7.33132
-7.50107
-7.67001
-7.8382
-8.00595
-8.17324
-8.33982
-8.5059
-8.67129
-8.83615
-9.00033
-9.16396
-9.32701
-9.48942
-9.65113
-9.81237
-9.97306
-10.1333
-10.293
-10.4522
-10.611
-10.7693
-10.9271
-11.0844
-11.2414
-11.3979
-11.5539
-11.7097
-11.8649
-12.0196
-12.1739
-12.3279
-12.4815
-12.6347
-12.7875
-12.94
-13.0921
-13.2438
-13.3952
-13.5463
-13.697
-13.8474
-13.9976
-14.1474
-14.297
-14.4462
-14.5953
-14.744
-14.8925
-15.0406
-15.1887
-15.3364
-15.484
-15.6313
-15.7786
-15.9254
-16.0722
-16.2187
-16.3652
-16.5115
-16.6574
-16.8032
-16.9487
-17.0947
-17.2404
-17.3868
-17.5334
-17.6827
-17.8361
-17.9935
-18.2389
-0.733669
-1.15297
-1.52985
-1.84957
-2.1606
-2.47118
-2.77246
-3.05446
-3.31788
-3.56809
-3.80488
-4.02986
-4.24463
-4.4513
-4.65186
-4.84801
-5.04058
-5.23056
-5.4179
-5.60291
-5.78592
-5.96633
-6.14414
-6.32055
-6.49552
-6.66917
-6.84153
-7.01286
-7.18374
-7.35405
-7.52388
-7.69289
-7.8611
-8.02888
-8.19621
-8.36283
-8.52894
-8.69436
-8.85926
-9.02346
-9.18713
-9.35021
-9.51266
-9.67438
-9.83565
-9.99634
-10.1566
-10.3163
-10.4756
-10.6343
-10.7926
-10.9504
-11.1078
-11.2647
-11.4212
-11.5772
-11.733
-11.8881
-12.0429
-12.1972
-12.3511
-12.5047
-12.6579
-12.8107
-12.9632
-13.1152
-13.267
-13.4183
-13.5694
-13.7201
-13.8706
-14.0207
-14.1705
-14.3201
-14.4693
-14.6184
-14.7671
-14.9156
-15.0637
-15.2118
-15.3595
-15.5071
-15.6544
-15.8017
-15.9485
-16.0953
-16.2418
-16.3884
-16.5344
-16.6806
-16.8261
-16.9719
-17.1175
-17.2639
-17.4092
-17.5576
-17.7037
-17.8612
-18.0135
-18.2513
-0.771916
-1.1656
-1.5426
-1.86293
-2.17181
-2.47988
-2.78008
-3.06168
-3.32487
-3.57475
-3.81127
-4.03633
-4.25114
-4.45778
-4.65837
-4.85455
-5.04712
-5.23713
-5.42446
-5.60951
-5.79249
-5.97296
-6.15093
-6.32739
-6.50227
-6.67589
-6.84819
-7.01952
-7.19029
-7.36057
-7.53032
-7.69927
-7.86753
-8.03533
-8.20263
-8.36923
-8.53532
-8.70071
-8.86557
-9.02973
-9.19334
-9.35636
-9.51873
-9.68037
-9.84157
-10.0023
-10.1625
-10.3222
-10.4815
-10.6402
-10.7986
-10.9564
-11.1137
-11.2707
-11.4273
-11.5834
-11.7392
-11.8944
-12.0492
-12.2036
-12.3576
-12.5113
-12.6645
-12.8174
-12.9699
-13.122
-13.2738
-13.4252
-13.5763
-13.727
-13.8775
-14.0277
-14.1776
-14.3272
-14.4764
-14.6255
-14.7742
-14.9228
-15.0709
-15.219
-15.3667
-15.5144
-15.6617
-15.8089
-15.9558
-16.1026
-16.2491
-16.3957
-16.5418
-16.688
-16.8335
-16.9794
-17.1249
-17.2714
-17.4167
-17.565
-17.7117
-17.8697
-18.0211
-18.249
-0.820639
-1.18207
-1.55798
-1.87978
-2.18738
-2.49452
-2.79509
-3.07731
-3.34113
-3.59134
-3.82843
-4.0535
-4.26879
-4.47563
-4.67627
-4.87238
-5.06481
-5.25457
-5.4416
-5.62633
-5.80915
-5.98954
-6.16753
-6.34408
-6.51908
-6.69298
-6.86564
-7.03732
-7.20832
-7.37883
-7.54875
-7.71785
-7.88612
-8.05398
-8.22136
-8.38805
-8.55422
-8.71971
-8.88468
-9.04896
-9.21271
-9.37589
-9.53844
-9.70028
-9.86166
-10.0224
-10.1827
-10.3424
-10.5018
-10.6606
-10.819
-10.9768
-11.1343
-11.2913
-11.4478
-11.6038
-11.7595
-11.9146
-12.0693
-12.2236
-12.3776
-12.5311
-12.6843
-12.8371
-12.9895
-13.1416
-13.2933
-13.4446
-13.5957
-13.7464
-13.8968
-14.0469
-14.1968
-14.3463
-14.4956
-14.6446
-14.7933
-14.9418
-15.0899
-15.238
-15.3857
-15.5333
-15.6806
-15.8279
-15.9747
-16.1215
-16.268
-16.4145
-16.5607
-16.7067
-16.8524
-16.9981
-17.1438
-17.2899
-17.4356
-17.5832
-17.7305
-17.8864
-18.0426
-18.2478
-0.870266
-1.1992
-1.57373
-1.89797
-2.20397
-2.51027
-2.81055
-3.09259
-3.35644
-3.60644
-3.84376
-4.06859
-4.28407
-4.49114
-4.69197
-4.88825
-5.08087
-5.27075
-5.45793
-5.64277
-5.82555
-6.00597
-6.18393
-6.36033
-6.53516
-6.70888
-6.88133
-7.05283
-7.22358
-7.394
-7.56381
-7.7329
-7.90123
-8.06919
-8.23656
-8.4033
-8.56944
-8.73495
-8.89987
-9.06414
-9.22779
-9.3909
-9.55329
-9.71508
-9.87635
-10.0371
-10.1973
-10.357
-10.5163
-10.675
-10.8334
-10.9911
-11.1485
-11.3054
-11.4619
-11.618
-11.7738
-11.929
-12.0839
-12.2383
-12.3922
-12.5459
-12.6993
-12.8522
-13.0047
-13.1568
-13.3086
-13.46
-13.6112
-13.7619
-13.9124
-14.0626
-14.2125
-14.3621
-14.5114
-14.6605
-14.8092
-14.9577
-15.1059
-15.254
-15.4018
-15.5494
-15.6967
-15.844
-15.9909
-16.1376
-16.2842
-16.4307
-16.577
-16.723
-16.8687
-17.0143
-17.1602
-17.3062
-17.4519
-17.5994
-17.7465
-17.9021
-18.055
-18.2518
-0.920301
-1.21851
-1.59102
-1.91822
-2.2226
-2.52793
-2.82784
-3.10989
-3.37398
-3.62417
-3.86172
-4.0869
-4.30265
-4.51
-4.71104
-4.90743
-5.10015
-5.29003
-5.47726
-5.66213
-5.84472
-6.02514
-6.20317
-6.3796
-6.55451
-6.72826
-6.90076
-7.0723
-7.24309
-7.41336
-7.5832
-7.75222
-7.92053
-8.08837
-8.25564
-8.42228
-8.58834
-8.7538
-8.91865
-9.08291
-9.24655
-9.40987
-9.57232
-9.73421
-9.89553
-10.0563
-10.2166
-10.3764
-10.5358
-10.6946
-10.853
-11.0109
-11.1683
-11.3253
-11.4819
-11.638
-11.7938
-11.949
-12.1038
-12.2581
-12.4122
-12.5658
-12.7189
-12.8717
-13.0242
-13.1763
-13.3281
-13.4794
-13.6305
-13.7813
-13.9317
-14.0819
-14.2318
-14.3813
-14.5306
-14.6797
-14.8285
-14.9769
-15.1252
-15.2732
-15.421
-15.5686
-15.7159
-15.8631
-16.0101
-16.1568
-16.3034
-16.4499
-16.5961
-16.7421
-16.8879
-17.0336
-17.1793
-17.3253
-17.471
-17.6183
-17.7652
-17.9194
-18.071
-18.2576
-0.969719
-1.24033
-1.61008
-1.94051
-2.24343
-2.54771
-2.84733
-3.12947
-3.39373
-3.64405
-3.8817
-4.10714
-4.32297
-4.53047
-4.73163
-4.92812
-5.12092
-5.31083
-5.49809
-5.68297
-5.86556
-6.046
-6.22411
-6.40056
-6.57551
-6.74925
-6.92178
-7.09333
-7.26422
-7.4344
-7.60424
-7.77327
-7.94163
-8.10944
-8.27672
-8.44335
-8.6094
-8.77485
-8.93965
-9.1039
-9.26749
-9.43077
-9.59319
-9.75498
-9.91622
-10.0769
-10.2372
-10.3969
-10.5562
-10.7149
-10.8733
-11.0311
-11.1885
-11.3456
-11.5021
-11.6582
-11.8141
-11.9693
-12.1241
-12.2785
-12.4325
-12.5861
-12.7394
-12.8922
-13.0448
-13.1969
-13.3487
-13.5001
-13.6512
-13.8019
-13.9524
-14.1026
-14.2525
-14.4021
-14.5514
-14.7004
-14.8492
-14.9977
-15.146
-15.294
-15.4418
-15.5894
-15.7368
-15.884
-16.0309
-16.1777
-16.3243
-16.4708
-16.617
-16.7631
-16.9088
-17.0545
-17.2003
-17.3462
-17.4919
-17.6389
-17.7856
-17.9381
-18.0879
-18.2636
-1.0167
-1.26482
-1.63149
-1.96498
-2.26669
-2.56997
-2.86938
-3.15159
-3.41597
-3.66638
-3.90412
-4.12979
-4.34569
-4.55339
-4.7547
-4.95131
-5.1442
-5.33415
-5.52144
-5.70635
-5.88895
-6.06936
-6.2475
-6.42396
-6.59894
-6.77267
-6.94522
-7.11679
-7.2877
-7.4579
-7.62772
-7.79676
-7.96513
-8.13293
-8.30022
-8.46685
-8.6329
-8.79835
-8.96315
-9.12746
-9.2911
-9.45421
-9.61666
-9.77846
-9.93972
-10.1004
-10.2607
-10.4204
-10.5796
-10.7384
-10.8967
-11.0545
-11.2119
-11.369
-11.5255
-11.6816
-11.8373
-11.9925
-12.1473
-12.3017
-12.4556
-12.6092
-12.7625
-12.9153
-13.0678
-13.2199
-13.3717
-13.5231
-13.6743
-13.825
-13.9755
-14.1257
-14.2756
-14.4252
-14.5745
-14.7236
-14.8724
-15.0209
-15.1691
-15.3171
-15.465
-15.6126
-15.76
-15.9071
-16.0541
-16.2008
-16.3474
-16.4939
-16.6402
-16.7862
-16.9319
-17.0777
-17.2234
-17.3693
-17.5149
-17.6616
-17.8079
-17.9585
-18.1058
-18.2703
-1.05968
-1.2919
-1.65582
-1.99177
-2.29258
-2.59505
-2.89432
-3.17655
-3.44101
-3.69151
-3.92934
-4.15518
-4.37116
-4.57899
-4.78042
-4.9771
-5.17004
-5.36001
-5.54731
-5.73223
-5.91482
-6.09518
-6.27335
-6.44984
-6.62484
-6.79858
-6.97114
-7.14273
-7.31366
-7.4839
-7.65367
-7.82271
-7.99109
-8.1589
-8.32618
-8.49282
-8.65886
-8.82431
-8.98912
-9.15343
-9.31706
-9.48013
-9.64261
-9.80442
-9.9657
-10.1264
-10.2866
-10.4464
-10.6056
-10.7644
-10.9227
-11.0805
-11.2379
-11.395
-11.5515
-11.7076
-11.8632
-12.0184
-12.1732
-12.3276
-12.4815
-12.6351
-12.7883
-12.9411
-13.0936
-13.2456
-13.3974
-13.5489
-13.7
-13.8508
-14.0012
-14.1514
-14.3012
-14.4508
-14.6
-14.7491
-14.8978
-15.0464
-15.1947
-15.3427
-15.4905
-15.6381
-15.7854
-15.9326
-16.0796
-16.2263
-16.3729
-16.5194
-16.6657
-16.8117
-16.9575
-17.1032
-17.2489
-17.3947
-17.5403
-17.6866
-17.8323
-17.9809
-18.1252
-18.2778
-1.09686
-1.32109
-1.68367
-2.02104
-2.32132
-2.62335
-2.92258
-3.20477
-3.46927
-3.71986
-3.95774
-4.18366
-4.39968
-4.60758
-4.80907
-5.00579
-5.19877
-5.38876
-5.57607
-5.76102
-5.94361
-6.12392
-6.30212
-6.47862
-6.65364
-6.82737
-6.99993
-7.17153
-7.34249
-7.51275
-7.68247
-7.85151
-8.01992
-8.18774
-8.355
-8.52165
-8.68768
-8.85313
-9.01793
-9.18226
-9.34591
-9.50896
-9.67143
-9.83326
-9.99452
-10.1552
-10.3155
-10.4752
-10.6344
-10.7932
-10.9515
-11.1094
-11.2667
-11.4238
-11.5803
-11.7364
-11.892
-12.0473
-12.2021
-12.3564
-12.5104
-12.6639
-12.8171
-12.9699
-13.1224
-13.2745
-13.4263
-13.5778
-13.7288
-13.8796
-14.03
-14.1802
-14.33
-14.4796
-14.6288
-14.7779
-14.9267
-15.0752
-15.2233
-15.3713
-15.5191
-15.6667
-15.8141
-15.9612
-16.1081
-16.2549
-16.4014
-16.5478
-16.6942
-16.8402
-16.9859
-17.1316
-17.2773
-17.423
-17.5685
-17.7144
-17.8594
-18.0057
-18.1464
-18.2874
-1.12421
-1.35039
-1.71409
-2.05139
-2.35155
-2.65374
-2.95304
-3.2351
-3.4996
-3.75025
-3.98811
-4.21402
-4.43002
-4.63791
-4.83942
-5.03614
-5.22913
-5.41913
-5.60643
-5.7914
-5.97397
-6.15423
-6.33242
-6.50893
-6.68396
-6.85768
-7.03023
-7.20182
-7.37283
-7.54309
-7.71277
-7.88181
-8.05023
-8.21806
-8.38532
-8.55197
-8.718
-8.88345
-9.04823
-9.2126
-9.37625
-9.53928
-9.70174
-9.86357
-10.0248
-10.1856
-10.3458
-10.5055
-10.6647
-10.8235
-10.9818
-11.1397
-11.297
-11.4541
-11.6106
-11.7667
-11.9224
-12.0776
-12.2324
-12.3867
-12.5407
-12.6943
-12.8474
-13.0003
-13.1527
-13.3049
-13.4566
-13.6081
-13.7591
-13.9099
-14.0603
-14.2105
-14.3603
-14.5099
-14.6591
-14.8081
-14.9569
-15.1054
-15.2536
-15.4016
-15.5494
-15.697
-15.8444
-15.9915
-16.1385
-16.2852
-16.4317
-16.5782
-16.7245
-16.8705
-17.0163
-17.162
-17.3076
-17.4533
-17.5986
-17.744
-17.8883
-18.0323
-18.1695
-18.3005
-1.139
-1.37703
-1.74414
-2.07985
-2.38033
-2.68327
-2.98276
-3.26459
-3.52907
-3.77975
-4.01752
-4.24333
-4.45926
-4.66706
-4.86851
-5.06521
-5.25817
-5.44815
-5.63543
-5.82043
-6.00297
-6.18317
-6.36135
-6.53786
-6.7129
-6.8866
-7.05914
-7.23071
-7.40177
-7.57204
-7.74168
-7.91072
-8.07915
-8.24698
-8.41423
-8.58089
-8.74691
-8.91237
-9.07712
-9.24153
-9.40517
-9.56818
-9.73063
-9.89247
-10.0537
-10.2145
-10.3747
-10.5344
-10.6936
-10.8524
-11.0107
-11.1686
-11.3259
-11.483
-11.6396
-11.7956
-11.9513
-12.1065
-12.2613
-12.4156
-12.5696
-12.7231
-12.8763
-13.0291
-13.1816
-13.3337
-13.4855
-13.637
-13.7881
-13.9388
-14.0893
-14.2395
-14.3893
-14.5389
-14.6882
-14.8372
-14.986
-15.1345
-15.2828
-15.4308
-15.5786
-15.7262
-15.8735
-16.0207
-16.1677
-16.3144
-16.461
-16.6075
-16.7539
-16.8999
-17.0457
-17.1914
-17.3371
-17.4826
-17.6278
-17.7728
-17.9164
-18.0584
-18.1925
-18.316
-1.14272
-1.4006
-1.77218
-2.1052
-2.40639
-2.71045
-3.01017
-3.29173
-3.55616
-3.80686
-4.04451
-4.27015
-4.48596
-4.69361
-4.89496
-5.09159
-5.28452
-5.47448
-5.66172
-5.84676
-6.02927
-6.2094
-6.38755
-6.56405
-6.73909
-6.91276
-7.08529
-7.25682
-7.42793
-7.59818
-7.76781
-7.93684
-8.10528
-8.27311
-8.44037
-8.60702
-8.77305
-8.93851
-9.10326
-9.26771
-9.43133
-9.59432
-9.75677
-9.9186
-10.0799
-10.2406
-10.4008
-10.5605
-10.7197
-10.8785
-11.0368
-11.1946
-11.3521
-11.5092
-11.6657
-11.8218
-11.9774
-12.1327
-12.2875
-12.4418
-12.5958
-12.7494
-12.9026
-13.0555
-13.208
-13.3601
-13.5119
-13.6634
-13.8145
-13.9652
-14.1158
-14.266
-14.4159
-14.5655
-14.7148
-14.8638
-15.0126
-15.1611
-15.3094
-15.4574
-15.6052
-15.7528
-15.9001
-16.0472
-16.1942
-16.3409
-16.4875
-16.6338
-16.7801
-16.9261
-17.072
-17.2178
-17.3634
-17.509
-17.6541
-17.7988
-17.9416
-18.0823
-18.2142
-18.3321
-1.13764
-1.42193
-1.79815
-2.12786
-2.43009
-2.73544
-3.03544
-3.31666
-3.58101
-3.83172
-4.0692
-4.29464
-4.51033
-4.7178
-4.91901
-5.11556
-5.30842
-5.49837
-5.68556
-5.87064
-6.05311
-6.23318
-6.4113
-6.5878
-6.76283
-6.93648
-7.10897
-7.28047
-7.45163
-7.62186
-7.79147
-7.96049
-8.12894
-8.29676
-8.46401
-8.63064
-8.79667
-8.96205
-9.12686
-9.29133
-9.45494
-9.61794
-9.78038
-9.94222
-10.1035
-10.2642
-10.4245
-10.5842
-10.7435
-10.9023
-11.0606
-11.2184
-11.376
-11.5331
-11.6896
-11.8457
-12.0014
-12.1567
-12.3116
-12.466
-12.62
-12.7736
-12.9268
-13.0797
-13.2321
-13.3841
-13.5359
-13.6874
-13.8385
-13.9893
-14.1398
-14.29
-14.4399
-14.5895
-14.7388
-14.8878
-15.0366
-15.1851
-15.3334
-15.4814
-15.6292
-15.7768
-15.9242
-16.0713
-16.2184
-16.3651
-16.5119
-16.6584
-16.8047
-16.9507
-17.0964
-17.2421
-17.3877
-17.5332
-17.6782
-17.8228
-17.9654
-18.1042
-18.2343
-18.3483
-1.12631
-1.44138
-1.82178
-2.14808
-2.45163
-2.75833
-3.05874
-3.33958
-3.60386
-3.85453
-4.09182
-4.31698
-4.53249
-4.73978
-4.94085
-5.13727
-5.33005
-5.51996
-5.70708
-5.8922
-6.07461
-6.2546
-6.43266
-6.60918
-6.78417
-6.95783
-7.13023
-7.30177
-7.47296
-7.64315
-7.81273
-7.98176
-8.15024
-8.31808
-8.48535
-8.65199
-8.81808
-8.98347
-9.14842
-9.31284
-9.47646
-9.63953
-9.80204
-9.96395
-10.1253
-10.2861
-10.4464
-10.6062
-10.7655
-10.9243
-11.0826
-11.2403
-11.3978
-11.5549
-11.7114
-11.8675
-12.0232
-12.1785
-12.3333
-12.4877
-12.6417
-12.7953
-12.9485
-13.1013
-13.2538
-13.4058
-13.5576
-13.7091
-13.8602
-14.0109
-14.1615
-14.3116
-14.4615
-14.611
-14.7603
-14.9093
-15.0581
-15.2066
-15.3548
-15.5028
-15.6505
-15.7981
-15.9454
-16.0925
-16.2393
-16.386
-16.5325
-16.6788
-16.8251
-16.9711
-17.117
-17.2627
-17.4084
-17.5539
-17.6988
-17.843
-17.9851
-18.1241
-18.2531
-18.3642
-1.11077
-1.45937
-1.84301
-2.16626
-2.47118
-2.77912
-3.07999
-3.36049
-3.62477
-3.87539
-4.11256
-4.33746
-4.55269
-4.75975
-4.96074
-5.15704
-5.34981
-5.53961
-5.72682
-5.91197
-6.09434
-6.27426
-6.45224
-6.6287
-6.80364
-6.97727
-7.14963
-7.32127
-7.49244
-7.66268
-7.83228
-8.00135
-8.16993
-8.33789
-8.50525
-8.672
-8.83816
-9.00364
-9.1686
-9.33294
-9.49652
-9.65956
-9.82206
-9.98395
-10.1453
-10.306
-10.4663
-10.6261
-10.7854
-10.9442
-11.1025
-11.2602
-11.4177
-11.5748
-11.7314
-11.8875
-12.0432
-12.1984
-12.3532
-12.5076
-12.6617
-12.8153
-12.9685
-13.1213
-13.2737
-13.4258
-13.5776
-13.7291
-13.8802
-14.031
-14.1816
-14.3318
-14.4816
-14.6312
-14.7805
-14.9295
-15.0783
-15.2269
-15.3752
-15.5232
-15.671
-15.8186
-15.966
-16.1132
-16.2602
-16.4071
-16.5537
-16.7003
-16.8466
-16.9926
-17.1384
-17.2841
-17.4296
-17.575
-17.7199
-17.8642
-18.0059
-18.1428
-18.2706
-18.3798
-1.09204
-1.47606
-1.86207
-2.18311
-2.48936
-2.7982
-3.09929
-3.37929
-3.64355
-3.89395
-4.13079
-4.35595
-4.57072
-4.7774
-4.97816
-5.17426
-5.3669
-5.55655
-5.74381
-5.92882
-6.1112
-6.29119
-6.4693
-6.64594
-6.82103
-6.99477
-7.16731
-7.33909
-7.51032
-7.68062
-7.85018
-8.01914
-8.18764
-8.35553
-8.52283
-8.68951
-8.8556
-9.02103
-9.18593
-9.35023
-9.51379
-9.67679
-9.83921
-10.001
-10.1623
-10.3231
-10.4833
-10.643
-10.8023
-10.961
-11.1193
-11.277
-11.4345
-11.5915
-11.748
-11.9041
-12.0597
-12.2149
-12.3697
-12.524
-12.678
-12.8316
-12.9847
-13.1375
-13.2899
-13.4419
-13.5937
-13.7451
-13.8961
-14.0469
-14.1973
-14.3475
-14.4973
-14.6468
-14.796
-14.9449
-15.0937
-15.2421
-15.3903
-15.5383
-15.686
-15.8335
-15.9808
-16.1279
-16.2748
-16.4215
-16.5679
-16.7143
-16.8605
-17.0065
-17.1523
-17.298
-17.4436
-17.5891
-17.7339
-17.8781
-18.0201
-18.1581
-18.2858
-18.3942
-1.07118
-1.49039
-1.87765
-2.19806
-2.50623
-2.81668
-3.1181
-3.39763
-3.66191
-3.91218
-4.14877
-4.37419
-4.58863
-4.79517
-4.99594
-5.19216
-5.38499
-5.57498
-5.76256
-5.94781
-6.1304
-6.31044
-6.48864
-6.66526
-6.84028
-7.01379
-7.18612
-7.35779
-7.52894
-7.69922
-7.8688
-8.03778
-8.20631
-8.37422
-8.54154
-8.70825
-8.87436
-9.03983
-9.20475
-9.36906
-9.53266
-9.69566
-9.85806
-10.0199
-10.1812
-10.342
-10.5022
-10.662
-10.8212
-10.98
-11.1383
-11.2961
-11.4536
-11.6107
-11.7672
-11.9233
-12.079
-12.2342
-12.389
-12.5434
-12.6974
-12.851
-13.0042
-13.1571
-13.3095
-13.4616
-13.6134
-13.7648
-13.916
-14.0667
-14.2173
-14.3674
-14.5173
-14.6669
-14.8162
-14.9652
-15.1139
-15.2625
-15.4107
-15.5588
-15.7065
-15.8541
-16.0015
-16.1486
-16.2956
-16.4424
-16.589
-16.7355
-16.8817
-17.0278
-17.1736
-17.3193
-17.4648
-17.6103
-17.7551
-17.8992
-18.0405
-18.1771
-18.3034
-18.4103
-1.05658
-1.50497
-1.88989
-2.2076
-2.51659
-2.82882
-3.13076
-3.40975
-3.6742
-3.92446
-4.16094
-4.38597
-4.60023
-4.80666
-5.00732
-5.20343
-5.39614
-5.58601
-5.77346
-5.95854
-6.14082
-6.32045
-6.49844
-6.67486
-6.84975
-7.02315
-7.19528
-7.36684
-7.5379
-7.70811
-7.8776
-8.0465
-8.21494
-8.38277
-8.55001
-8.71664
-8.88269
-9.04808
-9.21293
-9.37719
-9.54072
-9.70367
-9.86603
-10.0278
-10.1891
-10.3498
-10.51
-10.6697
-10.8289
-10.9877
-11.1459
-11.3036
-11.4611
-11.6181
-11.7746
-11.9306
-12.0863
-12.2415
-12.3963
-12.5506
-12.7046
-12.8581
-13.0113
-13.1641
-13.3165
-13.4685
-13.6202
-13.7717
-13.9227
-14.0735
-14.2239
-14.3741
-14.5239
-14.6734
-14.8227
-14.9716
-15.1204
-15.2689
-15.4171
-15.5651
-15.7128
-15.8603
-16.0076
-16.1547
-16.3017
-16.4484
-16.5949
-16.7413
-16.8876
-17.0336
-17.1794
-17.3251
-17.4707
-17.6161
-17.7609
-17.905
-18.0467
-18.1841
-18.3107
-18.4182
-1.0261
-1.5198
-1.91351
-2.23176
-2.54093
-2.85368
-3.15638
-3.4344
-3.69917
-3.94954
-4.18591
-4.41076
-4.62481
-4.83095
-5.03134
-5.22722
-5.41975
-5.60947
-5.79683
-5.98183
-6.16414
-6.34383
-6.52179
-6.69819
-6.87303
-7.04641
-7.21855
-7.39006
-7.56108
-7.73125
-7.90072
-8.0696
-8.23803
-8.40585
-8.57309
-8.73972
-8.90576
-9.07116
-9.23601
-9.40027
-9.56381
-9.72676
-9.88913
-10.0509
-10.2122
-10.3729
-10.5331
-10.6928
-10.8521
-11.0108
-11.169
-11.3268
-11.4842
-11.6413
-11.7978
-11.9538
-12.1095
-12.2647
-12.4195
-12.5738
-12.7278
-12.8813
-13.0345
-13.1873
-13.3397
-13.4918
-13.6435
-13.7949
-13.946
-14.0968
-14.2472
-14.3974
-14.5472
-14.6967
-14.846
-14.995
-15.1437
-15.2922
-15.4404
-15.5884
-15.7362
-15.8837
-16.031
-16.1782
-16.3251
-16.4718
-16.6184
-16.7648
-16.9111
-17.0571
-17.2029
-17.3486
-17.4941
-17.6396
-17.7844
-17.9284
-18.07
-18.207
-18.3334
-18.4404
-18.205
-18.469
-19.2085
-19.3341
-18.7929
-17.7095
-16.2493
-14.545
-12.7835
-11.0607
-9.46694
-8.03035
-6.76684
-5.67082
-4.72869
-3.92051
-3.22879
-2.63381
-2.12019
-1.67599
-1.28953
-0.950956
-0.653465
-0.391051
-0.158353
0.0492646
0.234552
0.399836
0.547884
0.680924
0.801163
0.909203
1.00477
1.08955
1.16475
1.23114
1.28946
1.3404
1.38452
1.42234
1.45437
1.48104
1.50277
1.51993
1.53289
1.54195
1.54744
1.54962
1.54874
1.54507
1.53881
1.53016
1.51933
1.50647
1.49176
1.47533
1.45734
1.43789
1.41714
1.39518
1.37214
1.34808
1.32307
1.29722
1.27057
1.24321
1.21521
1.18656
1.15732
1.12755
1.09724
1.06645
1.03526
1.00363
0.97163
0.939252
0.906551
0.873503
0.840136
0.806455
0.772462
0.738187
0.703626
0.66873
0.633686
0.598271
0.562698
0.526915
0.490738
0.454606
0.417808
0.381193
0.343717
0.306085
0.267364
0.227831
0.185365
0.141398
0.0864774
0.0412911
-18.2472
-18.3949
-19.1019
-19.2444
-18.7154
-17.6523
-16.2143
-14.5297
-12.7839
-11.0724
-9.48709
-8.05518
-6.79413
-5.69912
-4.7568
-3.94771
-3.25445
-2.65774
-2.14237
-1.69647
-1.30852
-0.968695
-0.670104
-0.406607
-0.173052
0.0351837
0.220911
0.386638
0.534849
0.667929
0.787373
0.895224
0.990907
1.07575
1.15102
1.21748
1.27587
1.32687
1.37104
1.40892
1.44099
1.4677
1.48946
1.50665
1.51963
1.52872
1.53423
1.53643
1.53557
1.53192
1.52567
1.51705
1.50622
1.49338
1.47868
1.46228
1.4443
1.42486
1.40413
1.38218
1.35916
1.33511
1.31013
1.28429
1.25765
1.23031
1.20232
1.17368
1.14445
1.11469
1.08438
1.05359
1.02239
0.990756
0.95875
0.92636
0.893644
0.860578
0.827188
0.793483
0.759463
0.725164
0.690576
0.655659
0.620582
0.58516
0.549552
0.513774
0.477583
0.441471
0.404709
0.36816
0.330815
0.293387
0.255046
0.21612
0.174801
0.13232
0.0808272
0.03729
-18.2422
-18.4027
-19.0271
-19.1528
-18.6284
-17.583
-16.1675
-14.5049
-12.7785
-11.0827
-9.5079
-8.083
-6.82627
-5.73281
-4.7901
-3.97975
-3.28457
-2.68582
-2.1685
-1.7207
-1.33107
-0.989737
-0.689806
-0.425053
-0.190432
0.0186751
0.205075
0.371583
0.520295
0.653937
0.772811
0.879782
0.975409
1.06036
1.13573
1.20228
1.26076
1.31184
1.35608
1.39402
1.42614
1.4529
1.4747
1.49194
1.50495
1.51407
1.5196
1.52182
1.52099
1.51736
1.51113
1.50253
1.49172
1.4789
1.46422
1.44783
1.42987
1.41045
1.38974
1.36781
1.3448
1.32076
1.29581
1.26999
1.24336
1.21605
1.18807
1.15944
1.13021
1.10046
1.07016
1.03937
1.00817
0.976527
0.944509
0.912106
0.879373
0.846286
0.812871
0.77914
0.74509
0.710762
0.676144
0.641205
0.606088
0.570659
0.535014
0.499237
0.463035
0.426943
0.39022
0.353749
0.316548
0.279354
0.241435
0.203181
0.163139
0.122308
0.0747151
0.0328026
-18.2684
-18.4233
-18.965
-19.0692
-18.5396
-17.5074
-16.1126
-14.4752
-12.7697
-11.0921
-9.5298
-8.11388
-6.86274
-5.77134
-4.82832
-4.0166
-3.31941
-2.71871
-2.19945
-1.74941
-1.35769
-1.01446
-0.712845
-0.446614
-0.21071
-0.000511548
0.186754
0.354129
0.503462
0.637756
0.75653
0.862516
0.958051
1.04317
1.11868
1.18536
1.24395
1.29513
1.33947
1.37748
1.40967
1.43649
1.45834
1.47562
1.48868
1.49783
1.5034
1.50565
1.50485
1.50124
1.49504
1.48646
1.47567
1.46287
1.44821
1.43185
1.4139
1.39451
1.37381
1.35191
1.32892
1.3049
1.27997
1.25417
1.22756
1.20028
1.1723
1.14368
1.11449
1.08474
1.05443
1.02365
0.992445
0.960797
0.928765
0.896348
0.863594
0.830485
0.79704
0.763279
0.729194
0.694835
0.660183
0.62522
0.590057
0.55462
0.518937
0.483155
0.446943
0.410874
0.374192
0.337814
0.300772
0.263851
0.226405
0.188886
0.150227
0.111278
0.0680304
0.0278717
-18.2886
-18.4345
-18.9026
-18.9839
-18.4525
-17.4318
-16.0548
-14.4444
-12.7613
-11.1039
-9.55589
-8.15009
-6.90466
-5.81571
-4.87273
-4.05969
-3.36036
-2.7574
-2.23581
-1.78307
-1.3888
-1.04331
-0.739722
-0.4718
-0.234447
-0.0230429
0.165182
0.333366
0.48333
0.61808
0.737153
0.84288
0.938574
1.02393
1.09963
1.16648
1.22521
1.27653
1.32098
1.35909
1.39137
1.41826
1.44018
1.45752
1.47063
1.47983
1.48543
1.48773
1.48696
1.48338
1.47721
1.46866
1.4579
1.44512
1.43049
1.41416
1.39623
1.37687
1.35619
1.33432
1.31135
1.28736
1.26246
1.23668
1.2101
1.18283
1.15487
1.12626
1.0971
1.06734
1.03705
1.00628
0.97507
0.943404
0.911358
0.878925
0.846148
0.813012
0.779533
0.745737
0.711614
0.677218
0.642528
0.607537
0.572325
0.536873
0.501152
0.46536
0.429133
0.393089
0.356453
0.320173
0.283325
0.246705
0.209807
0.173049
0.135952
0.0991222
0.0606531
0.0224887
-18.3068
-18.4431
-18.8367
-18.8895
-18.3584
-17.35
-15.9956
-14.415
-12.7561
-11.1205
-9.58821
-8.19389
-6.95474
-5.86867
-4.92588
-4.11127
-3.40923
-2.80301
-2.27822
-1.82234
-1.42515
-1.07714
-0.771318
-0.501473
-0.262484
-0.0497294
0.139602
0.308648
0.459388
0.594579
0.714371
0.82063
0.916663
1.00231
1.07828
1.14535
1.20428
1.25578
1.30038
1.33862
1.371
1.39799
1.42
1.43741
1.45058
1.45984
1.4655
1.46784
1.46712
1.46358
1.45745
1.44893
1.43821
1.42546
1.41086
1.39456
1.37667
1.35733
1.33668
1.31484
1.2919
1.26795
1.24307
1.21733
1.19077
1.16352
1.13558
1.107
1.07785
1.0481
1.01781
0.98706
0.955846
0.924163
0.89211
0.859664
0.826861
0.793684
0.760167
0.72633
0.692164
0.657727
0.622992
0.58797
0.552706
0.517225
0.481465
0.445658
0.40942
0.373396
0.336834
0.300626
0.264026
0.227686
0.191438
0.15552
0.120193
0.0856832
0.0524223
0.0166309
-18.3234
-18.4477
-18.7667
-18.7859
-18.2547
-17.2594
-15.9296
-14.3813
-12.7512
-11.1407
-9.62674
-8.2459
-7.0142
-5.93116
-4.98845
-4.17189
-3.46653
-2.85635
-2.32757
-1.86796
-1.46735
-1.11638
-0.80796
-0.535874
-0.294963
-0.0806601
0.110014
0.280133
0.431896
0.567743
0.688427
0.795496
0.891954
0.977964
1.05429
1.12166
1.18086
1.23258
1.27737
1.31578
1.3483
1.37541
1.39752
1.41503
1.4283
1.43763
1.44335
1.44575
1.44508
1.4416
1.43552
1.42705
1.41636
1.40366
1.3891
1.37284
1.35498
1.33568
1.31506
1.29326
1.27037
1.24645
1.22161
1.1959
1.16938
1.14216
1.11424
1.08568
1.05654
1.02681
0.996537
0.965781
0.934564
0.902871
0.870812
0.838345
0.805516
0.772293
0.738738
0.704853
0.670649
0.636163
0.60137
0.56631
0.530985
0.495468
0.459673
0.423848
0.387602
0.351578
0.315112
0.278967
0.242658
0.206584
0.17107
0.136112
0.102715
0.0707592
0.0431285
0.0102605
-18.3385
-18.4478
-18.6935
-18.6747
-18.1431
-17.1623
-15.858
-14.3428
-12.7437
-11.1601
-9.66667
-8.30105
-7.07842
-5.99777
-5.05517
-4.23715
-3.52894
-2.91515
-2.38242
-1.91891
-1.51455
-1.16024
-0.848809
-0.574177
-0.331076
-0.115338
0.0767206
0.248051
0.400961
0.537622
0.659215
0.76718
0.864156
0.950647
1.02742
1.09516
1.15467
1.20665
1.25167
1.29026
1.32296
1.35022
1.37246
1.39009
1.40346
1.41289
1.4187
1.42118
1.42058
1.41716
1.41115
1.40274
1.39211
1.37946
1.36496
1.34875
1.33094
1.31167
1.2911
1.26935
1.2465
1.22263
1.19783
1.17216
1.14569
1.1185
1.09062
1.06208
1.03296
1.00325
0.972983
0.94223
0.911009
0.879311
0.847232
0.81474
0.781881
0.748618
0.715021
0.681084
0.646831
0.612296
0.577442
0.542339
0.506941
0.471383
0.435522
0.399679
0.363423
0.32741
0.291029
0.254963
0.218959
0.18319
0.148454
0.114557
0.0832511
0.0540746
0.0325157
0.00330732
-18.3526
-18.4446
-18.6189
-18.5576
-18.0245
-17.0592
-15.7817
-14.2984
-12.7304
-11.174
-9.70257
-8.35377
-7.14156
-6.06639
-5.12565
-4.30674
-3.59573
-2.97827
-2.44155
-1.9742
-1.56621
-1.20866
-0.894316
-0.617166
-0.371849
-0.154306
0.0393696
0.212139
0.366338
0.504002
0.626584
0.735528
0.833135
0.920184
0.997439
1.06558
1.12541
1.17767
1.22293
1.26175
1.29465
1.32209
1.3445
1.36225
1.37573
1.38528
1.39121
1.3938
1.3933
1.38997
1.38405
1.37572
1.36516
1.35257
1.33814
1.322
1.30425
1.28504
1.26452
1.24283
1.22004
1.19622
1.17148
1.14586
1.11944
1.09229
1.06444
1.03594
1.00684
0.977155
0.946902
0.916157
0.884942
0.853246
0.821141
0.788628
0.755731
0.722432
0.688783
0.654782
0.62046
0.585848
0.550923
0.515768
0.480296
0.444701
0.408754
0.37289
0.3366
0.30062
0.26431
0.228346
0.19264
0.15723
0.123298
0.0905502
0.0614974
0.0352398
0.0202831
-0.00437263
-18.3658
-18.4385
-18.5445
-18.4368
-17.8995
-16.9501
-15.6996
-14.2515
-12.7181
-11.1913
-9.74276
-8.41093
-7.20881
-6.14054
-5.20172
-4.3814
-3.66713
-3.04562
-2.50459
-2.03312
-1.6213
-1.26036
-0.943042
-0.663364
-0.415927
-0.196277
-0.00105358
0.172924
0.328174
0.466713
0.59019
0.700051
0.798276
0.885853
0.963605
1.03217
1.09238
1.14501
1.19061
1.22972
1.26288
1.29056
1.31319
1.33114
1.3448
1.35452
1.3606
1.36333
1.36296
1.35975
1.35394
1.34572
1.33524
1.32274
1.30839
1.29234
1.27467
1.25551
1.23506
1.21343
1.19072
1.16697
1.14229
1.11673
1.09037
1.06327
1.03547
1.00701
0.977934
0.948278
0.918038
0.887306
0.85608
0.824378
0.792242
0.759704
0.726765
0.693418
0.659713
0.625643
0.591252
0.556548
0.521545
0.486319
0.450747
0.415104
0.379057
0.343178
0.306822
0.270893
0.234644
0.198788
0.16338
0.128368
0.0952747
0.0637331
0.0370705
0.0138145
0.00603915
-0.013107
-18.3783
-18.432
-18.4793
-18.3275
-17.7847
-16.8506
-15.6252
-14.212
-12.7122
-11.2134
-9.78629
-8.46999
-7.27722
-6.21339
-5.27519
-4.45326
-3.736
-3.11088
-2.56604
-2.09091
-1.67566
-1.31161
-0.991564
-0.709518
-0.460084
-0.238642
-0.0418995
0.133257
0.28948
0.428765
0.552966
0.663523
0.762213
0.850104
0.928144
0.996975
1.0575
1.11047
1.15639
1.19581
1.22925
1.2572
1.28007
1.29828
1.31218
1.3221
1.32834
1.33124
1.33101
1.32792
1.32223
1.31413
1.30375
1.29135
1.27709
1.26113
1.24354
1.22444
1.20407
1.18252
1.15989
1.1362
1.1116
1.08611
1.05982
1.03276
1.00501
0.976601
0.947562
0.917939
0.887718
0.857
0.825759
0.794045
0.761888
0.729319
0.696337
0.662928
0.629167
0.595005
0.560539
0.525733
0.490637
0.455318
0.419612
0.383911
0.347725
0.311836
0.275403
0.239492
0.203345
0.167577
0.132478
0.0978587
0.0655987
0.0352207
0.0109097
-0.00947182
-0.00990173
-0.023013
-18.3907
-18.4286
-18.4318
-18.2442
-17.696
-16.7747
-15.5705
-14.1834
-12.7092
-11.2324
-9.82298
-8.51981
-7.33519
-6.27548
-5.33854
-4.5159
-3.79647
-3.16848
-2.6205
-2.14238
-1.72433
-1.35775
-1.03551
-0.751621
-0.500631
-0.27785
-0.0798357
0.0963446
0.253425
0.393347
0.518197
0.629283
0.728563
0.817216
0.895692
0.964756
1.02545
1.07862
1.12473
1.16432
1.19793
1.22604
1.24907
1.26743
1.28147
1.29151
1.29788
1.30089
1.30077
1.29778
1.2922
1.28419
1.27388
1.26157
1.2474
1.23151
1.214
1.19494
1.17464
1.15317
1.1306
1.10698
1.08245
1.05702
1.03078
1.00378
0.976079
0.94771
0.918708
0.889111
0.858911
0.8282
0.796957
0.765227
0.733053
0.70044
0.667416
0.633928
0.600102
0.56582
0.531261
0.496319
0.461107
0.425675
0.389808
0.35405
0.31773
0.281794
0.245372
0.209431
0.173433
0.137741
0.10294
0.0686781
0.0371484
0.00777351
-0.0144928
-0.0324607
-0.0261483
-0.0335792
-18.4033
-18.4291
-18.401
-18.1866
-17.6334
-16.7216
-15.5327
-14.1647
-12.7099
-11.2503
-9.85468
-8.56166
-7.38344
-6.32698
-5.39106
-4.56786
-3.84678
-3.21653
-2.66611
-2.18568
-1.76547
-1.39694
-1.07298
-0.787662
-0.535412
-0.311598
-0.112797
0.0640546
0.221672
0.361981
0.487245
0.598655
0.698306
0.787616
0.866517
0.936057
0.997184
1.05056
1.09687
1.13661
1.17036
1.19859
1.22173
1.24018
1.25431
1.26443
1.27087
1.27395
1.27389
1.27095
1.26543
1.25747
1.24718
1.2349
1.22082
1.205
1.18755
1.1685
1.14824
1.12683
1.10431
1.08074
1.05626
1.03088
1.00468
0.977719
0.950051
0.921711
0.892734
0.86315
0.832965
0.802246
0.770994
0.73923
0.707029
0.67435
0.641272
0.607678
0.573771
0.53934
0.504676
0.469576
0.434242
0.3987
0.362689
0.326858
0.290502
0.254495
0.218162
0.18219
0.146361
0.110763
0.076223
0.0422781
0.0113218
-0.0172319
-0.0378615
-0.0539533
-0.0418514
-0.0443621
-18.4164
-18.4331
-18.3831
-18.1491
-17.5918
-16.6869
-15.5094
-14.1553
-12.7149
-11.2684
-9.88309
-8.59753
-7.42412
-6.37011
-5.4349
-4.61117
-3.88879
-3.25678
-2.70448
-2.22231
-1.80048
-1.43047
-1.10523
-0.818844
-0.565652
-0.340982
-0.141551
0.0359109
0.193992
0.334612
0.460215
0.571968
0.671778
0.761208
0.840376
0.910455
0.972026
1.02562
1.07211
1.11201
1.14589
1.17423
1.19747
1.21601
1.2302
1.24039
1.24688
1.25002
1.25
1.2471
1.24163
1.23371
1.22337
1.21094
1.19698
1.18128
1.1639
1.14485
1.1246
1.10323
1.08074
1.0572
1.03274
1.00739
0.981217
0.954278
0.926628
0.898301
0.869333
0.839747
0.80956
0.778814
0.747537
0.715718
0.68347
0.650702
0.617552
0.583828
0.549826
0.515227
0.480458
0.445199
0.409764
0.374112
0.338029
0.302123
0.26581
0.229748
0.193537
0.157575
0.121913
0.0864437
0.0521288
0.0184868
-0.0120393
-0.0399231
-0.0593067
-0.0739984
-0.0570085
-0.0553723
-18.4298
-18.4401
-18.3746
-18.1266
-17.5664
-16.6667
-15.4977
-14.1539
-12.7242
-11.2873
-9.90958
-8.62933
-7.45936
-6.40702
-5.47219
-4.64792
-3.92445
-3.29101
-2.73724
-2.25374
-1.83068
-1.45953
-1.13333
-0.846155
-0.592294
-0.366993
-0.167084
0.0109524
0.169668
0.310663
0.436577
0.548619
0.648635
0.738213
0.817609
0.88794
0.94971
1.00346
1.05006
1.09011
1.1241
1.15254
1.17586
1.19446
1.20871
1.21894
1.22548
1.22864
1.22865
1.22578
1.22038
1.21263
1.20267
1.1908
1.17616
1.16022
1.14277
1.12365
1.1034
1.08204
1.05955
1.03603
1.01158
0.986246
0.960086
0.933155
0.905509
0.87718
0.848206
0.818601
0.788393
0.757604
0.726281
0.694387
0.662076
0.6292
0.595966
0.562099
0.528002
0.493234
0.458379
0.422977
0.387481
0.351735
0.315645
0.279693
0.243443
0.207372
0.17127
0.135358
0.0998287
0.0645024
0.0303709
-0.00296708
-0.0331565
-0.0604729
-0.0789463
-0.0926607
-0.0716159
-0.0665683
-18.4435
-18.4493
-18.3733
-18.1157
-17.5537
-16.658
-15.4953
-14.159
-12.7369
-11.307
-9.93484
-8.65824
-7.49047
-6.43911
-5.50435
-4.67952
-3.95512
-3.3205
-2.76552
-2.28096
-1.85692
-1.48478
-1.15768
-0.869799
-0.61539
-0.389696
-0.189735
-0.0116178
0.14784
0.28954
0.415872
0.528184
0.628441
0.718088
0.797723
0.868172
0.930049
0.983924
1.03061
1.07077
1.10485
1.13336
1.15673
1.17537
1.18964
1.19985
1.20638
1.2095
1.20942
1.2064
1.2008
1.19266
1.18205
1.16944
1.15586
1.14064
1.1234
1.10436
1.08421
1.06291
1.04047
1.01698
0.992554
0.967239
0.941086
0.914158
0.886505
0.858162
0.829167
0.799529
0.769283
0.738436
0.707054
0.675072
0.642689
0.609703
0.576385
0.542382
0.50821
0.473299
0.43839
0.40289
0.36737
0.331583
0.295515
0.259562
0.22337
0.187324
0.151288
0.115414
0.0799193
0.0446412
0.0104978
-0.0227141
-0.0527707
-0.0795872
-0.0971612
-0.110074
-0.0856682
-0.0778724
-18.457
-18.46
-18.3773
-18.1135
-17.5508
-16.6582
-15.5
-14.1691
-12.7523
-11.3272
-9.95899
-8.68482
-7.51841
-6.46754
-5.53263
-4.7072
-3.98193
-3.34628
-2.79024
-2.30476
-1.87986
-1.50681
-1.17873
-0.889951
-0.634545
-0.407662
-0.206799
-0.0283769
0.130228
0.271951
0.398263
0.510779
0.611192
0.700788
0.780591
0.851147
0.913111
0.967086
1.01387
1.05413
1.08832
1.11693
1.14042
1.15918
1.1736
1.18398
1.19071
1.19404
1.1942
1.19146
1.1863
1.17873
1.16863
1.15646
1.14178
1.12573
1.10806
1.08876
1.06837
1.04691
1.02432
1.00071
0.976161
0.950745
0.924496
0.89748
0.86974
0.841315
0.812237
0.782514
0.752182
0.721243
0.689772
0.657685
0.62522
0.592125
0.558734
0.524621
0.490411
0.455414
0.420496
0.384996
0.349511
0.313793
0.277824
0.242003
0.205968
0.170128
0.13431
0.0987251
0.0635202
0.0286184
-0.00518017
-0.038025
-0.0678974
-0.0945838
-0.112253
-0.125283
-0.0987063
-0.0893492
-18.4719
-18.4728
-18.3855
-18.1179
-17.5549
-16.6647
-15.5097
-14.1823
-12.769
-11.3471
-9.98138
-8.70866
-7.54299
-6.49229
-5.5571
-4.73111
-4.00515
-3.36876
-2.81202
-2.32606
-1.90081
-1.52761
-1.19949
-0.910934
-0.65594
-0.429456
-0.22846
-0.0490968
0.11057
0.252761
0.379227
0.492061
0.592642
0.682389
0.762264
0.832866
0.894862
0.948856
0.995631
1.03585
1.06998
1.0985
1.12186
1.14046
1.15467
1.16481
1.17124
1.17435
1.17425
1.17117
1.16558
1.15759
1.14726
1.13498
1.12115
1.10573
1.08843
1.06949
1.04922
1.02792
1.00548
0.981996
0.957567
0.932256
0.906095
0.879153
0.85147
0.823087
0.794037
0.764325
0.73399
0.703027
0.671527
0.63938
0.606872
0.573693
0.540258
0.506034
0.471775
0.436694
0.401712
0.366149
0.330597
0.294804
0.258771
0.222859
0.186729
0.15078
0.114796
0.079084
0.0436219
0.0086192
-0.025508
-0.0582438
-0.0881377
-0.114411
-0.130869
-0.14339
-0.113742
-0.102986
-18.4801
-18.4808
-18.3923
-18.1239
-17.5619
-16.674
-15.5215
-14.1966
-12.7854
-11.3654
-10.0008
-8.72829
-7.56241
-6.51106
-5.57489
-4.74771
-4.02048
-3.38275
-2.82474
-2.33766
-1.91134
-1.53698
-1.20797
-0.918539
-0.662744
-0.435749
-0.234479
-0.0558617
0.103654
0.245801
0.372328
0.485146
0.585762
0.675522
0.755439
0.826107
0.888149
0.9422
0.989043
1.02934
1.06356
1.09218
1.11565
1.13439
1.14877
1.15909
1.1657
1.16887
1.16886
1.1659
1.1605
1.15265
1.14231
1.12984
1.11554
1.09974
1.08213
1.06302
1.04256
1.02109
0.998496
0.974857
0.95028
0.924826
0.898523
0.871446
0.843629
0.815122
0.785951
0.756125
0.725685
0.694627
0.663045
0.630828
0.598275
0.565055
0.531617
0.497396
0.463178
0.428158
0.393257
0.357812
0.322382
0.286755
0.250883
0.215168
0.179232
0.143509
0.107754
0.0722806
0.0370844
0.00228672
-0.0315841
-0.0642398
-0.0940861
-0.120531
-0.137381
-0.150437
-0.120775
-0.106473
-18.5021
-18.5025
-18.4133
-18.145
-17.5844
-16.6984
-15.5478
-14.2243
-12.8142
-11.3949
-10.0305
-8.75757
-7.59109
-6.53898
-5.60197
-4.77396
-4.046
-3.40762
-2.84909
-2.36169
-1.93512
-1.56069
-1.23142
-0.941988
-0.686231
-0.459198
-0.257833
-0.0788755
0.0807582
0.222971
0.349528
0.462381
0.563013
0.652776
0.732704
0.80338
0.865407
0.919438
0.966253
1.00651
1.04069
1.06926
1.09268
1.11135
1.12565
1.13587
1.1424
1.14554
1.14547
1.14244
1.13697
1.12911
1.11875
1.1063
1.09213
1.0764
1.05883
1.03974
1.0193
0.997837
0.975256
0.951626
0.927056
0.901606
0.875303
0.848224
0.820399
0.791884
0.762701
0.732863
0.702408
0.671333
0.639741
0.6075
0.574946
0.541706
0.508266
0.474044
0.439821
0.404814
0.369907
0.334479
0.299045
0.263429
0.227554
0.191845
0.155895
0.12018
0.0843885
0.0489302
0.0136569
-0.0210977
-0.0550678
-0.0876319
-0.117452
-0.143813
-0.160335
-0.173299
-0.142848
-0.135974
-18.4447
-18.4367
-18.4744
-18.4614
-18.4417
-18.4164
-18.3867
-18.3552
-18.3251
-18.2977
-18.2738
-18.2538
-18.2384
-18.2299
-18.2295
-18.2212
-18.9356
-18.9129
-18.9157
-18.9264
-18.9179
-18.8942
-18.8643
-18.8326
-18.8016
-18.7731
-18.7484
-18.7283
-18.7128
-18.7013
-18.6937
-18.6785
-19.3886
-19.4566
-19.5449
-19.5783
-19.5779
-19.5583
-19.5293
-19.4979
-19.468
-19.4416
-19.4197
-19.4028
-19.3917
-19.3857
-19.3804
-19.3685
-19.4593
-19.5515
-19.6019
-19.6271
-19.6344
-19.6223
-19.5972
-19.5678
-19.5396
-19.5152
-19.4953
-19.4801
-19.4697
-19.4636
-19.4589
-19.4461
-18.8914
-18.9526
-18.9886
-19.0172
-19.0275
-19.0197
-18.9999
-18.9738
-18.9472
-18.9213
-18.8971
-18.8754
-18.8568
-18.842
-18.831
-18.8122
-17.7768
-17.8226
-17.858
-17.8851
-17.8961
-17.8909
-17.8731
-17.848
-17.8204
-17.7924
-17.7649
-17.7383
-17.7131
-17.6905
-17.6722
-17.6479
-16.2882
-16.3189
-16.3452
-16.3649
-16.3736
-16.3694
-16.3528
-16.3282
-16.3002
-16.2699
-16.2377
-16.2038
-16.1689
-16.1349
-16.1044
-16.0739
-14.5602
-14.5769
-14.5919
-14.6028
-14.6069
-14.6012
-14.5841
-14.5591
-14.5299
-14.4974
-14.4616
-14.4225
-14.3807
-14.3388
-14.3009
-14.2663
-12.7807
-12.7812
-12.7839
-12.7862
-12.786
-12.7781
-12.7595
-12.7336
-12.7034
-12.6693
-12.6309
-12.5882
-12.5417
-12.4943
-12.4513
-12.4137
-11.0444
-11.0303
-11.0216
-11.0161
-11.011
-10.9995
-10.9784
-10.9512
-10.9201
-10.8849
-10.8452
-10.8006
-10.752
-10.7021
-10.6567
-10.6177
-9.43987
-9.41413
-9.39668
-9.38528
-9.37586
-9.36084
-9.33752
-9.30919
-9.27748
-9.24183
-9.20159
-9.15656
-9.1074
-9.05697
-9.01112
-8.97186
-7.99705
-7.96324
-7.93917
-7.92286
-7.90935
-7.89066
-7.86503
-7.83571
-7.80358
-7.76787
-7.72789
-7.68346
-7.63525
-7.586
-7.54128
-7.50277
-6.73049
-6.69268
-6.66523
-6.64602
-6.62911
-6.60712
-6.57977
-6.55
-6.5179
-6.48259
-6.44344
-6.40031
-6.35387
-6.30671
-6.26393
-6.22667
-5.63308
-5.59355
-5.56456
-5.54315
-5.52209
-5.49642
-5.4678
-5.43791
-5.40612
-5.37152
-5.33358
-5.29221
-5.24807
-5.20358
-5.16327
-5.1276
-4.69096
-4.65158
-4.62257
-4.59977
-4.57558
-4.54766
-4.51857
-4.48879
-4.45742
-4.42365
-4.38706
-4.34759
-4.30592
-4.26431
-4.22677
-4.19304
-3.88383
-3.84538
-3.81663
-3.79287
-3.76721
-3.7386
-3.70954
-3.68004
-3.64922
-3.61641
-3.58127
-3.5438
-3.50469
-3.46605
-3.4314
-3.39965
-3.194
-3.15734
-3.12909
-3.1035
-3.07595
-3.04723
-3.01877
-2.98999
-2.96008
-2.92851
-2.89501
-2.85963
-2.82305
-2.78726
-2.7553
-2.72531
-2.60131
-2.56698
-2.53936
-2.51203
-2.48302
-2.45444
-2.42651
-2.39837
-2.36932
-2.33893
-2.307
-2.27359
-2.23936
-2.20617
-2.17666
-2.14822
-2.08999
-2.05754
-2.03048
-2.00306
-1.97427
-1.94618
-1.91873
-1.89116
-1.8629
-1.8336
-1.8031
-1.77148
-1.73938
-1.70853
-1.68126
-1.6542
-1.64809
-1.61712
-1.58947
-1.56137
-1.53307
-1.50575
-1.47902
-1.45221
-1.42486
-1.3967
-1.36761
-1.3377
-1.30756
-1.27884
-1.25359
-1.22775
-1.26377
-1.23422
-1.20585
-1.17697
-1.14913
-1.12252
-1.09647
-1.0704
-1.04393
-1.01686
-0.989081
-0.960706
-0.932309
-0.905443
-0.881963
-0.857145
-0.926829
-0.898184
-0.870024
-0.841508
-0.814259
-0.788171
-0.762629
-0.737155
-0.71144
-0.685301
-0.658671
-0.631645
-0.604769
-0.579512
-0.55759
-0.533639
-0.630673
-0.602386
-0.574356
-0.546413
-0.519779
-0.494214
-0.469184
-0.444294
-0.419286
-0.394011
-0.368421
-0.342608
-0.317086
-0.293249
-0.272718
-0.249516
-0.369466
-0.34081
-0.312452
-0.285134
-0.259215
-0.234253
-0.209793
-0.185518
-0.161216
-0.136769
-0.112144
-0.087431
-0.0631131
-0.040538
-0.0213067
0.00145038
-0.137746
-0.109001
-0.0805282
-0.0536789
-0.0282733
-0.00377679
0.0202048
0.0439388
0.067607
0.0913088
0.115066
0.138797
0.162054
0.183529
0.20159
0.224008
0.0692337
0.097495
0.125444
0.151809
0.17683
0.200972
0.22457
0.247854
0.270984
0.294042
0.317045
0.339918
0.362252
0.382795
0.399884
0.421836
0.254135
0.282014
0.30949
0.335436
0.360104
0.383909
0.407143
0.430009
0.452644
0.475118
0.497439
0.519544
0.541058
0.560785
0.577018
0.598556
0.419476
0.447557
0.474554
0.500003
0.524276
0.547729
0.570601
0.593064
0.615237
0.637175
0.658881
0.680298
0.701085
0.720096
0.735559
0.756742
0.56775
0.596051
0.622713
0.647776
0.671712
0.694838
0.717363
0.739441
0.761177
0.782616
0.803756
0.82455
0.844687
0.863069
0.877837
0.898717
0.700969
0.728861
0.755138
0.77995
0.803675
0.826577
0.848842
0.870614
0.891988
0.913003
0.933656
0.953907
0.973478
0.991317
1.00546
1.02609
0.821771
0.849032
0.874755
0.899194
0.922614
0.945221
0.96718
0.988623
1.00963
1.03023
1.05042
1.07017
1.08922
1.10658
1.12016
1.14056
0.929594
0.956447
0.981827
1.00597
1.02912
1.05145
1.07313
1.09428
1.11495
1.13518
1.15496
1.17426
1.19286
1.2098
1.22287
1.24309
1.025
1.0517
1.07694
1.10094
1.12392
1.14608
1.16756
1.18846
1.20886
1.22878
1.2482
1.26711
1.28531
1.30188
1.3145
1.33456
1.10971
1.13629
1.16142
1.18531
1.20818
1.2302
1.25151
1.27221
1.29237
1.312
1.33111
1.34966
1.3675
1.38376
1.39596
1.41588
1.18482
1.21126
1.23629
1.26008
1.28284
1.30473
1.32589
1.34641
1.36635
1.38573
1.40454
1.42277
1.44029
1.45627
1.46808
1.48788
1.25111
1.27744
1.30237
1.32607
1.34873
1.37051
1.39152
1.41187
1.43161
1.45075
1.4693
1.48723
1.50445
1.52018
1.53163
1.55134
1.30935
1.33558
1.36042
1.38403
1.40659
1.42826
1.44914
1.46933
1.48888
1.5078
1.52609
1.54376
1.5607
1.5762
1.58732
1.60694
1.36021
1.38634
1.41109
1.43462
1.45709
1.47865
1.4994
1.51944
1.53881
1.55753
1.57559
1.59299
1.60968
1.62499
1.63579
1.65532
1.40425
1.4303
1.45496
1.47841
1.5008
1.52225
1.54289
1.56278
1.58199
1.60051
1.61835
1.63552
1.65197
1.6671
1.67759
1.69706
1.44202
1.46798
1.49257
1.51595
1.53825
1.55962
1.58014
1.5999
1.61894
1.63729
1.65493
1.67187
1.6881
1.70307
1.71328
1.73269
1.47398
1.49988
1.52441
1.54771
1.56994
1.59121
1.61163
1.63126
1.65016
1.66834
1.68578
1.70251
1.71853
1.73336
1.74331
1.76266
1.50061
1.52644
1.5509
1.57415
1.5963
1.61749
1.63781
1.65732
1.67608
1.6941
1.71137
1.7279
1.74373
1.75843
1.76812
1.78743
1.52229
1.54806
1.57247
1.59566
1.61775
1.63885
1.65907
1.67847
1.6971
1.71497
1.73208
1.74842
1.76407
1.77867
1.78811
1.80738
1.53942
1.56514
1.5895
1.61263
1.63466
1.65569
1.67583
1.69512
1.71363
1.73136
1.7483
1.76448
1.77995
1.79446
1.80368
1.82291
1.55233
1.57801
1.60232
1.6254
1.64737
1.66833
1.68838
1.70758
1.72597
1.74357
1.76037
1.77638
1.79169
1.80612
1.81512
1.83432
1.56137
1.587
1.61127
1.6343
1.65621
1.67711
1.69707
1.71617
1.73446
1.75194
1.7686
1.78446
1.79962
1.81397
1.82277
1.84195
1.56682
1.59241
1.61664
1.63963
1.66148
1.68232
1.70221
1.72122
1.7394
1.75677
1.7733
1.78901
1.80403
1.81833
1.82693
1.84609
1.56898
1.59453
1.61872
1.64166
1.66347
1.68424
1.70406
1.723
1.74108
1.75834
1.77475
1.79033
1.80521
1.81946
1.82788
1.84701
1.56808
1.5936
1.61775
1.64065
1.66241
1.68312
1.70288
1.72173
1.73972
1.75687
1.77317
1.78862
1.80338
1.81759
1.82584
1.84496
1.56438
1.58986
1.61398
1.63684
1.65856
1.67922
1.69891
1.71768
1.73559
1.75265
1.76884
1.78417
1.79881
1.81299
1.82107
1.84017
1.55809
1.58354
1.60762
1.63045
1.65212
1.67273
1.69235
1.71106
1.72889
1.74585
1.76195
1.77716
1.79169
1.80584
1.81377
1.83286
1.54943
1.57485
1.5989
1.62168
1.64331
1.66387
1.68344
1.70208
1.71983
1.73671
1.75271
1.76782
1.78224
1.79637
1.80415
1.82323
1.53857
1.56396
1.58797
1.61072
1.63231
1.65282
1.67234
1.69091
1.70858
1.72539
1.7413
1.75631
1.77063
1.78474
1.79239
1.81146
1.52569
1.55105
1.57503
1.59775
1.6193
1.63977
1.65923
1.67774
1.69534
1.71207
1.7279
1.74282
1.75704
1.77114
1.77866
1.79773
1.51096
1.53629
1.56024
1.58292
1.60443
1.62485
1.64426
1.66271
1.68025
1.69691
1.71266
1.7275
1.74162
1.75572
1.76312
1.78218
1.49451
1.51981
1.54373
1.56638
1.58785
1.60823
1.62759
1.64599
1.66347
1.68006
1.69574
1.71049
1.72452
1.73862
1.74591
1.76496
1.47649
1.50176
1.52565
1.54827
1.5697
1.59004
1.60936
1.6277
1.64512
1.66165
1.67726
1.69194
1.70589
1.71998
1.72718
1.74622
1.45703
1.48226
1.50613
1.52871
1.55011
1.57041
1.58968
1.60798
1.62534
1.64181
1.65736
1.67197
1.68584
1.69993
1.70703
1.72607
1.43625
1.46146
1.4853
1.50785
1.52922
1.54948
1.5687
1.58695
1.60427
1.62068
1.63617
1.65071
1.66451
1.6786
1.68563
1.70466
1.41427
1.43945
1.46325
1.48578
1.50711
1.52733
1.54652
1.56472
1.58198
1.59834
1.61378
1.62826
1.642
1.65608
1.66304
1.68207
1.39121
1.41635
1.44012
1.46261
1.48391
1.5041
1.52325
1.5414
1.55862
1.57493
1.59032
1.60475
1.61842
1.6325
1.6394
1.65842
1.36712
1.39223
1.41597
1.43843
1.45969
1.47985
1.49895
1.51707
1.53425
1.55051
1.56586
1.58024
1.59385
1.60793
1.61478
1.63379
1.3421
1.36718
1.39089
1.41332
1.43456
1.45468
1.47375
1.49183
1.50897
1.5252
1.5405
1.55484
1.5684
1.58247
1.58928
1.60829
1.31621
1.34127
1.36495
1.38735
1.40856
1.42865
1.44769
1.46574
1.48284
1.49903
1.5143
1.5286
1.54212
1.55619
1.56296
1.58197
1.28955
1.31458
1.33824
1.36062
1.3818
1.40187
1.42089
1.43891
1.45598
1.47214
1.48737
1.50164
1.51512
1.52918
1.53593
1.55493
1.26217
1.28717
1.31081
1.33316
1.35432
1.37436
1.39335
1.41134
1.42839
1.44452
1.45973
1.47398
1.48742
1.50148
1.50821
1.52721
1.23415
1.25913
1.28274
1.30507
1.32621
1.34624
1.36521
1.38318
1.40021
1.41633
1.43152
1.44575
1.45917
1.47322
1.47995
1.49896
1.20549
1.23046
1.25406
1.27638
1.29751
1.31752
1.33648
1.35444
1.37145
1.38755
1.40273
1.41694
1.43035
1.4444
1.45112
1.47016
1.17624
1.2012
1.22479
1.2471
1.26822
1.28822
1.30717
1.32512
1.34213
1.35822
1.37338
1.38759
1.40098
1.41503
1.42175
1.44079
1.14646
1.1714
1.19498
1.21728
1.2384
1.25839
1.27733
1.29527
1.31226
1.32834
1.3435
1.35769
1.37106
1.38513
1.39183
1.41087
1.11615
1.14108
1.16466
1.18695
1.20806
1.22805
1.24698
1.26491
1.2819
1.29797
1.31313
1.32731
1.34067
1.35474
1.36144
1.38047
1.08536
1.11029
1.13387
1.15616
1.17727
1.19726
1.2162
1.23414
1.25113
1.2672
1.28235
1.29654
1.3099
1.32397
1.33066
1.3497
1.05417
1.0791
1.10268
1.12498
1.14609
1.16608
1.18502
1.20296
1.21996
1.23604
1.25119
1.26538
1.27873
1.29281
1.2995
1.31853
1.02255
1.0475
1.07108
1.0934
1.11452
1.13453
1.15348
1.17144
1.18845
1.20454
1.2197
1.2339
1.24725
1.26134
1.26803
1.28706
0.99056
1.01553
1.03913
1.06145
1.08259
1.10261
1.12157
1.13954
1.15656
1.17265
1.18783
1.20203
1.21538
1.22947
1.23616
1.25518
0.9582
0.98319
1.00682
1.02917
1.05033
1.07037
1.08936
1.10735
1.12439
1.14051
1.1557
1.16991
1.18326
1.19738
1.20406
1.22308
0.92552
0.950535
0.974183
0.996555
1.01773
1.03779
1.0568
1.0748
1.09185
1.10798
1.12318
1.1374
1.15074
1.16485
1.17152
1.19053
0.8925
0.917552
0.941236
0.963644
0.984859
1.00495
1.024
1.04204
1.05912
1.07528
1.09051
1.10474
1.11809
1.13224
1.13889
1.15791
0.859164
0.884256
0.907975
0.930414
0.951656
0.971777
0.990839
1.0089
1.026
1.04217
1.0574
1.07164
1.08496
1.09913
1.10575
1.12476
0.825517
0.850654
0.874417
0.8969
0.918186
0.938349
0.957454
0.975554
0.992691
1.0089
1.02416
1.03841
1.05174
1.06594
1.07252
1.09154
0.791562
0.816746
0.840552
0.863071
0.884388
0.904579
0.923707
0.941824
0.958974
0.975186
0.99045
1.0047
1.01799
1.03222
1.03875
1.05776
0.757322
0.782554
0.806406
0.828971
0.850336
0.870574
0.889748
0.907909
0.925098
0.941344
0.956635
0.970891
0.984158
0.998426
1.00491
1.02392
0.7228
0.748084
0.771981
0.794585
0.815982
0.836245
0.855436
0.873607
0.890798
0.907038
0.922321
0.936562
0.949781
0.964099
0.970502
0.989521
0.687934
0.713259
0.737196
0.759841
0.781281
0.80159
0.820829
0.839047
0.85628
0.872555
0.887857
0.902098
0.915265
0.929631
0.935947
0.954961
0.652938
0.678324
0.702315
0.725005
0.746478
0.766807
0.786051
0.804259
0.82147
0.837716
0.852991
0.8672
0.880291
0.894725
0.900933
0.919964
0.617532
0.642928
0.66693
0.689633
0.711124
0.731479
0.750755
0.769
0.786246
0.802519
0.81781
0.832017
0.84503
0.859537
0.865629
0.884655
0.582016
0.607491
0.631564
0.654328
0.675864
0.696245
0.715526
0.733754
0.750966
0.767194
0.782441
0.796603
0.809496
0.8241
0.830042
0.8491
0.546219
0.571671
0.595721
0.618462
0.639981
0.660352
0.679634
0.697871
0.715093
0.731328
0.746578
0.76073
0.773501
0.788202
0.794002
0.813043
0.510068
0.535566
0.559672
0.582473
0.604046
0.624454
0.643751
0.661977
0.679165
0.695349
0.710548
0.724658
0.737249
0.752107
0.757696
0.776806
0.473901
0.499349
0.523392
0.546123
0.567626
0.587973
0.607218
0.625402
0.642553
0.658698
0.673865
0.687955
0.700328
0.715337
0.720717
0.739822
0.437057
0.462448
0.486451
0.509158
0.53065
0.550989
0.570219
0.588372
0.605471
0.621548
0.636654
0.650736
0.66283
0.678091
0.683246
0.702372
0.400346
0.425629
0.449536
0.472146
0.493532
0.513756
0.532869
0.550906
0.567888
0.583845
0.598847
0.612923
0.624656
0.640122
0.644984
0.664194
0.362678
0.387696
0.411352
0.433739
0.454937
0.475003
0.493983
0.511905
0.528777
0.544611
0.559506
0.573662
0.58495
0.60082
0.605352
0.624599
0.324756
0.349439
0.372815
0.394961
0.415941
0.435802
0.454583
0.472308
0.488988
0.504618
0.519297
0.533537
0.54426
0.560402
0.564737
0.584021
0.285475
0.309407
0.332078
0.353575
0.373969
0.393313
0.411648
0.429001
0.445381
0.460748
0.475135
0.489386
0.499853
0.516
0.520188
0.539469
0.245065
0.267932
0.289677
0.310369
0.330056
0.348771
0.366536
0.383371
0.399287
0.414257
0.428274
0.442121
0.452664
0.46836
0.472572
0.491755
0.200944
0.22165
0.241425
0.260366
0.278528
0.295939
0.312611
0.328543
0.34373
0.358145
0.371779
0.385041
0.395879
0.410541
0.415569
0.434418
0.154785
0.172918
0.190523
0.207574
0.224059
0.239974
0.255312
0.270065
0.284226
0.297792
0.310774
0.323257
0.33469
0.347978
0.35357
0.37205
0.0950103
0.106576
0.117908
0.12914
0.140327
0.151475
0.162567
0.173568
0.184436
0.195133
0.205625
0.215875
0.225679
0.237546
0.2432
0.261339
0.0470422
0.0550961
0.0631511
0.0711901
0.0792323
0.0873023
0.0954239
0.10362
0.111913
0.12033
0.128895
0.13762
0.146499
0.155998
0.164655
0.175584
)
;

boundaryField
{
    frontAndBack
    {
        type            empty;
    }
    inlet
    {
        type            zeroGradient;
    }
    outlet
    {
        type            fixedValue;
        value           uniform 0;
    }
    walls
    {
        type            zeroGradient;
    }
}


// ************************************************************************* //
