/*--------------------------------*- C++ -*----------------------------------*\
| =========                 |                                                 |
| \\      /  F ield         | OpenFOAM: The Open Source CFD Toolbox           |
|  \\    /   O peration     | Version:  v2012                                 |
|   \\  /    A nd           | Website:  www.openfoam.com                      |
|    \\/     M anipulation  |                                                 |
\*---------------------------------------------------------------------------*/
FoamFile
{
    version     2.0;
    format      ascii;
    class       volScalarField;
    location    "0.059";
    object      p;
}
// * * * * * * * * * * * * * * * * * * * * * * * * * * * * * * * * * * * * * //

dimensions      [0 2 -2 0 0 0 0];


internalField   nonuniform List<scalar> 
1900
(
-398.99
-399.721
-400.254
-400.095
-399.555
-398.281
-395.456
-386.971
-371.824
-325.902
-399.209
-399.779
-400.161
-400.167
-399.883
-398.783
-396.135
-389.441
-376.574
-353.081
-399.281
-399.824
-400.322
-400.334
-400.214
-399.476
-397.549
-393.124
-385.656
-378.082
-399.205
-399.918
-400.577
-400.642
-400.573
-400.331
-399.479
-397.501
-395.161
-397.658
-399.305
-400.079
-400.726
-400.909
-401.091
-401.322
-401.521
-401.901
-403.952
-413.334
-399.221
-400.272
-400.856
-401.207
-401.646
-402.319
-403.539
-406.007
-411.629
-426.021
-399.315
-400.294
-400.944
-401.471
-402.12
-403.266
-405.393
-409.507
-417.911
-435.883
-399.388
-400.292
-401.127
-401.752
-402.548
-404.03
-406.834
-412.205
-422.676
-443.129
-399.347
-400.365
-401.216
-401.947
-402.844
-404.568
-407.859
-414.049
-425.916
-447.988
-399.305
-400.392
-401.29
-402.053
-403.009
-404.876
-408.412
-415.055
-427.603
-450.385
-285.112
-506.761
-797.949
-1005.91
-1131.59
-1187.82
-1180.49
-1109.14
-979.115
-801.356
-584.933
-385.696
-241.627
-150.001
-96.0245
-66.265
-50.0643
-40.9716
-35.7055
-32.5751
-30.6293
-29.3574
-28.4877
-27.8566
-27.359
-26.9307
-26.5348
-26.1525
-25.7761
-25.402
-25.0269
-24.6488
-24.2667
-23.8794
-23.4859
-23.0853
-22.6777
-22.2637
-21.844
-21.4197
-20.9917
-20.5604
-20.1261
-19.6888
-19.2481
-18.8039
-18.3559
-17.9044
-17.4497
-16.9926
-16.5338
-16.0745
-15.6156
-15.158
-14.7026
-14.25
-13.8005
-13.3542
-12.9112
-12.4715
-12.035
-11.602
-11.1725
-10.747
-10.3258
-9.90956
-9.4985
-9.09333
-8.6946
-8.30296
-7.91884
-7.54257
-7.17442
-6.81451
-6.46286
-6.11938
-5.78392
-5.45642
-5.13674
-4.82481
-4.52052
-4.22376
-3.93446
-3.65262
-3.37816
-3.1111
-2.85129
-2.59872
-2.35313
-2.11463
-1.88281
-1.65787
-1.43913
-1.22746
-1.02059
-0.822526
-0.623988
-0.443432
-0.243994
-0.114232
-345.465
-530.247
-792.173
-988.991
-1111.84
-1168.53
-1161.81
-1090.52
-960.691
-785.154
-578.239
-390.158
-252.584
-162.241
-106.668
-74.4876
-55.9413
-44.9951
-38.3937
-34.3441
-31.7866
-30.1134
-28.9807
-28.1776
-27.5686
-27.0679
-26.6254
-26.2148
-25.8223
-25.4391
-25.0588
-24.6777
-24.2937
-23.9054
-23.5113
-23.1107
-22.7035
-22.29
-21.871
-21.4474
-21.0198
-20.5889
-20.1549
-19.7177
-19.2771
-18.833
-18.3853
-17.9342
-17.48
-17.0235
-16.5654
-16.1067
-15.6485
-15.1915
-14.7365
-14.2842
-13.8349
-13.3887
-12.9459
-12.5063
-12.0699
-11.637
-11.2078
-10.7825
-10.3616
-9.94568
-9.53492
-9.13015
-8.73181
-8.34052
-7.95669
-7.58065
-7.21266
-6.85285
-6.50124
-6.15774
-5.82225
-5.49467
-5.17491
-4.86288
-4.5585
-4.26167
-3.97231
-3.69042
-3.41593
-3.14881
-2.88893
-2.63627
-2.39056
-2.1519
-1.91981
-1.69451
-1.47505
-1.26254
-1.0538
-0.854074
-0.651034
-0.469258
-0.2605
-0.135477
-389.406
-547.018
-780.439
-965.625
-1084.68
-1140.55
-1133.29
-1061.97
-934.68
-763.928
-570.413
-394.313
-262.373
-173.114
-116.345
-81.9685
-61.2953
-48.6779
-40.8689
-35.981
-32.8607
-30.8164
-29.4399
-28.4769
-27.7633
-27.1947
-26.7091
-26.2722
-25.8636
-25.4701
-25.0833
-24.6979
-24.311
-23.9205
-23.5251
-23.1237
-22.7161
-22.3026
-21.8837
-21.4602
-21.0327
-20.6018
-20.1677
-19.7304
-19.2898
-18.8457
-18.3981
-17.9472
-17.4935
-17.0374
-16.5799
-16.1218
-15.6641
-15.2076
-14.753
-14.301
-13.8519
-13.406
-12.9632
-12.5238
-12.0876
-11.6549
-11.2259
-10.8009
-10.3802
-9.96466
-9.55433
-9.15014
-8.75237
-8.36155
-7.97809
-7.60234
-7.23457
-6.87493
-6.52341
-6.17995
-5.84446
-5.51687
-5.19707
-4.885
-4.58056
-4.28368
-3.99427
-3.71233
-3.43779
-3.17059
-2.91064
-2.65789
-2.41208
-2.17326
-1.9409
-1.71524
-1.49515
-1.28179
-1.07143
-0.869973
-0.663324
-0.479285
-0.263479
-0.137654
-420.242
-554.027
-761.962
-937.154
-1052.11
-1107.09
-1100.89
-1031.89
-908.343
-745.17
-563.58
-397.503
-270.442
-182.444
-124.75
-88.5147
-66.028
-51.9675
-43.0991
-37.4667
-33.8415
-31.4623
-29.8651
-28.7575
-27.95
-27.3217
-26.7995
-26.3409
-25.9194
-25.5182
-25.1271
-24.7393
-24.3509
-23.9594
-23.5633
-23.1617
-22.7541
-22.3407
-21.922
-21.4987
-21.0713
-20.6404
-20.2061
-19.7686
-19.3278
-18.8835
-18.4359
-17.985
-17.5314
-17.0756
-16.6184
-16.1606
-15.7032
-15.2469
-14.7925
-14.3406
-13.8915
-13.4456
-13.0028
-12.5633
-12.1272
-11.6945
-11.2655
-10.8406
-10.4201
-10.0047
-9.59452
-9.19043
-8.7927
-8.40196
-8.01858
-7.64289
-7.27517
-6.91554
-6.56399
-6.22047
-5.8849
-5.55721
-5.2373
-4.92513
-4.62057
-4.3236
-4.03411
-3.75211
-3.47749
-3.21024
-2.95021
-2.69738
-2.45147
-2.21248
-1.9799
-1.75386
-1.5332
-1.31902
-1.10724
-0.904087
-0.694328
-0.507663
-0.28571
-0.155263
-444.215
-561.638
-746.969
-912.973
-1023.26
-1077.36
-1072.44
-1005.77
-886.014
-729.493
-557.461
-399.748
-277.152
-190.293
-131.869
-94.125
-70.1332
-54.8503
-45.0687
-38.7856
-34.7145
-32.0364
-30.2397
-28.999
-28.103
-27.4168
-26.8574
-26.3753
-25.9391
-25.5288
-25.1324
-24.7416
-24.3516
-23.9594
-23.5631
-23.1615
-22.7543
-22.3415
-21.9235
-21.5008
-21.074
-20.6436
-20.2097
-19.7726
-19.3321
-18.8883
-18.4411
-17.9908
-17.5378
-17.0826
-16.6261
-16.169
-15.7122
-15.2565
-14.8026
-14.3511
-13.9024
-13.4567
-13.0142
-12.575
-12.1391
-11.7067
-11.278
-10.8534
-10.4332
-10.0181
-9.60831
-9.20462
-8.80731
-8.417
-8.03401
-7.65868
-7.29124
-6.93185
-6.58047
-6.23707
-5.90157
-5.57394
-5.25405
-4.94189
-4.63733
-4.34038
-4.05089
-3.76892
-3.49431
-3.22707
-2.96706
-2.71422
-2.46831
-2.22927
-1.99658
-1.77027
-1.54919
-1.33426
-1.12129
-0.916577
-0.704175
-0.514804
-0.287227
-0.152019
-462.697
-569.824
-737.052
-894.593
-1000.35
-1052.59
-1048.51
-984.015
-867.676
-716.74
-552.465
-401.541
-282.557
-196.647
-137.684
-98.7596
-73.556
-57.2742
-46.7402
-39.9189
-35.4782
-32.5535
-30.5946
-29.2481
-28.2839
-27.5542
-26.9672
-26.4675
-26.0198
-25.6016
-25.1995
-24.8048
-24.4119
-24.0173
-23.619
-23.2159
-22.8076
-22.3939
-21.9752
-21.5519
-21.1245
-20.6934
-20.2589
-19.8211
-19.38
-18.9356
-18.488
-18.0374
-17.5842
-17.1289
-16.6723
-16.2152
-15.7583
-15.3026
-14.8487
-14.3971
-13.9482
-13.5024
-13.0597
-12.6204
-12.1844
-11.7519
-11.3231
-10.8985
-10.4783
-10.0632
-9.65339
-9.24972
-8.85244
-8.46213
-8.07912
-7.70376
-7.33629
-6.97686
-6.62541
-6.28191
-5.94629
-5.61853
-5.29851
-4.98622
-4.68153
-4.38445
-4.09485
-3.81276
-3.53805
-3.27069
-3.01059
-2.75761
-2.51158
-2.27238
-2.03945
-1.81279
-1.59126
-1.37561
-1.16151
-0.955397
-0.74043
-0.548709
-0.315142
-0.174373
-476.344
-576.516
-729.877
-880.433
-982.886
-1032.78
-1029.38
-967.016
-853.606
-707.033
-548.65
-402.939
-286.755
-201.64
-142.302
-102.467
-76.2966
-59.2066
-48.0583
-40.7934
-36.0446
-32.9109
-30.8114
-29.3715
-28.3467
-27.5793
-26.9702
-26.4582
-26.0045
-25.5838
-25.1809
-24.7869
-24.3953
-24.0021
-23.6052
-23.2037
-22.7968
-22.3845
-21.9671
-21.545
-21.1186
-20.6885
-20.2548
-19.8177
-19.3773
-18.9336
-18.4866
-18.0366
-17.5841
-17.1295
-16.6736
-16.2171
-15.7609
-15.3057
-14.8523
-14.4011
-13.9526
-13.5071
-13.0648
-12.6257
-12.19
-11.7578
-11.3293
-10.9049
-10.485
-10.0702
-9.66071
-9.25732
-8.86033
-8.47033
-8.08763
-7.71257
-7.34539
-6.98621
-6.63495
-6.29158
-5.95607
-5.62837
-5.3084
-4.99614
-4.69148
-4.39443
-4.10487
-3.82283
-3.54817
-3.28087
-3.02083
-2.76792
-2.52194
-2.28282
-2.04985
-1.82305
-1.60127
-1.38514
-1.17016
-0.963005
-0.745786
-0.552362
-0.312506
-0.17001
-485.949
-581.556
-724.886
-870.027
-970.536
-1018.1
-1014.95
-954.516
-843.378
-699.939
-545.819
-403.92
-289.853
-205.407
-145.856
-105.386
-78.5142
-60.8254
-49.2157
-41.6138
-36.6291
-33.3346
-31.1259
-29.6114
-28.5354
-27.7325
-27.0986
-26.569
-26.1024
-25.6723
-25.2622
-24.8628
-24.4671
-24.0707
-23.6712
-23.2675
-22.859
-22.4454
-22.0268
-21.6037
-21.1764
-20.7454
-20.3109
-19.8731
-19.432
-18.9876
-18.5401
-18.0897
-17.6369
-17.1821
-16.726
-16.2694
-15.813
-15.3577
-14.9041
-14.4528
-14.0041
-13.5585
-13.116
-12.6768
-12.2409
-11.8086
-11.38
-10.9555
-10.5355
-10.1207
-9.71114
-9.3077
-8.91067
-8.52065
-8.13791
-7.76283
-7.39562
-7.03642
-6.6851
-6.34164
-6.00602
-5.6782
-5.3581
-5.04569
-4.74091
-4.4437
-4.15404
-3.87186
-3.59708
-3.32967
-3.0695
-2.81648
-2.57037
-2.33116
-2.09799
-1.87097
-1.64881
-1.43223
-1.21632
-1.00837
-0.788723
-0.594494
-0.34723
-0.204156
-492.135
-584.965
-721.781
-863.187
-962.754
-1008.7
-1004.81
-945.903
-836.418
-694.945
-543.519
-404.065
-291.395
-207.441
-147.813
-106.985
-79.7006
-61.652
-49.7622
-41.9562
-36.8308
-33.443
-31.1741
-29.6223
-28.5246
-27.7107
-27.0723
-26.5417
-26.0763
-25.648
-25.2398
-24.8425
-24.4491
-24.0546
-23.6567
-23.2545
-22.8473
-22.4349
-22.0174
-21.5952
-21.1688
-20.7385
-20.3047
-19.8674
-19.4268
-18.9829
-18.5358
-18.0859
-17.6335
-17.1791
-16.7235
-16.2673
-15.8113
-15.3563
-14.903
-14.4519
-14.0035
-13.5581
-13.1158
-12.6768
-12.2411
-11.8089
-11.3805
-10.9562
-10.5364
-10.1217
-9.71234
-9.30901
-8.91213
-8.52226
-8.13968
-7.76481
-7.39784
-7.03886
-6.68769
-6.34435
-6.00881
-5.68102
-5.36096
-5.04856
-4.74379
-4.4466
-4.15696
-3.87481
-3.60005
-3.33268
-3.07258
-2.81965
-2.57362
-2.33455
-2.10141
-1.87443
-1.65209
-1.43536
-1.21882
-1.01053
-0.788855
-0.594871
-0.339718
-0.204255
-495.158
-586.672
-720.282
-859.832
-959.045
-1004.68
-999.526
-941.478
-833.062
-692.744
-542.787
-404.659
-292.729
-209.003
-149.278
-108.197
-80.637
-62.3516
-50.2776
-42.3367
-37.1165
-33.663
-31.3483
-29.764
-28.6433
-27.8129
-27.1631
-26.6243
-26.1527
-25.72
-25.3085
-24.9083
-24.5129
-24.1168
-23.7177
-23.3145
-22.9066
-22.4935
-22.0755
-21.6528
-21.226
-20.7953
-20.3611
-19.9235
-19.4826
-19.0384
-18.5911
-18.1411
-17.6885
-17.234
-16.7783
-16.322
-15.866
-15.4109
-14.9576
-14.5064
-14.0579
-13.6124
-13.1701
-12.7311
-12.2953
-11.8631
-11.4346
-11.0102
-10.5904
-10.1756
-9.76626
-9.3629
-8.966
-8.5761
-8.1935
-7.81857
-7.45162
-7.09269
-6.7415
-6.39811
-6.06252
-5.73467
-5.41453
-5.10206
-4.79721
-4.49995
-4.21026
-3.92806
-3.65325
-3.38581
-3.12564
-2.87266
-2.62651
-2.38753
-2.15423
-1.92724
-1.70463
-1.48785
-1.27066
-1.06249
-0.838497
-0.646518
-0.381519
-0.256895
-290.667
-301.368
-308.518
-310.311
-302.167
-286.515
-272.346
-271.119
-516.72
-524.567
-529.28
-528.256
-519.445
-503.307
-485.481
-478.231
-805.892
-811.804
-814.264
-810.896
-801.821
-787.858
-771.982
-762.155
-1017.76
-1023.96
-1024.93
-1021.43
-1014.4
-1005.03
-995.154
-988.011
-1143.55
-1148.65
-1149.3
-1146.98
-1142.2
-1136.04
-1129.94
-1125.31
-1199.42
-1204.71
-1205.42
-1203.51
-1199.48
-1194.08
-1188.71
-1184.69
-1191.14
-1196.54
-1197.4
-1195.47
-1192.03
-1187.52
-1183.61
-1181.05
-1118.32
-1122.94
-1123.71
-1121.35
-1116.6
-1111
-1106.19
-1103.16
-987.899
-991.621
-991.879
-989.36
-984.952
-979.832
-975.198
-972.118
-808.006
-810.355
-809.688
-805.935
-799.771
-792.658
-786.3
-782.339
-586.757
-585.275
-581.553
-576.077
-569.699
-562.992
-557.378
-554.118
-380.423
-374.668
-368.451
-362.08
-355.786
-350.151
-345.88
-343.652
-231.293
-222.174
-213.63
-206.105
-199.875
-195.116
-192.009
-190.648
-138.342
-128.474
-119.66
-112.273
-106.537
-102.597
-100.249
-99.3809
-86.2407
-77.8607
-70.1414
-63.6582
-58.7366
-55.4792
-53.7476
-53.1459
-58.7696
-52.3924
-46.4591
-41.4373
-37.6398
-35.1493
-33.8459
-33.4435
-44.7157
-40.1881
-35.9707
-32.3878
-29.6888
-27.9459
-27.0596
-26.8241
-37.3176
-34.2291
-31.3397
-28.8606
-26.9695
-25.7262
-25.0628
-24.8585
-33.2759
-31.2288
-29.313
-27.6688
-26.4197
-25.6129
-25.1973
-25.0835
-30.9848
-29.6496
-28.4006
-27.3292
-26.5148
-25.9893
-25.7153
-25.6314
-29.5931
-28.7248
-27.9106
-27.2102
-26.6735
-26.3243
-26.1388
-26.0729
-28.6831
-28.1191
-27.5888
-27.1315
-26.7783
-26.5462
-26.4211
-26.3678
-28.05
-27.6851
-27.3409
-27.0438
-26.8123
-26.6573
-26.572
-26.5265
-27.5725
-27.3369
-27.1138
-26.921
-26.769
-26.6641
-26.6054
-26.5618
-27.1737
-27.021
-26.8757
-26.75
-26.6493
-26.5759
-26.5356
-26.4931
-26.8084
-26.7082
-26.6125
-26.5296
-26.4619
-26.4079
-26.3797
-26.3386
-26.4531
-26.386
-26.3218
-26.2656
-26.2186
-26.176
-26.1554
-26.1155
-26.0969
-26.0507
-26.0056
-25.9654
-25.931
-25.8949
-25.8788
-25.84
-25.7361
-25.7024
-25.6684
-25.6373
-25.6102
-25.5777
-25.5641
-25.526
-25.3707
-25.3439
-25.3165
-25.2904
-25.2679
-25.2373
-25.2254
-25.1876
-25.0008
-24.9782
-24.9551
-24.9321
-24.9126
-24.8833
-24.8725
-24.8351
-24.6262
-24.6065
-24.5864
-24.5653
-24.5478
-24.5194
-24.5095
-24.4723
-24.2464
-24.2286
-24.2106
-24.1907
-24.1748
-24.147
-24.1378
-24.1005
-23.8607
-23.844
-23.8275
-23.8084
-23.7937
-23.7663
-23.7577
-23.7204
-23.4682
-23.4521
-23.4365
-23.4178
-23.4041
-23.3768
-23.3687
-23.3313
-23.0683
-23.0523
-23.0373
-23.0185
-23.0054
-22.9781
-22.9703
-22.9328
-22.6609
-22.6447
-22.6299
-22.6109
-22.5981
-22.5705
-22.5629
-22.5254
-22.2469
-22.2303
-22.2154
-22.1959
-22.1832
-22.1553
-22.1477
-22.1102
-21.8272
-21.81
-21.795
-21.7748
-21.7621
-21.7339
-21.7263
-21.6887
-21.4028
-21.385
-21.37
-21.3492
-21.3365
-21.3079
-21.3001
-21.2626
-20.9747
-20.9565
-20.9415
-20.9202
-20.9074
-20.8785
-20.8706
-20.8331
-20.5436
-20.525
-20.5101
-20.4885
-20.4757
-20.4467
-20.4387
-20.4011
-20.1096
-20.0908
-20.076
-20.0544
-20.0417
-20.0125
-20.0044
-19.9668
-19.6725
-19.6536
-19.6392
-19.6174
-19.6049
-19.5757
-19.5676
-19.5299
-19.2322
-19.2132
-19.199
-19.1772
-19.1648
-19.1357
-19.1275
-19.0897
-18.7882
-18.769
-18.755
-18.7331
-18.7209
-18.6916
-18.6835
-18.6457
-18.3403
-18.3208
-18.3069
-18.2848
-18.2726
-18.2433
-18.2351
-18.1973
-17.8887
-17.8688
-17.8548
-17.8325
-17.8202
-17.7907
-17.7825
-17.7446
-17.4337
-17.4135
-17.3992
-17.3765
-17.3639
-17.3343
-17.3259
-17.2881
-16.9762
-16.9553
-16.9407
-16.9175
-16.9047
-16.8748
-16.8663
-16.8285
-16.517
-16.4955
-16.4804
-16.4567
-16.4435
-16.4134
-16.4047
-16.3668
-16.0571
-16.035
-16.0194
-15.9952
-15.9816
-15.9512
-15.9423
-15.9045
-15.5978
-15.575
-15.559
-15.5343
-15.5203
-15.4897
-15.4806
-15.4428
-15.1398
-15.1166
-15.1002
-15.075
-15.0606
-15.0298
-15.0205
-14.9827
-14.6841
-14.6605
-14.6438
-14.6183
-14.6036
-14.5727
-14.5632
-14.5254
-14.2313
-14.2073
-14.1904
-14.1647
-14.1498
-14.1187
-14.1091
-14.0713
-13.7816
-13.7574
-13.7405
-13.7145
-13.6995
-13.6684
-13.6586
-13.6208
-13.3352
-13.311
-13.2939
-13.2679
-13.2528
-13.2215
-13.2117
-13.1739
-12.8922
-12.8678
-12.8507
-12.8246
-12.8094
-12.7781
-12.7682
-12.7304
-12.4525
-12.428
-12.4108
-12.3846
-12.3694
-12.338
-12.328
-12.2901
-12.0159
-11.9913
-11.9741
-11.9477
-11.9324
-11.9009
-11.8909
-11.853
-11.5827
-11.5579
-11.5406
-11.5141
-11.4986
-11.467
-11.4569
-11.4189
-11.153
-11.128
-11.1105
-11.0838
-11.0681
-11.0364
-11.0263
-10.9882
-10.7273
-10.702
-10.6843
-10.6574
-10.6415
-10.6096
-10.5994
-10.5613
-10.3059
-10.2804
-10.2624
-10.2352
-10.2191
-10.187
-10.1767
-10.1386
-9.88928
-9.86345
-9.84522
-9.81769
-9.80142
-9.76912
-9.75881
-9.72064
-9.47798
-9.45186
-9.43335
-9.40554
-9.38909
-9.35659
-9.34618
-9.30794
-9.07258
-9.04602
-9.02716
-8.99895
-8.98222
-8.94955
-8.93914
-8.9009
-8.67369
-8.64671
-8.62759
-8.59908
-8.58214
-8.54927
-8.53876
-8.50046
-8.28179
-8.25439
-8.23498
-8.20608
-8.18889
-8.15584
-8.14529
-8.10701
-7.89745
-7.86974
-7.85016
-7.82104
-7.8037
-7.7705
-7.75987
-7.72154
-7.52098
-7.49301
-7.47325
-7.44387
-7.42641
-7.39312
-7.38244
-7.34413
-7.15269
-7.12456
-7.10472
-7.07522
-7.05765
-7.02425
-7.01352
-6.97518
-6.79269
-6.76444
-6.74452
-6.7149
-6.69731
-6.66388
-6.65312
-6.61477
-6.44101
-6.41272
-6.3928
-6.36316
-6.34552
-6.31206
-6.30127
-6.26291
-6.09752
-6.06921
-6.04931
-6.01966
-6.00206
-5.96862
-5.95782
-5.91946
-5.7621
-5.73383
-5.71397
-5.68435
-5.66676
-5.63333
-5.62253
-5.58417
-5.43464
-5.4064
-5.3866
-5.35702
-5.3395
-5.3061
-5.29531
-5.25695
-5.11502
-5.08685
-5.06712
-5.03759
-5.0201
-4.98673
-4.97596
-4.9376
-4.80316
-4.77505
-4.75538
-4.72591
-4.70849
-4.67515
-4.6644
-4.62604
-4.49894
-4.4709
-4.45132
-4.4219
-4.40452
-4.3712
-4.36048
-4.32212
-4.20226
-4.17425
-4.15475
-4.12539
-4.10808
-4.07479
-4.0641
-4.02573
-3.91302
-3.88505
-3.86562
-3.83631
-3.81905
-3.78578
-3.77512
-3.73675
-3.63122
-3.60326
-3.58387
-3.5546
-3.53739
-3.50413
-3.4935
-3.45513
-3.35682
-3.32889
-3.30955
-3.28027
-3.2631
-3.22986
-3.21926
-3.18088
-3.08979
-3.06192
-3.04258
-3.01328
-2.99619
-2.96294
-2.95237
-2.91399
-2.83003
-2.80226
-2.78297
-2.75364
-2.73662
-2.70338
-2.69286
-2.65447
-2.5775
-2.54977
-2.53058
-2.50132
-2.48441
-2.45117
-2.44069
-2.40229
-2.33201
-2.30437
-2.28535
-2.25619
-2.23936
-2.20616
-2.19576
-2.15735
-2.09364
-2.06609
-2.04721
-2.01816
-2.00147
-1.96832
-1.95799
-1.91957
-1.86207
-1.83475
-1.81611
-1.78725
-1.77075
-1.73773
-1.72751
-1.68911
-1.63742
-1.61035
-1.59198
-1.56334
-1.54707
-1.51416
-1.50404
-1.46566
-1.41934
-1.39288
-1.37511
-1.34703
-1.33131
-1.29885
-1.28906
-1.25083
-1.20833
-1.18243
-1.16517
-1.13752
-1.1221
-1.08978
-1.08002
-1.04176
-1.00328
-0.979136
-0.963735
-0.937972
-0.924458
-0.893788
-0.885234
-0.847526
-0.806438
-0.783168
-0.768402
-0.742957
-0.729314
-0.698244
-0.689216
-0.65127
-0.612761
-0.594505
-0.585423
-0.566242
-0.559246
-0.534141
-0.529364
-0.493182
-0.431816
-0.411989
-0.400421
-0.377269
-0.364601
-0.333702
-0.324421
-0.286446
-0.243677
-0.236415
-0.240544
-0.236896
-0.245927
-0.23514
-0.240187
-0.207015
-0.100493
-0.0739343
-0.048445
-0.00597462
0.0286596
0.0786633
0.100161
0.138912
)
;

boundaryField
{
    frontAndBack
    {
        type            empty;
    }
    inlet
    {
        type            zeroGradient;
    }
    outlet
    {
        type            fixedValue;
        value           uniform 0;
    }
    walls
    {
        type            zeroGradient;
    }
}


// ************************************************************************* //
