/*--------------------------------*- C++ -*----------------------------------*\
| =========                 |                                                 |
| \\      /  F ield         | OpenFOAM: The Open Source CFD Toolbox           |
|  \\    /   O peration     | Version:  v2012                                 |
|   \\  /    A nd           | Website:  www.openfoam.com                      |
|    \\/     M anipulation  |                                                 |
\*---------------------------------------------------------------------------*/
FoamFile
{
    version     2.0;
    format      ascii;
    class       vectorField;
    location    "constant/polyMesh";
    object      points;
}
// * * * * * * * * * * * * * * * * * * * * * * * * * * * * * * * * * * * * * //


4058
(
(0 0 0)
(0.006675 0 0)
(0.01335 0 0)
(0.020025 0 0)
(0.0267 0 0)
(0.033375 0 0)
(0.04005 0 0)
(0.046725 0 0)
(0.0534 0 0)
(0.060075 0 0)
(0.06675 0 0)
(0 0.00267 0)
(0.006675 0.00267 0)
(0.01335 0.00267 0)
(0.020025 0.00267 0)
(0.0267 0.00267 0)
(0.033375 0.00267 0)
(0.04005 0.00267 0)
(0.046725 0.00267 0)
(0.0534 0.00267 0)
(0.060075 0.00267 0)
(0.06675 0.00267 0)
(0 0.00534 0)
(0.006675 0.00534 0)
(0.01335 0.00534 0)
(0.020025 0.00534 0)
(0.0267 0.00534 0)
(0.033375 0.00534 0)
(0.04005 0.00534 0)
(0.046725 0.00534 0)
(0.0534 0.00534 0)
(0.060075 0.00534 0)
(0.06675 0.00534 0)
(0 0.00801 0)
(0.006675 0.00801 0)
(0.01335 0.00801 0)
(0.020025 0.00801 0)
(0.0267 0.00801 0)
(0.033375 0.00801 0)
(0.04005 0.00801 0)
(0.046725 0.00801 0)
(0.0534 0.00801 0)
(0.060075 0.00801 0)
(0.06675 0.00801 0)
(0 0.01068 0)
(0.006675 0.01068 0)
(0.01335 0.01068 0)
(0.020025 0.01068 0)
(0.0267 0.01068 0)
(0.033375 0.01068 0)
(0.04005 0.01068 0)
(0.046725 0.01068 0)
(0.0534 0.01068 0)
(0.060075 0.01068 0)
(0.06675 0.01068 0)
(0 0.01335 0)
(0.006675 0.01335 0)
(0.01335 0.01335 0)
(0.020025 0.01335 0)
(0.0267 0.01335 0)
(0.033375 0.01335 0)
(0.04005 0.01335 0)
(0.046725 0.01335 0)
(0.0534 0.01335 0)
(0.060075 0.01335 0)
(0.06675 0.01335 0)
(0 0.01602 0)
(0.006675 0.01602 0)
(0.01335 0.01602 0)
(0.020025 0.01602 0)
(0.0267 0.01602 0)
(0.033375 0.01602 0)
(0.04005 0.01602 0)
(0.046725 0.01602 0)
(0.0534 0.01602 0)
(0.060075 0.01602 0)
(0.06675 0.01602 0)
(0 0.01869 0)
(0.006675 0.01869 0)
(0.01335 0.01869 0)
(0.020025 0.01869 0)
(0.0267 0.01869 0)
(0.033375 0.01869 0)
(0.04005 0.01869 0)
(0.046725 0.01869 0)
(0.0534 0.01869 0)
(0.060075 0.01869 0)
(0.06675 0.01869 0)
(0 0.02136 0)
(0.006675 0.02136 0)
(0.01335 0.02136 0)
(0.020025 0.02136 0)
(0.0267 0.02136 0)
(0.033375 0.02136 0)
(0.04005 0.02136 0)
(0.046725 0.02136 0)
(0.0534 0.02136 0)
(0.060075 0.02136 0)
(0.06675 0.02136 0)
(0 0.02403 0)
(0.006675 0.02403 0)
(0.01335 0.02403 0)
(0.020025 0.02403 0)
(0.0267 0.02403 0)
(0.033375 0.02403 0)
(0.04005 0.02403 0)
(0.046725 0.02403 0)
(0.0534 0.02403 0)
(0.060075 0.02403 0)
(0.06675 0.02403 0)
(0 0.0267 0)
(0.006675 0.0267 0)
(0.01335 0.0267 0)
(0.020025 0.0267 0)
(0.0267 0.0267 0)
(0.033375 0.0267 0)
(0.04005 0.0267 0)
(0.046725 0.0267 0)
(0.0534 0.0267 0)
(0.060075 0.0267 0)
(0.06675 0.0267 0)
(0 0 0.06)
(0.006675 0 0.06)
(0.01335 0 0.06)
(0.020025 0 0.06)
(0.0267 0 0.06)
(0.033375 0 0.06)
(0.04005 0 0.06)
(0.046725 0 0.06)
(0.0534 0 0.06)
(0.060075 0 0.06)
(0.06675 0 0.06)
(0 0.00267 0.06)
(0.006675 0.00267 0.06)
(0.01335 0.00267 0.06)
(0.020025 0.00267 0.06)
(0.0267 0.00267 0.06)
(0.033375 0.00267 0.06)
(0.04005 0.00267 0.06)
(0.046725 0.00267 0.06)
(0.0534 0.00267 0.06)
(0.060075 0.00267 0.06)
(0.06675 0.00267 0.06)
(0 0.00534 0.06)
(0.006675 0.00534 0.06)
(0.01335 0.00534 0.06)
(0.020025 0.00534 0.06)
(0.0267 0.00534 0.06)
(0.033375 0.00534 0.06)
(0.04005 0.00534 0.06)
(0.046725 0.00534 0.06)
(0.0534 0.00534 0.06)
(0.060075 0.00534 0.06)
(0.06675 0.00534 0.06)
(0 0.00801 0.06)
(0.006675 0.00801 0.06)
(0.01335 0.00801 0.06)
(0.020025 0.00801 0.06)
(0.0267 0.00801 0.06)
(0.033375 0.00801 0.06)
(0.04005 0.00801 0.06)
(0.046725 0.00801 0.06)
(0.0534 0.00801 0.06)
(0.060075 0.00801 0.06)
(0.06675 0.00801 0.06)
(0 0.01068 0.06)
(0.006675 0.01068 0.06)
(0.01335 0.01068 0.06)
(0.020025 0.01068 0.06)
(0.0267 0.01068 0.06)
(0.033375 0.01068 0.06)
(0.04005 0.01068 0.06)
(0.046725 0.01068 0.06)
(0.0534 0.01068 0.06)
(0.060075 0.01068 0.06)
(0.06675 0.01068 0.06)
(0 0.01335 0.06)
(0.006675 0.01335 0.06)
(0.01335 0.01335 0.06)
(0.020025 0.01335 0.06)
(0.0267 0.01335 0.06)
(0.033375 0.01335 0.06)
(0.04005 0.01335 0.06)
(0.046725 0.01335 0.06)
(0.0534 0.01335 0.06)
(0.060075 0.01335 0.06)
(0.06675 0.01335 0.06)
(0 0.01602 0.06)
(0.006675 0.01602 0.06)
(0.01335 0.01602 0.06)
(0.020025 0.01602 0.06)
(0.0267 0.01602 0.06)
(0.033375 0.01602 0.06)
(0.04005 0.01602 0.06)
(0.046725 0.01602 0.06)
(0.0534 0.01602 0.06)
(0.060075 0.01602 0.06)
(0.06675 0.01602 0.06)
(0 0.01869 0.06)
(0.006675 0.01869 0.06)
(0.01335 0.01869 0.06)
(0.020025 0.01869 0.06)
(0.0267 0.01869 0.06)
(0.033375 0.01869 0.06)
(0.04005 0.01869 0.06)
(0.046725 0.01869 0.06)
(0.0534 0.01869 0.06)
(0.060075 0.01869 0.06)
(0.06675 0.01869 0.06)
(0 0.02136 0.06)
(0.006675 0.02136 0.06)
(0.01335 0.02136 0.06)
(0.020025 0.02136 0.06)
(0.0267 0.02136 0.06)
(0.033375 0.02136 0.06)
(0.04005 0.02136 0.06)
(0.046725 0.02136 0.06)
(0.0534 0.02136 0.06)
(0.060075 0.02136 0.06)
(0.06675 0.02136 0.06)
(0 0.02403 0.06)
(0.006675 0.02403 0.06)
(0.01335 0.02403 0.06)
(0.020025 0.02403 0.06)
(0.0267 0.02403 0.06)
(0.033375 0.02403 0.06)
(0.04005 0.02403 0.06)
(0.046725 0.02403 0.06)
(0.0534 0.02403 0.06)
(0.060075 0.02403 0.06)
(0.06675 0.02403 0.06)
(0 0.0267 0.06)
(0.006675 0.0267 0.06)
(0.01335 0.0267 0.06)
(0.020025 0.0267 0.06)
(0.0267 0.0267 0.06)
(0.033375 0.0267 0.06)
(0.04005 0.0267 0.06)
(0.046725 0.0267 0.06)
(0.0534 0.0267 0.06)
(0.060075 0.0267 0.06)
(0.06675 0.0267 0.06)
(0.076095 0 0)
(0.08544 0 0)
(0.094785 0 0)
(0.10413 0 0)
(0.113475 0 0)
(0.12282 0 0)
(0.132165 0 0)
(0.14151 0 0)
(0.150855 0 0)
(0.1602 0 0)
(0.169545 0 0)
(0.17889 0 0)
(0.188235 0 0)
(0.19758 0 0)
(0.206925 0 0)
(0.21627 0 0)
(0.225615 0 0)
(0.23496 0 0)
(0.244305 0 0)
(0.25365 0 0)
(0.262995 0 0)
(0.27234 0 0)
(0.281685 0 0)
(0.29103 0 0)
(0.300375 0 0)
(0.30972 0 0)
(0.319065 0 0)
(0.32841 0 0)
(0.337755 0 0)
(0.3471 0 0)
(0.356445 0 0)
(0.36579 0 0)
(0.375135 0 0)
(0.38448 0 0)
(0.393825 0 0)
(0.40317 0 0)
(0.412515 0 0)
(0.42186 0 0)
(0.431205 0 0)
(0.44055 0 0)
(0.449895 0 0)
(0.45924 0 0)
(0.468585 0 0)
(0.47793 0 0)
(0.487275 0 0)
(0.49662 0 0)
(0.505965 0 0)
(0.51531 0 0)
(0.524655 0 0)
(0.534 0 0)
(0.543345 0 0)
(0.55269 0 0)
(0.562035 0 0)
(0.57138 0 0)
(0.580725 0 0)
(0.59007 0 0)
(0.599415 0 0)
(0.60876 0 0)
(0.618105 0 0)
(0.62745 0 0)
(0.636795 0 0)
(0.64614 0 0)
(0.655485 0 0)
(0.66483 0 0)
(0.674175 0 0)
(0.68352 0 0)
(0.692865 0 0)
(0.70221 0 0)
(0.711555 0 0)
(0.7209 0 0)
(0.730245 0 0)
(0.73959 0 0)
(0.748935 0 0)
(0.75828 0 0)
(0.767625 0 0)
(0.77697 0 0)
(0.786315 0 0)
(0.79566 0 0)
(0.805005 0 0)
(0.81435 0 0)
(0.823695 0 0)
(0.83304 0 0)
(0.842385 0 0)
(0.85173 0 0)
(0.861075 0 0)
(0.87042 0 0)
(0.879765 0 0)
(0.88911 0 0)
(0.898455 0 0)
(0.9078 0 0)
(0.917145 0 0)
(0.92649 0 0)
(0.935835 0 0)
(0.94518 0 0)
(0.954525 0 0)
(0.96387 0 0)
(0.973215 0 0)
(0.98256 0 0)
(0.991905 0 0)
(1.00125 0 0)
(0.076095 0.00267 0)
(0.08544 0.00267 0)
(0.094785 0.00267 0)
(0.10413 0.00267 0)
(0.113475 0.00267 0)
(0.12282 0.00267 0)
(0.132165 0.00267 0)
(0.14151 0.00267 0)
(0.150855 0.00267 0)
(0.1602 0.00267 0)
(0.169545 0.00267 0)
(0.17889 0.00267 0)
(0.188235 0.00267 0)
(0.19758 0.00267 0)
(0.206925 0.00267 0)
(0.21627 0.00267 0)
(0.225615 0.00267 0)
(0.23496 0.00267 0)
(0.244305 0.00267 0)
(0.25365 0.00267 0)
(0.262995 0.00267 0)
(0.27234 0.00267 0)
(0.281685 0.00267 0)
(0.29103 0.00267 0)
(0.300375 0.00267 0)
(0.30972 0.00267 0)
(0.319065 0.00267 0)
(0.32841 0.00267 0)
(0.337755 0.00267 0)
(0.3471 0.00267 0)
(0.356445 0.00267 0)
(0.36579 0.00267 0)
(0.375135 0.00267 0)
(0.38448 0.00267 0)
(0.393825 0.00267 0)
(0.40317 0.00267 0)
(0.412515 0.00267 0)
(0.42186 0.00267 0)
(0.431205 0.00267 0)
(0.44055 0.00267 0)
(0.449895 0.00267 0)
(0.45924 0.00267 0)
(0.468585 0.00267 0)
(0.47793 0.00267 0)
(0.487275 0.00267 0)
(0.49662 0.00267 0)
(0.505965 0.00267 0)
(0.51531 0.00267 0)
(0.524655 0.00267 0)
(0.534 0.00267 0)
(0.543345 0.00267 0)
(0.55269 0.00267 0)
(0.562035 0.00267 0)
(0.57138 0.00267 0)
(0.580725 0.00267 0)
(0.59007 0.00267 0)
(0.599415 0.00267 0)
(0.60876 0.00267 0)
(0.618105 0.00267 0)
(0.62745 0.00267 0)
(0.636795 0.00267 0)
(0.64614 0.00267 0)
(0.655485 0.00267 0)
(0.66483 0.00267 0)
(0.674175 0.00267 0)
(0.68352 0.00267 0)
(0.692865 0.00267 0)
(0.70221 0.00267 0)
(0.711555 0.00267 0)
(0.7209 0.00267 0)
(0.730245 0.00267 0)
(0.73959 0.00267 0)
(0.748935 0.00267 0)
(0.75828 0.00267 0)
(0.767625 0.00267 0)
(0.77697 0.00267 0)
(0.786315 0.00267 0)
(0.79566 0.00267 0)
(0.805005 0.00267 0)
(0.81435 0.00267 0)
(0.823695 0.00267 0)
(0.83304 0.00267 0)
(0.842385 0.00267 0)
(0.85173 0.00267 0)
(0.861075 0.00267 0)
(0.87042 0.00267 0)
(0.879765 0.00267 0)
(0.88911 0.00267 0)
(0.898455 0.00267 0)
(0.9078 0.00267 0)
(0.917145 0.00267 0)
(0.92649 0.00267 0)
(0.935835 0.00267 0)
(0.94518 0.00267 0)
(0.954525 0.00267 0)
(0.96387 0.00267 0)
(0.973215 0.00267 0)
(0.98256 0.00267 0)
(0.991905 0.00267 0)
(1.00125 0.00267 0)
(0.076095 0.00534 0)
(0.08544 0.00534 0)
(0.094785 0.00534 0)
(0.10413 0.00534 0)
(0.113475 0.00534 0)
(0.12282 0.00534 0)
(0.132165 0.00534 0)
(0.14151 0.00534 0)
(0.150855 0.00534 0)
(0.1602 0.00534 0)
(0.169545 0.00534 0)
(0.17889 0.00534 0)
(0.188235 0.00534 0)
(0.19758 0.00534 0)
(0.206925 0.00534 0)
(0.21627 0.00534 0)
(0.225615 0.00534 0)
(0.23496 0.00534 0)
(0.244305 0.00534 0)
(0.25365 0.00534 0)
(0.262995 0.00534 0)
(0.27234 0.00534 0)
(0.281685 0.00534 0)
(0.29103 0.00534 0)
(0.300375 0.00534 0)
(0.30972 0.00534 0)
(0.319065 0.00534 0)
(0.32841 0.00534 0)
(0.337755 0.00534 0)
(0.3471 0.00534 0)
(0.356445 0.00534 0)
(0.36579 0.00534 0)
(0.375135 0.00534 0)
(0.38448 0.00534 0)
(0.393825 0.00534 0)
(0.40317 0.00534 0)
(0.412515 0.00534 0)
(0.42186 0.00534 0)
(0.431205 0.00534 0)
(0.44055 0.00534 0)
(0.449895 0.00534 0)
(0.45924 0.00534 0)
(0.468585 0.00534 0)
(0.47793 0.00534 0)
(0.487275 0.00534 0)
(0.49662 0.00534 0)
(0.505965 0.00534 0)
(0.51531 0.00534 0)
(0.524655 0.00534 0)
(0.534 0.00534 0)
(0.543345 0.00534 0)
(0.55269 0.00534 0)
(0.562035 0.00534 0)
(0.57138 0.00534 0)
(0.580725 0.00534 0)
(0.59007 0.00534 0)
(0.599415 0.00534 0)
(0.60876 0.00534 0)
(0.618105 0.00534 0)
(0.62745 0.00534 0)
(0.636795 0.00534 0)
(0.64614 0.00534 0)
(0.655485 0.00534 0)
(0.66483 0.00534 0)
(0.674175 0.00534 0)
(0.68352 0.00534 0)
(0.692865 0.00534 0)
(0.70221 0.00534 0)
(0.711555 0.00534 0)
(0.7209 0.00534 0)
(0.730245 0.00534 0)
(0.73959 0.00534 0)
(0.748935 0.00534 0)
(0.75828 0.00534 0)
(0.767625 0.00534 0)
(0.77697 0.00534 0)
(0.786315 0.00534 0)
(0.79566 0.00534 0)
(0.805005 0.00534 0)
(0.81435 0.00534 0)
(0.823695 0.00534 0)
(0.83304 0.00534 0)
(0.842385 0.00534 0)
(0.85173 0.00534 0)
(0.861075 0.00534 0)
(0.87042 0.00534 0)
(0.879765 0.00534 0)
(0.88911 0.00534 0)
(0.898455 0.00534 0)
(0.9078 0.00534 0)
(0.917145 0.00534 0)
(0.92649 0.00534 0)
(0.935835 0.00534 0)
(0.94518 0.00534 0)
(0.954525 0.00534 0)
(0.96387 0.00534 0)
(0.973215 0.00534 0)
(0.98256 0.00534 0)
(0.991905 0.00534 0)
(1.00125 0.00534 0)
(0.076095 0.00801 0)
(0.08544 0.00801 0)
(0.094785 0.00801 0)
(0.10413 0.00801 0)
(0.113475 0.00801 0)
(0.12282 0.00801 0)
(0.132165 0.00801 0)
(0.14151 0.00801 0)
(0.150855 0.00801 0)
(0.1602 0.00801 0)
(0.169545 0.00801 0)
(0.17889 0.00801 0)
(0.188235 0.00801 0)
(0.19758 0.00801 0)
(0.206925 0.00801 0)
(0.21627 0.00801 0)
(0.225615 0.00801 0)
(0.23496 0.00801 0)
(0.244305 0.00801 0)
(0.25365 0.00801 0)
(0.262995 0.00801 0)
(0.27234 0.00801 0)
(0.281685 0.00801 0)
(0.29103 0.00801 0)
(0.300375 0.00801 0)
(0.30972 0.00801 0)
(0.319065 0.00801 0)
(0.32841 0.00801 0)
(0.337755 0.00801 0)
(0.3471 0.00801 0)
(0.356445 0.00801 0)
(0.36579 0.00801 0)
(0.375135 0.00801 0)
(0.38448 0.00801 0)
(0.393825 0.00801 0)
(0.40317 0.00801 0)
(0.412515 0.00801 0)
(0.42186 0.00801 0)
(0.431205 0.00801 0)
(0.44055 0.00801 0)
(0.449895 0.00801 0)
(0.45924 0.00801 0)
(0.468585 0.00801 0)
(0.47793 0.00801 0)
(0.487275 0.00801 0)
(0.49662 0.00801 0)
(0.505965 0.00801 0)
(0.51531 0.00801 0)
(0.524655 0.00801 0)
(0.534 0.00801 0)
(0.543345 0.00801 0)
(0.55269 0.00801 0)
(0.562035 0.00801 0)
(0.57138 0.00801 0)
(0.580725 0.00801 0)
(0.59007 0.00801 0)
(0.599415 0.00801 0)
(0.60876 0.00801 0)
(0.618105 0.00801 0)
(0.62745 0.00801 0)
(0.636795 0.00801 0)
(0.64614 0.00801 0)
(0.655485 0.00801 0)
(0.66483 0.00801 0)
(0.674175 0.00801 0)
(0.68352 0.00801 0)
(0.692865 0.00801 0)
(0.70221 0.00801 0)
(0.711555 0.00801 0)
(0.7209 0.00801 0)
(0.730245 0.00801 0)
(0.73959 0.00801 0)
(0.748935 0.00801 0)
(0.75828 0.00801 0)
(0.767625 0.00801 0)
(0.77697 0.00801 0)
(0.786315 0.00801 0)
(0.79566 0.00801 0)
(0.805005 0.00801 0)
(0.81435 0.00801 0)
(0.823695 0.00801 0)
(0.83304 0.00801 0)
(0.842385 0.00801 0)
(0.85173 0.00801 0)
(0.861075 0.00801 0)
(0.87042 0.00801 0)
(0.879765 0.00801 0)
(0.88911 0.00801 0)
(0.898455 0.00801 0)
(0.9078 0.00801 0)
(0.917145 0.00801 0)
(0.92649 0.00801 0)
(0.935835 0.00801 0)
(0.94518 0.00801 0)
(0.954525 0.00801 0)
(0.96387 0.00801 0)
(0.973215 0.00801 0)
(0.98256 0.00801 0)
(0.991905 0.00801 0)
(1.00125 0.00801 0)
(0.076095 0.01068 0)
(0.08544 0.01068 0)
(0.094785 0.01068 0)
(0.10413 0.01068 0)
(0.113475 0.01068 0)
(0.12282 0.01068 0)
(0.132165 0.01068 0)
(0.14151 0.01068 0)
(0.150855 0.01068 0)
(0.1602 0.01068 0)
(0.169545 0.01068 0)
(0.17889 0.01068 0)
(0.188235 0.01068 0)
(0.19758 0.01068 0)
(0.206925 0.01068 0)
(0.21627 0.01068 0)
(0.225615 0.01068 0)
(0.23496 0.01068 0)
(0.244305 0.01068 0)
(0.25365 0.01068 0)
(0.262995 0.01068 0)
(0.27234 0.01068 0)
(0.281685 0.01068 0)
(0.29103 0.01068 0)
(0.300375 0.01068 0)
(0.30972 0.01068 0)
(0.319065 0.01068 0)
(0.32841 0.01068 0)
(0.337755 0.01068 0)
(0.3471 0.01068 0)
(0.356445 0.01068 0)
(0.36579 0.01068 0)
(0.375135 0.01068 0)
(0.38448 0.01068 0)
(0.393825 0.01068 0)
(0.40317 0.01068 0)
(0.412515 0.01068 0)
(0.42186 0.01068 0)
(0.431205 0.01068 0)
(0.44055 0.01068 0)
(0.449895 0.01068 0)
(0.45924 0.01068 0)
(0.468585 0.01068 0)
(0.47793 0.01068 0)
(0.487275 0.01068 0)
(0.49662 0.01068 0)
(0.505965 0.01068 0)
(0.51531 0.01068 0)
(0.524655 0.01068 0)
(0.534 0.01068 0)
(0.543345 0.01068 0)
(0.55269 0.01068 0)
(0.562035 0.01068 0)
(0.57138 0.01068 0)
(0.580725 0.01068 0)
(0.59007 0.01068 0)
(0.599415 0.01068 0)
(0.60876 0.01068 0)
(0.618105 0.01068 0)
(0.62745 0.01068 0)
(0.636795 0.01068 0)
(0.64614 0.01068 0)
(0.655485 0.01068 0)
(0.66483 0.01068 0)
(0.674175 0.01068 0)
(0.68352 0.01068 0)
(0.692865 0.01068 0)
(0.70221 0.01068 0)
(0.711555 0.01068 0)
(0.7209 0.01068 0)
(0.730245 0.01068 0)
(0.73959 0.01068 0)
(0.748935 0.01068 0)
(0.75828 0.01068 0)
(0.767625 0.01068 0)
(0.77697 0.01068 0)
(0.786315 0.01068 0)
(0.79566 0.01068 0)
(0.805005 0.01068 0)
(0.81435 0.01068 0)
(0.823695 0.01068 0)
(0.83304 0.01068 0)
(0.842385 0.01068 0)
(0.85173 0.01068 0)
(0.861075 0.01068 0)
(0.87042 0.01068 0)
(0.879765 0.01068 0)
(0.88911 0.01068 0)
(0.898455 0.01068 0)
(0.9078 0.01068 0)
(0.917145 0.01068 0)
(0.92649 0.01068 0)
(0.935835 0.01068 0)
(0.94518 0.01068 0)
(0.954525 0.01068 0)
(0.96387 0.01068 0)
(0.973215 0.01068 0)
(0.98256 0.01068 0)
(0.991905 0.01068 0)
(1.00125 0.01068 0)
(0.076095 0.01335 0)
(0.08544 0.01335 0)
(0.094785 0.01335 0)
(0.10413 0.01335 0)
(0.113475 0.01335 0)
(0.12282 0.01335 0)
(0.132165 0.01335 0)
(0.14151 0.01335 0)
(0.150855 0.01335 0)
(0.1602 0.01335 0)
(0.169545 0.01335 0)
(0.17889 0.01335 0)
(0.188235 0.01335 0)
(0.19758 0.01335 0)
(0.206925 0.01335 0)
(0.21627 0.01335 0)
(0.225615 0.01335 0)
(0.23496 0.01335 0)
(0.244305 0.01335 0)
(0.25365 0.01335 0)
(0.262995 0.01335 0)
(0.27234 0.01335 0)
(0.281685 0.01335 0)
(0.29103 0.01335 0)
(0.300375 0.01335 0)
(0.30972 0.01335 0)
(0.319065 0.01335 0)
(0.32841 0.01335 0)
(0.337755 0.01335 0)
(0.3471 0.01335 0)
(0.356445 0.01335 0)
(0.36579 0.01335 0)
(0.375135 0.01335 0)
(0.38448 0.01335 0)
(0.393825 0.01335 0)
(0.40317 0.01335 0)
(0.412515 0.01335 0)
(0.42186 0.01335 0)
(0.431205 0.01335 0)
(0.44055 0.01335 0)
(0.449895 0.01335 0)
(0.45924 0.01335 0)
(0.468585 0.01335 0)
(0.47793 0.01335 0)
(0.487275 0.01335 0)
(0.49662 0.01335 0)
(0.505965 0.01335 0)
(0.51531 0.01335 0)
(0.524655 0.01335 0)
(0.534 0.01335 0)
(0.543345 0.01335 0)
(0.55269 0.01335 0)
(0.562035 0.01335 0)
(0.57138 0.01335 0)
(0.580725 0.01335 0)
(0.59007 0.01335 0)
(0.599415 0.01335 0)
(0.60876 0.01335 0)
(0.618105 0.01335 0)
(0.62745 0.01335 0)
(0.636795 0.01335 0)
(0.64614 0.01335 0)
(0.655485 0.01335 0)
(0.66483 0.01335 0)
(0.674175 0.01335 0)
(0.68352 0.01335 0)
(0.692865 0.01335 0)
(0.70221 0.01335 0)
(0.711555 0.01335 0)
(0.7209 0.01335 0)
(0.730245 0.01335 0)
(0.73959 0.01335 0)
(0.748935 0.01335 0)
(0.75828 0.01335 0)
(0.767625 0.01335 0)
(0.77697 0.01335 0)
(0.786315 0.01335 0)
(0.79566 0.01335 0)
(0.805005 0.01335 0)
(0.81435 0.01335 0)
(0.823695 0.01335 0)
(0.83304 0.01335 0)
(0.842385 0.01335 0)
(0.85173 0.01335 0)
(0.861075 0.01335 0)
(0.87042 0.01335 0)
(0.879765 0.01335 0)
(0.88911 0.01335 0)
(0.898455 0.01335 0)
(0.9078 0.01335 0)
(0.917145 0.01335 0)
(0.92649 0.01335 0)
(0.935835 0.01335 0)
(0.94518 0.01335 0)
(0.954525 0.01335 0)
(0.96387 0.01335 0)
(0.973215 0.01335 0)
(0.98256 0.01335 0)
(0.991905 0.01335 0)
(1.00125 0.01335 0)
(0.076095 0.01602 0)
(0.08544 0.01602 0)
(0.094785 0.01602 0)
(0.10413 0.01602 0)
(0.113475 0.01602 0)
(0.12282 0.01602 0)
(0.132165 0.01602 0)
(0.14151 0.01602 0)
(0.150855 0.01602 0)
(0.1602 0.01602 0)
(0.169545 0.01602 0)
(0.17889 0.01602 0)
(0.188235 0.01602 0)
(0.19758 0.01602 0)
(0.206925 0.01602 0)
(0.21627 0.01602 0)
(0.225615 0.01602 0)
(0.23496 0.01602 0)
(0.244305 0.01602 0)
(0.25365 0.01602 0)
(0.262995 0.01602 0)
(0.27234 0.01602 0)
(0.281685 0.01602 0)
(0.29103 0.01602 0)
(0.300375 0.01602 0)
(0.30972 0.01602 0)
(0.319065 0.01602 0)
(0.32841 0.01602 0)
(0.337755 0.01602 0)
(0.3471 0.01602 0)
(0.356445 0.01602 0)
(0.36579 0.01602 0)
(0.375135 0.01602 0)
(0.38448 0.01602 0)
(0.393825 0.01602 0)
(0.40317 0.01602 0)
(0.412515 0.01602 0)
(0.42186 0.01602 0)
(0.431205 0.01602 0)
(0.44055 0.01602 0)
(0.449895 0.01602 0)
(0.45924 0.01602 0)
(0.468585 0.01602 0)
(0.47793 0.01602 0)
(0.487275 0.01602 0)
(0.49662 0.01602 0)
(0.505965 0.01602 0)
(0.51531 0.01602 0)
(0.524655 0.01602 0)
(0.534 0.01602 0)
(0.543345 0.01602 0)
(0.55269 0.01602 0)
(0.562035 0.01602 0)
(0.57138 0.01602 0)
(0.580725 0.01602 0)
(0.59007 0.01602 0)
(0.599415 0.01602 0)
(0.60876 0.01602 0)
(0.618105 0.01602 0)
(0.62745 0.01602 0)
(0.636795 0.01602 0)
(0.64614 0.01602 0)
(0.655485 0.01602 0)
(0.66483 0.01602 0)
(0.674175 0.01602 0)
(0.68352 0.01602 0)
(0.692865 0.01602 0)
(0.70221 0.01602 0)
(0.711555 0.01602 0)
(0.7209 0.01602 0)
(0.730245 0.01602 0)
(0.73959 0.01602 0)
(0.748935 0.01602 0)
(0.75828 0.01602 0)
(0.767625 0.01602 0)
(0.77697 0.01602 0)
(0.786315 0.01602 0)
(0.79566 0.01602 0)
(0.805005 0.01602 0)
(0.81435 0.01602 0)
(0.823695 0.01602 0)
(0.83304 0.01602 0)
(0.842385 0.01602 0)
(0.85173 0.01602 0)
(0.861075 0.01602 0)
(0.87042 0.01602 0)
(0.879765 0.01602 0)
(0.88911 0.01602 0)
(0.898455 0.01602 0)
(0.9078 0.01602 0)
(0.917145 0.01602 0)
(0.92649 0.01602 0)
(0.935835 0.01602 0)
(0.94518 0.01602 0)
(0.954525 0.01602 0)
(0.96387 0.01602 0)
(0.973215 0.01602 0)
(0.98256 0.01602 0)
(0.991905 0.01602 0)
(1.00125 0.01602 0)
(0.076095 0.01869 0)
(0.08544 0.01869 0)
(0.094785 0.01869 0)
(0.10413 0.01869 0)
(0.113475 0.01869 0)
(0.12282 0.01869 0)
(0.132165 0.01869 0)
(0.14151 0.01869 0)
(0.150855 0.01869 0)
(0.1602 0.01869 0)
(0.169545 0.01869 0)
(0.17889 0.01869 0)
(0.188235 0.01869 0)
(0.19758 0.01869 0)
(0.206925 0.01869 0)
(0.21627 0.01869 0)
(0.225615 0.01869 0)
(0.23496 0.01869 0)
(0.244305 0.01869 0)
(0.25365 0.01869 0)
(0.262995 0.01869 0)
(0.27234 0.01869 0)
(0.281685 0.01869 0)
(0.29103 0.01869 0)
(0.300375 0.01869 0)
(0.30972 0.01869 0)
(0.319065 0.01869 0)
(0.32841 0.01869 0)
(0.337755 0.01869 0)
(0.3471 0.01869 0)
(0.356445 0.01869 0)
(0.36579 0.01869 0)
(0.375135 0.01869 0)
(0.38448 0.01869 0)
(0.393825 0.01869 0)
(0.40317 0.01869 0)
(0.412515 0.01869 0)
(0.42186 0.01869 0)
(0.431205 0.01869 0)
(0.44055 0.01869 0)
(0.449895 0.01869 0)
(0.45924 0.01869 0)
(0.468585 0.01869 0)
(0.47793 0.01869 0)
(0.487275 0.01869 0)
(0.49662 0.01869 0)
(0.505965 0.01869 0)
(0.51531 0.01869 0)
(0.524655 0.01869 0)
(0.534 0.01869 0)
(0.543345 0.01869 0)
(0.55269 0.01869 0)
(0.562035 0.01869 0)
(0.57138 0.01869 0)
(0.580725 0.01869 0)
(0.59007 0.01869 0)
(0.599415 0.01869 0)
(0.60876 0.01869 0)
(0.618105 0.01869 0)
(0.62745 0.01869 0)
(0.636795 0.01869 0)
(0.64614 0.01869 0)
(0.655485 0.01869 0)
(0.66483 0.01869 0)
(0.674175 0.01869 0)
(0.68352 0.01869 0)
(0.692865 0.01869 0)
(0.70221 0.01869 0)
(0.711555 0.01869 0)
(0.7209 0.01869 0)
(0.730245 0.01869 0)
(0.73959 0.01869 0)
(0.748935 0.01869 0)
(0.75828 0.01869 0)
(0.767625 0.01869 0)
(0.77697 0.01869 0)
(0.786315 0.01869 0)
(0.79566 0.01869 0)
(0.805005 0.01869 0)
(0.81435 0.01869 0)
(0.823695 0.01869 0)
(0.83304 0.01869 0)
(0.842385 0.01869 0)
(0.85173 0.01869 0)
(0.861075 0.01869 0)
(0.87042 0.01869 0)
(0.879765 0.01869 0)
(0.88911 0.01869 0)
(0.898455 0.01869 0)
(0.9078 0.01869 0)
(0.917145 0.01869 0)
(0.92649 0.01869 0)
(0.935835 0.01869 0)
(0.94518 0.01869 0)
(0.954525 0.01869 0)
(0.96387 0.01869 0)
(0.973215 0.01869 0)
(0.98256 0.01869 0)
(0.991905 0.01869 0)
(1.00125 0.01869 0)
(0.076095 0.02136 0)
(0.08544 0.02136 0)
(0.094785 0.02136 0)
(0.10413 0.02136 0)
(0.113475 0.02136 0)
(0.12282 0.02136 0)
(0.132165 0.02136 0)
(0.14151 0.02136 0)
(0.150855 0.02136 0)
(0.1602 0.02136 0)
(0.169545 0.02136 0)
(0.17889 0.02136 0)
(0.188235 0.02136 0)
(0.19758 0.02136 0)
(0.206925 0.02136 0)
(0.21627 0.02136 0)
(0.225615 0.02136 0)
(0.23496 0.02136 0)
(0.244305 0.02136 0)
(0.25365 0.02136 0)
(0.262995 0.02136 0)
(0.27234 0.02136 0)
(0.281685 0.02136 0)
(0.29103 0.02136 0)
(0.300375 0.02136 0)
(0.30972 0.02136 0)
(0.319065 0.02136 0)
(0.32841 0.02136 0)
(0.337755 0.02136 0)
(0.3471 0.02136 0)
(0.356445 0.02136 0)
(0.36579 0.02136 0)
(0.375135 0.02136 0)
(0.38448 0.02136 0)
(0.393825 0.02136 0)
(0.40317 0.02136 0)
(0.412515 0.02136 0)
(0.42186 0.02136 0)
(0.431205 0.02136 0)
(0.44055 0.02136 0)
(0.449895 0.02136 0)
(0.45924 0.02136 0)
(0.468585 0.02136 0)
(0.47793 0.02136 0)
(0.487275 0.02136 0)
(0.49662 0.02136 0)
(0.505965 0.02136 0)
(0.51531 0.02136 0)
(0.524655 0.02136 0)
(0.534 0.02136 0)
(0.543345 0.02136 0)
(0.55269 0.02136 0)
(0.562035 0.02136 0)
(0.57138 0.02136 0)
(0.580725 0.02136 0)
(0.59007 0.02136 0)
(0.599415 0.02136 0)
(0.60876 0.02136 0)
(0.618105 0.02136 0)
(0.62745 0.02136 0)
(0.636795 0.02136 0)
(0.64614 0.02136 0)
(0.655485 0.02136 0)
(0.66483 0.02136 0)
(0.674175 0.02136 0)
(0.68352 0.02136 0)
(0.692865 0.02136 0)
(0.70221 0.02136 0)
(0.711555 0.02136 0)
(0.7209 0.02136 0)
(0.730245 0.02136 0)
(0.73959 0.02136 0)
(0.748935 0.02136 0)
(0.75828 0.02136 0)
(0.767625 0.02136 0)
(0.77697 0.02136 0)
(0.786315 0.02136 0)
(0.79566 0.02136 0)
(0.805005 0.02136 0)
(0.81435 0.02136 0)
(0.823695 0.02136 0)
(0.83304 0.02136 0)
(0.842385 0.02136 0)
(0.85173 0.02136 0)
(0.861075 0.02136 0)
(0.87042 0.02136 0)
(0.879765 0.02136 0)
(0.88911 0.02136 0)
(0.898455 0.02136 0)
(0.9078 0.02136 0)
(0.917145 0.02136 0)
(0.92649 0.02136 0)
(0.935835 0.02136 0)
(0.94518 0.02136 0)
(0.954525 0.02136 0)
(0.96387 0.02136 0)
(0.973215 0.02136 0)
(0.98256 0.02136 0)
(0.991905 0.02136 0)
(1.00125 0.02136 0)
(0.076095 0.02403 0)
(0.08544 0.02403 0)
(0.094785 0.02403 0)
(0.10413 0.02403 0)
(0.113475 0.02403 0)
(0.12282 0.02403 0)
(0.132165 0.02403 0)
(0.14151 0.02403 0)
(0.150855 0.02403 0)
(0.1602 0.02403 0)
(0.169545 0.02403 0)
(0.17889 0.02403 0)
(0.188235 0.02403 0)
(0.19758 0.02403 0)
(0.206925 0.02403 0)
(0.21627 0.02403 0)
(0.225615 0.02403 0)
(0.23496 0.02403 0)
(0.244305 0.02403 0)
(0.25365 0.02403 0)
(0.262995 0.02403 0)
(0.27234 0.02403 0)
(0.281685 0.02403 0)
(0.29103 0.02403 0)
(0.300375 0.02403 0)
(0.30972 0.02403 0)
(0.319065 0.02403 0)
(0.32841 0.02403 0)
(0.337755 0.02403 0)
(0.3471 0.02403 0)
(0.356445 0.02403 0)
(0.36579 0.02403 0)
(0.375135 0.02403 0)
(0.38448 0.02403 0)
(0.393825 0.02403 0)
(0.40317 0.02403 0)
(0.412515 0.02403 0)
(0.42186 0.02403 0)
(0.431205 0.02403 0)
(0.44055 0.02403 0)
(0.449895 0.02403 0)
(0.45924 0.02403 0)
(0.468585 0.02403 0)
(0.47793 0.02403 0)
(0.487275 0.02403 0)
(0.49662 0.02403 0)
(0.505965 0.02403 0)
(0.51531 0.02403 0)
(0.524655 0.02403 0)
(0.534 0.02403 0)
(0.543345 0.02403 0)
(0.55269 0.02403 0)
(0.562035 0.02403 0)
(0.57138 0.02403 0)
(0.580725 0.02403 0)
(0.59007 0.02403 0)
(0.599415 0.02403 0)
(0.60876 0.02403 0)
(0.618105 0.02403 0)
(0.62745 0.02403 0)
(0.636795 0.02403 0)
(0.64614 0.02403 0)
(0.655485 0.02403 0)
(0.66483 0.02403 0)
(0.674175 0.02403 0)
(0.68352 0.02403 0)
(0.692865 0.02403 0)
(0.70221 0.02403 0)
(0.711555 0.02403 0)
(0.7209 0.02403 0)
(0.730245 0.02403 0)
(0.73959 0.02403 0)
(0.748935 0.02403 0)
(0.75828 0.02403 0)
(0.767625 0.02403 0)
(0.77697 0.02403 0)
(0.786315 0.02403 0)
(0.79566 0.02403 0)
(0.805005 0.02403 0)
(0.81435 0.02403 0)
(0.823695 0.02403 0)
(0.83304 0.02403 0)
(0.842385 0.02403 0)
(0.85173 0.02403 0)
(0.861075 0.02403 0)
(0.87042 0.02403 0)
(0.879765 0.02403 0)
(0.88911 0.02403 0)
(0.898455 0.02403 0)
(0.9078 0.02403 0)
(0.917145 0.02403 0)
(0.92649 0.02403 0)
(0.935835 0.02403 0)
(0.94518 0.02403 0)
(0.954525 0.02403 0)
(0.96387 0.02403 0)
(0.973215 0.02403 0)
(0.98256 0.02403 0)
(0.991905 0.02403 0)
(1.00125 0.02403 0)
(0.076095 0.0267 0)
(0.08544 0.0267 0)
(0.094785 0.0267 0)
(0.10413 0.0267 0)
(0.113475 0.0267 0)
(0.12282 0.0267 0)
(0.132165 0.0267 0)
(0.14151 0.0267 0)
(0.150855 0.0267 0)
(0.1602 0.0267 0)
(0.169545 0.0267 0)
(0.17889 0.0267 0)
(0.188235 0.0267 0)
(0.19758 0.0267 0)
(0.206925 0.0267 0)
(0.21627 0.0267 0)
(0.225615 0.0267 0)
(0.23496 0.0267 0)
(0.244305 0.0267 0)
(0.25365 0.0267 0)
(0.262995 0.0267 0)
(0.27234 0.0267 0)
(0.281685 0.0267 0)
(0.29103 0.0267 0)
(0.300375 0.0267 0)
(0.30972 0.0267 0)
(0.319065 0.0267 0)
(0.32841 0.0267 0)
(0.337755 0.0267 0)
(0.3471 0.0267 0)
(0.356445 0.0267 0)
(0.36579 0.0267 0)
(0.375135 0.0267 0)
(0.38448 0.0267 0)
(0.393825 0.0267 0)
(0.40317 0.0267 0)
(0.412515 0.0267 0)
(0.42186 0.0267 0)
(0.431205 0.0267 0)
(0.44055 0.0267 0)
(0.449895 0.0267 0)
(0.45924 0.0267 0)
(0.468585 0.0267 0)
(0.47793 0.0267 0)
(0.487275 0.0267 0)
(0.49662 0.0267 0)
(0.505965 0.0267 0)
(0.51531 0.0267 0)
(0.524655 0.0267 0)
(0.534 0.0267 0)
(0.543345 0.0267 0)
(0.55269 0.0267 0)
(0.562035 0.0267 0)
(0.57138 0.0267 0)
(0.580725 0.0267 0)
(0.59007 0.0267 0)
(0.599415 0.0267 0)
(0.60876 0.0267 0)
(0.618105 0.0267 0)
(0.62745 0.0267 0)
(0.636795 0.0267 0)
(0.64614 0.0267 0)
(0.655485 0.0267 0)
(0.66483 0.0267 0)
(0.674175 0.0267 0)
(0.68352 0.0267 0)
(0.692865 0.0267 0)
(0.70221 0.0267 0)
(0.711555 0.0267 0)
(0.7209 0.0267 0)
(0.730245 0.0267 0)
(0.73959 0.0267 0)
(0.748935 0.0267 0)
(0.75828 0.0267 0)
(0.767625 0.0267 0)
(0.77697 0.0267 0)
(0.786315 0.0267 0)
(0.79566 0.0267 0)
(0.805005 0.0267 0)
(0.81435 0.0267 0)
(0.823695 0.0267 0)
(0.83304 0.0267 0)
(0.842385 0.0267 0)
(0.85173 0.0267 0)
(0.861075 0.0267 0)
(0.87042 0.0267 0)
(0.879765 0.0267 0)
(0.88911 0.0267 0)
(0.898455 0.0267 0)
(0.9078 0.0267 0)
(0.917145 0.0267 0)
(0.92649 0.0267 0)
(0.935835 0.0267 0)
(0.94518 0.0267 0)
(0.954525 0.0267 0)
(0.96387 0.0267 0)
(0.973215 0.0267 0)
(0.98256 0.0267 0)
(0.991905 0.0267 0)
(1.00125 0.0267 0)
(0.076095 0 0.06)
(0.08544 0 0.06)
(0.094785 0 0.06)
(0.10413 0 0.06)
(0.113475 0 0.06)
(0.12282 0 0.06)
(0.132165 0 0.06)
(0.14151 0 0.06)
(0.150855 0 0.06)
(0.1602 0 0.06)
(0.169545 0 0.06)
(0.17889 0 0.06)
(0.188235 0 0.06)
(0.19758 0 0.06)
(0.206925 0 0.06)
(0.21627 0 0.06)
(0.225615 0 0.06)
(0.23496 0 0.06)
(0.244305 0 0.06)
(0.25365 0 0.06)
(0.262995 0 0.06)
(0.27234 0 0.06)
(0.281685 0 0.06)
(0.29103 0 0.06)
(0.300375 0 0.06)
(0.30972 0 0.06)
(0.319065 0 0.06)
(0.32841 0 0.06)
(0.337755 0 0.06)
(0.3471 0 0.06)
(0.356445 0 0.06)
(0.36579 0 0.06)
(0.375135 0 0.06)
(0.38448 0 0.06)
(0.393825 0 0.06)
(0.40317 0 0.06)
(0.412515 0 0.06)
(0.42186 0 0.06)
(0.431205 0 0.06)
(0.44055 0 0.06)
(0.449895 0 0.06)
(0.45924 0 0.06)
(0.468585 0 0.06)
(0.47793 0 0.06)
(0.487275 0 0.06)
(0.49662 0 0.06)
(0.505965 0 0.06)
(0.51531 0 0.06)
(0.524655 0 0.06)
(0.534 0 0.06)
(0.543345 0 0.06)
(0.55269 0 0.06)
(0.562035 0 0.06)
(0.57138 0 0.06)
(0.580725 0 0.06)
(0.59007 0 0.06)
(0.599415 0 0.06)
(0.60876 0 0.06)
(0.618105 0 0.06)
(0.62745 0 0.06)
(0.636795 0 0.06)
(0.64614 0 0.06)
(0.655485 0 0.06)
(0.66483 0 0.06)
(0.674175 0 0.06)
(0.68352 0 0.06)
(0.692865 0 0.06)
(0.70221 0 0.06)
(0.711555 0 0.06)
(0.7209 0 0.06)
(0.730245 0 0.06)
(0.73959 0 0.06)
(0.748935 0 0.06)
(0.75828 0 0.06)
(0.767625 0 0.06)
(0.77697 0 0.06)
(0.786315 0 0.06)
(0.79566 0 0.06)
(0.805005 0 0.06)
(0.81435 0 0.06)
(0.823695 0 0.06)
(0.83304 0 0.06)
(0.842385 0 0.06)
(0.85173 0 0.06)
(0.861075 0 0.06)
(0.87042 0 0.06)
(0.879765 0 0.06)
(0.88911 0 0.06)
(0.898455 0 0.06)
(0.9078 0 0.06)
(0.917145 0 0.06)
(0.92649 0 0.06)
(0.935835 0 0.06)
(0.94518 0 0.06)
(0.954525 0 0.06)
(0.96387 0 0.06)
(0.973215 0 0.06)
(0.98256 0 0.06)
(0.991905 0 0.06)
(1.00125 0 0.06)
(0.076095 0.00267 0.06)
(0.08544 0.00267 0.06)
(0.094785 0.00267 0.06)
(0.10413 0.00267 0.06)
(0.113475 0.00267 0.06)
(0.12282 0.00267 0.06)
(0.132165 0.00267 0.06)
(0.14151 0.00267 0.06)
(0.150855 0.00267 0.06)
(0.1602 0.00267 0.06)
(0.169545 0.00267 0.06)
(0.17889 0.00267 0.06)
(0.188235 0.00267 0.06)
(0.19758 0.00267 0.06)
(0.206925 0.00267 0.06)
(0.21627 0.00267 0.06)
(0.225615 0.00267 0.06)
(0.23496 0.00267 0.06)
(0.244305 0.00267 0.06)
(0.25365 0.00267 0.06)
(0.262995 0.00267 0.06)
(0.27234 0.00267 0.06)
(0.281685 0.00267 0.06)
(0.29103 0.00267 0.06)
(0.300375 0.00267 0.06)
(0.30972 0.00267 0.06)
(0.319065 0.00267 0.06)
(0.32841 0.00267 0.06)
(0.337755 0.00267 0.06)
(0.3471 0.00267 0.06)
(0.356445 0.00267 0.06)
(0.36579 0.00267 0.06)
(0.375135 0.00267 0.06)
(0.38448 0.00267 0.06)
(0.393825 0.00267 0.06)
(0.40317 0.00267 0.06)
(0.412515 0.00267 0.06)
(0.42186 0.00267 0.06)
(0.431205 0.00267 0.06)
(0.44055 0.00267 0.06)
(0.449895 0.00267 0.06)
(0.45924 0.00267 0.06)
(0.468585 0.00267 0.06)
(0.47793 0.00267 0.06)
(0.487275 0.00267 0.06)
(0.49662 0.00267 0.06)
(0.505965 0.00267 0.06)
(0.51531 0.00267 0.06)
(0.524655 0.00267 0.06)
(0.534 0.00267 0.06)
(0.543345 0.00267 0.06)
(0.55269 0.00267 0.06)
(0.562035 0.00267 0.06)
(0.57138 0.00267 0.06)
(0.580725 0.00267 0.06)
(0.59007 0.00267 0.06)
(0.599415 0.00267 0.06)
(0.60876 0.00267 0.06)
(0.618105 0.00267 0.06)
(0.62745 0.00267 0.06)
(0.636795 0.00267 0.06)
(0.64614 0.00267 0.06)
(0.655485 0.00267 0.06)
(0.66483 0.00267 0.06)
(0.674175 0.00267 0.06)
(0.68352 0.00267 0.06)
(0.692865 0.00267 0.06)
(0.70221 0.00267 0.06)
(0.711555 0.00267 0.06)
(0.7209 0.00267 0.06)
(0.730245 0.00267 0.06)
(0.73959 0.00267 0.06)
(0.748935 0.00267 0.06)
(0.75828 0.00267 0.06)
(0.767625 0.00267 0.06)
(0.77697 0.00267 0.06)
(0.786315 0.00267 0.06)
(0.79566 0.00267 0.06)
(0.805005 0.00267 0.06)
(0.81435 0.00267 0.06)
(0.823695 0.00267 0.06)
(0.83304 0.00267 0.06)
(0.842385 0.00267 0.06)
(0.85173 0.00267 0.06)
(0.861075 0.00267 0.06)
(0.87042 0.00267 0.06)
(0.879765 0.00267 0.06)
(0.88911 0.00267 0.06)
(0.898455 0.00267 0.06)
(0.9078 0.00267 0.06)
(0.917145 0.00267 0.06)
(0.92649 0.00267 0.06)
(0.935835 0.00267 0.06)
(0.94518 0.00267 0.06)
(0.954525 0.00267 0.06)
(0.96387 0.00267 0.06)
(0.973215 0.00267 0.06)
(0.98256 0.00267 0.06)
(0.991905 0.00267 0.06)
(1.00125 0.00267 0.06)
(0.076095 0.00534 0.06)
(0.08544 0.00534 0.06)
(0.094785 0.00534 0.06)
(0.10413 0.00534 0.06)
(0.113475 0.00534 0.06)
(0.12282 0.00534 0.06)
(0.132165 0.00534 0.06)
(0.14151 0.00534 0.06)
(0.150855 0.00534 0.06)
(0.1602 0.00534 0.06)
(0.169545 0.00534 0.06)
(0.17889 0.00534 0.06)
(0.188235 0.00534 0.06)
(0.19758 0.00534 0.06)
(0.206925 0.00534 0.06)
(0.21627 0.00534 0.06)
(0.225615 0.00534 0.06)
(0.23496 0.00534 0.06)
(0.244305 0.00534 0.06)
(0.25365 0.00534 0.06)
(0.262995 0.00534 0.06)
(0.27234 0.00534 0.06)
(0.281685 0.00534 0.06)
(0.29103 0.00534 0.06)
(0.300375 0.00534 0.06)
(0.30972 0.00534 0.06)
(0.319065 0.00534 0.06)
(0.32841 0.00534 0.06)
(0.337755 0.00534 0.06)
(0.3471 0.00534 0.06)
(0.356445 0.00534 0.06)
(0.36579 0.00534 0.06)
(0.375135 0.00534 0.06)
(0.38448 0.00534 0.06)
(0.393825 0.00534 0.06)
(0.40317 0.00534 0.06)
(0.412515 0.00534 0.06)
(0.42186 0.00534 0.06)
(0.431205 0.00534 0.06)
(0.44055 0.00534 0.06)
(0.449895 0.00534 0.06)
(0.45924 0.00534 0.06)
(0.468585 0.00534 0.06)
(0.47793 0.00534 0.06)
(0.487275 0.00534 0.06)
(0.49662 0.00534 0.06)
(0.505965 0.00534 0.06)
(0.51531 0.00534 0.06)
(0.524655 0.00534 0.06)
(0.534 0.00534 0.06)
(0.543345 0.00534 0.06)
(0.55269 0.00534 0.06)
(0.562035 0.00534 0.06)
(0.57138 0.00534 0.06)
(0.580725 0.00534 0.06)
(0.59007 0.00534 0.06)
(0.599415 0.00534 0.06)
(0.60876 0.00534 0.06)
(0.618105 0.00534 0.06)
(0.62745 0.00534 0.06)
(0.636795 0.00534 0.06)
(0.64614 0.00534 0.06)
(0.655485 0.00534 0.06)
(0.66483 0.00534 0.06)
(0.674175 0.00534 0.06)
(0.68352 0.00534 0.06)
(0.692865 0.00534 0.06)
(0.70221 0.00534 0.06)
(0.711555 0.00534 0.06)
(0.7209 0.00534 0.06)
(0.730245 0.00534 0.06)
(0.73959 0.00534 0.06)
(0.748935 0.00534 0.06)
(0.75828 0.00534 0.06)
(0.767625 0.00534 0.06)
(0.77697 0.00534 0.06)
(0.786315 0.00534 0.06)
(0.79566 0.00534 0.06)
(0.805005 0.00534 0.06)
(0.81435 0.00534 0.06)
(0.823695 0.00534 0.06)
(0.83304 0.00534 0.06)
(0.842385 0.00534 0.06)
(0.85173 0.00534 0.06)
(0.861075 0.00534 0.06)
(0.87042 0.00534 0.06)
(0.879765 0.00534 0.06)
(0.88911 0.00534 0.06)
(0.898455 0.00534 0.06)
(0.9078 0.00534 0.06)
(0.917145 0.00534 0.06)
(0.92649 0.00534 0.06)
(0.935835 0.00534 0.06)
(0.94518 0.00534 0.06)
(0.954525 0.00534 0.06)
(0.96387 0.00534 0.06)
(0.973215 0.00534 0.06)
(0.98256 0.00534 0.06)
(0.991905 0.00534 0.06)
(1.00125 0.00534 0.06)
(0.076095 0.00801 0.06)
(0.08544 0.00801 0.06)
(0.094785 0.00801 0.06)
(0.10413 0.00801 0.06)
(0.113475 0.00801 0.06)
(0.12282 0.00801 0.06)
(0.132165 0.00801 0.06)
(0.14151 0.00801 0.06)
(0.150855 0.00801 0.06)
(0.1602 0.00801 0.06)
(0.169545 0.00801 0.06)
(0.17889 0.00801 0.06)
(0.188235 0.00801 0.06)
(0.19758 0.00801 0.06)
(0.206925 0.00801 0.06)
(0.21627 0.00801 0.06)
(0.225615 0.00801 0.06)
(0.23496 0.00801 0.06)
(0.244305 0.00801 0.06)
(0.25365 0.00801 0.06)
(0.262995 0.00801 0.06)
(0.27234 0.00801 0.06)
(0.281685 0.00801 0.06)
(0.29103 0.00801 0.06)
(0.300375 0.00801 0.06)
(0.30972 0.00801 0.06)
(0.319065 0.00801 0.06)
(0.32841 0.00801 0.06)
(0.337755 0.00801 0.06)
(0.3471 0.00801 0.06)
(0.356445 0.00801 0.06)
(0.36579 0.00801 0.06)
(0.375135 0.00801 0.06)
(0.38448 0.00801 0.06)
(0.393825 0.00801 0.06)
(0.40317 0.00801 0.06)
(0.412515 0.00801 0.06)
(0.42186 0.00801 0.06)
(0.431205 0.00801 0.06)
(0.44055 0.00801 0.06)
(0.449895 0.00801 0.06)
(0.45924 0.00801 0.06)
(0.468585 0.00801 0.06)
(0.47793 0.00801 0.06)
(0.487275 0.00801 0.06)
(0.49662 0.00801 0.06)
(0.505965 0.00801 0.06)
(0.51531 0.00801 0.06)
(0.524655 0.00801 0.06)
(0.534 0.00801 0.06)
(0.543345 0.00801 0.06)
(0.55269 0.00801 0.06)
(0.562035 0.00801 0.06)
(0.57138 0.00801 0.06)
(0.580725 0.00801 0.06)
(0.59007 0.00801 0.06)
(0.599415 0.00801 0.06)
(0.60876 0.00801 0.06)
(0.618105 0.00801 0.06)
(0.62745 0.00801 0.06)
(0.636795 0.00801 0.06)
(0.64614 0.00801 0.06)
(0.655485 0.00801 0.06)
(0.66483 0.00801 0.06)
(0.674175 0.00801 0.06)
(0.68352 0.00801 0.06)
(0.692865 0.00801 0.06)
(0.70221 0.00801 0.06)
(0.711555 0.00801 0.06)
(0.7209 0.00801 0.06)
(0.730245 0.00801 0.06)
(0.73959 0.00801 0.06)
(0.748935 0.00801 0.06)
(0.75828 0.00801 0.06)
(0.767625 0.00801 0.06)
(0.77697 0.00801 0.06)
(0.786315 0.00801 0.06)
(0.79566 0.00801 0.06)
(0.805005 0.00801 0.06)
(0.81435 0.00801 0.06)
(0.823695 0.00801 0.06)
(0.83304 0.00801 0.06)
(0.842385 0.00801 0.06)
(0.85173 0.00801 0.06)
(0.861075 0.00801 0.06)
(0.87042 0.00801 0.06)
(0.879765 0.00801 0.06)
(0.88911 0.00801 0.06)
(0.898455 0.00801 0.06)
(0.9078 0.00801 0.06)
(0.917145 0.00801 0.06)
(0.92649 0.00801 0.06)
(0.935835 0.00801 0.06)
(0.94518 0.00801 0.06)
(0.954525 0.00801 0.06)
(0.96387 0.00801 0.06)
(0.973215 0.00801 0.06)
(0.98256 0.00801 0.06)
(0.991905 0.00801 0.06)
(1.00125 0.00801 0.06)
(0.076095 0.01068 0.06)
(0.08544 0.01068 0.06)
(0.094785 0.01068 0.06)
(0.10413 0.01068 0.06)
(0.113475 0.01068 0.06)
(0.12282 0.01068 0.06)
(0.132165 0.01068 0.06)
(0.14151 0.01068 0.06)
(0.150855 0.01068 0.06)
(0.1602 0.01068 0.06)
(0.169545 0.01068 0.06)
(0.17889 0.01068 0.06)
(0.188235 0.01068 0.06)
(0.19758 0.01068 0.06)
(0.206925 0.01068 0.06)
(0.21627 0.01068 0.06)
(0.225615 0.01068 0.06)
(0.23496 0.01068 0.06)
(0.244305 0.01068 0.06)
(0.25365 0.01068 0.06)
(0.262995 0.01068 0.06)
(0.27234 0.01068 0.06)
(0.281685 0.01068 0.06)
(0.29103 0.01068 0.06)
(0.300375 0.01068 0.06)
(0.30972 0.01068 0.06)
(0.319065 0.01068 0.06)
(0.32841 0.01068 0.06)
(0.337755 0.01068 0.06)
(0.3471 0.01068 0.06)
(0.356445 0.01068 0.06)
(0.36579 0.01068 0.06)
(0.375135 0.01068 0.06)
(0.38448 0.01068 0.06)
(0.393825 0.01068 0.06)
(0.40317 0.01068 0.06)
(0.412515 0.01068 0.06)
(0.42186 0.01068 0.06)
(0.431205 0.01068 0.06)
(0.44055 0.01068 0.06)
(0.449895 0.01068 0.06)
(0.45924 0.01068 0.06)
(0.468585 0.01068 0.06)
(0.47793 0.01068 0.06)
(0.487275 0.01068 0.06)
(0.49662 0.01068 0.06)
(0.505965 0.01068 0.06)
(0.51531 0.01068 0.06)
(0.524655 0.01068 0.06)
(0.534 0.01068 0.06)
(0.543345 0.01068 0.06)
(0.55269 0.01068 0.06)
(0.562035 0.01068 0.06)
(0.57138 0.01068 0.06)
(0.580725 0.01068 0.06)
(0.59007 0.01068 0.06)
(0.599415 0.01068 0.06)
(0.60876 0.01068 0.06)
(0.618105 0.01068 0.06)
(0.62745 0.01068 0.06)
(0.636795 0.01068 0.06)
(0.64614 0.01068 0.06)
(0.655485 0.01068 0.06)
(0.66483 0.01068 0.06)
(0.674175 0.01068 0.06)
(0.68352 0.01068 0.06)
(0.692865 0.01068 0.06)
(0.70221 0.01068 0.06)
(0.711555 0.01068 0.06)
(0.7209 0.01068 0.06)
(0.730245 0.01068 0.06)
(0.73959 0.01068 0.06)
(0.748935 0.01068 0.06)
(0.75828 0.01068 0.06)
(0.767625 0.01068 0.06)
(0.77697 0.01068 0.06)
(0.786315 0.01068 0.06)
(0.79566 0.01068 0.06)
(0.805005 0.01068 0.06)
(0.81435 0.01068 0.06)
(0.823695 0.01068 0.06)
(0.83304 0.01068 0.06)
(0.842385 0.01068 0.06)
(0.85173 0.01068 0.06)
(0.861075 0.01068 0.06)
(0.87042 0.01068 0.06)
(0.879765 0.01068 0.06)
(0.88911 0.01068 0.06)
(0.898455 0.01068 0.06)
(0.9078 0.01068 0.06)
(0.917145 0.01068 0.06)
(0.92649 0.01068 0.06)
(0.935835 0.01068 0.06)
(0.94518 0.01068 0.06)
(0.954525 0.01068 0.06)
(0.96387 0.01068 0.06)
(0.973215 0.01068 0.06)
(0.98256 0.01068 0.06)
(0.991905 0.01068 0.06)
(1.00125 0.01068 0.06)
(0.076095 0.01335 0.06)
(0.08544 0.01335 0.06)
(0.094785 0.01335 0.06)
(0.10413 0.01335 0.06)
(0.113475 0.01335 0.06)
(0.12282 0.01335 0.06)
(0.132165 0.01335 0.06)
(0.14151 0.01335 0.06)
(0.150855 0.01335 0.06)
(0.1602 0.01335 0.06)
(0.169545 0.01335 0.06)
(0.17889 0.01335 0.06)
(0.188235 0.01335 0.06)
(0.19758 0.01335 0.06)
(0.206925 0.01335 0.06)
(0.21627 0.01335 0.06)
(0.225615 0.01335 0.06)
(0.23496 0.01335 0.06)
(0.244305 0.01335 0.06)
(0.25365 0.01335 0.06)
(0.262995 0.01335 0.06)
(0.27234 0.01335 0.06)
(0.281685 0.01335 0.06)
(0.29103 0.01335 0.06)
(0.300375 0.01335 0.06)
(0.30972 0.01335 0.06)
(0.319065 0.01335 0.06)
(0.32841 0.01335 0.06)
(0.337755 0.01335 0.06)
(0.3471 0.01335 0.06)
(0.356445 0.01335 0.06)
(0.36579 0.01335 0.06)
(0.375135 0.01335 0.06)
(0.38448 0.01335 0.06)
(0.393825 0.01335 0.06)
(0.40317 0.01335 0.06)
(0.412515 0.01335 0.06)
(0.42186 0.01335 0.06)
(0.431205 0.01335 0.06)
(0.44055 0.01335 0.06)
(0.449895 0.01335 0.06)
(0.45924 0.01335 0.06)
(0.468585 0.01335 0.06)
(0.47793 0.01335 0.06)
(0.487275 0.01335 0.06)
(0.49662 0.01335 0.06)
(0.505965 0.01335 0.06)
(0.51531 0.01335 0.06)
(0.524655 0.01335 0.06)
(0.534 0.01335 0.06)
(0.543345 0.01335 0.06)
(0.55269 0.01335 0.06)
(0.562035 0.01335 0.06)
(0.57138 0.01335 0.06)
(0.580725 0.01335 0.06)
(0.59007 0.01335 0.06)
(0.599415 0.01335 0.06)
(0.60876 0.01335 0.06)
(0.618105 0.01335 0.06)
(0.62745 0.01335 0.06)
(0.636795 0.01335 0.06)
(0.64614 0.01335 0.06)
(0.655485 0.01335 0.06)
(0.66483 0.01335 0.06)
(0.674175 0.01335 0.06)
(0.68352 0.01335 0.06)
(0.692865 0.01335 0.06)
(0.70221 0.01335 0.06)
(0.711555 0.01335 0.06)
(0.7209 0.01335 0.06)
(0.730245 0.01335 0.06)
(0.73959 0.01335 0.06)
(0.748935 0.01335 0.06)
(0.75828 0.01335 0.06)
(0.767625 0.01335 0.06)
(0.77697 0.01335 0.06)
(0.786315 0.01335 0.06)
(0.79566 0.01335 0.06)
(0.805005 0.01335 0.06)
(0.81435 0.01335 0.06)
(0.823695 0.01335 0.06)
(0.83304 0.01335 0.06)
(0.842385 0.01335 0.06)
(0.85173 0.01335 0.06)
(0.861075 0.01335 0.06)
(0.87042 0.01335 0.06)
(0.879765 0.01335 0.06)
(0.88911 0.01335 0.06)
(0.898455 0.01335 0.06)
(0.9078 0.01335 0.06)
(0.917145 0.01335 0.06)
(0.92649 0.01335 0.06)
(0.935835 0.01335 0.06)
(0.94518 0.01335 0.06)
(0.954525 0.01335 0.06)
(0.96387 0.01335 0.06)
(0.973215 0.01335 0.06)
(0.98256 0.01335 0.06)
(0.991905 0.01335 0.06)
(1.00125 0.01335 0.06)
(0.076095 0.01602 0.06)
(0.08544 0.01602 0.06)
(0.094785 0.01602 0.06)
(0.10413 0.01602 0.06)
(0.113475 0.01602 0.06)
(0.12282 0.01602 0.06)
(0.132165 0.01602 0.06)
(0.14151 0.01602 0.06)
(0.150855 0.01602 0.06)
(0.1602 0.01602 0.06)
(0.169545 0.01602 0.06)
(0.17889 0.01602 0.06)
(0.188235 0.01602 0.06)
(0.19758 0.01602 0.06)
(0.206925 0.01602 0.06)
(0.21627 0.01602 0.06)
(0.225615 0.01602 0.06)
(0.23496 0.01602 0.06)
(0.244305 0.01602 0.06)
(0.25365 0.01602 0.06)
(0.262995 0.01602 0.06)
(0.27234 0.01602 0.06)
(0.281685 0.01602 0.06)
(0.29103 0.01602 0.06)
(0.300375 0.01602 0.06)
(0.30972 0.01602 0.06)
(0.319065 0.01602 0.06)
(0.32841 0.01602 0.06)
(0.337755 0.01602 0.06)
(0.3471 0.01602 0.06)
(0.356445 0.01602 0.06)
(0.36579 0.01602 0.06)
(0.375135 0.01602 0.06)
(0.38448 0.01602 0.06)
(0.393825 0.01602 0.06)
(0.40317 0.01602 0.06)
(0.412515 0.01602 0.06)
(0.42186 0.01602 0.06)
(0.431205 0.01602 0.06)
(0.44055 0.01602 0.06)
(0.449895 0.01602 0.06)
(0.45924 0.01602 0.06)
(0.468585 0.01602 0.06)
(0.47793 0.01602 0.06)
(0.487275 0.01602 0.06)
(0.49662 0.01602 0.06)
(0.505965 0.01602 0.06)
(0.51531 0.01602 0.06)
(0.524655 0.01602 0.06)
(0.534 0.01602 0.06)
(0.543345 0.01602 0.06)
(0.55269 0.01602 0.06)
(0.562035 0.01602 0.06)
(0.57138 0.01602 0.06)
(0.580725 0.01602 0.06)
(0.59007 0.01602 0.06)
(0.599415 0.01602 0.06)
(0.60876 0.01602 0.06)
(0.618105 0.01602 0.06)
(0.62745 0.01602 0.06)
(0.636795 0.01602 0.06)
(0.64614 0.01602 0.06)
(0.655485 0.01602 0.06)
(0.66483 0.01602 0.06)
(0.674175 0.01602 0.06)
(0.68352 0.01602 0.06)
(0.692865 0.01602 0.06)
(0.70221 0.01602 0.06)
(0.711555 0.01602 0.06)
(0.7209 0.01602 0.06)
(0.730245 0.01602 0.06)
(0.73959 0.01602 0.06)
(0.748935 0.01602 0.06)
(0.75828 0.01602 0.06)
(0.767625 0.01602 0.06)
(0.77697 0.01602 0.06)
(0.786315 0.01602 0.06)
(0.79566 0.01602 0.06)
(0.805005 0.01602 0.06)
(0.81435 0.01602 0.06)
(0.823695 0.01602 0.06)
(0.83304 0.01602 0.06)
(0.842385 0.01602 0.06)
(0.85173 0.01602 0.06)
(0.861075 0.01602 0.06)
(0.87042 0.01602 0.06)
(0.879765 0.01602 0.06)
(0.88911 0.01602 0.06)
(0.898455 0.01602 0.06)
(0.9078 0.01602 0.06)
(0.917145 0.01602 0.06)
(0.92649 0.01602 0.06)
(0.935835 0.01602 0.06)
(0.94518 0.01602 0.06)
(0.954525 0.01602 0.06)
(0.96387 0.01602 0.06)
(0.973215 0.01602 0.06)
(0.98256 0.01602 0.06)
(0.991905 0.01602 0.06)
(1.00125 0.01602 0.06)
(0.076095 0.01869 0.06)
(0.08544 0.01869 0.06)
(0.094785 0.01869 0.06)
(0.10413 0.01869 0.06)
(0.113475 0.01869 0.06)
(0.12282 0.01869 0.06)
(0.132165 0.01869 0.06)
(0.14151 0.01869 0.06)
(0.150855 0.01869 0.06)
(0.1602 0.01869 0.06)
(0.169545 0.01869 0.06)
(0.17889 0.01869 0.06)
(0.188235 0.01869 0.06)
(0.19758 0.01869 0.06)
(0.206925 0.01869 0.06)
(0.21627 0.01869 0.06)
(0.225615 0.01869 0.06)
(0.23496 0.01869 0.06)
(0.244305 0.01869 0.06)
(0.25365 0.01869 0.06)
(0.262995 0.01869 0.06)
(0.27234 0.01869 0.06)
(0.281685 0.01869 0.06)
(0.29103 0.01869 0.06)
(0.300375 0.01869 0.06)
(0.30972 0.01869 0.06)
(0.319065 0.01869 0.06)
(0.32841 0.01869 0.06)
(0.337755 0.01869 0.06)
(0.3471 0.01869 0.06)
(0.356445 0.01869 0.06)
(0.36579 0.01869 0.06)
(0.375135 0.01869 0.06)
(0.38448 0.01869 0.06)
(0.393825 0.01869 0.06)
(0.40317 0.01869 0.06)
(0.412515 0.01869 0.06)
(0.42186 0.01869 0.06)
(0.431205 0.01869 0.06)
(0.44055 0.01869 0.06)
(0.449895 0.01869 0.06)
(0.45924 0.01869 0.06)
(0.468585 0.01869 0.06)
(0.47793 0.01869 0.06)
(0.487275 0.01869 0.06)
(0.49662 0.01869 0.06)
(0.505965 0.01869 0.06)
(0.51531 0.01869 0.06)
(0.524655 0.01869 0.06)
(0.534 0.01869 0.06)
(0.543345 0.01869 0.06)
(0.55269 0.01869 0.06)
(0.562035 0.01869 0.06)
(0.57138 0.01869 0.06)
(0.580725 0.01869 0.06)
(0.59007 0.01869 0.06)
(0.599415 0.01869 0.06)
(0.60876 0.01869 0.06)
(0.618105 0.01869 0.06)
(0.62745 0.01869 0.06)
(0.636795 0.01869 0.06)
(0.64614 0.01869 0.06)
(0.655485 0.01869 0.06)
(0.66483 0.01869 0.06)
(0.674175 0.01869 0.06)
(0.68352 0.01869 0.06)
(0.692865 0.01869 0.06)
(0.70221 0.01869 0.06)
(0.711555 0.01869 0.06)
(0.7209 0.01869 0.06)
(0.730245 0.01869 0.06)
(0.73959 0.01869 0.06)
(0.748935 0.01869 0.06)
(0.75828 0.01869 0.06)
(0.767625 0.01869 0.06)
(0.77697 0.01869 0.06)
(0.786315 0.01869 0.06)
(0.79566 0.01869 0.06)
(0.805005 0.01869 0.06)
(0.81435 0.01869 0.06)
(0.823695 0.01869 0.06)
(0.83304 0.01869 0.06)
(0.842385 0.01869 0.06)
(0.85173 0.01869 0.06)
(0.861075 0.01869 0.06)
(0.87042 0.01869 0.06)
(0.879765 0.01869 0.06)
(0.88911 0.01869 0.06)
(0.898455 0.01869 0.06)
(0.9078 0.01869 0.06)
(0.917145 0.01869 0.06)
(0.92649 0.01869 0.06)
(0.935835 0.01869 0.06)
(0.94518 0.01869 0.06)
(0.954525 0.01869 0.06)
(0.96387 0.01869 0.06)
(0.973215 0.01869 0.06)
(0.98256 0.01869 0.06)
(0.991905 0.01869 0.06)
(1.00125 0.01869 0.06)
(0.076095 0.02136 0.06)
(0.08544 0.02136 0.06)
(0.094785 0.02136 0.06)
(0.10413 0.02136 0.06)
(0.113475 0.02136 0.06)
(0.12282 0.02136 0.06)
(0.132165 0.02136 0.06)
(0.14151 0.02136 0.06)
(0.150855 0.02136 0.06)
(0.1602 0.02136 0.06)
(0.169545 0.02136 0.06)
(0.17889 0.02136 0.06)
(0.188235 0.02136 0.06)
(0.19758 0.02136 0.06)
(0.206925 0.02136 0.06)
(0.21627 0.02136 0.06)
(0.225615 0.02136 0.06)
(0.23496 0.02136 0.06)
(0.244305 0.02136 0.06)
(0.25365 0.02136 0.06)
(0.262995 0.02136 0.06)
(0.27234 0.02136 0.06)
(0.281685 0.02136 0.06)
(0.29103 0.02136 0.06)
(0.300375 0.02136 0.06)
(0.30972 0.02136 0.06)
(0.319065 0.02136 0.06)
(0.32841 0.02136 0.06)
(0.337755 0.02136 0.06)
(0.3471 0.02136 0.06)
(0.356445 0.02136 0.06)
(0.36579 0.02136 0.06)
(0.375135 0.02136 0.06)
(0.38448 0.02136 0.06)
(0.393825 0.02136 0.06)
(0.40317 0.02136 0.06)
(0.412515 0.02136 0.06)
(0.42186 0.02136 0.06)
(0.431205 0.02136 0.06)
(0.44055 0.02136 0.06)
(0.449895 0.02136 0.06)
(0.45924 0.02136 0.06)
(0.468585 0.02136 0.06)
(0.47793 0.02136 0.06)
(0.487275 0.02136 0.06)
(0.49662 0.02136 0.06)
(0.505965 0.02136 0.06)
(0.51531 0.02136 0.06)
(0.524655 0.02136 0.06)
(0.534 0.02136 0.06)
(0.543345 0.02136 0.06)
(0.55269 0.02136 0.06)
(0.562035 0.02136 0.06)
(0.57138 0.02136 0.06)
(0.580725 0.02136 0.06)
(0.59007 0.02136 0.06)
(0.599415 0.02136 0.06)
(0.60876 0.02136 0.06)
(0.618105 0.02136 0.06)
(0.62745 0.02136 0.06)
(0.636795 0.02136 0.06)
(0.64614 0.02136 0.06)
(0.655485 0.02136 0.06)
(0.66483 0.02136 0.06)
(0.674175 0.02136 0.06)
(0.68352 0.02136 0.06)
(0.692865 0.02136 0.06)
(0.70221 0.02136 0.06)
(0.711555 0.02136 0.06)
(0.7209 0.02136 0.06)
(0.730245 0.02136 0.06)
(0.73959 0.02136 0.06)
(0.748935 0.02136 0.06)
(0.75828 0.02136 0.06)
(0.767625 0.02136 0.06)
(0.77697 0.02136 0.06)
(0.786315 0.02136 0.06)
(0.79566 0.02136 0.06)
(0.805005 0.02136 0.06)
(0.81435 0.02136 0.06)
(0.823695 0.02136 0.06)
(0.83304 0.02136 0.06)
(0.842385 0.02136 0.06)
(0.85173 0.02136 0.06)
(0.861075 0.02136 0.06)
(0.87042 0.02136 0.06)
(0.879765 0.02136 0.06)
(0.88911 0.02136 0.06)
(0.898455 0.02136 0.06)
(0.9078 0.02136 0.06)
(0.917145 0.02136 0.06)
(0.92649 0.02136 0.06)
(0.935835 0.02136 0.06)
(0.94518 0.02136 0.06)
(0.954525 0.02136 0.06)
(0.96387 0.02136 0.06)
(0.973215 0.02136 0.06)
(0.98256 0.02136 0.06)
(0.991905 0.02136 0.06)
(1.00125 0.02136 0.06)
(0.076095 0.02403 0.06)
(0.08544 0.02403 0.06)
(0.094785 0.02403 0.06)
(0.10413 0.02403 0.06)
(0.113475 0.02403 0.06)
(0.12282 0.02403 0.06)
(0.132165 0.02403 0.06)
(0.14151 0.02403 0.06)
(0.150855 0.02403 0.06)
(0.1602 0.02403 0.06)
(0.169545 0.02403 0.06)
(0.17889 0.02403 0.06)
(0.188235 0.02403 0.06)
(0.19758 0.02403 0.06)
(0.206925 0.02403 0.06)
(0.21627 0.02403 0.06)
(0.225615 0.02403 0.06)
(0.23496 0.02403 0.06)
(0.244305 0.02403 0.06)
(0.25365 0.02403 0.06)
(0.262995 0.02403 0.06)
(0.27234 0.02403 0.06)
(0.281685 0.02403 0.06)
(0.29103 0.02403 0.06)
(0.300375 0.02403 0.06)
(0.30972 0.02403 0.06)
(0.319065 0.02403 0.06)
(0.32841 0.02403 0.06)
(0.337755 0.02403 0.06)
(0.3471 0.02403 0.06)
(0.356445 0.02403 0.06)
(0.36579 0.02403 0.06)
(0.375135 0.02403 0.06)
(0.38448 0.02403 0.06)
(0.393825 0.02403 0.06)
(0.40317 0.02403 0.06)
(0.412515 0.02403 0.06)
(0.42186 0.02403 0.06)
(0.431205 0.02403 0.06)
(0.44055 0.02403 0.06)
(0.449895 0.02403 0.06)
(0.45924 0.02403 0.06)
(0.468585 0.02403 0.06)
(0.47793 0.02403 0.06)
(0.487275 0.02403 0.06)
(0.49662 0.02403 0.06)
(0.505965 0.02403 0.06)
(0.51531 0.02403 0.06)
(0.524655 0.02403 0.06)
(0.534 0.02403 0.06)
(0.543345 0.02403 0.06)
(0.55269 0.02403 0.06)
(0.562035 0.02403 0.06)
(0.57138 0.02403 0.06)
(0.580725 0.02403 0.06)
(0.59007 0.02403 0.06)
(0.599415 0.02403 0.06)
(0.60876 0.02403 0.06)
(0.618105 0.02403 0.06)
(0.62745 0.02403 0.06)
(0.636795 0.02403 0.06)
(0.64614 0.02403 0.06)
(0.655485 0.02403 0.06)
(0.66483 0.02403 0.06)
(0.674175 0.02403 0.06)
(0.68352 0.02403 0.06)
(0.692865 0.02403 0.06)
(0.70221 0.02403 0.06)
(0.711555 0.02403 0.06)
(0.7209 0.02403 0.06)
(0.730245 0.02403 0.06)
(0.73959 0.02403 0.06)
(0.748935 0.02403 0.06)
(0.75828 0.02403 0.06)
(0.767625 0.02403 0.06)
(0.77697 0.02403 0.06)
(0.786315 0.02403 0.06)
(0.79566 0.02403 0.06)
(0.805005 0.02403 0.06)
(0.81435 0.02403 0.06)
(0.823695 0.02403 0.06)
(0.83304 0.02403 0.06)
(0.842385 0.02403 0.06)
(0.85173 0.02403 0.06)
(0.861075 0.02403 0.06)
(0.87042 0.02403 0.06)
(0.879765 0.02403 0.06)
(0.88911 0.02403 0.06)
(0.898455 0.02403 0.06)
(0.9078 0.02403 0.06)
(0.917145 0.02403 0.06)
(0.92649 0.02403 0.06)
(0.935835 0.02403 0.06)
(0.94518 0.02403 0.06)
(0.954525 0.02403 0.06)
(0.96387 0.02403 0.06)
(0.973215 0.02403 0.06)
(0.98256 0.02403 0.06)
(0.991905 0.02403 0.06)
(1.00125 0.02403 0.06)
(0.076095 0.0267 0.06)
(0.08544 0.0267 0.06)
(0.094785 0.0267 0.06)
(0.10413 0.0267 0.06)
(0.113475 0.0267 0.06)
(0.12282 0.0267 0.06)
(0.132165 0.0267 0.06)
(0.14151 0.0267 0.06)
(0.150855 0.0267 0.06)
(0.1602 0.0267 0.06)
(0.169545 0.0267 0.06)
(0.17889 0.0267 0.06)
(0.188235 0.0267 0.06)
(0.19758 0.0267 0.06)
(0.206925 0.0267 0.06)
(0.21627 0.0267 0.06)
(0.225615 0.0267 0.06)
(0.23496 0.0267 0.06)
(0.244305 0.0267 0.06)
(0.25365 0.0267 0.06)
(0.262995 0.0267 0.06)
(0.27234 0.0267 0.06)
(0.281685 0.0267 0.06)
(0.29103 0.0267 0.06)
(0.300375 0.0267 0.06)
(0.30972 0.0267 0.06)
(0.319065 0.0267 0.06)
(0.32841 0.0267 0.06)
(0.337755 0.0267 0.06)
(0.3471 0.0267 0.06)
(0.356445 0.0267 0.06)
(0.36579 0.0267 0.06)
(0.375135 0.0267 0.06)
(0.38448 0.0267 0.06)
(0.393825 0.0267 0.06)
(0.40317 0.0267 0.06)
(0.412515 0.0267 0.06)
(0.42186 0.0267 0.06)
(0.431205 0.0267 0.06)
(0.44055 0.0267 0.06)
(0.449895 0.0267 0.06)
(0.45924 0.0267 0.06)
(0.468585 0.0267 0.06)
(0.47793 0.0267 0.06)
(0.487275 0.0267 0.06)
(0.49662 0.0267 0.06)
(0.505965 0.0267 0.06)
(0.51531 0.0267 0.06)
(0.524655 0.0267 0.06)
(0.534 0.0267 0.06)
(0.543345 0.0267 0.06)
(0.55269 0.0267 0.06)
(0.562035 0.0267 0.06)
(0.57138 0.0267 0.06)
(0.580725 0.0267 0.06)
(0.59007 0.0267 0.06)
(0.599415 0.0267 0.06)
(0.60876 0.0267 0.06)
(0.618105 0.0267 0.06)
(0.62745 0.0267 0.06)
(0.636795 0.0267 0.06)
(0.64614 0.0267 0.06)
(0.655485 0.0267 0.06)
(0.66483 0.0267 0.06)
(0.674175 0.0267 0.06)
(0.68352 0.0267 0.06)
(0.692865 0.0267 0.06)
(0.70221 0.0267 0.06)
(0.711555 0.0267 0.06)
(0.7209 0.0267 0.06)
(0.730245 0.0267 0.06)
(0.73959 0.0267 0.06)
(0.748935 0.0267 0.06)
(0.75828 0.0267 0.06)
(0.767625 0.0267 0.06)
(0.77697 0.0267 0.06)
(0.786315 0.0267 0.06)
(0.79566 0.0267 0.06)
(0.805005 0.0267 0.06)
(0.81435 0.0267 0.06)
(0.823695 0.0267 0.06)
(0.83304 0.0267 0.06)
(0.842385 0.0267 0.06)
(0.85173 0.0267 0.06)
(0.861075 0.0267 0.06)
(0.87042 0.0267 0.06)
(0.879765 0.0267 0.06)
(0.88911 0.0267 0.06)
(0.898455 0.0267 0.06)
(0.9078 0.0267 0.06)
(0.917145 0.0267 0.06)
(0.92649 0.0267 0.06)
(0.935835 0.0267 0.06)
(0.94518 0.0267 0.06)
(0.954525 0.0267 0.06)
(0.96387 0.0267 0.06)
(0.973215 0.0267 0.06)
(0.98256 0.0267 0.06)
(0.991905 0.0267 0.06)
(1.00125 0.0267 0.06)
(0.06675 -0.0020025 0)
(0.06675 -0.004005 0)
(0.06675 -0.0060075 0)
(0.06675 -0.00801 0)
(0.06675 -0.0100125 0)
(0.06675 -0.012015 0)
(0.06675 -0.0140175 0)
(0.06675 -0.01602 0)
(0.076095 -0.0020025 0)
(0.076095 -0.004005 0)
(0.076095 -0.0060075 0)
(0.076095 -0.00801 0)
(0.076095 -0.0100125 0)
(0.076095 -0.012015 0)
(0.076095 -0.0140175 0)
(0.076095 -0.01602 0)
(0.08544 -0.0020025 0)
(0.08544 -0.004005 0)
(0.08544 -0.0060075 0)
(0.08544 -0.00801 0)
(0.08544 -0.0100125 0)
(0.08544 -0.012015 0)
(0.08544 -0.0140175 0)
(0.08544 -0.01602 0)
(0.094785 -0.0020025 0)
(0.094785 -0.004005 0)
(0.094785 -0.0060075 0)
(0.094785 -0.00801 0)
(0.094785 -0.0100125 0)
(0.094785 -0.012015 0)
(0.094785 -0.0140175 0)
(0.094785 -0.01602 0)
(0.10413 -0.0020025 0)
(0.10413 -0.004005 0)
(0.10413 -0.0060075 0)
(0.10413 -0.00801 0)
(0.10413 -0.0100125 0)
(0.10413 -0.012015 0)
(0.10413 -0.0140175 0)
(0.10413 -0.01602 0)
(0.113475 -0.0020025 0)
(0.113475 -0.004005 0)
(0.113475 -0.0060075 0)
(0.113475 -0.00801 0)
(0.113475 -0.0100125 0)
(0.113475 -0.012015 0)
(0.113475 -0.0140175 0)
(0.113475 -0.01602 0)
(0.12282 -0.0020025 0)
(0.12282 -0.004005 0)
(0.12282 -0.0060075 0)
(0.12282 -0.00801 0)
(0.12282 -0.0100125 0)
(0.12282 -0.012015 0)
(0.12282 -0.0140175 0)
(0.12282 -0.01602 0)
(0.132165 -0.0020025 0)
(0.132165 -0.004005 0)
(0.132165 -0.0060075 0)
(0.132165 -0.00801 0)
(0.132165 -0.0100125 0)
(0.132165 -0.012015 0)
(0.132165 -0.0140175 0)
(0.132165 -0.01602 0)
(0.14151 -0.0020025 0)
(0.14151 -0.004005 0)
(0.14151 -0.0060075 0)
(0.14151 -0.00801 0)
(0.14151 -0.0100125 0)
(0.14151 -0.012015 0)
(0.14151 -0.0140175 0)
(0.14151 -0.01602 0)
(0.150855 -0.0020025 0)
(0.150855 -0.004005 0)
(0.150855 -0.0060075 0)
(0.150855 -0.00801 0)
(0.150855 -0.0100125 0)
(0.150855 -0.012015 0)
(0.150855 -0.0140175 0)
(0.150855 -0.01602 0)
(0.1602 -0.0020025 0)
(0.1602 -0.004005 0)
(0.1602 -0.0060075 0)
(0.1602 -0.00801 0)
(0.1602 -0.0100125 0)
(0.1602 -0.012015 0)
(0.1602 -0.0140175 0)
(0.1602 -0.01602 0)
(0.169545 -0.0020025 0)
(0.169545 -0.004005 0)
(0.169545 -0.0060075 0)
(0.169545 -0.00801 0)
(0.169545 -0.0100125 0)
(0.169545 -0.012015 0)
(0.169545 -0.0140175 0)
(0.169545 -0.01602 0)
(0.17889 -0.0020025 0)
(0.17889 -0.004005 0)
(0.17889 -0.0060075 0)
(0.17889 -0.00801 0)
(0.17889 -0.0100125 0)
(0.17889 -0.012015 0)
(0.17889 -0.0140175 0)
(0.17889 -0.01602 0)
(0.188235 -0.0020025 0)
(0.188235 -0.004005 0)
(0.188235 -0.0060075 0)
(0.188235 -0.00801 0)
(0.188235 -0.0100125 0)
(0.188235 -0.012015 0)
(0.188235 -0.0140175 0)
(0.188235 -0.01602 0)
(0.19758 -0.0020025 0)
(0.19758 -0.004005 0)
(0.19758 -0.0060075 0)
(0.19758 -0.00801 0)
(0.19758 -0.0100125 0)
(0.19758 -0.012015 0)
(0.19758 -0.0140175 0)
(0.19758 -0.01602 0)
(0.206925 -0.0020025 0)
(0.206925 -0.004005 0)
(0.206925 -0.0060075 0)
(0.206925 -0.00801 0)
(0.206925 -0.0100125 0)
(0.206925 -0.012015 0)
(0.206925 -0.0140175 0)
(0.206925 -0.01602 0)
(0.21627 -0.0020025 0)
(0.21627 -0.004005 0)
(0.21627 -0.0060075 0)
(0.21627 -0.00801 0)
(0.21627 -0.0100125 0)
(0.21627 -0.012015 0)
(0.21627 -0.0140175 0)
(0.21627 -0.01602 0)
(0.225615 -0.0020025 0)
(0.225615 -0.004005 0)
(0.225615 -0.0060075 0)
(0.225615 -0.00801 0)
(0.225615 -0.0100125 0)
(0.225615 -0.012015 0)
(0.225615 -0.0140175 0)
(0.225615 -0.01602 0)
(0.23496 -0.0020025 0)
(0.23496 -0.004005 0)
(0.23496 -0.0060075 0)
(0.23496 -0.00801 0)
(0.23496 -0.0100125 0)
(0.23496 -0.012015 0)
(0.23496 -0.0140175 0)
(0.23496 -0.01602 0)
(0.244305 -0.0020025 0)
(0.244305 -0.004005 0)
(0.244305 -0.0060075 0)
(0.244305 -0.00801 0)
(0.244305 -0.0100125 0)
(0.244305 -0.012015 0)
(0.244305 -0.0140175 0)
(0.244305 -0.01602 0)
(0.25365 -0.0020025 0)
(0.25365 -0.004005 0)
(0.25365 -0.0060075 0)
(0.25365 -0.00801 0)
(0.25365 -0.0100125 0)
(0.25365 -0.012015 0)
(0.25365 -0.0140175 0)
(0.25365 -0.01602 0)
(0.262995 -0.0020025 0)
(0.262995 -0.004005 0)
(0.262995 -0.0060075 0)
(0.262995 -0.00801 0)
(0.262995 -0.0100125 0)
(0.262995 -0.012015 0)
(0.262995 -0.0140175 0)
(0.262995 -0.01602 0)
(0.27234 -0.0020025 0)
(0.27234 -0.004005 0)
(0.27234 -0.0060075 0)
(0.27234 -0.00801 0)
(0.27234 -0.0100125 0)
(0.27234 -0.012015 0)
(0.27234 -0.0140175 0)
(0.27234 -0.01602 0)
(0.281685 -0.0020025 0)
(0.281685 -0.004005 0)
(0.281685 -0.0060075 0)
(0.281685 -0.00801 0)
(0.281685 -0.0100125 0)
(0.281685 -0.012015 0)
(0.281685 -0.0140175 0)
(0.281685 -0.01602 0)
(0.29103 -0.0020025 0)
(0.29103 -0.004005 0)
(0.29103 -0.0060075 0)
(0.29103 -0.00801 0)
(0.29103 -0.0100125 0)
(0.29103 -0.012015 0)
(0.29103 -0.0140175 0)
(0.29103 -0.01602 0)
(0.300375 -0.0020025 0)
(0.300375 -0.004005 0)
(0.300375 -0.0060075 0)
(0.300375 -0.00801 0)
(0.300375 -0.0100125 0)
(0.300375 -0.012015 0)
(0.300375 -0.0140175 0)
(0.300375 -0.01602 0)
(0.30972 -0.0020025 0)
(0.30972 -0.004005 0)
(0.30972 -0.0060075 0)
(0.30972 -0.00801 0)
(0.30972 -0.0100125 0)
(0.30972 -0.012015 0)
(0.30972 -0.0140175 0)
(0.30972 -0.01602 0)
(0.319065 -0.0020025 0)
(0.319065 -0.004005 0)
(0.319065 -0.0060075 0)
(0.319065 -0.00801 0)
(0.319065 -0.0100125 0)
(0.319065 -0.012015 0)
(0.319065 -0.0140175 0)
(0.319065 -0.01602 0)
(0.32841 -0.0020025 0)
(0.32841 -0.004005 0)
(0.32841 -0.0060075 0)
(0.32841 -0.00801 0)
(0.32841 -0.0100125 0)
(0.32841 -0.012015 0)
(0.32841 -0.0140175 0)
(0.32841 -0.01602 0)
(0.337755 -0.0020025 0)
(0.337755 -0.004005 0)
(0.337755 -0.0060075 0)
(0.337755 -0.00801 0)
(0.337755 -0.0100125 0)
(0.337755 -0.012015 0)
(0.337755 -0.0140175 0)
(0.337755 -0.01602 0)
(0.3471 -0.0020025 0)
(0.3471 -0.004005 0)
(0.3471 -0.0060075 0)
(0.3471 -0.00801 0)
(0.3471 -0.0100125 0)
(0.3471 -0.012015 0)
(0.3471 -0.0140175 0)
(0.3471 -0.01602 0)
(0.356445 -0.0020025 0)
(0.356445 -0.004005 0)
(0.356445 -0.0060075 0)
(0.356445 -0.00801 0)
(0.356445 -0.0100125 0)
(0.356445 -0.012015 0)
(0.356445 -0.0140175 0)
(0.356445 -0.01602 0)
(0.36579 -0.0020025 0)
(0.36579 -0.004005 0)
(0.36579 -0.0060075 0)
(0.36579 -0.00801 0)
(0.36579 -0.0100125 0)
(0.36579 -0.012015 0)
(0.36579 -0.0140175 0)
(0.36579 -0.01602 0)
(0.375135 -0.0020025 0)
(0.375135 -0.004005 0)
(0.375135 -0.0060075 0)
(0.375135 -0.00801 0)
(0.375135 -0.0100125 0)
(0.375135 -0.012015 0)
(0.375135 -0.0140175 0)
(0.375135 -0.01602 0)
(0.38448 -0.0020025 0)
(0.38448 -0.004005 0)
(0.38448 -0.0060075 0)
(0.38448 -0.00801 0)
(0.38448 -0.0100125 0)
(0.38448 -0.012015 0)
(0.38448 -0.0140175 0)
(0.38448 -0.01602 0)
(0.393825 -0.0020025 0)
(0.393825 -0.004005 0)
(0.393825 -0.0060075 0)
(0.393825 -0.00801 0)
(0.393825 -0.0100125 0)
(0.393825 -0.012015 0)
(0.393825 -0.0140175 0)
(0.393825 -0.01602 0)
(0.40317 -0.0020025 0)
(0.40317 -0.004005 0)
(0.40317 -0.0060075 0)
(0.40317 -0.00801 0)
(0.40317 -0.0100125 0)
(0.40317 -0.012015 0)
(0.40317 -0.0140175 0)
(0.40317 -0.01602 0)
(0.412515 -0.0020025 0)
(0.412515 -0.004005 0)
(0.412515 -0.0060075 0)
(0.412515 -0.00801 0)
(0.412515 -0.0100125 0)
(0.412515 -0.012015 0)
(0.412515 -0.0140175 0)
(0.412515 -0.01602 0)
(0.42186 -0.0020025 0)
(0.42186 -0.004005 0)
(0.42186 -0.0060075 0)
(0.42186 -0.00801 0)
(0.42186 -0.0100125 0)
(0.42186 -0.012015 0)
(0.42186 -0.0140175 0)
(0.42186 -0.01602 0)
(0.431205 -0.0020025 0)
(0.431205 -0.004005 0)
(0.431205 -0.0060075 0)
(0.431205 -0.00801 0)
(0.431205 -0.0100125 0)
(0.431205 -0.012015 0)
(0.431205 -0.0140175 0)
(0.431205 -0.01602 0)
(0.44055 -0.0020025 0)
(0.44055 -0.004005 0)
(0.44055 -0.0060075 0)
(0.44055 -0.00801 0)
(0.44055 -0.0100125 0)
(0.44055 -0.012015 0)
(0.44055 -0.0140175 0)
(0.44055 -0.01602 0)
(0.449895 -0.0020025 0)
(0.449895 -0.004005 0)
(0.449895 -0.0060075 0)
(0.449895 -0.00801 0)
(0.449895 -0.0100125 0)
(0.449895 -0.012015 0)
(0.449895 -0.0140175 0)
(0.449895 -0.01602 0)
(0.45924 -0.0020025 0)
(0.45924 -0.004005 0)
(0.45924 -0.0060075 0)
(0.45924 -0.00801 0)
(0.45924 -0.0100125 0)
(0.45924 -0.012015 0)
(0.45924 -0.0140175 0)
(0.45924 -0.01602 0)
(0.468585 -0.0020025 0)
(0.468585 -0.004005 0)
(0.468585 -0.0060075 0)
(0.468585 -0.00801 0)
(0.468585 -0.0100125 0)
(0.468585 -0.012015 0)
(0.468585 -0.0140175 0)
(0.468585 -0.01602 0)
(0.47793 -0.0020025 0)
(0.47793 -0.004005 0)
(0.47793 -0.0060075 0)
(0.47793 -0.00801 0)
(0.47793 -0.0100125 0)
(0.47793 -0.012015 0)
(0.47793 -0.0140175 0)
(0.47793 -0.01602 0)
(0.487275 -0.0020025 0)
(0.487275 -0.004005 0)
(0.487275 -0.0060075 0)
(0.487275 -0.00801 0)
(0.487275 -0.0100125 0)
(0.487275 -0.012015 0)
(0.487275 -0.0140175 0)
(0.487275 -0.01602 0)
(0.49662 -0.0020025 0)
(0.49662 -0.004005 0)
(0.49662 -0.0060075 0)
(0.49662 -0.00801 0)
(0.49662 -0.0100125 0)
(0.49662 -0.012015 0)
(0.49662 -0.0140175 0)
(0.49662 -0.01602 0)
(0.505965 -0.0020025 0)
(0.505965 -0.004005 0)
(0.505965 -0.0060075 0)
(0.505965 -0.00801 0)
(0.505965 -0.0100125 0)
(0.505965 -0.012015 0)
(0.505965 -0.0140175 0)
(0.505965 -0.01602 0)
(0.51531 -0.0020025 0)
(0.51531 -0.004005 0)
(0.51531 -0.0060075 0)
(0.51531 -0.00801 0)
(0.51531 -0.0100125 0)
(0.51531 -0.012015 0)
(0.51531 -0.0140175 0)
(0.51531 -0.01602 0)
(0.524655 -0.0020025 0)
(0.524655 -0.004005 0)
(0.524655 -0.0060075 0)
(0.524655 -0.00801 0)
(0.524655 -0.0100125 0)
(0.524655 -0.012015 0)
(0.524655 -0.0140175 0)
(0.524655 -0.01602 0)
(0.534 -0.0020025 0)
(0.534 -0.004005 0)
(0.534 -0.0060075 0)
(0.534 -0.00801 0)
(0.534 -0.0100125 0)
(0.534 -0.012015 0)
(0.534 -0.0140175 0)
(0.534 -0.01602 0)
(0.543345 -0.0020025 0)
(0.543345 -0.004005 0)
(0.543345 -0.0060075 0)
(0.543345 -0.00801 0)
(0.543345 -0.0100125 0)
(0.543345 -0.012015 0)
(0.543345 -0.0140175 0)
(0.543345 -0.01602 0)
(0.55269 -0.0020025 0)
(0.55269 -0.004005 0)
(0.55269 -0.0060075 0)
(0.55269 -0.00801 0)
(0.55269 -0.0100125 0)
(0.55269 -0.012015 0)
(0.55269 -0.0140175 0)
(0.55269 -0.01602 0)
(0.562035 -0.0020025 0)
(0.562035 -0.004005 0)
(0.562035 -0.0060075 0)
(0.562035 -0.00801 0)
(0.562035 -0.0100125 0)
(0.562035 -0.012015 0)
(0.562035 -0.0140175 0)
(0.562035 -0.01602 0)
(0.57138 -0.0020025 0)
(0.57138 -0.004005 0)
(0.57138 -0.0060075 0)
(0.57138 -0.00801 0)
(0.57138 -0.0100125 0)
(0.57138 -0.012015 0)
(0.57138 -0.0140175 0)
(0.57138 -0.01602 0)
(0.580725 -0.0020025 0)
(0.580725 -0.004005 0)
(0.580725 -0.0060075 0)
(0.580725 -0.00801 0)
(0.580725 -0.0100125 0)
(0.580725 -0.012015 0)
(0.580725 -0.0140175 0)
(0.580725 -0.01602 0)
(0.59007 -0.0020025 0)
(0.59007 -0.004005 0)
(0.59007 -0.0060075 0)
(0.59007 -0.00801 0)
(0.59007 -0.0100125 0)
(0.59007 -0.012015 0)
(0.59007 -0.0140175 0)
(0.59007 -0.01602 0)
(0.599415 -0.0020025 0)
(0.599415 -0.004005 0)
(0.599415 -0.0060075 0)
(0.599415 -0.00801 0)
(0.599415 -0.0100125 0)
(0.599415 -0.012015 0)
(0.599415 -0.0140175 0)
(0.599415 -0.01602 0)
(0.60876 -0.0020025 0)
(0.60876 -0.004005 0)
(0.60876 -0.0060075 0)
(0.60876 -0.00801 0)
(0.60876 -0.0100125 0)
(0.60876 -0.012015 0)
(0.60876 -0.0140175 0)
(0.60876 -0.01602 0)
(0.618105 -0.0020025 0)
(0.618105 -0.004005 0)
(0.618105 -0.0060075 0)
(0.618105 -0.00801 0)
(0.618105 -0.0100125 0)
(0.618105 -0.012015 0)
(0.618105 -0.0140175 0)
(0.618105 -0.01602 0)
(0.62745 -0.0020025 0)
(0.62745 -0.004005 0)
(0.62745 -0.0060075 0)
(0.62745 -0.00801 0)
(0.62745 -0.0100125 0)
(0.62745 -0.012015 0)
(0.62745 -0.0140175 0)
(0.62745 -0.01602 0)
(0.636795 -0.0020025 0)
(0.636795 -0.004005 0)
(0.636795 -0.0060075 0)
(0.636795 -0.00801 0)
(0.636795 -0.0100125 0)
(0.636795 -0.012015 0)
(0.636795 -0.0140175 0)
(0.636795 -0.01602 0)
(0.64614 -0.0020025 0)
(0.64614 -0.004005 0)
(0.64614 -0.0060075 0)
(0.64614 -0.00801 0)
(0.64614 -0.0100125 0)
(0.64614 -0.012015 0)
(0.64614 -0.0140175 0)
(0.64614 -0.01602 0)
(0.655485 -0.0020025 0)
(0.655485 -0.004005 0)
(0.655485 -0.0060075 0)
(0.655485 -0.00801 0)
(0.655485 -0.0100125 0)
(0.655485 -0.012015 0)
(0.655485 -0.0140175 0)
(0.655485 -0.01602 0)
(0.66483 -0.0020025 0)
(0.66483 -0.004005 0)
(0.66483 -0.0060075 0)
(0.66483 -0.00801 0)
(0.66483 -0.0100125 0)
(0.66483 -0.012015 0)
(0.66483 -0.0140175 0)
(0.66483 -0.01602 0)
(0.674175 -0.0020025 0)
(0.674175 -0.004005 0)
(0.674175 -0.0060075 0)
(0.674175 -0.00801 0)
(0.674175 -0.0100125 0)
(0.674175 -0.012015 0)
(0.674175 -0.0140175 0)
(0.674175 -0.01602 0)
(0.68352 -0.0020025 0)
(0.68352 -0.004005 0)
(0.68352 -0.0060075 0)
(0.68352 -0.00801 0)
(0.68352 -0.0100125 0)
(0.68352 -0.012015 0)
(0.68352 -0.0140175 0)
(0.68352 -0.01602 0)
(0.692865 -0.0020025 0)
(0.692865 -0.004005 0)
(0.692865 -0.0060075 0)
(0.692865 -0.00801 0)
(0.692865 -0.0100125 0)
(0.692865 -0.012015 0)
(0.692865 -0.0140175 0)
(0.692865 -0.01602 0)
(0.70221 -0.0020025 0)
(0.70221 -0.004005 0)
(0.70221 -0.0060075 0)
(0.70221 -0.00801 0)
(0.70221 -0.0100125 0)
(0.70221 -0.012015 0)
(0.70221 -0.0140175 0)
(0.70221 -0.01602 0)
(0.711555 -0.0020025 0)
(0.711555 -0.004005 0)
(0.711555 -0.0060075 0)
(0.711555 -0.00801 0)
(0.711555 -0.0100125 0)
(0.711555 -0.012015 0)
(0.711555 -0.0140175 0)
(0.711555 -0.01602 0)
(0.7209 -0.0020025 0)
(0.7209 -0.004005 0)
(0.7209 -0.0060075 0)
(0.7209 -0.00801 0)
(0.7209 -0.0100125 0)
(0.7209 -0.012015 0)
(0.7209 -0.0140175 0)
(0.7209 -0.01602 0)
(0.730245 -0.0020025 0)
(0.730245 -0.004005 0)
(0.730245 -0.0060075 0)
(0.730245 -0.00801 0)
(0.730245 -0.0100125 0)
(0.730245 -0.012015 0)
(0.730245 -0.0140175 0)
(0.730245 -0.01602 0)
(0.73959 -0.0020025 0)
(0.73959 -0.004005 0)
(0.73959 -0.0060075 0)
(0.73959 -0.00801 0)
(0.73959 -0.0100125 0)
(0.73959 -0.012015 0)
(0.73959 -0.0140175 0)
(0.73959 -0.01602 0)
(0.748935 -0.0020025 0)
(0.748935 -0.004005 0)
(0.748935 -0.0060075 0)
(0.748935 -0.00801 0)
(0.748935 -0.0100125 0)
(0.748935 -0.012015 0)
(0.748935 -0.0140175 0)
(0.748935 -0.01602 0)
(0.75828 -0.0020025 0)
(0.75828 -0.004005 0)
(0.75828 -0.0060075 0)
(0.75828 -0.00801 0)
(0.75828 -0.0100125 0)
(0.75828 -0.012015 0)
(0.75828 -0.0140175 0)
(0.75828 -0.01602 0)
(0.767625 -0.0020025 0)
(0.767625 -0.004005 0)
(0.767625 -0.0060075 0)
(0.767625 -0.00801 0)
(0.767625 -0.0100125 0)
(0.767625 -0.012015 0)
(0.767625 -0.0140175 0)
(0.767625 -0.01602 0)
(0.77697 -0.0020025 0)
(0.77697 -0.004005 0)
(0.77697 -0.0060075 0)
(0.77697 -0.00801 0)
(0.77697 -0.0100125 0)
(0.77697 -0.012015 0)
(0.77697 -0.0140175 0)
(0.77697 -0.01602 0)
(0.786315 -0.0020025 0)
(0.786315 -0.004005 0)
(0.786315 -0.0060075 0)
(0.786315 -0.00801 0)
(0.786315 -0.0100125 0)
(0.786315 -0.012015 0)
(0.786315 -0.0140175 0)
(0.786315 -0.01602 0)
(0.79566 -0.0020025 0)
(0.79566 -0.004005 0)
(0.79566 -0.0060075 0)
(0.79566 -0.00801 0)
(0.79566 -0.0100125 0)
(0.79566 -0.012015 0)
(0.79566 -0.0140175 0)
(0.79566 -0.01602 0)
(0.805005 -0.0020025 0)
(0.805005 -0.004005 0)
(0.805005 -0.0060075 0)
(0.805005 -0.00801 0)
(0.805005 -0.0100125 0)
(0.805005 -0.012015 0)
(0.805005 -0.0140175 0)
(0.805005 -0.01602 0)
(0.81435 -0.0020025 0)
(0.81435 -0.004005 0)
(0.81435 -0.0060075 0)
(0.81435 -0.00801 0)
(0.81435 -0.0100125 0)
(0.81435 -0.012015 0)
(0.81435 -0.0140175 0)
(0.81435 -0.01602 0)
(0.823695 -0.0020025 0)
(0.823695 -0.004005 0)
(0.823695 -0.0060075 0)
(0.823695 -0.00801 0)
(0.823695 -0.0100125 0)
(0.823695 -0.012015 0)
(0.823695 -0.0140175 0)
(0.823695 -0.01602 0)
(0.83304 -0.0020025 0)
(0.83304 -0.004005 0)
(0.83304 -0.0060075 0)
(0.83304 -0.00801 0)
(0.83304 -0.0100125 0)
(0.83304 -0.012015 0)
(0.83304 -0.0140175 0)
(0.83304 -0.01602 0)
(0.842385 -0.0020025 0)
(0.842385 -0.004005 0)
(0.842385 -0.0060075 0)
(0.842385 -0.00801 0)
(0.842385 -0.0100125 0)
(0.842385 -0.012015 0)
(0.842385 -0.0140175 0)
(0.842385 -0.01602 0)
(0.85173 -0.0020025 0)
(0.85173 -0.004005 0)
(0.85173 -0.0060075 0)
(0.85173 -0.00801 0)
(0.85173 -0.0100125 0)
(0.85173 -0.012015 0)
(0.85173 -0.0140175 0)
(0.85173 -0.01602 0)
(0.861075 -0.0020025 0)
(0.861075 -0.004005 0)
(0.861075 -0.0060075 0)
(0.861075 -0.00801 0)
(0.861075 -0.0100125 0)
(0.861075 -0.012015 0)
(0.861075 -0.0140175 0)
(0.861075 -0.01602 0)
(0.87042 -0.0020025 0)
(0.87042 -0.004005 0)
(0.87042 -0.0060075 0)
(0.87042 -0.00801 0)
(0.87042 -0.0100125 0)
(0.87042 -0.012015 0)
(0.87042 -0.0140175 0)
(0.87042 -0.01602 0)
(0.879765 -0.0020025 0)
(0.879765 -0.004005 0)
(0.879765 -0.0060075 0)
(0.879765 -0.00801 0)
(0.879765 -0.0100125 0)
(0.879765 -0.012015 0)
(0.879765 -0.0140175 0)
(0.879765 -0.01602 0)
(0.88911 -0.0020025 0)
(0.88911 -0.004005 0)
(0.88911 -0.0060075 0)
(0.88911 -0.00801 0)
(0.88911 -0.0100125 0)
(0.88911 -0.012015 0)
(0.88911 -0.0140175 0)
(0.88911 -0.01602 0)
(0.898455 -0.0020025 0)
(0.898455 -0.004005 0)
(0.898455 -0.0060075 0)
(0.898455 -0.00801 0)
(0.898455 -0.0100125 0)
(0.898455 -0.012015 0)
(0.898455 -0.0140175 0)
(0.898455 -0.01602 0)
(0.9078 -0.0020025 0)
(0.9078 -0.004005 0)
(0.9078 -0.0060075 0)
(0.9078 -0.00801 0)
(0.9078 -0.0100125 0)
(0.9078 -0.012015 0)
(0.9078 -0.0140175 0)
(0.9078 -0.01602 0)
(0.917145 -0.0020025 0)
(0.917145 -0.004005 0)
(0.917145 -0.0060075 0)
(0.917145 -0.00801 0)
(0.917145 -0.0100125 0)
(0.917145 -0.012015 0)
(0.917145 -0.0140175 0)
(0.917145 -0.01602 0)
(0.92649 -0.0020025 0)
(0.92649 -0.004005 0)
(0.92649 -0.0060075 0)
(0.92649 -0.00801 0)
(0.92649 -0.0100125 0)
(0.92649 -0.012015 0)
(0.92649 -0.0140175 0)
(0.92649 -0.01602 0)
(0.935835 -0.0020025 0)
(0.935835 -0.004005 0)
(0.935835 -0.0060075 0)
(0.935835 -0.00801 0)
(0.935835 -0.0100125 0)
(0.935835 -0.012015 0)
(0.935835 -0.0140175 0)
(0.935835 -0.01602 0)
(0.94518 -0.0020025 0)
(0.94518 -0.004005 0)
(0.94518 -0.0060075 0)
(0.94518 -0.00801 0)
(0.94518 -0.0100125 0)
(0.94518 -0.012015 0)
(0.94518 -0.0140175 0)
(0.94518 -0.01602 0)
(0.954525 -0.0020025 0)
(0.954525 -0.004005 0)
(0.954525 -0.0060075 0)
(0.954525 -0.00801 0)
(0.954525 -0.0100125 0)
(0.954525 -0.012015 0)
(0.954525 -0.0140175 0)
(0.954525 -0.01602 0)
(0.96387 -0.0020025 0)
(0.96387 -0.004005 0)
(0.96387 -0.0060075 0)
(0.96387 -0.00801 0)
(0.96387 -0.0100125 0)
(0.96387 -0.012015 0)
(0.96387 -0.0140175 0)
(0.96387 -0.01602 0)
(0.973215 -0.0020025 0)
(0.973215 -0.004005 0)
(0.973215 -0.0060075 0)
(0.973215 -0.00801 0)
(0.973215 -0.0100125 0)
(0.973215 -0.012015 0)
(0.973215 -0.0140175 0)
(0.973215 -0.01602 0)
(0.98256 -0.0020025 0)
(0.98256 -0.004005 0)
(0.98256 -0.0060075 0)
(0.98256 -0.00801 0)
(0.98256 -0.0100125 0)
(0.98256 -0.012015 0)
(0.98256 -0.0140175 0)
(0.98256 -0.01602 0)
(0.991905 -0.0020025 0)
(0.991905 -0.004005 0)
(0.991905 -0.0060075 0)
(0.991905 -0.00801 0)
(0.991905 -0.0100125 0)
(0.991905 -0.012015 0)
(0.991905 -0.0140175 0)
(0.991905 -0.01602 0)
(1.00125 -0.0020025 0)
(1.00125 -0.004005 0)
(1.00125 -0.0060075 0)
(1.00125 -0.00801 0)
(1.00125 -0.0100125 0)
(1.00125 -0.012015 0)
(1.00125 -0.0140175 0)
(1.00125 -0.01602 0)
(0.06675 -0.0020025 0.06)
(0.06675 -0.004005 0.06)
(0.06675 -0.0060075 0.06)
(0.06675 -0.00801 0.06)
(0.06675 -0.0100125 0.06)
(0.06675 -0.012015 0.06)
(0.06675 -0.0140175 0.06)
(0.06675 -0.01602 0.06)
(0.076095 -0.0020025 0.06)
(0.076095 -0.004005 0.06)
(0.076095 -0.0060075 0.06)
(0.076095 -0.00801 0.06)
(0.076095 -0.0100125 0.06)
(0.076095 -0.012015 0.06)
(0.076095 -0.0140175 0.06)
(0.076095 -0.01602 0.06)
(0.08544 -0.0020025 0.06)
(0.08544 -0.004005 0.06)
(0.08544 -0.0060075 0.06)
(0.08544 -0.00801 0.06)
(0.08544 -0.0100125 0.06)
(0.08544 -0.012015 0.06)
(0.08544 -0.0140175 0.06)
(0.08544 -0.01602 0.06)
(0.094785 -0.0020025 0.06)
(0.094785 -0.004005 0.06)
(0.094785 -0.0060075 0.06)
(0.094785 -0.00801 0.06)
(0.094785 -0.0100125 0.06)
(0.094785 -0.012015 0.06)
(0.094785 -0.0140175 0.06)
(0.094785 -0.01602 0.06)
(0.10413 -0.0020025 0.06)
(0.10413 -0.004005 0.06)
(0.10413 -0.0060075 0.06)
(0.10413 -0.00801 0.06)
(0.10413 -0.0100125 0.06)
(0.10413 -0.012015 0.06)
(0.10413 -0.0140175 0.06)
(0.10413 -0.01602 0.06)
(0.113475 -0.0020025 0.06)
(0.113475 -0.004005 0.06)
(0.113475 -0.0060075 0.06)
(0.113475 -0.00801 0.06)
(0.113475 -0.0100125 0.06)
(0.113475 -0.012015 0.06)
(0.113475 -0.0140175 0.06)
(0.113475 -0.01602 0.06)
(0.12282 -0.0020025 0.06)
(0.12282 -0.004005 0.06)
(0.12282 -0.0060075 0.06)
(0.12282 -0.00801 0.06)
(0.12282 -0.0100125 0.06)
(0.12282 -0.012015 0.06)
(0.12282 -0.0140175 0.06)
(0.12282 -0.01602 0.06)
(0.132165 -0.0020025 0.06)
(0.132165 -0.004005 0.06)
(0.132165 -0.0060075 0.06)
(0.132165 -0.00801 0.06)
(0.132165 -0.0100125 0.06)
(0.132165 -0.012015 0.06)
(0.132165 -0.0140175 0.06)
(0.132165 -0.01602 0.06)
(0.14151 -0.0020025 0.06)
(0.14151 -0.004005 0.06)
(0.14151 -0.0060075 0.06)
(0.14151 -0.00801 0.06)
(0.14151 -0.0100125 0.06)
(0.14151 -0.012015 0.06)
(0.14151 -0.0140175 0.06)
(0.14151 -0.01602 0.06)
(0.150855 -0.0020025 0.06)
(0.150855 -0.004005 0.06)
(0.150855 -0.0060075 0.06)
(0.150855 -0.00801 0.06)
(0.150855 -0.0100125 0.06)
(0.150855 -0.012015 0.06)
(0.150855 -0.0140175 0.06)
(0.150855 -0.01602 0.06)
(0.1602 -0.0020025 0.06)
(0.1602 -0.004005 0.06)
(0.1602 -0.0060075 0.06)
(0.1602 -0.00801 0.06)
(0.1602 -0.0100125 0.06)
(0.1602 -0.012015 0.06)
(0.1602 -0.0140175 0.06)
(0.1602 -0.01602 0.06)
(0.169545 -0.0020025 0.06)
(0.169545 -0.004005 0.06)
(0.169545 -0.0060075 0.06)
(0.169545 -0.00801 0.06)
(0.169545 -0.0100125 0.06)
(0.169545 -0.012015 0.06)
(0.169545 -0.0140175 0.06)
(0.169545 -0.01602 0.06)
(0.17889 -0.0020025 0.06)
(0.17889 -0.004005 0.06)
(0.17889 -0.0060075 0.06)
(0.17889 -0.00801 0.06)
(0.17889 -0.0100125 0.06)
(0.17889 -0.012015 0.06)
(0.17889 -0.0140175 0.06)
(0.17889 -0.01602 0.06)
(0.188235 -0.0020025 0.06)
(0.188235 -0.004005 0.06)
(0.188235 -0.0060075 0.06)
(0.188235 -0.00801 0.06)
(0.188235 -0.0100125 0.06)
(0.188235 -0.012015 0.06)
(0.188235 -0.0140175 0.06)
(0.188235 -0.01602 0.06)
(0.19758 -0.0020025 0.06)
(0.19758 -0.004005 0.06)
(0.19758 -0.0060075 0.06)
(0.19758 -0.00801 0.06)
(0.19758 -0.0100125 0.06)
(0.19758 -0.012015 0.06)
(0.19758 -0.0140175 0.06)
(0.19758 -0.01602 0.06)
(0.206925 -0.0020025 0.06)
(0.206925 -0.004005 0.06)
(0.206925 -0.0060075 0.06)
(0.206925 -0.00801 0.06)
(0.206925 -0.0100125 0.06)
(0.206925 -0.012015 0.06)
(0.206925 -0.0140175 0.06)
(0.206925 -0.01602 0.06)
(0.21627 -0.0020025 0.06)
(0.21627 -0.004005 0.06)
(0.21627 -0.0060075 0.06)
(0.21627 -0.00801 0.06)
(0.21627 -0.0100125 0.06)
(0.21627 -0.012015 0.06)
(0.21627 -0.0140175 0.06)
(0.21627 -0.01602 0.06)
(0.225615 -0.0020025 0.06)
(0.225615 -0.004005 0.06)
(0.225615 -0.0060075 0.06)
(0.225615 -0.00801 0.06)
(0.225615 -0.0100125 0.06)
(0.225615 -0.012015 0.06)
(0.225615 -0.0140175 0.06)
(0.225615 -0.01602 0.06)
(0.23496 -0.0020025 0.06)
(0.23496 -0.004005 0.06)
(0.23496 -0.0060075 0.06)
(0.23496 -0.00801 0.06)
(0.23496 -0.0100125 0.06)
(0.23496 -0.012015 0.06)
(0.23496 -0.0140175 0.06)
(0.23496 -0.01602 0.06)
(0.244305 -0.0020025 0.06)
(0.244305 -0.004005 0.06)
(0.244305 -0.0060075 0.06)
(0.244305 -0.00801 0.06)
(0.244305 -0.0100125 0.06)
(0.244305 -0.012015 0.06)
(0.244305 -0.0140175 0.06)
(0.244305 -0.01602 0.06)
(0.25365 -0.0020025 0.06)
(0.25365 -0.004005 0.06)
(0.25365 -0.0060075 0.06)
(0.25365 -0.00801 0.06)
(0.25365 -0.0100125 0.06)
(0.25365 -0.012015 0.06)
(0.25365 -0.0140175 0.06)
(0.25365 -0.01602 0.06)
(0.262995 -0.0020025 0.06)
(0.262995 -0.004005 0.06)
(0.262995 -0.0060075 0.06)
(0.262995 -0.00801 0.06)
(0.262995 -0.0100125 0.06)
(0.262995 -0.012015 0.06)
(0.262995 -0.0140175 0.06)
(0.262995 -0.01602 0.06)
(0.27234 -0.0020025 0.06)
(0.27234 -0.004005 0.06)
(0.27234 -0.0060075 0.06)
(0.27234 -0.00801 0.06)
(0.27234 -0.0100125 0.06)
(0.27234 -0.012015 0.06)
(0.27234 -0.0140175 0.06)
(0.27234 -0.01602 0.06)
(0.281685 -0.0020025 0.06)
(0.281685 -0.004005 0.06)
(0.281685 -0.0060075 0.06)
(0.281685 -0.00801 0.06)
(0.281685 -0.0100125 0.06)
(0.281685 -0.012015 0.06)
(0.281685 -0.0140175 0.06)
(0.281685 -0.01602 0.06)
(0.29103 -0.0020025 0.06)
(0.29103 -0.004005 0.06)
(0.29103 -0.0060075 0.06)
(0.29103 -0.00801 0.06)
(0.29103 -0.0100125 0.06)
(0.29103 -0.012015 0.06)
(0.29103 -0.0140175 0.06)
(0.29103 -0.01602 0.06)
(0.300375 -0.0020025 0.06)
(0.300375 -0.004005 0.06)
(0.300375 -0.0060075 0.06)
(0.300375 -0.00801 0.06)
(0.300375 -0.0100125 0.06)
(0.300375 -0.012015 0.06)
(0.300375 -0.0140175 0.06)
(0.300375 -0.01602 0.06)
(0.30972 -0.0020025 0.06)
(0.30972 -0.004005 0.06)
(0.30972 -0.0060075 0.06)
(0.30972 -0.00801 0.06)
(0.30972 -0.0100125 0.06)
(0.30972 -0.012015 0.06)
(0.30972 -0.0140175 0.06)
(0.30972 -0.01602 0.06)
(0.319065 -0.0020025 0.06)
(0.319065 -0.004005 0.06)
(0.319065 -0.0060075 0.06)
(0.319065 -0.00801 0.06)
(0.319065 -0.0100125 0.06)
(0.319065 -0.012015 0.06)
(0.319065 -0.0140175 0.06)
(0.319065 -0.01602 0.06)
(0.32841 -0.0020025 0.06)
(0.32841 -0.004005 0.06)
(0.32841 -0.0060075 0.06)
(0.32841 -0.00801 0.06)
(0.32841 -0.0100125 0.06)
(0.32841 -0.012015 0.06)
(0.32841 -0.0140175 0.06)
(0.32841 -0.01602 0.06)
(0.337755 -0.0020025 0.06)
(0.337755 -0.004005 0.06)
(0.337755 -0.0060075 0.06)
(0.337755 -0.00801 0.06)
(0.337755 -0.0100125 0.06)
(0.337755 -0.012015 0.06)
(0.337755 -0.0140175 0.06)
(0.337755 -0.01602 0.06)
(0.3471 -0.0020025 0.06)
(0.3471 -0.004005 0.06)
(0.3471 -0.0060075 0.06)
(0.3471 -0.00801 0.06)
(0.3471 -0.0100125 0.06)
(0.3471 -0.012015 0.06)
(0.3471 -0.0140175 0.06)
(0.3471 -0.01602 0.06)
(0.356445 -0.0020025 0.06)
(0.356445 -0.004005 0.06)
(0.356445 -0.0060075 0.06)
(0.356445 -0.00801 0.06)
(0.356445 -0.0100125 0.06)
(0.356445 -0.012015 0.06)
(0.356445 -0.0140175 0.06)
(0.356445 -0.01602 0.06)
(0.36579 -0.0020025 0.06)
(0.36579 -0.004005 0.06)
(0.36579 -0.0060075 0.06)
(0.36579 -0.00801 0.06)
(0.36579 -0.0100125 0.06)
(0.36579 -0.012015 0.06)
(0.36579 -0.0140175 0.06)
(0.36579 -0.01602 0.06)
(0.375135 -0.0020025 0.06)
(0.375135 -0.004005 0.06)
(0.375135 -0.0060075 0.06)
(0.375135 -0.00801 0.06)
(0.375135 -0.0100125 0.06)
(0.375135 -0.012015 0.06)
(0.375135 -0.0140175 0.06)
(0.375135 -0.01602 0.06)
(0.38448 -0.0020025 0.06)
(0.38448 -0.004005 0.06)
(0.38448 -0.0060075 0.06)
(0.38448 -0.00801 0.06)
(0.38448 -0.0100125 0.06)
(0.38448 -0.012015 0.06)
(0.38448 -0.0140175 0.06)
(0.38448 -0.01602 0.06)
(0.393825 -0.0020025 0.06)
(0.393825 -0.004005 0.06)
(0.393825 -0.0060075 0.06)
(0.393825 -0.00801 0.06)
(0.393825 -0.0100125 0.06)
(0.393825 -0.012015 0.06)
(0.393825 -0.0140175 0.06)
(0.393825 -0.01602 0.06)
(0.40317 -0.0020025 0.06)
(0.40317 -0.004005 0.06)
(0.40317 -0.0060075 0.06)
(0.40317 -0.00801 0.06)
(0.40317 -0.0100125 0.06)
(0.40317 -0.012015 0.06)
(0.40317 -0.0140175 0.06)
(0.40317 -0.01602 0.06)
(0.412515 -0.0020025 0.06)
(0.412515 -0.004005 0.06)
(0.412515 -0.0060075 0.06)
(0.412515 -0.00801 0.06)
(0.412515 -0.0100125 0.06)
(0.412515 -0.012015 0.06)
(0.412515 -0.0140175 0.06)
(0.412515 -0.01602 0.06)
(0.42186 -0.0020025 0.06)
(0.42186 -0.004005 0.06)
(0.42186 -0.0060075 0.06)
(0.42186 -0.00801 0.06)
(0.42186 -0.0100125 0.06)
(0.42186 -0.012015 0.06)
(0.42186 -0.0140175 0.06)
(0.42186 -0.01602 0.06)
(0.431205 -0.0020025 0.06)
(0.431205 -0.004005 0.06)
(0.431205 -0.0060075 0.06)
(0.431205 -0.00801 0.06)
(0.431205 -0.0100125 0.06)
(0.431205 -0.012015 0.06)
(0.431205 -0.0140175 0.06)
(0.431205 -0.01602 0.06)
(0.44055 -0.0020025 0.06)
(0.44055 -0.004005 0.06)
(0.44055 -0.0060075 0.06)
(0.44055 -0.00801 0.06)
(0.44055 -0.0100125 0.06)
(0.44055 -0.012015 0.06)
(0.44055 -0.0140175 0.06)
(0.44055 -0.01602 0.06)
(0.449895 -0.0020025 0.06)
(0.449895 -0.004005 0.06)
(0.449895 -0.0060075 0.06)
(0.449895 -0.00801 0.06)
(0.449895 -0.0100125 0.06)
(0.449895 -0.012015 0.06)
(0.449895 -0.0140175 0.06)
(0.449895 -0.01602 0.06)
(0.45924 -0.0020025 0.06)
(0.45924 -0.004005 0.06)
(0.45924 -0.0060075 0.06)
(0.45924 -0.00801 0.06)
(0.45924 -0.0100125 0.06)
(0.45924 -0.012015 0.06)
(0.45924 -0.0140175 0.06)
(0.45924 -0.01602 0.06)
(0.468585 -0.0020025 0.06)
(0.468585 -0.004005 0.06)
(0.468585 -0.0060075 0.06)
(0.468585 -0.00801 0.06)
(0.468585 -0.0100125 0.06)
(0.468585 -0.012015 0.06)
(0.468585 -0.0140175 0.06)
(0.468585 -0.01602 0.06)
(0.47793 -0.0020025 0.06)
(0.47793 -0.004005 0.06)
(0.47793 -0.0060075 0.06)
(0.47793 -0.00801 0.06)
(0.47793 -0.0100125 0.06)
(0.47793 -0.012015 0.06)
(0.47793 -0.0140175 0.06)
(0.47793 -0.01602 0.06)
(0.487275 -0.0020025 0.06)
(0.487275 -0.004005 0.06)
(0.487275 -0.0060075 0.06)
(0.487275 -0.00801 0.06)
(0.487275 -0.0100125 0.06)
(0.487275 -0.012015 0.06)
(0.487275 -0.0140175 0.06)
(0.487275 -0.01602 0.06)
(0.49662 -0.0020025 0.06)
(0.49662 -0.004005 0.06)
(0.49662 -0.0060075 0.06)
(0.49662 -0.00801 0.06)
(0.49662 -0.0100125 0.06)
(0.49662 -0.012015 0.06)
(0.49662 -0.0140175 0.06)
(0.49662 -0.01602 0.06)
(0.505965 -0.0020025 0.06)
(0.505965 -0.004005 0.06)
(0.505965 -0.0060075 0.06)
(0.505965 -0.00801 0.06)
(0.505965 -0.0100125 0.06)
(0.505965 -0.012015 0.06)
(0.505965 -0.0140175 0.06)
(0.505965 -0.01602 0.06)
(0.51531 -0.0020025 0.06)
(0.51531 -0.004005 0.06)
(0.51531 -0.0060075 0.06)
(0.51531 -0.00801 0.06)
(0.51531 -0.0100125 0.06)
(0.51531 -0.012015 0.06)
(0.51531 -0.0140175 0.06)
(0.51531 -0.01602 0.06)
(0.524655 -0.0020025 0.06)
(0.524655 -0.004005 0.06)
(0.524655 -0.0060075 0.06)
(0.524655 -0.00801 0.06)
(0.524655 -0.0100125 0.06)
(0.524655 -0.012015 0.06)
(0.524655 -0.0140175 0.06)
(0.524655 -0.01602 0.06)
(0.534 -0.0020025 0.06)
(0.534 -0.004005 0.06)
(0.534 -0.0060075 0.06)
(0.534 -0.00801 0.06)
(0.534 -0.0100125 0.06)
(0.534 -0.012015 0.06)
(0.534 -0.0140175 0.06)
(0.534 -0.01602 0.06)
(0.543345 -0.0020025 0.06)
(0.543345 -0.004005 0.06)
(0.543345 -0.0060075 0.06)
(0.543345 -0.00801 0.06)
(0.543345 -0.0100125 0.06)
(0.543345 -0.012015 0.06)
(0.543345 -0.0140175 0.06)
(0.543345 -0.01602 0.06)
(0.55269 -0.0020025 0.06)
(0.55269 -0.004005 0.06)
(0.55269 -0.0060075 0.06)
(0.55269 -0.00801 0.06)
(0.55269 -0.0100125 0.06)
(0.55269 -0.012015 0.06)
(0.55269 -0.0140175 0.06)
(0.55269 -0.01602 0.06)
(0.562035 -0.0020025 0.06)
(0.562035 -0.004005 0.06)
(0.562035 -0.0060075 0.06)
(0.562035 -0.00801 0.06)
(0.562035 -0.0100125 0.06)
(0.562035 -0.012015 0.06)
(0.562035 -0.0140175 0.06)
(0.562035 -0.01602 0.06)
(0.57138 -0.0020025 0.06)
(0.57138 -0.004005 0.06)
(0.57138 -0.0060075 0.06)
(0.57138 -0.00801 0.06)
(0.57138 -0.0100125 0.06)
(0.57138 -0.012015 0.06)
(0.57138 -0.0140175 0.06)
(0.57138 -0.01602 0.06)
(0.580725 -0.0020025 0.06)
(0.580725 -0.004005 0.06)
(0.580725 -0.0060075 0.06)
(0.580725 -0.00801 0.06)
(0.580725 -0.0100125 0.06)
(0.580725 -0.012015 0.06)
(0.580725 -0.0140175 0.06)
(0.580725 -0.01602 0.06)
(0.59007 -0.0020025 0.06)
(0.59007 -0.004005 0.06)
(0.59007 -0.0060075 0.06)
(0.59007 -0.00801 0.06)
(0.59007 -0.0100125 0.06)
(0.59007 -0.012015 0.06)
(0.59007 -0.0140175 0.06)
(0.59007 -0.01602 0.06)
(0.599415 -0.0020025 0.06)
(0.599415 -0.004005 0.06)
(0.599415 -0.0060075 0.06)
(0.599415 -0.00801 0.06)
(0.599415 -0.0100125 0.06)
(0.599415 -0.012015 0.06)
(0.599415 -0.0140175 0.06)
(0.599415 -0.01602 0.06)
(0.60876 -0.0020025 0.06)
(0.60876 -0.004005 0.06)
(0.60876 -0.0060075 0.06)
(0.60876 -0.00801 0.06)
(0.60876 -0.0100125 0.06)
(0.60876 -0.012015 0.06)
(0.60876 -0.0140175 0.06)
(0.60876 -0.01602 0.06)
(0.618105 -0.0020025 0.06)
(0.618105 -0.004005 0.06)
(0.618105 -0.0060075 0.06)
(0.618105 -0.00801 0.06)
(0.618105 -0.0100125 0.06)
(0.618105 -0.012015 0.06)
(0.618105 -0.0140175 0.06)
(0.618105 -0.01602 0.06)
(0.62745 -0.0020025 0.06)
(0.62745 -0.004005 0.06)
(0.62745 -0.0060075 0.06)
(0.62745 -0.00801 0.06)
(0.62745 -0.0100125 0.06)
(0.62745 -0.012015 0.06)
(0.62745 -0.0140175 0.06)
(0.62745 -0.01602 0.06)
(0.636795 -0.0020025 0.06)
(0.636795 -0.004005 0.06)
(0.636795 -0.0060075 0.06)
(0.636795 -0.00801 0.06)
(0.636795 -0.0100125 0.06)
(0.636795 -0.012015 0.06)
(0.636795 -0.0140175 0.06)
(0.636795 -0.01602 0.06)
(0.64614 -0.0020025 0.06)
(0.64614 -0.004005 0.06)
(0.64614 -0.0060075 0.06)
(0.64614 -0.00801 0.06)
(0.64614 -0.0100125 0.06)
(0.64614 -0.012015 0.06)
(0.64614 -0.0140175 0.06)
(0.64614 -0.01602 0.06)
(0.655485 -0.0020025 0.06)
(0.655485 -0.004005 0.06)
(0.655485 -0.0060075 0.06)
(0.655485 -0.00801 0.06)
(0.655485 -0.0100125 0.06)
(0.655485 -0.012015 0.06)
(0.655485 -0.0140175 0.06)
(0.655485 -0.01602 0.06)
(0.66483 -0.0020025 0.06)
(0.66483 -0.004005 0.06)
(0.66483 -0.0060075 0.06)
(0.66483 -0.00801 0.06)
(0.66483 -0.0100125 0.06)
(0.66483 -0.012015 0.06)
(0.66483 -0.0140175 0.06)
(0.66483 -0.01602 0.06)
(0.674175 -0.0020025 0.06)
(0.674175 -0.004005 0.06)
(0.674175 -0.0060075 0.06)
(0.674175 -0.00801 0.06)
(0.674175 -0.0100125 0.06)
(0.674175 -0.012015 0.06)
(0.674175 -0.0140175 0.06)
(0.674175 -0.01602 0.06)
(0.68352 -0.0020025 0.06)
(0.68352 -0.004005 0.06)
(0.68352 -0.0060075 0.06)
(0.68352 -0.00801 0.06)
(0.68352 -0.0100125 0.06)
(0.68352 -0.012015 0.06)
(0.68352 -0.0140175 0.06)
(0.68352 -0.01602 0.06)
(0.692865 -0.0020025 0.06)
(0.692865 -0.004005 0.06)
(0.692865 -0.0060075 0.06)
(0.692865 -0.00801 0.06)
(0.692865 -0.0100125 0.06)
(0.692865 -0.012015 0.06)
(0.692865 -0.0140175 0.06)
(0.692865 -0.01602 0.06)
(0.70221 -0.0020025 0.06)
(0.70221 -0.004005 0.06)
(0.70221 -0.0060075 0.06)
(0.70221 -0.00801 0.06)
(0.70221 -0.0100125 0.06)
(0.70221 -0.012015 0.06)
(0.70221 -0.0140175 0.06)
(0.70221 -0.01602 0.06)
(0.711555 -0.0020025 0.06)
(0.711555 -0.004005 0.06)
(0.711555 -0.0060075 0.06)
(0.711555 -0.00801 0.06)
(0.711555 -0.0100125 0.06)
(0.711555 -0.012015 0.06)
(0.711555 -0.0140175 0.06)
(0.711555 -0.01602 0.06)
(0.7209 -0.0020025 0.06)
(0.7209 -0.004005 0.06)
(0.7209 -0.0060075 0.06)
(0.7209 -0.00801 0.06)
(0.7209 -0.0100125 0.06)
(0.7209 -0.012015 0.06)
(0.7209 -0.0140175 0.06)
(0.7209 -0.01602 0.06)
(0.730245 -0.0020025 0.06)
(0.730245 -0.004005 0.06)
(0.730245 -0.0060075 0.06)
(0.730245 -0.00801 0.06)
(0.730245 -0.0100125 0.06)
(0.730245 -0.012015 0.06)
(0.730245 -0.0140175 0.06)
(0.730245 -0.01602 0.06)
(0.73959 -0.0020025 0.06)
(0.73959 -0.004005 0.06)
(0.73959 -0.0060075 0.06)
(0.73959 -0.00801 0.06)
(0.73959 -0.0100125 0.06)
(0.73959 -0.012015 0.06)
(0.73959 -0.0140175 0.06)
(0.73959 -0.01602 0.06)
(0.748935 -0.0020025 0.06)
(0.748935 -0.004005 0.06)
(0.748935 -0.0060075 0.06)
(0.748935 -0.00801 0.06)
(0.748935 -0.0100125 0.06)
(0.748935 -0.012015 0.06)
(0.748935 -0.0140175 0.06)
(0.748935 -0.01602 0.06)
(0.75828 -0.0020025 0.06)
(0.75828 -0.004005 0.06)
(0.75828 -0.0060075 0.06)
(0.75828 -0.00801 0.06)
(0.75828 -0.0100125 0.06)
(0.75828 -0.012015 0.06)
(0.75828 -0.0140175 0.06)
(0.75828 -0.01602 0.06)
(0.767625 -0.0020025 0.06)
(0.767625 -0.004005 0.06)
(0.767625 -0.0060075 0.06)
(0.767625 -0.00801 0.06)
(0.767625 -0.0100125 0.06)
(0.767625 -0.012015 0.06)
(0.767625 -0.0140175 0.06)
(0.767625 -0.01602 0.06)
(0.77697 -0.0020025 0.06)
(0.77697 -0.004005 0.06)
(0.77697 -0.0060075 0.06)
(0.77697 -0.00801 0.06)
(0.77697 -0.0100125 0.06)
(0.77697 -0.012015 0.06)
(0.77697 -0.0140175 0.06)
(0.77697 -0.01602 0.06)
(0.786315 -0.0020025 0.06)
(0.786315 -0.004005 0.06)
(0.786315 -0.0060075 0.06)
(0.786315 -0.00801 0.06)
(0.786315 -0.0100125 0.06)
(0.786315 -0.012015 0.06)
(0.786315 -0.0140175 0.06)
(0.786315 -0.01602 0.06)
(0.79566 -0.0020025 0.06)
(0.79566 -0.004005 0.06)
(0.79566 -0.0060075 0.06)
(0.79566 -0.00801 0.06)
(0.79566 -0.0100125 0.06)
(0.79566 -0.012015 0.06)
(0.79566 -0.0140175 0.06)
(0.79566 -0.01602 0.06)
(0.805005 -0.0020025 0.06)
(0.805005 -0.004005 0.06)
(0.805005 -0.0060075 0.06)
(0.805005 -0.00801 0.06)
(0.805005 -0.0100125 0.06)
(0.805005 -0.012015 0.06)
(0.805005 -0.0140175 0.06)
(0.805005 -0.01602 0.06)
(0.81435 -0.0020025 0.06)
(0.81435 -0.004005 0.06)
(0.81435 -0.0060075 0.06)
(0.81435 -0.00801 0.06)
(0.81435 -0.0100125 0.06)
(0.81435 -0.012015 0.06)
(0.81435 -0.0140175 0.06)
(0.81435 -0.01602 0.06)
(0.823695 -0.0020025 0.06)
(0.823695 -0.004005 0.06)
(0.823695 -0.0060075 0.06)
(0.823695 -0.00801 0.06)
(0.823695 -0.0100125 0.06)
(0.823695 -0.012015 0.06)
(0.823695 -0.0140175 0.06)
(0.823695 -0.01602 0.06)
(0.83304 -0.0020025 0.06)
(0.83304 -0.004005 0.06)
(0.83304 -0.0060075 0.06)
(0.83304 -0.00801 0.06)
(0.83304 -0.0100125 0.06)
(0.83304 -0.012015 0.06)
(0.83304 -0.0140175 0.06)
(0.83304 -0.01602 0.06)
(0.842385 -0.0020025 0.06)
(0.842385 -0.004005 0.06)
(0.842385 -0.0060075 0.06)
(0.842385 -0.00801 0.06)
(0.842385 -0.0100125 0.06)
(0.842385 -0.012015 0.06)
(0.842385 -0.0140175 0.06)
(0.842385 -0.01602 0.06)
(0.85173 -0.0020025 0.06)
(0.85173 -0.004005 0.06)
(0.85173 -0.0060075 0.06)
(0.85173 -0.00801 0.06)
(0.85173 -0.0100125 0.06)
(0.85173 -0.012015 0.06)
(0.85173 -0.0140175 0.06)
(0.85173 -0.01602 0.06)
(0.861075 -0.0020025 0.06)
(0.861075 -0.004005 0.06)
(0.861075 -0.0060075 0.06)
(0.861075 -0.00801 0.06)
(0.861075 -0.0100125 0.06)
(0.861075 -0.012015 0.06)
(0.861075 -0.0140175 0.06)
(0.861075 -0.01602 0.06)
(0.87042 -0.0020025 0.06)
(0.87042 -0.004005 0.06)
(0.87042 -0.0060075 0.06)
(0.87042 -0.00801 0.06)
(0.87042 -0.0100125 0.06)
(0.87042 -0.012015 0.06)
(0.87042 -0.0140175 0.06)
(0.87042 -0.01602 0.06)
(0.879765 -0.0020025 0.06)
(0.879765 -0.004005 0.06)
(0.879765 -0.0060075 0.06)
(0.879765 -0.00801 0.06)
(0.879765 -0.0100125 0.06)
(0.879765 -0.012015 0.06)
(0.879765 -0.0140175 0.06)
(0.879765 -0.01602 0.06)
(0.88911 -0.0020025 0.06)
(0.88911 -0.004005 0.06)
(0.88911 -0.0060075 0.06)
(0.88911 -0.00801 0.06)
(0.88911 -0.0100125 0.06)
(0.88911 -0.012015 0.06)
(0.88911 -0.0140175 0.06)
(0.88911 -0.01602 0.06)
(0.898455 -0.0020025 0.06)
(0.898455 -0.004005 0.06)
(0.898455 -0.0060075 0.06)
(0.898455 -0.00801 0.06)
(0.898455 -0.0100125 0.06)
(0.898455 -0.012015 0.06)
(0.898455 -0.0140175 0.06)
(0.898455 -0.01602 0.06)
(0.9078 -0.0020025 0.06)
(0.9078 -0.004005 0.06)
(0.9078 -0.0060075 0.06)
(0.9078 -0.00801 0.06)
(0.9078 -0.0100125 0.06)
(0.9078 -0.012015 0.06)
(0.9078 -0.0140175 0.06)
(0.9078 -0.01602 0.06)
(0.917145 -0.0020025 0.06)
(0.917145 -0.004005 0.06)
(0.917145 -0.0060075 0.06)
(0.917145 -0.00801 0.06)
(0.917145 -0.0100125 0.06)
(0.917145 -0.012015 0.06)
(0.917145 -0.0140175 0.06)
(0.917145 -0.01602 0.06)
(0.92649 -0.0020025 0.06)
(0.92649 -0.004005 0.06)
(0.92649 -0.0060075 0.06)
(0.92649 -0.00801 0.06)
(0.92649 -0.0100125 0.06)
(0.92649 -0.012015 0.06)
(0.92649 -0.0140175 0.06)
(0.92649 -0.01602 0.06)
(0.935835 -0.0020025 0.06)
(0.935835 -0.004005 0.06)
(0.935835 -0.0060075 0.06)
(0.935835 -0.00801 0.06)
(0.935835 -0.0100125 0.06)
(0.935835 -0.012015 0.06)
(0.935835 -0.0140175 0.06)
(0.935835 -0.01602 0.06)
(0.94518 -0.0020025 0.06)
(0.94518 -0.004005 0.06)
(0.94518 -0.0060075 0.06)
(0.94518 -0.00801 0.06)
(0.94518 -0.0100125 0.06)
(0.94518 -0.012015 0.06)
(0.94518 -0.0140175 0.06)
(0.94518 -0.01602 0.06)
(0.954525 -0.0020025 0.06)
(0.954525 -0.004005 0.06)
(0.954525 -0.0060075 0.06)
(0.954525 -0.00801 0.06)
(0.954525 -0.0100125 0.06)
(0.954525 -0.012015 0.06)
(0.954525 -0.0140175 0.06)
(0.954525 -0.01602 0.06)
(0.96387 -0.0020025 0.06)
(0.96387 -0.004005 0.06)
(0.96387 -0.0060075 0.06)
(0.96387 -0.00801 0.06)
(0.96387 -0.0100125 0.06)
(0.96387 -0.012015 0.06)
(0.96387 -0.0140175 0.06)
(0.96387 -0.01602 0.06)
(0.973215 -0.0020025 0.06)
(0.973215 -0.004005 0.06)
(0.973215 -0.0060075 0.06)
(0.973215 -0.00801 0.06)
(0.973215 -0.0100125 0.06)
(0.973215 -0.012015 0.06)
(0.973215 -0.0140175 0.06)
(0.973215 -0.01602 0.06)
(0.98256 -0.0020025 0.06)
(0.98256 -0.004005 0.06)
(0.98256 -0.0060075 0.06)
(0.98256 -0.00801 0.06)
(0.98256 -0.0100125 0.06)
(0.98256 -0.012015 0.06)
(0.98256 -0.0140175 0.06)
(0.98256 -0.01602 0.06)
(0.991905 -0.0020025 0.06)
(0.991905 -0.004005 0.06)
(0.991905 -0.0060075 0.06)
(0.991905 -0.00801 0.06)
(0.991905 -0.0100125 0.06)
(0.991905 -0.012015 0.06)
(0.991905 -0.0140175 0.06)
(0.991905 -0.01602 0.06)
(1.00125 -0.0020025 0.06)
(1.00125 -0.004005 0.06)
(1.00125 -0.0060075 0.06)
(1.00125 -0.00801 0.06)
(1.00125 -0.0100125 0.06)
(1.00125 -0.012015 0.06)
(1.00125 -0.0140175 0.06)
(1.00125 -0.01602 0.06)
)


// ************************************************************************* //
