/*--------------------------------*- C++ -*----------------------------------*\
| =========                 |                                                 |
| \\      /  F ield         | OpenFOAM: The Open Source CFD Toolbox           |
|  \\    /   O peration     | Version:  v2012                                 |
|   \\  /    A nd           | Website:  www.openfoam.com                      |
|    \\/     M anipulation  |                                                 |
\*---------------------------------------------------------------------------*/
FoamFile
{
    version     2.0;
    format      ascii;
    class       volScalarField;
    location    "0.213";
    object      p;
}
// * * * * * * * * * * * * * * * * * * * * * * * * * * * * * * * * * * * * * //

dimensions      [0 2 -2 0 0 0 0];


internalField   nonuniform List<scalar> 
1900
(
-299.623
-300.722
-301.622
-302.283
-302.96
-303.727
-304.533
-305.361
-305.974
-306.578
-300.077
-300.876
-301.704
-302.38
-303.061
-303.821
-304.632
-305.47
-306.23
-307.05
-300.363
-300.928
-301.696
-302.409
-303.106
-303.867
-304.693
-305.577
-306.47
-307.715
-300.547
-300.991
-301.726
-302.468
-303.178
-303.94
-304.784
-305.709
-306.722
-308.095
-300.645
-301.039
-301.754
-302.505
-303.221
-303.986
-304.848
-305.807
-306.888
-308.277
-300.662
-301.061
-301.78
-302.535
-303.254
-304.027
-304.904
-305.889
-307.004
-308.372
-300.597
-301.056
-301.807
-302.557
-303.277
-304.061
-304.951
-305.952
-307.079
-308.403
-300.445
-301.036
-301.83
-302.557
-303.27
-304.065
-304.969
-305.979
-307.11
-308.391
-300.188
-301.03
-301.891
-302.579
-303.277
-304.077
-304.985
-305.995
-307.118
-308.36
-299.754
-300.929
-301.881
-302.562
-303.26
-304.073
-304.992
-306.009
-307.135
-308.357
-305.92
-318.28
-337.562
-339.208
-320.079
-286.053
-243.02
-198.242
-157.322
-122.531
-94.174
-71.7617
-54.3114
-40.7528
-30.1667
-21.8394
-15.2282
-9.8871
-5.49958
-1.87704
1.1173
3.62887
5.78439
7.6424
9.22861
10.5799
11.7452
12.7734
13.6733
14.4521
15.1236
15.7013
16.2006
16.6312
16.9961
17.3017
17.5542
17.759
17.9234
18.0515
18.1467
18.2109
18.2433
18.246
18.2239
18.181
18.1181
18.0346
17.9313
17.8103
17.6732
17.5213
17.3556
17.1768
16.9847
16.7801
16.5642
16.3377
16.1012
15.8554
15.5999
15.335
15.0616
14.7796
14.4894
14.191
13.885
13.5714
13.2503
12.9218
12.5862
12.2439
11.8947
11.5388
11.1762
10.8071
10.4315
10.0498
9.66183
9.2679
8.86783
8.46203
8.05031
7.63305
7.21004
6.78153
6.34744
5.90798
5.46324
5.01338
4.55851
4.0988
3.63412
3.16497
2.69013
2.21243
1.72483
1.24263
0.733535
0.279208
-309.337
-321.606
-333.413
-332.127
-313.079
-280.334
-239.752
-197.436
-158.324
-124.593
-96.6631
-74.2466
-56.5764
-42.6935
-31.7693
-23.1301
-16.241
-10.6667
-6.09945
-2.34552
0.744027
3.33197
5.55011
7.45478
9.07413
10.4549
11.6446
12.6877
13.5961
14.3808
15.0565
15.6361
16.1327
16.5606
16.9286
17.2382
17.4938
17.7025
17.8708
18.0025
18.1013
18.1686
18.2021
18.2056
18.1846
18.1425
18.08
17.9972
17.8947
17.7746
17.6385
17.4872
17.3219
17.1433
16.9516
16.7473
16.532
16.3061
16.0701
15.8245
15.5691
15.3045
15.0315
14.7497
14.4596
14.1614
13.8556
13.5422
13.2213
12.8928
12.5575
12.2152
11.8661
11.5103
11.1477
10.7786
10.4031
10.0213
9.6334
9.23939
8.83931
8.43345
8.0217
7.60437
7.18132
6.75276
6.31866
5.87922
5.43453
4.98477
4.53005
4.07056
3.60636
3.13767
2.66449
2.18741
1.70544
1.22185
0.729549
0.25189
-310.271
-317.92
-326.263
-324.073
-306.103
-275.372
-237.27
-197.127
-159.472
-126.592
-98.9981
-76.5694
-58.695
-44.5282
-33.3148
-24.4163
-17.2979
-11.5308
-6.81523
-2.94811
0.24297
2.93008
5.23075
7.18971
8.85104
10.276
11.5097
12.5813
13.5074
14.3057
14.9924
15.5801
16.0799
16.5092
16.8811
17.1938
17.4507
17.6603
17.8294
17.9618
18.0601
18.1255
18.1573
18.1606
18.1411
18.1009
18.04
17.9581
17.8566
17.7384
17.6044
17.4547
17.2907
17.1127
16.9213
16.717
16.5013
16.2753
16.0395
15.794
15.5386
15.2742
15.0016
14.7202
14.4303
14.1325
13.827
13.5138
13.1931
12.8648
12.5296
12.1873
11.8383
11.4825
11.1199
10.7508
10.3753
9.99353
9.60556
9.21148
8.81133
8.40537
7.99357
7.57615
7.15304
6.72442
6.29031
5.85086
5.40622
4.95652
4.50197
4.04268
3.57897
3.11074
2.63925
2.16289
1.68652
1.20185
0.727114
0.223765
-310.492
-316.294
-321.939
-318.558
-301.089
-271.666
-235.202
-196.609
-160.11
-127.98
-100.746
-78.3775
-60.3767
-46.0019
-34.5656
-25.4575
-18.1472
-12.2181
-7.3794
-3.41605
-0.140145
2.61457
4.96029
6.94875
8.63212
10.0754
11.3283
12.4153
13.3512
14.159
14.8597
15.4651
15.9826
16.4269
16.8102
17.1334
17.4012
17.6197
17.7952
17.9313
18.0305
18.0949
18.1264
18.1303
18.1119
18.0725
18.0115
17.929
17.8264
17.7065
17.5715
17.422
17.2588
17.0814
16.8904
16.6861
16.4702
16.2446
16.0094
15.7643
15.5095
15.2452
14.972
14.6903
14.4007
14.1032
13.798
13.4849
13.1644
12.8362
12.5012
12.1591
11.8101
11.4543
11.0917
10.7226
10.347
9.96519
9.57709
9.18293
8.78267
8.37659
7.96469
7.54715
7.12398
6.69528
6.26117
5.82171
5.37716
4.92753
4.47317
4.01408
3.55088
3.08314
2.61335
2.13774
1.66708
1.18108
0.723992
0.196
-310.518
-314.805
-318.112
-313.455
-296.276
-267.995
-233.032
-195.923
-160.562
-129.158
-102.281
-79.9836
-61.8777
-47.3275
-35.6999
-26.4068
-18.927
-12.8528
-7.90238
-3.85209
-0.497549
2.32416
4.71442
6.73365
8.44507
9.91507
11.1903
12.2949
13.2431
14.0582
14.7633
15.3749
15.9
16.3472
16.73
17.0521
17.3208
17.5423
17.7208
17.8596
17.9626
18.0328
18.0712
18.082
18.0695
18.0346
17.9773
17.8982
17.7985
17.6802
17.5459
17.3972
17.2344
17.0576
16.867
16.6626
16.4468
16.2213
15.9861
15.7407
15.4854
15.2204
14.9458
14.6632
14.3731
14.0753
13.7696
13.456
13.135
12.8064
12.4711
12.1287
11.7794
11.4234
11.0606
10.6914
10.3158
9.93383
9.54565
9.15146
8.75133
8.34537
7.93355
7.51601
7.0929
6.66422
6.23021
5.79082
5.34643
4.89694
4.44284
3.98403
3.52135
3.05418
2.58601
2.11131
1.6459
1.15931
0.718403
0.171098
-310.4
-313.509
-315.041
-309.398
-292.508
-265.228
-231.494
-195.548
-161.049
-130.174
-103.56
-81.3055
-63.1037
-48.4113
-36.6322
-27.1827
-19.5585
-13.3703
-8.33399
-4.21188
-0.791165
2.08482
4.50896
6.55131
8.28669
9.78049
11.0712
12.1844
13.1397
13.9622
14.6751
15.2933
15.8253
16.2777
16.6619
16.9871
17.2605
17.4873
17.6702
17.8108
17.9125
17.982
18.0215
18.0334
18.0208
17.9847
17.9256
17.8454
17.7459
17.6288
17.4964
17.3495
17.1881
17.0128
16.8239
16.6218
16.4082
16.1844
15.9504
15.7061
15.4517
15.1874
14.9136
14.6316
14.3419
14.044
13.738
13.4239
13.1025
12.7734
12.4379
12.0951
11.7456
11.3892
11.0263
10.6569
10.2814
9.89941
9.51133
9.11718
8.71718
8.31127
7.89957
7.48212
7.05914
6.63058
6.19675
5.75752
5.31335
4.86407
4.41028
3.95183
3.48969
3.02317
2.55646
2.08289
1.62172
1.13606
0.707812
0.152308
-310.21
-312.446
-312.668
-306.232
-289.501
-262.955
-230.135
-195.078
-161.264
-130.838
-104.474
-82.286
-64.0429
-49.2636
-37.3782
-27.8113
-20.0735
-13.8005
-8.70243
-4.51737
-1.03553
1.87925
4.32274
6.38587
8.14894
9.66422
10.9638
12.0801
13.0446
13.8789
14.5995
15.2224
15.7567
16.2126
16.6024
16.9316
17.2067
17.4357
17.6194
17.7616
17.8656
17.9362
17.9775
17.9919
17.9809
17.9455
17.8871
17.8081
17.71
17.5943
17.462
17.3144
17.1518
16.9753
16.7855
16.5828
16.3683
16.1433
15.9081
15.663
15.4078
15.1429
14.8689
14.5868
14.2971
13.9993
13.6934
13.3797
13.0587
12.7303
12.3955
12.0533
11.7044
11.3486
10.9862
10.6174
10.2424
9.86083
9.47331
9.0795
8.67982
8.27418
7.86287
7.44581
7.02318
6.59499
6.16149
5.72262
5.27878
4.82986
4.37643
3.91839
3.45681
2.99098
2.52542
2.05316
1.59469
1.11177
0.690367
0.143276
-310.014
-311.622
-310.914
-303.872
-287.218
-261.199
-229.052
-194.667
-161.382
-131.316
-105.17
-83.0488
-64.7905
-49.9618
-37.9897
-28.3224
-20.5077
-14.178
-9.01639
-4.76553
-1.24154
1.69296
4.15944
6.25336
8.03928
9.56155
10.8646
11.9914
12.9698
13.813
14.5347
15.1566
15.6949
16.1579
16.5522
16.8822
17.1562
17.3852
17.572
17.7174
17.8227
17.893
17.9342
17.9494
17.9393
17.9043
17.8458
17.7666
17.6685
17.5526
17.42
17.272
17.1094
16.933
16.7433
16.5409
16.3263
16.1009
15.8655
15.6202
15.365
15.0998
14.8254
14.5429
14.2525
13.9542
13.648
13.3338
13.0124
12.6837
12.3485
12.006
11.6568
11.3009
10.9385
10.5696
10.1947
9.81329
9.42596
9.03247
8.63314
8.22802
7.81727
7.40087
6.97885
6.55134
6.11849
5.68031
5.23709
4.7888
4.33593
3.87846
3.41752
2.95241
2.48774
2.01696
1.55963
1.08118
0.660169
0.138639
-309.857
-311.036
-309.718
-302.257
-285.629
-259.948
-228.242
-194.297
-161.364
-131.534
-105.533
-83.4745
-65.2223
-50.3555
-38.3274
-28.6147
-20.7632
-14.3944
-9.19488
-4.91749
-1.37447
1.57909
4.06195
6.16706
7.95818
9.4842
10.7928
11.9255
12.9079
13.7527
14.4757
15.0999
15.6416
16.1074
16.503
16.8336
17.1087
17.3393
17.5281
17.6748
17.7807
17.8516
17.8937
17.9102
17.9012
17.8668
17.8087
17.7301
17.6328
17.5179
17.3861
17.2387
17.0765
16.9005
16.7112
16.5091
16.2948
16.0696
15.8345
15.5895
15.3346
15.0697
14.7957
14.5135
14.2237
13.926
13.6205
13.307
12.9862
12.6583
12.3242
11.9823
11.6336
11.2781
10.9162
10.5479
10.1734
9.79251
9.40546
9.01221
8.613
8.2078
7.79701
7.38053
6.95849
6.5309
6.09803
5.65981
5.21658
4.76826
4.31541
3.85804
3.39724
2.93224
2.46758
1.99756
1.53981
1.06572
0.639698
0.148962
-309.799
-310.776
-309.167
-301.515
-284.923
-259.448
-228.001
-194.311
-161.572
-131.867
-105.94
-83.9013
-65.6279
-50.7253
-38.6608
-28.911
-21.0211
-14.6198
-9.39781
-5.10225
-1.53679
1.44281
3.93887
6.05095
7.85018
9.38441
10.6978
11.8327
12.8176
13.6661
14.3924
15.0181
15.561
16.0288
16.4264
16.7588
17.0352
17.2667
17.4565
17.6044
17.7116
17.7834
17.8264
17.8436
17.8354
17.8017
17.7444
17.6664
17.5697
17.4553
17.324
17.177
17.0153
16.8398
16.6511
16.4495
16.2357
16.011
15.7762
15.5317
15.2772
15.0127
14.7391
14.4572
14.1676
13.8701
13.5647
13.2512
12.9305
12.6025
12.2682
11.9273
11.5789
11.2236
10.8618
10.4937
10.1194
9.73871
9.35185
8.95887
8.56
8.15541
7.74489
7.32863
6.90677
6.47932
6.04653
5.60836
5.16519
4.71686
4.2641
3.80674
3.34616
2.88156
2.41693
1.94791
1.48892
1.0201
0.591358
0.112922
-314.074
-315.343
-316.519
-316.764
-316.246
-314.976
-313.67
-313.762
-333.208
-334.725
-335.671
-336.006
-335.684
-334.97
-334.106
-333.757
-348.321
-351.158
-352.673
-353.24
-353.129
-352.819
-352.512
-352.172
-346.898
-350.263
-352.116
-352.862
-352.69
-352.175
-351.696
-351.058
-325.752
-328.652
-330.387
-330.946
-330.606
-329.869
-329.084
-328.157
-289.994
-292.05
-293.342
-293.796
-293.47
-292.522
-291.109
-289.508
-244.965
-246.037
-246.888
-247.288
-247.031
-246.002
-244.217
-242.158
-198.425
-198.456
-198.71
-198.925
-198.647
-197.566
-195.615
-193.372
-156.293
-155.597
-155.335
-155.239
-154.836
-153.721
-151.766
-149.559
-120.79
-119.667
-119.121
-118.849
-118.359
-117.255
-115.407
-113.364
-92.215
-90.9898
-90.3434
-89.9497
-89.3889
-88.3449
-86.6709
-84.845
-69.8822
-68.7286
-68.0914
-67.6272
-67.0269
-66.0678
-64.5943
-63.011
-52.6537
-51.6426
-51.0525
-50.5855
-50.004
-49.1392
-47.8605
-46.4987
-39.3768
-38.5397
-38.036
-37.6055
-37.0702
-36.3093
-35.2196
-34.065
-29.0683
-28.3894
-27.948
-27.5516
-27.0779
-26.4234
-25.5026
-24.5262
-20.9944
-20.456
-20.0536
-19.6744
-19.2585
-18.7003
-17.9225
-17.0811
-14.5914
-14.1648
-13.8111
-13.4663
-13.1006
-12.6207
-11.9597
-11.2028
-9.41236
-9.07634
-8.77962
-8.4825
-8.1634
-7.74938
-7.18609
-6.50711
-5.14472
-4.88195
-4.63772
-4.38577
-4.10938
-3.75112
-3.26819
-2.67927
-1.60476
-1.39633
-1.19214
-0.977436
-0.737601
-0.425596
-0.00689911
0.503363
1.34029
1.51449
1.69263
1.87578
2.0841
2.35771
2.72425
3.17004
3.81879
3.96717
4.1238
4.28156
4.46431
4.70656
5.03068
5.42429
5.94326
6.0658
6.19918
6.3368
6.49999
6.71716
7.00671
7.3578
7.77684
7.88047
7.99542
8.11724
8.26407
8.45971
8.71967
9.03481
9.34717
9.43966
9.54363
9.65461
9.78874
9.96663
10.2015
10.486
10.692
10.7806
10.873
10.9737
11.0972
11.2605
11.4745
11.7333
11.854
11.9414
12.0247
12.1156
12.2288
12.3788
12.5745
12.8114
12.8706
12.95
13.0257
13.1099
13.2152
13.3542
13.5345
13.7526
13.7602
13.8323
13.9022
13.9809
14.0795
14.2089
14.3754
14.577
14.53
14.5964
14.6622
14.7368
14.8298
14.9508
15.1052
15.2922
15.1939
15.2553
15.3168
15.3871
15.4751
15.5887
15.7325
15.9066
15.7649
15.8214
15.8792
15.946
16.0295
16.1366
16.2709
16.4337
16.2598
16.311
16.3649
16.4282
16.5075
16.6087
16.7345
16.8873
16.687
16.7339
16.7845
16.8444
16.9197
17.0154
17.1336
17.2773
17.049
17.0936
17.142
17.1995
17.2714
17.3623
17.4735
17.6091
17.3524
17.3953
17.4422
17.4975
17.5666
17.6532
17.7581
17.8864
17.6028
17.6442
17.6894
17.7429
17.8093
17.892
17.9914
18.1131
17.8055
17.8455
17.8893
17.9411
18.0051
18.0844
18.1787
18.2945
17.9678
18.0063
18.0486
18.0987
18.1606
18.2366
18.3263
18.4367
18.0939
18.1312
18.1723
18.2209
18.2806
18.3537
18.4391
18.5446
18.1874
18.2234
18.2634
18.3105
18.3683
18.4385
18.52
18.6209
18.2498
18.2847
18.3234
18.3691
18.425
18.4926
18.5704
18.6672
18.2811
18.315
18.3527
18.3973
18.4516
18.5169
18.5913
18.6843
18.2828
18.3161
18.3532
18.3968
18.4498
18.513
18.5845
18.6741
18.2598
18.2923
18.3287
18.3714
18.4231
18.4843
18.553
18.6395
18.2161
18.2477
18.2832
18.3249
18.3752
18.4346
18.5006
18.5842
18.1525
18.1835
18.2182
18.2589
18.308
18.3656
18.4291
18.5099
18.0684
18.099
18.1332
18.1733
18.2213
18.2772
18.3384
18.4167
17.9645
17.9948
18.0285
18.068
18.115
18.1695
18.2286
18.3046
17.8428
17.8726
17.9058
17.9445
17.9906
18.0436
18.1008
18.1746
17.705
17.7342
17.7669
17.8049
17.8501
17.9018
17.9571
18.0289
17.5527
17.5815
17.6137
17.6512
17.6954
17.7459
17.7994
17.8694
17.3867
17.4153
17.4471
17.484
17.5274
17.5768
17.6287
17.697
17.2076
17.2359
17.2674
17.3038
17.3464
17.3946
17.445
17.5117
17.0152
17.0432
17.0744
17.1103
17.1522
17.1994
17.2484
17.3135
16.8103
16.838
16.8689
16.9043
16.9456
16.9918
17.0394
17.1031
16.5939
16.6213
16.6517
16.6867
16.7274
16.7727
16.819
16.8813
16.367
16.3941
16.4242
16.4588
16.4988
16.5432
16.5882
16.6494
16.1303
16.1571
16.1869
16.2211
16.2605
16.304
16.348
16.408
15.8842
15.9109
15.9404
15.9741
16.0129
16.0557
16.0985
16.1574
15.6286
15.655
15.6843
15.7177
15.7559
15.798
15.8398
15.8976
15.3636
15.3898
15.4189
15.4519
15.4897
15.5309
15.5718
15.6286
15.0898
15.1157
15.1445
15.1771
15.2143
15.2549
15.2948
15.3508
14.8075
14.8332
14.8617
14.8939
14.9306
14.9705
15.0095
15.0646
14.517
14.5425
14.5707
14.6026
14.6389
14.6782
14.7164
14.7707
14.2186
14.244
14.272
14.3037
14.3395
14.3782
14.4156
14.4691
13.9124
13.9377
13.9655
13.9969
14.0323
14.0705
14.1071
14.16
13.5988
13.6239
13.6515
13.6826
13.7176
13.7552
13.7911
13.8433
13.2774
13.3024
13.3298
13.3607
13.3953
13.4324
13.4677
13.5192
12.9488
12.9736
13.0009
13.0315
13.0658
13.1024
13.137
13.1879
12.6131
12.6378
12.6649
12.6953
12.7292
12.7654
12.7994
12.8498
12.2707
12.2952
12.3222
12.3523
12.3859
12.4217
12.455
12.5049
11.9214
11.9459
11.9727
12.0026
12.0359
12.0713
12.1041
12.1535
11.5655
11.5899
11.6166
11.6463
11.6792
11.7142
11.7465
11.7953
11.2028
11.2271
11.2537
11.2832
11.316
11.3506
11.3824
11.4308
10.8336
10.8579
10.8844
10.9137
10.9461
10.9803
11.0116
11.0596
10.458
10.4822
10.5086
10.5378
10.57
10.6039
10.6348
10.6824
10.0763
10.1004
10.1267
10.1557
10.1876
10.2211
10.2515
10.2987
9.6883
9.71241
9.73862
9.76748
9.79918
9.83244
9.86242
9.9093
9.29437
9.31843
9.34454
9.37323
9.40466
9.43758
9.46712
9.51363
8.89431
8.91837
8.94443
8.973
9.00424
9.0369
9.06607
9.11226
8.48852
8.51253
8.5385
8.56691
8.59791
8.63025
8.65902
8.70486
8.07681
8.10082
8.12674
8.15503
8.18585
8.21797
8.24642
8.29199
7.65956
7.68355
7.7094
7.73757
7.76818
7.80003
7.82819
7.87353
7.23658
7.26056
7.28637
7.31444
7.34489
7.37654
7.40479
7.45058
6.80807
6.83202
6.85776
6.8857
6.91592
6.94726
6.97532
7.02122
6.37396
6.39787
6.42353
6.45134
6.48139
6.51249
6.54027
6.58593
5.93446
5.95831
5.98387
6.01155
6.04141
6.07228
6.09977
6.14519
5.48965
5.51341
5.53885
5.56635
5.59599
5.6266
5.65377
5.69886
5.03969
5.06336
5.08868
5.11603
5.14548
5.1759
5.20282
5.24769
4.58465
4.60815
4.63328
4.66038
4.68952
4.71961
4.74614
4.79059
4.12476
4.1481
4.17305
4.19997
4.2289
4.25879
4.28513
4.32949
3.65964
3.68261
3.7072
3.73373
3.76226
3.79177
3.81769
3.86164
3.19012
3.21276
3.23701
3.26319
3.29135
3.3205
3.3461
3.38981
2.71389
2.73546
2.75876
2.78412
2.81162
2.8403
2.86559
2.90918
2.23572
2.25685
2.27964
2.30441
2.33123
2.35923
2.3839
2.42681
1.74347
1.76111
1.78103
1.80359
1.8289
1.85613
1.88071
1.92463
1.26279
1.28122
1.3012
1.32309
1.34702
1.37226
1.39484
1.43516
0.739325
0.746895
0.757986
0.77318
0.792876
0.815958
0.834904
0.883323
0.302164
0.32022
0.336607
0.35174
0.366661
0.383732
0.400924
0.376905
)
;

boundaryField
{
    frontAndBack
    {
        type            empty;
    }
    inlet
    {
        type            zeroGradient;
    }
    outlet
    {
        type            fixedValue;
        value           uniform 0;
    }
    walls
    {
        type            zeroGradient;
    }
}


// ************************************************************************* //
