/*--------------------------------*- C++ -*----------------------------------*\
| =========                 |                                                 |
| \\      /  F ield         | OpenFOAM: The Open Source CFD Toolbox           |
|  \\    /   O peration     | Version:  v2012                                 |
|   \\  /    A nd           | Website:  www.openfoam.com                      |
|    \\/     M anipulation  |                                                 |
\*---------------------------------------------------------------------------*/
FoamFile
{
    version     2.0;
    format      ascii;
    class       Cloud<basicKinematicParcel>;
    location    "0.038/lagrangian/kinematicCloud";
    object      coordinates;
}
// * * * * * * * * * * * * * * * * * * * * * * * * * * * * * * * * * * * * * //

41
(
(0.0870109 0.385323 0.456495 0.071172) 1651 3212 1
(0.21692 0.39154 0.159675 0.231865) 1652 3215 2
(0.281187 0.359407 0.140414 0.218993) 367 823 1
(0.342314 0.211993 0.328843 0.11685) 1615 3144 1
(0.161991 0.419005 0.173474 0.24553) 762 1606 2
(0.667227 0.166387 0.128649 0.037738) 561 1206 2
(0.907565 0.0462176 0.0430064 0.00321124) 1477 2887 2
(0.258367 0.370817 0.202349 0.168468) 855 1793 2
(0.239504 0.183043 0.197205 0.380248) 952 1788 2
(0.470107 0.264947 0.0739337 0.191013) 351 791 1
(0.0416594 0.46527 0.0139004 0.47917) 350 788 1
(0.254261 0.37287 0.129052 0.243818) 247 332 1
(0.127077 0.00354962 0.432912 0.436462) 1017 2098 1
(0.0370492 0.481475 0.453882 0.0275932) 1294 2530 1
(0.841594 0.00535708 0.0738462 0.0792032) 1028 1939 2
(0.701012 0.0394857 0.149494 0.110008) 437 959 1
(0.490517 0.199293 0.0554489 0.254742) 1364 2661 2
(0.209591 0.209604 0.395204 0.1856) 930 1943 2
(0.494028 0.252986 0.167473 0.0855125) 129 278 1
(0.166318 0.416841 0.266915 0.149926) 829 1742 1
(0.0996646 0.0173617 0.432806 0.450168) 726 1536 1
(0.627883 0.0559628 0.186059 0.130096) 1015 2095 1
(0.193168 0.403416 0.303178 0.100238) 821 1725 2
(0.343071 0.0603715 0.328465 0.268093) 119 244 1
(0.432992 0.0182545 0.283504 0.265249) 319 724 1
(0.161321 0.41934 0.39126 0.0280793) 816 1715 2
(0.299727 0.350137 0.302467 0.0476695) 214 233 1
(0.0337146 0.483143 0.381499 0.101644) 914 1712 1
(0.195117 0.402441 0.237235 0.165206) 109 214 2
(0.0418741 0.37959 0.0994725 0.479063) 911 1904 1
(0.0927923 0.453604 0.246297 0.207307) 104 204 2
(0.227643 0.170364 0.386179 0.215815) 107 208 1
(0.582942 0.0486388 0.208529 0.15989) 1002 7630 2
(0.674234 0.0681164 0.162883 0.0947664) 603 1289 1
(0.327236 0.336382 0.0224739 0.313908) 303 496 1
(0.215219 0.304114 0.392391 0.0882768) 701 1487 2
(0.368067 0.0789751 0.315966 0.236991) 39 78 2
(0.35402 0.231309 0.32299 0.0916813) 37 75 2
(0.060491 0.469754 0.105669 0.364085) 65 131 1
(0.268663 0.365668 0.262347 0.103321) 3 4 2
(0.533588 0.0674824 0.165723 0.233206) 21 42 1
)


// ************************************************************************* //
