/*--------------------------------*- C++ -*----------------------------------*\
| =========                 |                                                 |
| \\      /  F ield         | OpenFOAM: The Open Source CFD Toolbox           |
|  \\    /   O peration     | Version:  v2012                                 |
|   \\  /    A nd           | Website:  www.openfoam.com                      |
|    \\/     M anipulation  |                                                 |
\*---------------------------------------------------------------------------*/
FoamFile
{
    version     2.0;
    format      ascii;
    class       Cloud<basicKinematicParcel>;
    location    "0.154/lagrangian/kinematicCloud";
    object      coordinates;
}
// * * * * * * * * * * * * * * * * * * * * * * * * * * * * * * * * * * * * * //

54
(
(0.0532862 0.473357 0.429562 0.0437948) 399 598 1
(0.913328 0.043336 0.0079094 0.0354266) 2804 5601 1
(0.128162 0.435919 0.203264 0.232655) 3103 6195 2
(0.135763 0.432118 0.425063 0.00705557) 2502 5000 1
(0.18171 0.409145 0.394452 0.0146927) 3401 6786 2
(0.581009 0.209495 0.136403 0.073092) 3101 6191 2
(0.588047 0.205977 0.0867277 0.119249) 71 140 2
(0.112238 0.443881 0.354933 0.0889482) 1696 3390 2
(0.138561 0.222829 0.43072 0.207891) 1595 3191 2
(0.796716 0.101642 0.0988698 0.00277226) 798 1596 2
(0.281973 0.140522 0.359013 0.218492) 898 1797 2
(0.275173 0.362414 0.36043 0.00198374) 596 1190 2
(0.0800782 0.290824 0.459961 0.169137) 1883 3764 1
(0.402625 0.298688 0.287399 0.011289) 182 165 1
(0.598044 0.200978 0.0284715 0.172507) 1884 3768 2
(0.318291 0.233942 0.340854 0.106912) 995 1988 1
(0.519328 0.196577 0.0437586 0.240336) 389 579 2
(0.397805 0.301098 0.226579 0.0745182) 1785 3571 1
(0.893747 0.0233602 0.0531263 0.0297661) 591 1183 2
(0.310463 0.344768 0.0522666 0.292502) 1589 3179 1
(0.078542 0.350728 0.110001 0.460729) 1391 2583 2
(0.0349889 0.482506 0.225176 0.257329) 1784 3568 2
(0.0836126 0.458194 0.324567 0.133627) 1389 2778 2
(0.781556 0.0488997 0.109222 0.0603222) 487 975 2
(0.616039 0.0726384 0.119342 0.19198) 889 1579 2
(0.16284 0.41858 0.41187 0.00670951) 1388 2577 1
(0.197217 0.117638 0.283753 0.401392) 384 768 1
(0.391236 0.279549 0.0248327 0.304382) 1486 2972 1
(0.461166 0.0105588 0.269417 0.258858) 178 357 2
(0.0997772 0.313869 0.450111 0.136243) 1485 2971 2
(0.0713359 0.464332 0.110752 0.35358) 39 22259 2
(0.61998 0.19001 0.011724 0.178286) 280 558 2
(0.211448 0.386909 0.394276 0.0073673) 1870 3741 2
(0.933196 0.033402 0.0328479 0.000554028) 1084 2169 1
(0.165304 0.226243 0.191105 0.417348) 683 1167 2
(0.641496 0.0827316 0.179252 0.0965203) 1283 2567 2
(0.245122 0.377439 0.211572 0.165867) 782 1564 2
(0.525228 0.237386 0.201089 0.0362973) 882 1565 1
(0.486589 0.254908 0.256706 0.00179802) 1281 2563 2
(0.405136 0.295482 0.297432 0.00194991) 67 135 2
(0.301663 0.349168 0.282293 0.0668754) 680 1361 1
(0.712246 0.0727106 0.0711666 0.143877) 1279 2359 2
(0.143556 0.428222 0.12826 0.299962) 578 1157 1
(0.46992 0.26504 0.186482 0.0785584) 577 955 1
(0.25268 0.365114 0.00854586 0.37366) 777 1355 2
(0.117322 0.149872 0.291467 0.441339) 1176 2352 1
(0.0450465 0.477477 0.454704 0.0227731) 1475 2951 1
(0.765961 0.105796 0.0112239 0.11702) 975 1950 1
(0.289341 0.0294944 0.325835 0.35533) 874 1549 2
(0.311739 0.0948791 0.344131 0.249251) 1373 2747 2
(0.433011 0.283495 0.0310877 0.252407) 370 740 2
(0.0119983 0.172435 0.494001 0.321565) 772 1545 2
(0.269076 0.365462 0.060776 0.304686) 1570 3141 1
(0.0898608 0.398294 0.056776 0.45507) 266 333 2
)


// ************************************************************************* //
