/*--------------------------------*- C++ -*----------------------------------*\
| =========                 |                                                 |
| \\      /  F ield         | OpenFOAM: The Open Source CFD Toolbox           |
|  \\    /   O peration     | Version:  v2012                                 |
|   \\  /    A nd           | Website:  www.openfoam.com                      |
|    \\/     M anipulation  |                                                 |
\*---------------------------------------------------------------------------*/
FoamFile
{
    version     2.0;
    format      ascii;
    class       volScalarField;
    location    "0.046";
    object      p;
}
// * * * * * * * * * * * * * * * * * * * * * * * * * * * * * * * * * * * * * //

dimensions      [0 2 -2 0 0 0 0];


internalField   nonuniform List<scalar> 
1900
(
-402.203
-403.07
-403.59
-403.516
-402.872
-401.297
-398.346
-389.742
-375.049
-328.288
-402.243
-403.253
-403.688
-403.548
-403.027
-401.801
-399.058
-392.313
-379.625
-356.237
-402.268
-403.335
-403.84
-403.717
-403.376
-402.512
-400.455
-395.964
-388.674
-381.481
-402.39
-403.342
-403.984
-403.922
-403.788
-403.417
-402.333
-400.351
-398.185
-400.939
-402.551
-403.395
-404.062
-404.173
-404.273
-404.404
-404.401
-404.765
-406.936
-416.396
-402.639
-403.454
-404.19
-404.429
-404.772
-405.418
-406.494
-408.878
-414.504
-428.785
-402.574
-403.517
-404.303
-404.664
-405.272
-406.388
-408.385
-412.397
-420.695
-438.385
-402.787
-403.576
-404.244
-404.795
-405.676
-407.177
-409.92
-415.169
-425.397
-445.37
-402.78
-403.575
-404.25
-404.965
-406.016
-407.736
-410.989
-417.099
-428.575
-449.934
-402.734
-403.569
-404.412
-405.094
-406.154
-408.008
-411.516
-418.111
-430.195
-452.26
-292.843
-522.405
-801.691
-987.161
-1088.32
-1119.41
-1085.61
-987.74
-838.491
-644.312
-434.367
-273.066
-167.197
-104.184
-69.6506
-51.3686
-41.3869
-35.7024
-32.3274
-30.1936
-28.7504
-27.7162
-26.9263
-26.2763
-25.7019
-25.1662
-24.6468
-24.133
-23.6214
-23.1095
-22.5958
-22.0803
-21.564
-21.047
-20.5291
-20.0096
-19.4876
-18.9626
-18.4348
-17.9046
-17.3731
-16.8412
-16.31
-15.7805
-15.254
-14.7315
-14.2142
-13.7027
-13.1978
-12.7001
-12.2099
-11.7276
-11.2538
-10.7887
-10.3328
-9.88643
-9.45003
-9.02408
-8.60906
-8.20527
-7.81273
-7.43129
-7.06098
-6.70165
-6.35315
-6.0153
-5.6879
-5.37069
-5.06338
-4.76565
-4.47714
-4.19756
-3.92673
-3.66448
-3.41087
-3.166
-2.92984
-2.70246
-2.48375
-2.2738
-2.07274
-1.88075
-1.69807
-1.52484
-1.36118
-1.20732
-1.06273
-0.928172
-0.802183
-0.686253
-0.578643
-0.480145
-0.39015
-0.309051
-0.234976
-0.171553
-0.111813
-0.0703452
-0.0201111
-0.0302282
-351.912
-543.394
-793.26
-968.947
-1067.72
-1099.71
-1065.58
-967.92
-819.52
-632.029
-434.242
-281.891
-179.336
-115.451
-78.5714
-57.7906
-45.7746
-38.6125
-34.2252
-31.4244
-29.5486
-28.2342
-27.2628
-26.4952
-25.8446
-25.2596
-24.71
-24.1798
-23.6593
-23.1423
-22.6256
-22.1087
-21.5916
-21.0741
-20.5559
-20.0362
-19.5141
-18.9894
-18.4621
-17.9327
-17.402
-16.871
-16.3407
-15.8122
-15.2865
-14.7649
-14.2482
-13.7374
-13.233
-12.7357
-12.246
-11.7641
-11.2906
-10.8259
-10.3704
-9.92438
-9.48837
-9.06279
-8.64804
-8.24441
-7.85193
-7.47054
-7.10022
-6.74086
-6.3923
-6.05434
-5.72679
-5.4094
-5.10191
-4.80401
-4.51536
-4.23568
-3.96478
-3.70261
-3.44912
-3.20435
-2.96823
-2.74089
-2.52216
-2.31232
-2.11125
-1.91948
-1.73675
-1.56375
-1.4
-1.24619
-1.10145
-0.966682
-0.84083
-0.724615
-0.617016
-0.518325
-0.4279
-0.346083
-0.27075
-0.205625
-0.142476
-0.0983107
-0.0406492
-0.0476936
-394.297
-556.593
-777.949
-943.258
-1038.67
-1069.49
-1035.35
-939.563
-795.06
-617.062
-434.467
-289.976
-189.989
-125.579
-86.6371
-63.6072
-49.7701
-41.2822
-35.9773
-32.5653
-30.2904
-28.7161
-27.5758
-26.6984
-25.9768
-25.3468
-24.77
-24.2233
-23.6921
-23.1685
-22.6481
-22.1289
-21.6102
-21.0915
-20.5723
-20.0518
-19.5293
-19.0045
-18.4772
-17.9481
-17.4178
-16.8873
-16.3576
-15.8297
-15.3047
-14.7837
-14.2677
-13.7574
-13.2536
-12.7567
-12.2673
-11.7858
-11.3126
-10.8482
-10.393
-9.94732
-9.51162
-9.08631
-8.67179
-8.2683
-7.8759
-7.49457
-7.12426
-6.76487
-6.41623
-6.07818
-5.75052
-5.43299
-5.12533
-4.82726
-4.53847
-4.25869
-3.98774
-3.72552
-3.47197
-3.22712
-2.99096
-2.76357
-2.5449
-2.33514
-2.13423
-1.94262
-1.76004
-1.58725
-1.42352
-1.2699
-1.12525
-0.990484
-0.864885
-0.748507
-0.640897
-0.541948
-0.451001
-0.368358
-0.291715
-0.224693
-0.158425
-0.110947
-0.0467322
-0.0486015
-424.028
-560.277
-757.058
-912.994
-1005.03
-1035.72
-1003.79
-911.48
-772.596
-604.649
-434.445
-296.445
-198.963
-134.302
-93.6592
-68.7314
-53.3334
-43.6883
-37.5692
-33.608
-30.9721
-29.1622
-27.8686
-26.8921
-26.1077
-25.4387
-24.8383
-24.2778
-23.7385
-23.2106
-22.6882
-22.168
-21.6487
-21.1296
-20.61
-20.0892
-19.5665
-19.0415
-18.5144
-17.9855
-17.4556
-16.9255
-16.3963
-15.8688
-15.3443
-14.8236
-14.3079
-13.7978
-13.2941
-12.7973
-12.308
-11.8265
-11.3534
-10.8891
-10.434
-9.98842
-9.55284
-9.12766
-8.71324
-8.30981
-7.91744
-7.53611
-7.16578
-6.80634
-6.45762
-6.11947
-5.79168
-5.47401
-5.1662
-4.86798
-4.57906
-4.29919
-4.02819
-3.76596
-3.51245
-3.26766
-3.03155
-2.8042
-2.58556
-2.37582
-2.17496
-1.98342
-1.80088
-1.62816
-1.4644
-1.3108
-1.16606
-1.0312
-0.905619
-0.78909
-0.681422
-0.582289
-0.490945
-0.407651
-0.329876
-0.261163
-0.192056
-0.141271
-0.0707598
-0.0655387
-447.257
-565.185
-740.535
-887.818
-976.085
-1006.62
-976.523
-887.669
-753.922
-594.209
-433.868
-301.728
-206.472
-141.668
-99.6628
-73.1705
-56.4557
-45.8158
-38.9857
-34.5389
-31.5803
-29.5576
-28.1235
-27.0547
-26.2102
-25.5024
-24.8775
-24.3017
-23.7533
-23.2199
-22.6945
-22.1729
-21.6529
-21.1334
-20.6136
-20.0928
-19.5704
-19.0459
-18.5193
-17.9912
-17.4621
-16.9328
-16.4044
-15.8779
-15.3541
-14.8342
-14.3191
-13.8097
-13.3066
-12.8104
-12.3216
-11.8406
-11.368
-10.9042
-10.4495
-10.0044
-9.56935
-9.14461
-8.73057
-8.32743
-7.93528
-7.55413
-7.18392
-6.82454
-6.47586
-6.1377
-5.80987
-5.49215
-5.18427
-4.88598
-4.597
-4.3171
-4.0461
-3.7839
-3.5304
-3.2856
-3.04948
-2.8221
-2.60346
-2.39375
-2.19297
-2.00152
-1.8191
-1.64649
-1.4828
-1.32931
-1.1846
-1.04985
-0.924337
-0.807819
-0.700119
-0.600823
-0.509072
-0.425108
-0.346189
-0.275799
-0.204004
-0.150014
-0.0732523
-0.0623535
-465.016
-571.245
-729.141
-868.617
-953.041
-982.259
-953.685
-868.042
-738.778
-585.812
-433.291
-306.015
-212.54
-147.66
-104.607
-76.8642
-59.077
-47.6185
-40.1998
-35.3497
-32.1237
-29.9263
-28.3788
-27.2372
-26.3463
-25.6092
-24.9657
-24.378
-23.822
-23.2836
-22.7548
-22.2308
-21.709
-21.1879
-20.6667
-20.1447
-19.6212
-19.0958
-18.5687
-18.0401
-17.5107
-16.9812
-16.4527
-15.926
-15.4021
-14.8821
-14.367
-13.8574
-13.3542
-12.8578
-12.3688
-11.8877
-11.4149
-10.9508
-10.496
-10.0508
-9.61561
-9.19077
-8.77665
-8.37341
-7.98116
-7.59992
-7.2296
-6.8701
-6.52128
-6.18297
-5.85498
-5.53709
-5.22905
-4.9306
-4.64149
-4.3615
-4.09043
-3.82819
-3.57468
-3.32986
-3.09373
-2.86634
-2.64769
-2.43797
-2.2372
-2.04577
-1.86337
-1.69077
-1.5271
-1.3736
-1.22883
-1.09412
-0.968532
-0.852027
-0.744268
-0.644855
-0.552789
-0.468327
-0.38843
-0.316598
-0.242222
-0.185406
-0.102073
-0.0846528
-478.088
-576.374
-720.766
-853.936
-935.202
-962.665
-935.642
-852.908
-727.263
-579.462
-432.819
-309.341
-217.286
-152.396
-108.555
-79.825
-61.1748
-49.0507
-41.1481
-35.9626
-32.5112
-30.1639
-28.5177
-27.3127
-26.3821
-25.6209
-24.9636
-24.3685
-23.8091
-23.2695
-22.7409
-22.218
-21.6974
-21.1775
-20.6575
-20.1367
-19.6143
-19.0901
-18.564
-18.0366
-17.5082
-16.9798
-16.4524
-15.9266
-15.4036
-14.8844
-14.37
-13.8612
-13.3586
-12.8628
-12.3744
-11.8938
-11.4215
-10.958
-10.5037
-10.0589
-9.62419
-9.19979
-8.78608
-8.38318
-7.99121
-7.61021
-7.24009
-6.88074
-6.53201
-6.19376
-5.8658
-5.54793
-5.2399
-4.94147
-4.65239
-4.37245
-4.10145
-3.83927
-3.58581
-3.34104
-3.10493
-2.87753
-2.65889
-2.44919
-2.24848
-2.0571
-1.87482
-1.70229
-1.53876
-1.3853
-1.24059
-1.10603
-0.980426
-0.864069
-0.756336
-0.656884
-0.564556
-0.479676
-0.398887
-0.325793
-0.249139
-0.190111
-0.100106
-0.080114
-487.262
-580.345
-714.78
-843.236
-922.491
-947.83
-922.219
-841.838
-718.842
-574.773
-432.384
-311.765
-220.834
-156.008
-111.636
-82.1949
-62.9083
-50.2865
-42.0169
-36.5743
-32.9484
-30.4836
-28.758
-27.4992
-26.5319
-25.7455
-25.0704
-24.4628
-23.8944
-23.3483
-22.8147
-22.2883
-21.7649
-21.2427
-20.7206
-20.198
-19.6742
-19.1488
-18.6218
-18.0936
-17.5646
-17.0357
-16.5079
-15.9818
-15.4584
-14.9389
-14.4243
-13.9152
-13.4122
-12.9161
-12.4274
-11.9465
-11.474
-11.0102
-10.5557
-10.1108
-9.67587
-9.25132
-8.8375
-8.43448
-8.0424
-7.66129
-7.29105
-6.93155
-6.58267
-6.24425
-5.91612
-5.59808
-5.28989
-4.99133
-4.70215
-4.42212
-4.15107
-3.88884
-3.63533
-3.3905
-3.15433
-2.92686
-2.70815
-2.49838
-2.29763
-2.1062
-1.92394
-1.75139
-1.5879
-1.43436
-1.28967
-1.15507
-1.0294
-0.913095
-0.80532
-0.705868
-0.613257
-0.528115
-0.446439
-0.372281
-0.293099
-0.232877
-0.134734
-0.113793
-493.104
-583.138
-710.959
-836.196
-914.706
-937.601
-913.103
-834.409
-713.073
-571.318
-431.62
-312.872
-222.718
-157.994
-113.339
-83.484
-63.8155
-50.891
-42.398
-36.8008
-33.0732
-30.5436
-28.7782
-27.4962
-26.5163
-25.7242
-25.0471
-24.4396
-23.8725
-23.3279
-22.7962
-22.2718
-21.7502
-21.2293
-20.7086
-20.1872
-19.6644
-19.14
-18.6139
-18.0866
-17.5584
-17.0303
-16.5032
-15.9778
-15.4551
-14.9362
-14.422
-13.9133
-13.4108
-12.915
-12.4266
-11.9461
-11.4739
-11.0105
-10.5563
-10.1117
-9.67707
-9.25285
-8.83932
-8.43653
-8.04467
-7.66379
-7.29372
-6.93436
-6.58557
-6.24722
-5.91913
-5.60113
-5.293
-4.99451
-4.70543
-4.42551
-4.15456
-3.89241
-3.63897
-3.39418
-3.15804
-2.93058
-2.71186
-2.50206
-2.30134
-2.10995
-1.92783
-1.75537
-1.59205
-1.43847
-1.29394
-1.15925
-1.03373
-0.91755
-0.809787
-0.710626
-0.617785
-0.532652
-0.450355
-0.375629
-0.294263
-0.234329
-0.1266
-0.115051
-495.998
-584.595
-709.093
-832.662
-911.267
-932.311
-908.494
-830.809
-710.424
-569.952
-431.712
-313.967
-224.198
-159.474
-114.609
-84.4779
-64.559
-51.4368
-42.7971
-37.0965
-33.298
-30.7195
-28.9201
-27.6143
-26.618
-25.8141
-25.1286
-24.5151
-23.9437
-23.3956
-22.8615
-22.3353
-21.8123
-21.2903
-20.7686
-20.2464
-19.723
-19.198
-18.6715
-18.1438
-17.6153
-17.087
-16.5597
-16.0342
-15.5113
-14.9921
-14.4777
-13.9689
-13.4662
-12.9703
-12.4818
-12.0012
-11.5289
-11.0654
-10.6111
-10.1664
-9.73161
-9.30731
-8.89377
-8.49094
-8.09903
-7.71809
-7.34797
-6.98854
-6.63966
-6.30121
-5.97302
-5.65493
-5.34673
-5.04819
-4.75907
-4.47912
-4.20814
-3.94597
-3.69248
-3.44764
-3.21144
-2.98391
-2.76514
-2.55529
-2.35453
-2.1631
-1.981
-1.80856
-1.6453
-1.49163
-1.34714
-1.2123
-1.0868
-0.970606
-0.862826
-0.763792
-0.670784
-0.585648
-0.502455
-0.427893
-0.343372
-0.286794
-0.166796
-0.170265
-299.094
-310.377
-318.002
-319.936
-311.432
-294.847
-279.632
-278.057
-533.54
-542.628
-548.357
-547.957
-539.269
-522.807
-504.207
-496.079
-811.063
-818.025
-821.223
-818.427
-809.845
-796.396
-780.934
-770.941
-999.849
-1006.85
-1008.46
-1005.61
-999.27
-990.74
-981.779
-975.096
-1101.35
-1107.33
-1108.31
-1106.66
-1102.6
-1097.2
-1091.93
-1087.85
-1131.46
-1138.36
-1139.39
-1137.91
-1134.43
-1128.71
-1123.18
-1118.9
-1096.05
-1101.7
-1103.03
-1100.89
-1096.86
-1092.04
-1087.88
-1085.28
-996.782
-1001.28
-1002.41
-1000.55
-996.367
-991.177
-986.483
-983.392
-847.447
-851.316
-851.645
-848.881
-843.892
-837.903
-832.463
-828.968
-648.563
-648.973
-647.059
-642.597
-636.217
-629.14
-623.013
-619.252
-432.765
-429.296
-424.341
-418.354
-411.933
-405.777
-400.795
-398.013
-264.497
-256.429
-248.537
-241.314
-234.968
-229.74
-225.994
-224.209
-155.477
-145.355
-136.102
-128.178
-121.862
-117.374
-114.63
-113.534
-93.6001
-84.4275
-75.9587
-68.7828
-63.2602
-59.5412
-57.4899
-56.7401
-61.4421
-54.3802
-47.7352
-42.0417
-37.68
-34.7798
-33.2344
-32.7252
-45.4773
-40.4413
-35.6912
-31.6001
-28.4774
-26.4316
-25.372
-25.0811
-37.3701
-33.9448
-30.7025
-27.8823
-25.7034
-24.2517
-23.4638
-23.2143
-33.0528
-30.8014
-28.6702
-26.8143
-25.3841
-24.4457
-23.9502
-23.808
-30.6103
-29.1567
-27.7812
-26.5832
-25.6588
-25.0525
-24.7281
-24.6275
-29.085
-28.1485
-27.2602
-26.4839
-25.8803
-25.481
-25.2625
-25.1861
-28.034
-27.4301
-26.8556
-26.3522
-25.958
-25.695
-25.5485
-25.4889
-27.253
-26.8637
-26.4925
-26.1672
-25.9102
-25.7361
-25.637
-25.5882
-26.6259
-26.3748
-26.1348
-25.9242
-25.756
-25.6392
-25.5709
-25.5268
-26.0803
-25.9173
-25.7616
-25.6249
-25.5137
-25.4334
-25.3858
-25.3436
-25.5735
-25.4671
-25.3654
-25.2757
-25.201
-25.1434
-25.1097
-25.069
-25.0806
-25.0099
-24.9428
-24.8826
-24.8313
-24.7873
-24.7622
-24.7228
-24.5906
-24.5416
-24.4932
-24.4513
-24.4143
-24.378
-24.3579
-24.3195
-24.0935
-24.0586
-24.0226
-23.9912
-23.9621
-23.9296
-23.9126
-23.8746
-23.5902
-23.5635
-23.5356
-23.5098
-23.4853
-23.4549
-23.44
-23.4023
-23.0828
-23.0603
-23.0366
-23.0136
-22.9918
-22.9626
-22.9492
-22.9118
-22.5716
-22.5512
-22.5298
-22.5081
-22.488
-22.4595
-22.4471
-22.4098
-22.0577
-22.0385
-22.0184
-21.9973
-21.9784
-21.9502
-21.9385
-21.9012
-21.5424
-21.5239
-21.5047
-21.4839
-21.4661
-21.4379
-21.427
-21.3897
-21.0264
-21.0083
-20.99
-20.9694
-20.9526
-20.9245
-20.9141
-20.8767
-20.5093
-20.4917
-20.4741
-20.4539
-20.4378
-20.4099
-20.3999
-20.3624
-19.9905
-19.9731
-19.9563
-19.9362
-19.9209
-19.8929
-19.8831
-19.8455
-19.469
-19.4517
-19.4354
-19.4153
-19.4005
-19.3724
-19.3627
-19.325
-18.9442
-18.9268
-18.9107
-18.8903
-18.8758
-18.8475
-18.8377
-18.7999
-18.4164
-18.3985
-18.3823
-18.3615
-18.347
-18.3184
-18.3084
-18.2705
-17.886
-17.8675
-17.8511
-17.8297
-17.815
-17.786
-17.7757
-17.7378
-17.3541
-17.3349
-17.3181
-17.2961
-17.281
-17.2516
-17.241
-17.2031
-16.8218
-16.8017
-16.7846
-16.7619
-16.7464
-16.7166
-16.7058
-16.6678
-16.29
-16.2692
-16.2516
-16.2282
-16.2123
-16.1821
-16.1711
-16.133
-15.7601
-15.7384
-15.7203
-15.6962
-15.6799
-15.6494
-15.6382
-15.6
-15.233
-15.2106
-15.1919
-15.1672
-15.1505
-15.1196
-15.1083
-15.0701
-14.7102
-14.6871
-14.6679
-14.6426
-14.6255
-14.5943
-14.5829
-14.5446
-14.1925
-14.1688
-14.1492
-14.1233
-14.1059
-14.0745
-14.0629
-14.0246
-13.6808
-13.6565
-13.6366
-13.6102
-13.5926
-13.5608
-13.5492
-13.5108
-13.1758
-13.1509
-13.1307
-13.104
-13.086
-13.054
-13.0423
-13.0038
-12.6779
-12.6525
-12.6321
-12.605
-12.5868
-12.5546
-12.5427
-12.5042
-12.1876
-12.1618
-12.1412
-12.1138
-12.0953
-12.0629
-12.0508
-12.0123
-11.7052
-11.679
-11.6583
-11.6305
-11.6118
-11.5791
-11.5668
-11.5283
-11.2311
-11.2046
-11.1836
-11.1555
-11.1365
-11.1036
-11.0912
-11.0526
-10.7659
-10.739
-10.7178
-10.6893
-10.6701
-10.6369
-10.6243
-10.5857
-10.3098
-10.2825
-10.2611
-10.2323
-10.2129
-10.1794
-10.1667
-10.128
-9.86315
-9.83549
-9.8139
-9.78472
-9.76507
-9.7314
-9.71861
-9.67989
-9.42646
-9.39837
-9.37653
-9.347
-9.32709
-9.29318
-9.28033
-9.24158
-9.00022
-8.97175
-8.94963
-8.91975
-8.89957
-8.86542
-8.85246
-8.81369
-8.58495
-8.55622
-8.53387
-8.50367
-8.4833
-8.44897
-8.43594
-8.39712
-8.18098
-8.15217
-8.12965
-8.09912
-8.07871
-8.04427
-8.03124
-7.99239
-7.7883
-7.75946
-7.7369
-7.70621
-7.68586
-7.65137
-7.6384
-7.59953
-7.40679
-7.37788
-7.35542
-7.3248
-7.30449
-7.27
-7.25708
-7.21819
-7.03647
-7.00755
-6.98514
-6.95458
-6.93432
-6.89988
-6.88704
-6.84813
-6.67716
-6.64827
-6.62591
-6.59539
-6.57519
-6.54079
-6.52799
-6.48909
-6.3287
-6.29987
-6.27758
-6.24714
-6.22702
-6.19268
-6.17996
-6.14103
-5.99092
-5.96218
-5.94
-5.90963
-5.88962
-5.85532
-5.84263
-5.80371
-5.66362
-5.63502
-5.61297
-5.58273
-5.56286
-5.52865
-5.51603
-5.47709
-5.34655
-5.3181
-5.29623
-5.26614
-5.24644
-5.2123
-5.19975
-5.16079
-5.0394
-5.01114
-4.98946
-4.95954
-4.94003
-4.90599
-4.89352
-4.85454
-4.74187
-4.71375
-4.69227
-4.6625
-4.64319
-4.60926
-4.59688
-4.55786
-4.45352
-4.4255
-4.4042
-4.37453
-4.35538
-4.3215
-4.3092
-4.27016
-4.17401
-4.14605
-4.12487
-4.09525
-4.0762
-4.04234
-4.03007
-3.99101
-3.90317
-3.87525
-3.85412
-3.8245
-3.80552
-3.77164
-3.75939
-3.72028
-3.64091
-3.61308
-3.59191
-3.56224
-3.54325
-3.50929
-3.49702
-3.45788
-3.38728
-3.35953
-3.3383
-3.30861
-3.28961
-3.2556
-3.2433
-3.20411
-3.14237
-3.11467
-3.09338
-3.06368
-3.04464
-3.01057
-2.99823
-2.95902
-2.90623
-2.87854
-2.85724
-2.82758
-2.80854
-2.77447
-2.76211
-2.72285
-2.67882
-2.65111
-2.62979
-2.60012
-2.58106
-2.54697
-2.5346
-2.49534
-2.4601
-2.43233
-2.411
-2.3813
-2.36223
-2.32816
-2.31578
-2.27649
-2.25002
-2.22213
-2.20071
-2.17087
-2.15167
-2.11744
-2.10497
-2.06566
-2.04888
-2.02084
-1.99933
-1.96938
-1.95011
-1.91584
-1.9033
-1.86398
-1.85669
-1.82845
-1.8068
-1.77663
-1.75713
-1.72261
-1.70993
-1.67052
-1.67397
-1.6456
-1.62388
-1.59362
-1.57409
-1.53956
-1.52681
-1.4874
-1.50058
-1.47201
-1.45019
-1.41973
-1.39999
-1.36529
-1.35249
-1.31306
-1.33697
-1.30833
-1.28655
-1.25608
-1.23643
-1.20171
-1.18884
-1.14938
-1.1829
-1.15406
-1.13226
-1.10156
-1.08175
-1.04697
-1.03416
-0.994721
-1.03827
-1.00948
-0.987929
-0.957244
-0.937633
-0.902773
-0.889919
-0.850456
-0.903498
-0.874567
-0.85297
-0.822054
-0.802419
-0.767595
-0.754834
-0.715389
-0.777614
-0.748846
-0.727439
-0.696655
-0.67718
-0.642278
-0.629581
-0.590155
-0.661721
-0.632861
-0.611357
-0.580478
-0.561144
-0.526291
-0.513658
-0.474204
-0.554304
-0.525659
-0.504462
-0.473787
-0.454585
-0.41978
-0.407331
-0.367974
-0.456145
-0.427643
-0.40656
-0.375988
-0.357064
-0.322403
-0.310012
-0.270603
-0.366745
-0.338667
-0.318207
-0.28806
-0.269419
-0.235134
-0.223122
-0.183976
-0.286401
-0.258717
-0.238587
-0.208891
-0.190759
-0.156664
-0.144583
-0.105354
-0.213883
-0.187567
-0.169115
-0.140741
-0.123816
-0.0914823
-0.0808521
-0.0424801
-0.152012
-0.126435
-0.108442
-0.081184
-0.0647641
-0.0317959
-0.0202517
0.0186196
-0.0960731
-0.0742485
-0.0608798
-0.03843
-0.0272806
-0.0007903
0.00516441
0.0411392
-0.0562806
-0.0346495
-0.020183
0.00502323
0.0204904
0.0531386
0.0651619
0.104266
-0.0142855
-0.00171778
0.000396362
0.00928825
0.00404595
0.0138944
0.00536269
0.0344835
-0.0217319
-0.00081463
0.0184342
0.0560999
0.0912742
0.148065
0.181887
0.230005
)
;

boundaryField
{
    frontAndBack
    {
        type            empty;
    }
    inlet
    {
        type            zeroGradient;
    }
    outlet
    {
        type            fixedValue;
        value           uniform 0;
    }
    walls
    {
        type            zeroGradient;
    }
}


// ************************************************************************* //
