/*--------------------------------*- C++ -*----------------------------------*\
| =========                 |                                                 |
| \\      /  F ield         | OpenFOAM: The Open Source CFD Toolbox           |
|  \\    /   O peration     | Version:  v2012                                 |
|   \\  /    A nd           | Website:  www.openfoam.com                      |
|    \\/     M anipulation  |                                                 |
\*---------------------------------------------------------------------------*/
FoamFile
{
    version     2.0;
    format      ascii;
    class       volScalarField;
    location    "0.246";
    object      p;
}
// * * * * * * * * * * * * * * * * * * * * * * * * * * * * * * * * * * * * * //

dimensions      [0 2 -2 0 0 0 0];


internalField   nonuniform List<scalar> 
5600
(
-0.588331
-1.04639
-1.42671
-1.74513
-2.05649
-2.36647
-2.66792
-2.94939
-3.2128
-3.46303
-3.69903
-3.92434
-4.13826
-4.34469
-4.54507
-4.74047
-4.93343
-5.12273
-5.31
-5.49494
-5.67758
-5.8583
-6.03539
-6.2123
-6.38673
-6.56048
-6.73277
-6.90383
-7.07476
-7.24486
-7.41473
-7.58359
-7.75184
-7.91954
-8.08682
-8.25343
-8.41947
-8.58487
-8.74977
-8.91395
-9.07763
-9.24055
-9.40307
-9.56466
-9.72594
-9.88671
-10.0467
-10.2066
-10.3658
-10.5245
-10.6829
-10.8407
-10.9981
-11.155
-11.3115
-11.4675
-11.6232
-11.7785
-11.9332
-12.0875
-12.2415
-12.3951
-12.5484
-12.7011
-12.8536
-13.0057
-13.1574
-13.3088
-13.4599
-13.6106
-13.761
-13.9112
-14.061
-14.2106
-14.3599
-14.5089
-14.6576
-14.8061
-14.9542
-15.1023
-15.2501
-15.3979
-15.5452
-15.6924
-15.8391
-15.9857
-16.1321
-16.2785
-16.4247
-16.5707
-16.7166
-16.8621
-17.0082
-17.154
-17.3004
-17.4469
-17.596
-17.7488
-17.9044
-18.1396
-0.647369
-1.06658
-1.44328
-1.76298
-2.07448
-2.38479
-2.6862
-2.96787
-3.23172
-3.48191
-3.7182
-3.94377
-4.15806
-4.36484
-4.56558
-4.7613
-4.95455
-5.1441
-5.33153
-5.51657
-5.69938
-5.88023
-6.05737
-6.2344
-6.40897
-6.58284
-6.75523
-6.92636
-7.0974
-7.26759
-7.43755
-7.60648
-7.77475
-7.94247
-8.10979
-8.27643
-8.44251
-8.60794
-8.77288
-8.93708
-9.10081
-9.26374
-9.42631
-9.58791
-9.74922
-9.90999
-10.07
-10.2299
-10.3891
-10.5478
-10.7062
-10.864
-11.0215
-11.1783
-11.3348
-11.4908
-11.6465
-11.8018
-11.9564
-12.1107
-12.2647
-12.4183
-12.5716
-12.7243
-12.8768
-13.0288
-13.1806
-13.3319
-13.483
-13.6337
-13.7842
-13.9343
-14.0842
-14.2337
-14.383
-14.532
-14.6807
-14.8292
-14.9773
-15.1254
-15.2732
-15.4209
-15.5682
-15.7155
-15.8622
-16.0088
-16.1551
-16.3016
-16.4477
-16.5938
-16.7395
-16.8854
-17.0311
-17.1775
-17.3228
-17.4711
-17.6171
-17.7739
-17.9245
-18.1526
-0.685613
-1.07923
-1.45597
-1.7764
-2.08569
-2.39349
-2.69382
-2.9751
-3.23871
-3.48852
-3.72464
-3.95021
-4.16457
-4.37135
-4.57205
-4.76786
-4.96111
-5.15065
-5.33811
-5.52314
-5.706
-5.88681
-6.06421
-6.24119
-6.41574
-6.58957
-6.76186
-6.93303
-7.10395
-7.2741
-7.44399
-7.61285
-7.78118
-7.94892
-8.11621
-8.28284
-8.44889
-8.61429
-8.7792
-8.94334
-9.10702
-9.26989
-9.43239
-9.59391
-9.75514
-9.91593
-10.076
-10.2358
-10.395
-10.5538
-10.7122
-10.87
-11.0275
-11.1843
-11.3409
-11.497
-11.6527
-11.808
-11.9628
-12.1171
-12.2712
-12.4248
-12.5782
-12.731
-12.8835
-13.0356
-13.1874
-13.3388
-13.4899
-13.6406
-13.7911
-13.9413
-14.0912
-14.2408
-14.3901
-14.5392
-14.6878
-14.8363
-14.9845
-15.1326
-15.2805
-15.4282
-15.5755
-15.7228
-15.8695
-16.0162
-16.1625
-16.309
-16.4551
-16.6012
-16.7469
-16.8928
-17.0384
-17.1849
-17.3303
-17.4785
-17.625
-17.7824
-17.9321
-18.1524
-0.73431
-1.09574
-1.47131
-1.7933
-2.10125
-2.40811
-2.70885
-2.99071
-3.25498
-3.5051
-3.74181
-3.96738
-4.18221
-4.38924
-4.58991
-4.78576
-4.97872
-5.1681
-5.35527
-5.53992
-5.72271
-5.90333
-6.08087
-6.25783
-6.43257
-6.60667
-6.77929
-6.95085
-7.12197
-7.29236
-7.46241
-7.63144
-7.79976
-7.96758
-8.13493
-8.30166
-8.46779
-8.63329
-8.7983
-8.96257
-9.12638
-9.28943
-9.4521
-9.61382
-9.77524
-9.93604
-10.0961
-10.256
-10.4153
-10.5741
-10.7326
-10.8904
-11.048
-11.2049
-11.3614
-11.5174
-11.673
-11.8283
-11.9829
-12.1372
-12.2912
-12.4447
-12.598
-12.7506
-12.9031
-13.0552
-13.2069
-13.3582
-13.5093
-13.66
-13.8104
-13.9605
-14.1104
-14.26
-14.4092
-14.5583
-14.7069
-14.8554
-15.0036
-15.1516
-15.2994
-15.4471
-15.5945
-15.7417
-15.8884
-16.035
-16.1814
-16.3278
-16.4739
-16.62
-16.7658
-16.9116
-17.0574
-17.2035
-17.3492
-17.4967
-17.6438
-17.7992
-17.9538
-18.1534
-0.783906
-1.11289
-1.48705
-1.81153
-2.11782
-2.42387
-2.72431
-3.00598
-3.27028
-3.52019
-3.75714
-3.98247
-4.19746
-4.40479
-4.60559
-4.80167
-4.99475
-5.18428
-5.37163
-5.55631
-5.73917
-5.91969
-6.09734
-6.27403
-6.44869
-6.62255
-6.79496
-6.9664
-7.13718
-7.30756
-7.47745
-7.6465
-7.81486
-7.9828
-8.15014
-8.31691
-8.48302
-8.64853
-8.81349
-8.97775
-9.14146
-9.30443
-9.46694
-9.62861
-9.78992
-9.95071
-10.1107
-10.2706
-10.4298
-10.5886
-10.7469
-10.9047
-11.0621
-11.2189
-11.3755
-11.5316
-11.6873
-11.8427
-11.9975
-12.1518
-12.3059
-12.4595
-12.6129
-12.7657
-12.9183
-13.0704
-13.2222
-13.3736
-13.5248
-13.6755
-13.826
-13.9762
-14.1261
-14.2757
-14.425
-14.5741
-14.7228
-14.8713
-15.0195
-15.1676
-15.3155
-15.4632
-15.6106
-15.7578
-15.9046
-16.0512
-16.1976
-16.3439
-16.4902
-16.6362
-16.7821
-16.9278
-17.0737
-17.2198
-17.3655
-17.513
-17.6598
-17.8149
-17.9666
-18.1593
-0.833913
-1.13222
-1.50435
-1.8318
-2.13642
-2.44154
-2.74159
-3.02331
-3.28779
-3.53792
-3.77512
-4.00077
-4.21606
-4.42364
-4.62465
-4.82087
-5.014
-5.20357
-5.39098
-5.57564
-5.7584
-5.9388
-6.11663
-6.29325
-6.46806
-6.64192
-6.81436
-6.98591
-7.15666
-7.32695
-7.49683
-7.66584
-7.83415
-8.00198
-8.16922
-8.33588
-8.50193
-8.66737
-8.83228
-8.99652
-9.16022
-9.32342
-9.48596
-9.64775
-9.80911
-9.96998
-10.1301
-10.29
-10.4493
-10.6082
-10.7666
-10.9245
-11.082
-11.2389
-11.3954
-11.5516
-11.7073
-11.8626
-12.0174
-12.1717
-12.3258
-12.4793
-12.6326
-12.7853
-12.9378
-13.0899
-13.2417
-13.3931
-13.5441
-13.6949
-13.8453
-13.9955
-14.1454
-14.295
-14.4443
-14.5933
-14.7421
-14.8905
-15.0388
-15.1868
-15.3347
-15.4824
-15.6298
-15.777
-15.9238
-16.0703
-16.2167
-16.3631
-16.5093
-16.6554
-16.8012
-16.947
-17.0929
-17.2389
-17.3846
-17.5319
-17.6786
-17.8323
-17.9829
-18.167
-0.883316
-1.15403
-1.52346
-1.8541
-2.15721
-2.46136
-2.76106
-3.04292
-3.30751
-3.55779
-3.79515
-4.02095
-4.23642
-4.4441
-4.64525
-4.84159
-5.03472
-5.22438
-5.41181
-5.59648
-5.77925
-5.95965
-6.1376
-6.31419
-6.48909
-6.6629
-6.83538
-7.00694
-7.17779
-7.34799
-7.51786
-7.68689
-7.85524
-8.02304
-8.19031
-8.35694
-8.52299
-8.68842
-8.85326
-9.01754
-9.18111
-9.34436
-9.50681
-9.66855
-9.82982
-9.99055
-10.1507
-10.3105
-10.4697
-10.6285
-10.7869
-10.9447
-11.1022
-11.2592
-11.4157
-11.5718
-11.7276
-11.8829
-12.0377
-12.192
-12.3461
-12.4997
-12.653
-12.8058
-12.9583
-13.1105
-13.2622
-13.4137
-13.5648
-13.7155
-13.866
-14.0162
-14.1661
-14.3157
-14.465
-14.6141
-14.7629
-14.9113
-15.0596
-15.2077
-15.3556
-15.5032
-15.6507
-15.7978
-15.9447
-16.0913
-16.2376
-16.3841
-16.5303
-16.6764
-16.8222
-16.968
-17.1138
-17.2598
-17.4055
-17.5524
-17.699
-17.8511
-18.0001
-18.1747
-0.930295
-1.1785
-1.54491
-1.87857
-2.18043
-2.48365
-2.78308
-3.06509
-3.32971
-3.5801
-3.81763
-4.04352
-4.2592
-4.467
-4.66831
-4.86482
-5.05796
-5.24772
-5.43514
-5.61988
-5.80262
-5.983
-6.16102
-6.33757
-6.51253
-6.68631
-6.85883
-7.0304
-7.20128
-7.37149
-7.54134
-7.71037
-7.87874
-8.04653
-8.21382
-8.38044
-8.54649
-8.71193
-8.87675
-9.04111
-9.20466
-9.36785
-9.53026
-9.69203
-9.85334
-10.014
-10.1742
-10.3339
-10.4932
-10.6519
-10.8103
-10.9681
-11.1255
-11.2826
-11.4391
-11.5952
-11.7509
-11.9061
-12.0609
-12.2152
-12.3692
-12.5228
-12.6761
-12.8289
-12.9814
-13.1335
-13.2853
-13.4367
-13.5879
-13.7386
-13.8891
-14.0393
-14.1892
-14.3388
-14.4881
-14.6372
-14.786
-14.9345
-15.0827
-15.2308
-15.3787
-15.5264
-15.6738
-15.8209
-15.9678
-16.1144
-16.2607
-16.4072
-16.5534
-16.6995
-16.8453
-16.9911
-17.1369
-17.2829
-17.4285
-17.5751
-17.7213
-17.8716
-18.0185
-18.183
-0.973276
-1.20554
-1.56929
-1.90535
-2.2063
-2.50875
-2.80799
-3.09009
-3.35472
-3.60521
-3.8429
-4.06885
-4.28472
-4.49259
-4.69402
-4.89064
-5.08375
-5.27359
-5.46098
-5.64579
-5.82847
-6.00882
-6.1869
-6.36343
-6.53844
-6.71221
-6.88475
-7.05633
-7.22725
-7.39749
-7.56729
-7.73632
-7.9047
-8.0725
-8.23978
-8.40641
-8.57245
-8.7379
-8.90271
-9.06706
-9.23063
-9.39378
-9.55621
-9.71799
-9.87933
-10.0399
-10.2002
-10.3599
-10.5191
-10.6779
-10.8362
-10.9942
-11.1515
-11.3086
-11.4651
-11.6212
-11.7768
-11.932
-12.0868
-12.2411
-12.3951
-12.5487
-12.7019
-12.8547
-13.0072
-13.1592
-13.311
-13.4625
-13.6136
-13.7644
-13.9148
-14.065
-14.2149
-14.3645
-14.5137
-14.6627
-14.8115
-14.96
-15.1082
-15.2563
-15.4042
-15.5519
-15.6993
-15.8464
-15.9933
-16.1399
-16.2862
-16.4327
-16.5789
-16.725
-16.8708
-17.0167
-17.1625
-17.3084
-17.4539
-17.6002
-17.7458
-17.8942
-18.0383
-18.1919
-1.01046
-1.23472
-1.59717
-1.93462
-2.23501
-2.53707
-2.83622
-3.11834
-3.38297
-3.63354
-3.87134
-4.09729
-4.31327
-4.52117
-4.72268
-4.91936
-5.11245
-5.30237
-5.48973
-5.67461
-5.85723
-6.03756
-6.21568
-6.39221
-6.56723
-6.741
-6.91354
-7.08513
-7.2561
-7.42633
-7.5961
-7.76513
-7.93352
-8.10134
-8.26859
-8.43525
-8.60126
-8.76673
-8.93153
-9.09589
-9.2595
-9.42259
-9.58504
-9.74682
-9.90814
-10.0688
-10.229
-10.3887
-10.548
-10.7068
-10.865
-11.023
-11.1803
-11.3374
-11.4939
-11.65
-11.8056
-11.9608
-12.1156
-12.27
-12.424
-12.5775
-12.7307
-12.8835
-13.036
-13.1881
-13.3399
-13.4913
-13.6424
-13.7932
-13.9436
-14.0939
-14.2436
-14.3933
-14.5425
-14.6915
-14.8403
-14.9887
-15.1369
-15.285
-15.4329
-15.5805
-15.728
-15.875
-16.0218
-16.1684
-16.3147
-16.4611
-16.6074
-16.7534
-16.8993
-17.0451
-17.1909
-17.3367
-17.4821
-17.6279
-17.7729
-17.9192
-18.06
-18.2025
-1.03781
-1.264
-1.62761
-1.96497
-2.26522
-2.56747
-2.86667
-3.14869
-3.41329
-3.6639
-3.90174
-4.12763
-4.34363
-4.5515
-4.75302
-4.94973
-5.14279
-5.33275
-5.52007
-5.70501
-5.88758
-6.06786
-6.246
-6.42252
-6.59755
-6.77131
-6.94384
-7.11542
-7.28644
-7.45667
-7.6264
-7.79543
-7.96383
-8.13166
-8.2989
-8.46558
-8.63156
-8.79706
-8.96183
-9.12621
-9.28987
-9.45287
-9.61536
-9.77713
-9.93844
-10.0991
-10.2593
-10.4191
-10.5783
-10.7371
-10.8953
-11.0533
-11.2106
-11.3677
-11.5243
-11.6803
-11.8359
-11.9911
-12.1459
-12.3003
-12.4543
-12.6079
-12.761
-12.9139
-13.0664
-13.2184
-13.3702
-13.5217
-13.6727
-13.8235
-13.9739
-14.1242
-14.274
-14.4236
-14.5728
-14.7218
-14.8705
-15.019
-15.1672
-15.3153
-15.4631
-15.6108
-15.7582
-15.9053
-16.0522
-16.1987
-16.3451
-16.4915
-16.6377
-16.7837
-16.9296
-17.0755
-17.2212
-17.3669
-17.5123
-17.6576
-17.8019
-17.9459
-18.0835
-18.2165
-1.0526
-1.29064
-1.65769
-1.99344
-2.29399
-2.59702
-2.89637
-3.1782
-3.44276
-3.69338
-3.93117
-4.15692
-4.37288
-4.58064
-4.78212
-4.97881
-5.17181
-5.36178
-5.54905
-5.73405
-5.91658
-6.09679
-6.27493
-6.45146
-6.62648
-6.80023
-6.97275
-7.14431
-7.31539
-7.4856
-7.65533
-7.82432
-7.99275
-8.16059
-8.32781
-8.49451
-8.66047
-8.82599
-8.99072
-9.15513
-9.3188
-9.48175
-9.64427
-9.80603
-9.96733
-10.128
-10.2882
-10.448
-10.6072
-10.766
-10.9243
-11.0822
-11.2396
-11.3966
-11.5532
-11.7092
-11.8648
-12.0201
-12.1748
-12.3292
-12.4832
-12.6367
-12.7899
-12.9427
-13.0952
-13.2473
-13.3991
-13.5506
-13.7017
-13.8524
-14.0029
-14.1531
-14.303
-14.4525
-14.6018
-14.7508
-14.8996
-15.0481
-15.1963
-15.3444
-15.4923
-15.6399
-15.7874
-15.9345
-16.0814
-16.2279
-16.3745
-16.5208
-16.667
-16.8131
-16.9591
-17.1049
-17.2506
-17.3962
-17.5415
-17.6865
-17.83
-17.9721
-18.1069
-18.2326
-1.05631
-1.3142
-1.68574
-2.0188
-2.32003
-2.6242
-2.92377
-3.20535
-3.46985
-3.72048
-3.95817
-4.18373
-4.3996
-4.60718
-4.80857
-5.0052
-5.19813
-5.38813
-5.57534
-5.76039
-5.94288
-6.12302
-6.30114
-6.47766
-6.65266
-6.8264
-6.99889
-7.17041
-7.34156
-7.51174
-7.68146
-7.85044
-8.01887
-8.18672
-8.35395
-8.52064
-8.6866
-8.85213
-9.01685
-9.1813
-9.34497
-9.50789
-9.67041
-9.83216
-9.99345
-10.1542
-10.3143
-10.4741
-10.6333
-10.7921
-10.9504
-11.1082
-11.2657
-11.4228
-11.5793
-11.7354
-11.891
-12.0462
-12.201
-12.3554
-12.5094
-12.663
-12.8162
-12.9691
-13.1216
-13.2737
-13.4255
-13.577
-13.7281
-13.8789
-14.0294
-14.1797
-14.3295
-14.4791
-14.6284
-14.7775
-14.9262
-15.0747
-15.223
-15.3711
-15.5189
-15.6666
-15.814
-15.961
-16.1079
-16.2544
-16.4008
-16.5471
-16.6932
-16.8393
-16.9853
-17.1312
-17.277
-17.4226
-17.5678
-17.7125
-17.8553
-17.9961
-18.1288
-18.2491
-1.05123
-1.33552
-1.71171
-2.04146
-2.34372
-2.64919
-2.94904
-3.23027
-3.4947
-3.74532
-3.98288
-4.20821
-4.42398
-4.63137
-4.83262
-5.02918
-5.22202
-5.41202
-5.59916
-5.78427
-5.96672
-6.1468
-6.3249
-6.5014
-6.67641
-6.8501
-7.02258
-7.19406
-7.36526
-7.53542
-7.70511
-7.87409
-8.04253
-8.21036
-8.37759
-8.54426
-8.71024
-8.87567
-9.04046
-9.20492
-9.36858
-9.53152
-9.69401
-9.85581
-10.0171
-10.1778
-10.338
-10.4978
-10.6571
-10.8159
-10.9742
-11.132
-11.2896
-11.4467
-11.6032
-11.7593
-11.915
-12.0703
-12.2251
-12.3796
-12.5336
-12.6872
-12.8404
-12.9932
-13.1457
-13.2977
-13.4495
-13.601
-13.7521
-13.9029
-14.0534
-14.2036
-14.3535
-14.5031
-14.6524
-14.8015
-14.9502
-15.0987
-15.247
-15.3951
-15.5429
-15.6906
-15.838
-15.9852
-16.1321
-16.2788
-16.4254
-16.5717
-16.718
-16.864
-17.0098
-17.1556
-17.3013
-17.4468
-17.5918
-17.7364
-17.8791
-18.0182
-18.1492
-18.2656
-1.0399
-1.35498
-1.73534
-2.06169
-2.36525
-2.67208
-2.97233
-3.25321
-3.51755
-3.76813
-4.0055
-4.23055
-4.44614
-4.65335
-4.85445
-5.0509
-5.24364
-5.43362
-5.62068
-5.80583
-5.98821
-6.16822
-6.34627
-6.52277
-6.69776
-6.87145
-7.04385
-7.21536
-7.38658
-7.55672
-7.72637
-7.89538
-8.06383
-8.23169
-8.39893
-8.56561
-8.73166
-8.89706
-9.06203
-9.22641
-9.39011
-9.55312
-9.71565
-9.87755
-10.0388
-10.1997
-10.3599
-10.5197
-10.679
-10.8378
-10.9961
-11.1539
-11.3115
-11.4685
-11.625
-11.7811
-11.9368
-12.0921
-12.2469
-12.4013
-12.5553
-12.7089
-12.8621
-13.0149
-13.1674
-13.3194
-13.4712
-13.6227
-13.7738
-13.9246
-14.0751
-14.2252
-14.3751
-14.5247
-14.674
-14.823
-14.9717
-15.1202
-15.2684
-15.4164
-15.5643
-15.7119
-15.8592
-16.0063
-16.1531
-16.2995
-16.4458
-16.5921
-16.7383
-16.8843
-17.0303
-17.1762
-17.3219
-17.4676
-17.6125
-17.7568
-17.8989
-18.0381
-18.1681
-18.2817
-1.02437
-1.37296
-1.75658
-2.07987
-2.3848
-2.69286
-2.99358
-3.27412
-3.53846
-3.78899
-4.02623
-4.25103
-4.46633
-4.67333
-4.87434
-5.07068
-5.2634
-5.45327
-5.64042
-5.82559
-6.00795
-6.18787
-6.36585
-6.54229
-6.71723
-6.89088
-7.06325
-7.23485
-7.40606
-7.57625
-7.7459
-7.91497
-8.08351
-8.2515
-8.41884
-8.58561
-8.75174
-8.91722
-9.08223
-9.24651
-9.41016
-9.57315
-9.73566
-9.89755
-10.0588
-10.2196
-10.3799
-10.5397
-10.6989
-10.8577
-11.016
-11.1738
-11.3314
-11.4884
-11.645
-11.8011
-11.9567
-12.112
-12.2668
-12.4212
-12.5752
-12.7288
-12.8821
-13.0349
-13.1873
-13.3394
-13.4912
-13.6427
-13.7938
-13.9446
-14.0952
-14.2454
-14.3953
-14.5448
-14.6942
-14.8432
-14.992
-15.1405
-15.2887
-15.4368
-15.5847
-15.7324
-15.8798
-16.027
-16.174
-16.3207
-16.4673
-16.6136
-16.7598
-16.9058
-17.0517
-17.1976
-17.3432
-17.4887
-17.6336
-17.7779
-17.9197
-18.0569
-18.1857
-18.2974
-1.00563
-1.38965
-1.77564
-2.09673
-2.40298
-2.71194
-3.01289
-3.29292
-3.55724
-3.80756
-4.04446
-4.26953
-4.48435
-4.69098
-4.89176
-5.0879
-5.28049
-5.4702
-5.65741
-5.84244
-6.02481
-6.2048
-6.38291
-6.55953
-6.73463
-6.90837
-7.08094
-7.25267
-7.42394
-7.5942
-7.7638
-7.93277
-8.10121
-8.26916
-8.43641
-8.60312
-8.76919
-8.93461
-9.09956
-9.26379
-9.42744
-9.59038
-9.75281
-9.91465
-10.0759
-10.2367
-10.3968
-10.5566
-10.7158
-10.8746
-11.0329
-11.1906
-11.3481
-11.5051
-11.6616
-11.8177
-11.9733
-12.1285
-12.2833
-12.4376
-12.5916
-12.7451
-12.8983
-13.0511
-13.2035
-13.3555
-13.5073
-13.6587
-13.8098
-13.9605
-14.111
-14.2611
-14.4109
-14.5604
-14.7096
-14.8586
-15.0073
-15.1557
-15.3039
-15.4519
-15.5998
-15.7474
-15.8947
-16.0417
-16.1885
-16.335
-16.4813
-16.6275
-16.7737
-16.9198
-17.0657
-17.2115
-17.3572
-17.5027
-17.6476
-17.7918
-17.9338
-18.0722
-18.2009
-18.312
-0.984766
-1.40399
-1.79122
-2.11168
-2.41985
-2.73041
-3.03171
-3.31126
-3.5756
-3.82579
-4.06243
-4.28778
-4.50225
-4.70877
-4.90954
-5.1058
-5.29857
-5.48863
-5.67616
-5.86144
-6.04401
-6.22405
-6.40225
-6.57885
-6.75388
-6.92739
-7.09975
-7.27137
-7.44257
-7.61281
-7.78241
-7.95142
-8.11987
-8.28785
-8.45512
-8.62186
-8.78795
-8.95341
-9.11838
-9.28263
-9.4463
-9.60926
-9.77165
-9.9335
-10.0947
-10.2556
-10.4157
-10.5755
-10.7348
-10.8936
-11.0519
-11.2097
-11.3672
-11.5243
-11.6808
-11.8369
-11.9925
-12.1478
-12.3026
-12.457
-12.611
-12.7646
-12.9179
-13.0706
-13.2231
-13.3752
-13.527
-13.6785
-13.8296
-13.9804
-14.1309
-14.2811
-14.4309
-14.5805
-14.7298
-14.8788
-15.0276
-15.1761
-15.3243
-15.4724
-15.6202
-15.7679
-15.9153
-16.0624
-16.2093
-16.356
-16.5025
-16.6488
-16.795
-16.941
-17.087
-17.2328
-17.3784
-17.5239
-17.6688
-17.8129
-17.9543
-18.0913
-18.2185
-18.3281
-0.97016
-1.41857
-1.80347
-2.12123
-2.43021
-2.74254
-3.04438
-3.32336
-3.58789
-3.83806
-4.07459
-4.29956
-4.51385
-4.72026
-4.92091
-5.11707
-5.30972
-5.49966
-5.68706
-5.87217
-6.05443
-6.23405
-6.41205
-6.58845
-6.76336
-6.93674
-7.10891
-7.28042
-7.45153
-7.62169
-7.79121
-7.96014
-8.1285
-8.2964
-8.46359
-8.63025
-8.79628
-8.96166
-9.12657
-9.29076
-9.45436
-9.61726
-9.77962
-9.94143
-10.1026
-10.2634
-10.4235
-10.5833
-10.7425
-10.9012
-11.0595
-11.2172
-11.3747
-11.5317
-11.6882
-11.8442
-11.9998
-12.1551
-12.3098
-12.4642
-12.6181
-12.7717
-12.9249
-13.0776
-13.23
-13.3821
-13.5338
-13.6853
-13.8363
-13.9871
-14.1376
-14.2877
-14.4375
-14.587
-14.7363
-14.8853
-15.034
-15.1825
-15.3306
-15.4787
-15.6265
-15.7741
-15.9215
-16.0686
-16.2154
-16.362
-16.5083
-16.6546
-16.8008
-16.9469
-17.0928
-17.2386
-17.3842
-17.5297
-17.6746
-17.8187
-17.9605
-18.0983
-18.2259
-18.336
-0.939687
-1.43339
-1.82708
-2.14538
-2.45456
-2.7674
-3.07
-3.34802
-3.61286
-3.86315
-4.09957
-4.32435
-4.53843
-4.74455
-4.94493
-5.14087
-5.33333
-5.52312
-5.71043
-5.89546
-6.07775
-6.25743
-6.4354
-6.61178
-6.78663
-6.96001
-7.13218
-7.30364
-7.4747
-7.64483
-7.81432
-7.98324
-8.15159
-8.31948
-8.48667
-8.65333
-8.81935
-8.98474
-9.14965
-9.31384
-9.47745
-9.64036
-9.80272
-9.96453
-10.1257
-10.2865
-10.4466
-10.6064
-10.7656
-10.9243
-11.0826
-11.2404
-11.3979
-11.5549
-11.7114
-11.8674
-12.023
-12.1782
-12.333
-12.4874
-12.6413
-12.7949
-12.9481
-13.1009
-13.2533
-13.4054
-13.5571
-13.7086
-13.8596
-14.0104
-14.1609
-14.311
-14.4608
-14.6104
-14.7596
-14.9086
-15.0574
-15.2058
-15.354
-15.5021
-15.6499
-15.7975
-15.9449
-16.092
-16.2388
-16.3854
-16.5318
-16.6781
-16.8243
-16.9703
-17.1163
-17.2621
-17.4077
-17.5532
-17.698
-17.8421
-17.9838
-18.1211
-18.2486
-18.3582
-18.1376
-18.4071
-19.1383
-19.2626
-18.7203
-17.6376
-16.1777
-14.474
-12.7138
-10.9924
-9.40016
-7.96517
-6.70317
-5.60853
-4.66725
-3.85951
-3.16741
-2.57092
-2.05464
-1.60657
-1.21508
-0.870534
-0.566392
-0.297007
-0.0577432
0.155703
0.346989
0.517824
0.671228
0.81121
0.938589
1.05347
1.15736
1.24936
1.33063
1.40106
1.46054
1.50937
1.54797
1.57677
1.5967
1.60822
1.61222
1.61018
1.60349
1.59348
1.58138
1.56866
1.55648
1.54551
1.53574
1.52666
1.51735
1.50763
1.49667
1.48328
1.46748
1.45058
1.43285
1.41367
1.39409
1.37462
1.35582
1.33566
1.30789
1.27306
1.23285
1.19591
1.16258
1.13056
1.0983
1.06503
1.03269
1.00137
0.970317
0.936649
0.899733
0.857523
0.814018
0.770838
0.725936
0.680253
0.636582
0.593594
0.552312
0.513469
0.47753
0.44375
0.40999
0.37734
0.347165
0.317372
0.286808
0.25575
0.22378
0.190871
0.155313
0.118362
0.0730929
0.0317744
-18.1777
-18.3338
-19.0319
-19.1729
-18.6428
-17.5805
-16.1427
-14.4587
-12.7141
-11.0041
-9.42025
-7.98992
-6.73035
-5.63667
-4.69515
-3.88646
-3.19281
-2.59461
-2.07656
-1.62688
-1.23393
-0.888087
-0.582873
-0.312324
-0.0720421
0.142172
0.334004
0.505393
0.659206
0.799268
0.92626
1.04061
1.14454
1.23642
1.31752
1.38769
1.44683
1.49526
1.53342
1.56175
1.58119
1.59222
1.5958
1.59345
1.58655
1.57644
1.56436
1.55182
1.53991
1.52935
1.52003
1.51132
1.5023
1.49271
1.48171
1.46817
1.45222
1.43526
1.41761
1.3987
1.37965
1.36095
1.34323
1.32469
1.29829
1.26463
1.22534
1.1875
1.15382
1.12065
1.08746
1.0535
1.02032
0.98769
0.956043
0.921929
0.884622
0.842667
0.799341
0.756779
0.712439
0.666942
0.623419
0.58046
0.539478
0.500747
0.464711
0.430737
0.396886
0.36412
0.334078
0.304288
0.273876
0.243136
0.211687
0.179533
0.14529
0.109908
0.0682732
0.0276265
-18.172
-18.3404
-18.9571
-19.0812
-18.5559
-17.5111
-16.0959
-14.4339
-12.7087
-11.0144
-9.44099
-8.01764
-6.76234
-5.67015
-4.72818
-3.91821
-3.22256
-2.62235
-2.10229
-1.65078
-1.25617
-0.90881
-0.602254
-0.330388
-0.0888823
0.126392
0.319079
0.491418
0.646006
0.786458
0.912815
1.02672
1.13053
1.22231
1.30318
1.37304
1.43176
1.47971
1.51735
1.54511
1.56395
1.57437
1.57745
1.57469
1.5675
1.55725
1.54522
1.53295
1.52147
1.51144
1.50264
1.49437
1.48567
1.4762
1.46516
1.45147
1.43536
1.41831
1.40073
1.3821
1.3636
1.34596
1.32924
1.31257
1.28778
1.25544
1.21732
1.17846
1.14432
1.10985
1.0755
1.04059
1.00673
0.972685
0.940204
0.905579
0.867818
0.826144
0.783071
0.741182
0.697533
0.652254
0.608843
0.566059
0.525373
0.486755
0.450614
0.416431
0.382486
0.349614
0.319622
0.289802
0.259598
0.229227
0.198372
0.167059
0.134279
0.100648
0.0629922
0.023203
-18.1971
-18.3595
-18.8951
-18.9976
-18.4673
-17.4356
-16.0409
-14.4042
-12.6999
-11.0237
-9.46281
-8.04838
-6.79863
-5.70839
-4.76604
-3.95467
-3.25691
-2.65473
-2.1327
-1.67898
-1.28231
-0.933056
-0.624793
-0.351392
-0.108472
0.108108
0.301894
0.475309
0.630911
0.771757
0.8975
1.01142
1.11521
1.20712
1.28756
1.35704
1.41527
1.46262
1.49961
1.52669
1.54477
1.55446
1.55687
1.55362
1.54613
1.53574
1.52382
1.51194
1.50099
1.49157
1.48338
1.47564
1.46729
1.45796
1.44687
1.433
1.41672
1.39958
1.38205
1.36368
1.34583
1.32955
1.31378
1.29882
1.27629
1.24543
1.20855
1.16894
1.13395
1.09804
1.0623
1.02621
0.991553
0.956387
0.922649
0.887416
0.84916
0.807722
0.765069
0.723882
0.681071
0.636059
0.592744
0.550267
0.509881
0.471389
0.435109
0.400724
0.366681
0.333714
0.303656
0.273836
0.24387
0.213909
0.18372
0.153343
0.122178
0.0905057
0.0571432
0.0185709
-18.2161
-18.3693
-18.8328
-18.9122
-18.3803
-17.36
-15.9833
-14.3735
-12.6915
-11.0355
-9.48882
-8.0844
-6.84031
-5.75239
-4.80998
-3.99722
-3.29722
-2.6927
-2.16837
-1.71193
-1.31275
-0.961277
-0.651004
-0.37585
-0.131353
0.0866844
0.281734
0.456288
0.612989
0.754274
0.880193
0.994503
1.09844
1.19047
1.27051
1.33966
1.39737
1.44383
1.48004
1.50625
1.52338
1.53215
1.53379
1.53004
1.52225
1.51172
1.49999
1.48857
1.47823
1.46952
1.46202
1.45489
1.44699
1.43784
1.4267
1.41264
1.39615
1.37889
1.3614
1.34333
1.32629
1.31152
1.29703
1.28312
1.26344
1.23448
1.19897
1.159
1.12254
1.08511
1.04774
1.01024
0.974501
0.938649
0.903289
0.867236
0.828444
0.787185
0.745189
0.704697
0.662883
0.618207
0.575006
0.532964
0.492888
0.454534
0.41808
0.383506
0.349355
0.316322
0.286089
0.256288
0.226579
0.19707
0.167614
0.138265
0.108877
0.0793548
0.0506332
0.0137954
-18.2332
-18.3765
-18.7668
-18.8179
-18.2863
-17.2783
-15.9241
-14.3442
-12.6863
-11.052
-9.52106
-8.12798
-6.89006
-5.80488
-4.86251
-4.04805
-3.34525
-2.73738
-2.20988
-1.75025
-1.34818
-0.994211
-0.681654
-0.404482
-0.158168
0.0615534
0.258133
0.434051
0.592036
0.734266
0.861161
0.976069
1.08014
1.17211
1.25192
1.32065
1.37771
1.42319
1.45842
1.48358
1.49957
1.50726
1.50802
1.50384
1.49571
1.48502
1.47339
1.46244
1.45286
1.44505
1.43833
1.43189
1.42454
1.41565
1.40449
1.39023
1.37357
1.35614
1.33861
1.32084
1.30479
1.29162
1.27908
1.26607
1.24843
1.22228
1.18841
1.14859
1.10993
1.07087
1.03162
0.992504
0.955383
0.918943
0.882252
0.844892
0.805459
0.764367
0.723268
0.683439
0.64276
0.598534
0.555522
0.514027
0.474272
0.43606
0.399435
0.364666
0.330383
0.297339
0.266849
0.237055
0.207618
0.178595
0.149926
0.121697
0.0942288
0.0669966
0.0433234
0.00891878
-18.2488
-18.3799
-18.6967
-18.7143
-18.1828
-17.1878
-15.8583
-14.3106
-12.6815
-11.0722
-9.55952
-8.17975
-6.9491
-5.86681
-4.92428
-4.10767
-3.40142
-2.78942
-2.25793
-1.79454
-1.38904
-1.03214
-0.716911
-0.437337
-0.188838
0.0329309
0.231443
0.409123
0.568699
0.712265
0.840448
0.956127
1.06039
1.15233
1.23188
1.29997
1.35613
1.4006
1.43455
1.45865
1.47338
1.47985
1.47954
1.47453
1.4659
1.45516
1.44376
1.43335
1.42469
1.41791
1.41209
1.40645
1.39972
1.39117
1.38006
1.36562
1.34879
1.33119
1.31354
1.29601
1.28099
1.26952
1.25926
1.2477
1.23187
1.20872
1.17669
1.13744
1.09603
1.05512
1.01377
0.97284
0.934121
0.896771
0.859522
0.82025
0.779968
0.739174
0.699109
0.659917
0.62044
0.576844
0.5342
0.493309
0.453903
0.415826
0.379085
0.344084
0.309646
0.276647
0.245859
0.21604
0.186881
0.158356
0.130508
0.103473
0.0780332
0.0532836
0.0350178
0.00396952
-18.2631
-18.3787
-18.6234
-18.6032
-18.0713
-17.0907
-15.7868
-14.2722
-12.6741
-11.0916
-9.59933
-8.23465
-7.01282
-5.93279
-4.99007
-4.17168
-3.46238
-2.84648
-2.31092
-1.84356
-1.43423
-1.07398
-0.755687
-0.473338
-0.222303
0.00181896
0.202598
0.382418
0.543529
0.688577
0.818187
0.934772
1.03975
1.13169
1.21084
1.27805
1.33313
1.3763
1.40862
1.43095
1.44391
1.44903
1.44778
1.44189
1.43281
1.42203
1.41099
1.40126
1.3936
1.38791
1.38306
1.37829
1.37228
1.36418
1.35319
1.3386
1.32164
1.30388
1.28601
1.26866
1.25474
1.24494
1.23698
1.22748
1.21447
1.1938
1.16362
1.12494
1.08076
1.03771
0.994006
0.95109
0.910666
0.87274
0.834153
0.792988
0.751788
0.711598
0.672447
0.633945
0.595639
0.552956
0.510931
0.470629
0.431635
0.393675
0.356899
0.321613
0.287012
0.25412
0.223015
0.193144
0.164265
0.136234
0.109208
0.0834112
0.0600811
0.0380936
0.0254992
-0.00109838
-18.2765
-18.3743
-18.5486
-18.4861
-17.9527
-16.9878
-15.7108
-14.2281
-12.6609
-11.1056
-9.63511
-8.28711
-7.07542
-6.0006
-5.05952
-4.23987
-3.52754
-2.90771
-2.36794
-1.89658
-1.48349
-1.11984
-0.798475
-0.513303
-0.259522
-0.0328074
0.170543
0.352897
0.516226
0.663163
0.794464
0.911988
1.01721
1.10896
1.18747
1.25355
1.30732
1.34908
1.37977
1.40013
1.41127
1.41484
1.4125
1.40592
1.39651
1.38577
1.37512
1.36608
1.35941
1.35489
1.35106
1.3472
1.34197
1.33444
1.32367
1.30896
1.29194
1.274
1.25568
1.23892
1.22618
1.21797
1.21232
1.20567
1.19539
1.177
1.14882
1.11037
1.064
1.01846
0.972199
0.927138
0.885396
0.846812
0.805425
0.762838
0.720799
0.681573
0.643052
0.605382
0.568162
0.526726
0.485498
0.445778
0.407304
0.369426
0.332659
0.297044
0.262285
0.229577
0.198143
0.168189
0.139568
0.11204
0.0858396
0.0613179
0.0401671
0.0211938
0.0145138
-0.00650452
-18.2892
-18.3672
-18.4738
-18.3654
-17.8279
-16.8788
-15.6289
-14.1814
-12.6488
-11.1229
-9.67517
-8.34398
-7.14214
-6.07385
-5.13447
-4.31309
-3.5972
-2.97314
-2.42886
-1.95323
-1.53624
-1.16899
-0.844445
-0.556449
-0.299854
-0.0705373
0.135351
0.320368
0.486415
0.635336
0.768358
0.886958
0.99198
1.08343
1.16127
1.22622
1.27849
1.31854
1.34749
1.36614
1.37557
1.37745
1.37376
1.36633
1.35663
1.34602
1.33589
1.32764
1.32204
1.31879
1.31612
1.31309
1.30866
1.30176
1.29128
1.27649
1.25948
1.24099
1.2227
1.20698
1.19548
1.18893
1.18562
1.18185
1.17413
1.15801
1.13193
1.09314
1.04539
0.997075
0.948123
0.901077
0.858767
0.817479
0.773524
0.729729
0.687152
0.648662
0.610822
0.574156
0.53791
0.497978
0.457649
0.418547
0.380655
0.342877
0.306069
0.27017
0.235227
0.202579
0.170977
0.141048
0.112574
0.0854014
0.0599864
0.0367612
0.0179055
0.0022494
0.0018217
-0.0127817
-18.3013
-18.3599
-18.4083
-18.2562
-17.7132
-16.7795
-15.5546
-14.142
-12.643
-11.145
-9.71858
-8.40273
-7.21002
-6.14588
-5.20689
-4.38358
-3.66441
-3.03657
-2.48831
-2.00888
-1.5884
-1.21787
-0.890349
-0.599726
-0.340481
-0.108674
0.0995168
0.287051
0.455398
0.60606
0.740552
0.860055
0.965287
1.05641
1.13352
1.19727
1.24796
1.28625
1.31339
1.33031
1.3382
1.33877
1.33386
1.32549
1.31543
1.30498
1.29539
1.2879
1.28328
1.28089
1.27953
1.27761
1.27399
1.26769
1.25761
1.24284
1.22543
1.20678
1.18926
1.17461
1.16444
1.15963
1.15851
1.15731
1.15191
1.13781
1.11347
1.0744
1.02541
0.974336
0.922873
0.875213
0.830888
0.785797
0.740135
0.695161
0.652716
0.614329
0.577502
0.541942
0.506465
0.468111
0.428728
0.390252
0.352847
0.315211
0.278125
0.242193
0.20761
0.174616
0.142856
0.112905
0.0842882
0.0572909
0.0326348
0.0105776
-0.00596859
-0.0183735
-0.0122717
-0.0205965
-18.3135
-18.3558
-18.3605
-18.1729
-17.6245
-16.7037
-15.5001
-14.1136
-12.6401
-11.1641
-9.75518
-8.45228
-7.26757
-6.20731
-5.26935
-4.44508
-3.72351
-3.09264
-2.54114
-2.05861
-1.63528
-1.26211
-0.932164
-0.639418
-0.378096
-0.144273
0.0657081
0.255164
0.425372
0.577523
0.71322
0.83344
0.938762
1.02952
1.10596
1.16865
1.21802
1.25485
1.28049
1.29601
1.30272
1.30244
1.29671
1.28766
1.27739
1.2671
1.258
1.25118
1.24723
1.24567
1.24528
1.24457
1.24169
1.23581
1.22578
1.2113
1.19352
1.17542
1.1587
1.14505
1.13624
1.13308
1.13385
1.13479
1.13126
1.11886
1.09541
1.05641
1.00585
0.952281
0.899244
0.851571
0.803116
0.755268
0.708315
0.662475
0.620264
0.582218
0.546431
0.511901
0.476983
0.440035
0.401507
0.363581
0.326376
0.289123
0.251859
0.216394
0.18174
0.148144
0.115882
0.0856679
0.0570743
0.0302995
0.00638303
-0.0147462
-0.0291929
-0.0389632
-0.0265979
-0.0298251
-18.3259
-18.3559
-18.3295
-18.1152
-17.562
-16.6507
-15.4624
-14.095
-12.6409
-11.182
-9.78681
-8.49393
-7.31547
-6.2583
-5.32116
-4.49616
-3.77279
-3.13954
-2.58553
-2.10064
-1.67512
-1.29992
-0.968125
-0.673727
-0.410827
-0.175438
0.0359418
0.22678
0.398276
0.551442
0.687936
0.808598
0.913913
1.00435
1.08024
1.14212
1.1905
1.22625
1.25081
1.26532
1.271
1.26973
1.26342
1.25419
1.24402
1.23399
1.22549
1.21963
1.21652
1.2156
1.21576
1.21544
1.21333
1.20777
1.19761
1.18333
1.16586
1.14821
1.13217
1.11952
1.11202
1.11035
1.11276
1.1155
1.11345
1.10245
1.07931
1.03999
0.987556
0.93188
0.87912
0.828848
0.776942
0.727246
0.679193
0.633173
0.59114
0.55377
0.518902
0.485256
0.450765
0.414944
0.377107
0.339744
0.302823
0.265707
0.228684
0.193038
0.157603
0.123465
0.0910135
0.0607986
0.0322317
0.00573448
-0.0176977
-0.0379216
-0.0506402
-0.0584995
-0.0406379
-0.0398948
-18.3388
-18.3596
-18.3113
-18.0776
-17.5205
-16.616
-15.4391
-14.0857
-12.646
-11.2001
-9.81516
-8.52966
-7.3559
-6.30103
-5.36447
-4.53882
-3.81404
-3.17895
-2.62302
-2.13639
-1.70922
-1.33252
-0.999355
-0.703725
-0.439664
-0.203107
0.00936656
0.201232
0.373669
0.527621
0.664719
0.785691
0.890984
0.981157
1.05658
1.1178
1.16536
1.20022
1.22389
1.23757
1.24228
1.24011
1.23362
1.22473
1.21493
1.20532
1.19742
1.19251
1.19022
1.18957
1.19013
1.19007
1.18853
1.18322
1.17317
1.15901
1.14186
1.12463
1.10928
1.09761
1.09134
1.09106
1.09498
1.09935
1.09857
1.08856
1.06529
1.02495
0.970253
0.913495
0.860932
0.806486
0.752375
0.701303
0.652613
0.606722
0.565166
0.528505
0.494449
0.461542
0.427422
0.392461
0.355317
0.318495
0.281688
0.244492
0.207342
0.171006
0.135153
0.100811
0.068367
0.0380442
0.00953189
-0.0166555
-0.0397324
-0.0592529
-0.0705984
-0.0772562
-0.0545916
-0.0506155
-18.3522
-18.3664
-18.3027
-18.0552
-17.4952
-16.5959
-15.4275
-14.0843
-12.6553
-11.219
-9.84159
-8.56134
-7.39094
-6.33765
-5.40137
-4.57511
-3.84917
-3.21261
-2.65518
-2.16723
-1.73883
-1.36098
-1.0268
-0.730255
-0.46535
-0.227937
-0.0146193
0.177985
0.351082
0.50568
0.64328
0.764455
0.869667
0.959544
1.0345
1.09507
1.14188
1.17593
1.19887
1.21191
1.21606
1.2135
1.20709
1.19869
1.18936
1.18029
1.17315
1.169
1.16699
1.16677
1.16784
1.16837
1.16712
1.16197
1.15204
1.13801
1.12116
1.10436
1.08968
1.07894
1.07384
1.07491
1.08031
1.0862
1.0866
1.07694
1.05292
1.01091
0.953597
0.897613
0.842478
0.785007
0.729396
0.677339
0.628519
0.582997
0.542046
0.506014
0.472651
0.440303
0.406535
0.372234
0.335731
0.299188
0.262251
0.224905
0.187349
0.150699
0.114765
0.0803741
0.0480182
0.0176057
-0.0107166
-0.0368536
-0.0596592
-0.0788498
-0.0891667
-0.0952563
-0.0684084
-0.0617818
-18.3658
-18.3754
-18.3013
-18.0443
-17.4825
-16.5872
-15.4251
-14.0895
-12.6681
-11.2387
-9.86679
-8.59017
-7.42191
-6.36952
-5.43326
-4.60638
-3.87948
-3.24172
-2.6831
-2.19412
-1.76477
-1.38598
-1.05091
-0.753575
-0.488007
-0.249951
-0.0360195
0.157051
0.330557
0.485589
0.623483
0.744701
0.849723
0.939225
1.01364
1.07358
1.11969
1.15306
1.17544
1.18815
1.19225
1.18982
1.18371
1.17585
1.16703
1.15804
1.15204
1.14836
1.14669
1.14717
1.14878
1.14971
1.14867
1.14366
1.13384
1.11993
1.10336
1.08697
1.07292
1.06304
1.05906
1.06146
1.06828
1.07557
1.07699
1.06709
1.04144
0.997032
0.938851
0.881774
0.823693
0.764615
0.70801
0.655556
0.60696
0.561993
0.521645
0.486135
0.453259
0.42118
0.387642
0.353737
0.31753
0.28099
0.243866
0.206198
0.168368
0.131446
0.0953856
0.0608417
0.0283828
-0.00207338
-0.0302772
-0.0562202
-0.0786658
-0.0974719
-0.106763
-0.112478
-0.0821013
-0.0732481
-18.3793
-18.386
-18.3052
-18.0421
-17.4796
-16.5874
-15.4299
-14.0996
-12.6835
-11.259
-9.8909
-8.6167
-7.44975
-6.39781
-5.46137
-4.63384
-3.90608
-3.26728
-2.70763
-2.2178
-1.78763
-1.40804
-1.07217
-0.774136
-0.507999
-0.269434
-0.0551045
0.138201
0.311911
0.467125
0.605071
0.726168
0.830899
0.919963
0.993836
1.05318
1.09871
1.13157
1.15364
1.16633
1.17065
1.16858
1.16299
1.15593
1.14835
1.1412
1.13401
1.13016
1.12914
1.13013
1.13214
1.13339
1.13253
1.12764
1.11791
1.10412
1.0878
1.0718
1.05833
1.04926
1.04632
1.04995
1.05803
1.06634
1.0682
1.05782
1.03097
0.982493
0.925507
0.864977
0.805138
0.745193
0.688129
0.635769
0.587706
0.543422
0.503831
0.469067
0.436926
0.405334
0.37224
0.338536
0.302548
0.266098
0.229022
0.191324
0.153477
0.116553
0.0805982
0.0461168
0.0137882
-0.0166391
-0.0448651
-0.0708964
-0.0935429
-0.112438
-0.121679
-0.127679
-0.0950249
-0.0848053
-18.3941
-18.3987
-18.3134
-18.0465
-17.4837
-16.5939
-15.4396
-14.1129
-12.7002
-11.2789
-9.91327
-8.64051
-7.47428
-6.42249
-5.48574
-4.65763
-3.92919
-3.28962
-2.72925
-2.23888
-1.80829
-1.42831
-1.0921
-0.79374
-0.52726
-0.288275
-0.0735598
0.120068
0.294128
0.449619
0.587677
0.708705
0.813189
0.901865
0.975273
1.03416
1.07925
1.11174
1.13363
1.14633
1.15072
1.14871
1.14309
1.13572
1.12753
1.11949
1.11498
1.11252
1.11249
1.11418
1.11673
1.11839
1.11779
1.11308
1.10349
1.08988
1.07387
1.05829
1.04542
1.03713
1.03513
1.03981
1.04877
1.05735
1.05814
1.04568
1.01679
0.968191
0.910518
0.847721
0.78692
0.726395
0.669131
0.616862
0.568941
0.52476
0.485192
0.450305
0.41805
0.386352
0.353217
0.319444
0.283369
0.246692
0.209436
0.171541
0.133575
0.0964271
0.0603554
0.0257544
-0.0066946
-0.0371383
-0.0652852
-0.0911472
-0.113334
-0.131904
-0.140058
-0.145722
-0.110495
-0.0986168
-18.4023
-18.4068
-18.3203
-18.0525
-17.4907
-16.6032
-15.4514
-14.1271
-12.7165
-11.2971
-9.93266
-8.66012
-7.49366
-6.44123
-5.50352
-4.67427
-3.94462
-3.3038
-2.74229
-2.25098
-1.81952
-1.43876
-1.10196
-0.803202
-0.536462
-0.29743
-0.0828499
0.110547
0.284281
0.439365
0.576958
0.697496
0.801475
0.889674
0.962717
1.02143
1.06653
1.09925
1.12159
1.13486
1.13992
1.13868
1.13396
1.12788
1.12111
1.11385
1.10806
1.10529
1.10518
1.10687
1.10942
1.11107
1.1104
1.1056
1.09595
1.0823
1.06633
1.05087
1.03824
1.03033
1.02893
1.03437
1.04401
1.05309
1.05364
1.04095
1.00931
0.959815
0.899965
0.836611
0.775587
0.715259
0.658573
0.606968
0.559726
0.516221
0.477303
0.442988
0.411181
0.379748
0.346854
0.31313
0.277104
0.24049
0.203276
0.165406
0.127446
0.0903458
0.05433
0.0197713
-0.0126126
-0.0430249
-0.0712086
-0.0971532
-0.119554
-0.138313
-0.146863
-0.153008
-0.117674
-0.103072
-18.4244
-18.4284
-18.3412
-18.0735
-17.5132
-16.6277
-15.4777
-14.1549
-12.7453
-11.3266
-9.96238
-8.68938
-7.52234
-6.46916
-5.53062
-4.70057
-3.97021
-3.32874
-2.76672
-2.27508
-1.84336
-1.46231
-1.12531
-0.826498
-0.559727
-0.320659
-0.106052
0.0873279
0.261008
0.415969
0.553385
0.673719
0.777462
0.865452
0.938351
0.997074
1.04235
1.07527
1.09782
1.1113
1.11651
1.11539
1.11074
1.1043
1.09759
1.09034
1.085
1.08288
1.08315
1.08517
1.08801
1.08988
1.0894
1.08474
1.07521
1.0617
1.04591
1.0307
1.01837
1.0108
1.00965
1.01515
1.02451
1.03299
1.03152
1.01796
0.987007
0.936377
0.876245
0.812694
0.751691
0.691571
0.635088
0.58363
0.536509
0.493104
0.454259
0.419967
0.388167
0.356709
0.32377
0.289986
0.253905
0.217212
0.179928
0.142003
0.10402
0.0668786
0.0308537
-0.00370373
-0.036106
-0.0665133
-0.0946766
-0.120585
-0.142872
-0.161593
-0.169876
-0.175945
-0.139991
-0.130979
-18.3836
-18.3722
-18.4071
-18.3929
-18.3731
-18.3476
-18.3175
-18.2858
-18.2554
-18.2278
-18.2036
-18.1834
-18.1677
-18.1591
-18.1588
-18.1506
-18.8688
-18.8457
-18.8493
-18.8604
-18.8522
-18.8285
-18.7988
-18.7672
-18.7362
-18.7077
-18.683
-18.663
-18.6475
-18.6359
-18.6283
-18.6132
-19.3181
-19.3858
-19.4738
-19.507
-19.5064
-19.4868
-19.4577
-19.4264
-19.3966
-19.3703
-19.3485
-19.3318
-19.3207
-19.3148
-19.3096
-19.2977
-19.3878
-19.4797
-19.5297
-19.5547
-19.5619
-19.5497
-19.5246
-19.4953
-19.4671
-19.4427
-19.4228
-19.4076
-19.3972
-19.3911
-19.3864
-19.3736
-18.8186
-18.8797
-18.9155
-18.944
-18.9543
-18.9464
-18.9266
-18.9005
-18.8739
-18.8481
-18.8239
-18.8023
-18.7837
-18.7688
-18.7578
-18.739
-17.7049
-17.7506
-17.7859
-17.8129
-17.8238
-17.8186
-17.8008
-17.7756
-17.7481
-17.7201
-17.6926
-17.666
-17.6407
-17.6182
-17.5999
-17.5756
-16.2165
-16.2472
-16.2734
-16.2932
-16.3018
-16.2976
-16.281
-16.2565
-16.2285
-16.1983
-16.1661
-16.1323
-16.0974
-16.0634
-16.033
-16.0025
-14.4893
-14.506
-14.5211
-14.532
-14.5362
-14.5306
-14.5134
-14.4885
-14.4594
-14.4269
-14.3911
-14.3521
-14.3104
-14.2685
-14.2306
-14.1961
-12.7109
-12.7116
-12.7143
-12.7167
-12.7165
-12.7087
-12.6902
-12.6643
-12.6342
-12.6002
-12.5618
-12.5192
-12.4728
-12.4254
-12.3825
-12.3449
-10.9762
-10.9622
-10.9536
-10.9482
-10.9432
-10.9318
-10.9108
-10.8836
-10.8526
-10.8175
-10.7778
-10.7333
-10.6847
-10.6349
-10.5896
-10.5506
-9.37318
-9.34754
-9.33021
-9.31891
-9.30959
-9.29464
-9.27138
-9.24311
-9.21145
-9.17585
-9.13566
-9.09068
-9.04159
-8.99123
-8.94545
-8.90624
-7.93198
-7.8983
-7.87434
-7.85813
-7.8447
-7.82608
-7.8005
-7.77124
-7.73915
-7.70347
-7.66355
-7.61917
-7.57103
-7.52186
-7.47721
-7.43875
-6.66698
-6.62933
-6.60199
-6.58286
-6.566
-6.54405
-6.51673
-6.48698
-6.4549
-6.41962
-6.38051
-6.33743
-6.29106
-6.24399
-6.20129
-6.16409
-5.571
-5.53166
-5.50278
-5.48143
-5.4604
-5.43475
-5.40614
-5.37626
-5.34447
-5.30988
-5.27197
-5.23064
-5.18657
-5.14214
-5.1019
-5.06628
-4.62979
-4.5906
-4.56166
-4.53885
-4.51464
-4.4867
-4.45757
-4.42777
-4.39637
-4.36259
-4.32601
-4.28657
-4.24494
-4.20338
-4.16588
-4.13216
-3.82315
-3.78487
-3.75612
-3.73233
-3.70662
-3.67793
-3.64877
-3.61918
-3.58829
-3.55543
-3.52026
-3.48278
-3.44367
-3.40504
-3.37039
-3.33863
-3.13291
-3.09634
-3.06803
-3.0424
-3.01477
-2.98591
-2.9573
-2.9284
-2.89838
-2.86672
-2.83315
-2.79771
-2.76108
-2.72525
-2.69325
-2.66323
-2.53867
-2.5044
-2.47668
-2.44921
-2.42004
-2.39128
-2.36315
-2.33484
-2.30564
-2.27512
-2.24307
-2.20956
-2.17522
-2.14192
-2.11231
-2.08381
-2.02467
-1.99222
-1.96498
-1.93737
-1.90838
-1.88007
-1.8524
-1.82463
-1.79618
-1.76671
-1.73604
-1.70426
-1.67197
-1.64095
-1.61351
-1.58636
-1.57879
-1.54774
-1.52005
-1.49182
-1.46325
-1.43563
-1.40861
-1.38154
-1.35395
-1.32556
-1.29625
-1.26609
-1.23571
-1.20674
-1.18126
-1.15528
-1.18938
-1.15974
-1.13138
-1.10243
-1.07434
-1.04743
-1.02108
-0.994718
-0.967974
-0.940618
-0.912555
-0.883876
-0.855161
-0.827975
-0.804204
-0.77922
-0.846542
-0.817864
-0.789602
-0.760907
-0.7334
-0.707038
-0.681219
-0.655465
-0.62946
-0.603016
-0.576056
-0.548674
-0.52142
-0.495779
-0.473503
-0.449359
-0.543753
-0.515755
-0.487819
-0.459652
-0.432705
-0.406828
-0.381489
-0.356281
-0.330941
-0.305309
-0.279329
-0.253095
-0.227123
-0.202833
-0.181881
-0.158448
-0.275735
-0.247613
-0.219483
-0.191992
-0.165793
-0.140526
-0.11574
-0.0911159
-0.0664367
-0.0415779
-0.0165023
0.00869875
0.0335314
0.0566181
0.0763285
0.0993567
-0.0376076
-0.00921477
0.0192104
0.0461974
0.0718104
0.096561
0.120841
0.144916
0.168971
0.193108
0.217353
0.241619
0.265442
0.287481
0.30609
0.328799
0.175022
0.202843
0.230728
0.25723
0.282485
0.306927
0.330877
0.354563
0.378146
0.401713
0.42528
0.44877
0.471751
0.492936
0.510666
0.532933
0.365714
0.392861
0.420141
0.446173
0.471064
0.495184
0.518807
0.542128
0.565282
0.588342
0.611316
0.634135
0.656395
0.676858
0.69385
0.715742
0.536395
0.563496
0.59028
0.615829
0.640352
0.664165
0.687489
0.710486
0.733271
0.755901
0.77838
0.800641
0.822307
0.84218
0.858558
0.880152
0.689845
0.717147
0.743509
0.768648
0.792885
0.816464
0.839556
0.862297
0.884788
0.907075
0.929157
0.950971
0.972163
0.991569
1.00745
1.02881
0.829798
0.856632
0.88245
0.907192
0.931142
0.95449
0.97737
0.999896
1.02215
1.04417
1.06594
1.08742
1.10825
1.1273
1.14281
1.16399
0.957395
0.983627
1.00894
1.03334
1.05703
1.08014
1.10279
1.12511
1.14715
1.16895
1.19049
1.21172
1.2323
1.25111
1.26634
1.28741
1.07253
1.09845
1.12353
1.14781
1.17141
1.19443
1.217
1.23921
1.26115
1.28283
1.30424
1.32532
1.34574
1.36441
1.37947
1.40046
1.17634
1.20213
1.22718
1.25146
1.27506
1.2981
1.32068
1.3429
1.36482
1.38646
1.40782
1.42883
1.44917
1.46775
1.48269
1.50363
1.26852
1.29452
1.31972
1.34414
1.36786
1.39099
1.41364
1.4359
1.45786
1.47951
1.50087
1.52186
1.54217
1.56071
1.57556
1.59646
1.35003
1.37631
1.40175
1.42636
1.45023
1.47348
1.49622
1.51856
1.54056
1.56225
1.58363
1.60462
1.62491
1.64342
1.6582
1.67907
1.42082
1.4475
1.47325
1.49811
1.52218
1.54559
1.56846
1.5909
1.61298
1.63472
1.65612
1.67713
1.69742
1.7159
1.73059
1.75143
1.48075
1.50794
1.53412
1.55931
1.58364
1.60726
1.63029
1.65284
1.67501
1.69682
1.71825
1.73926
1.75953
1.77797
1.79256
1.81335
1.53014
1.55795
1.58461
1.61018
1.63481
1.65865
1.68184
1.70452
1.72676
1.74861
1.77006
1.79104
1.81127
1.82964
1.84407
1.8648
1.56933
1.59779
1.62496
1.65093
1.67585
1.69992
1.72328
1.74607
1.76839
1.79026
1.81169
1.83262
1.85275
1.871
1.88521
1.90586
1.59875
1.62792
1.65564
1.68203
1.70728
1.73159
1.75511
1.778
1.80035
1.82221
1.84358
1.86439
1.88435
1.90243
1.91636
1.93689
1.61934
1.64923
1.67749
1.70429
1.72983
1.75433
1.77797
1.80089
1.82322
1.84499
1.86622
1.88683
1.90658
1.92443
1.938
1.95841
1.63153
1.66213
1.69091
1.71808
1.74387
1.76852
1.79223
1.81515
1.83741
1.85906
1.88009
1.90046
1.91992
1.93749
1.95063
1.97088
1.63609
1.6673
1.69655
1.72404
1.75006
1.77483
1.79858
1.82146
1.84361
1.86507
1.88585
1.90589
1.92499
1.94222
1.95483
1.9749
1.63447
1.66613
1.69571
1.72342
1.74957
1.77438
1.79809
1.82085
1.8428
1.864
1.88443
1.90406
1.92272
1.93955
1.95153
1.97141
1.62806
1.66001
1.68977
1.71759
1.74375
1.76851
1.79208
1.81463
1.8363
1.85713
1.87712
1.89624
1.91437
1.93077
1.94206
1.96176
1.61817
1.65021
1.68001
1.70782
1.73391
1.75853
1.78188
1.80416
1.82547
1.84587
1.86535
1.8839
1.90144
1.91742
1.92797
1.9475
1.60602
1.63796
1.66764
1.69531
1.72122
1.74562
1.76871
1.79065
1.81155
1.83149
1.85045
1.8684
1.88535
1.90096
1.91074
1.93014
1.59306
1.62468
1.65407
1.68145
1.70708
1.73116
1.7539
1.77544
1.7959
1.81533
1.83373
1.85107
1.86742
1.88276
1.89175
1.91107
1.58051
1.61164
1.64059
1.66759
1.69284
1.71655
1.73888
1.75999
1.77998
1.7989
1.81673
1.83345
1.84922
1.86439
1.87258
1.89186
1.56906
1.59965
1.62815
1.65475
1.67965
1.70301
1.725
1.74573
1.76531
1.78379
1.80115
1.81734
1.83259
1.84787
1.85505
1.87456
1.55877
1.58888
1.617
1.64329
1.66793
1.69105
1.71278
1.73326
1.75256
1.77077
1.78786
1.80369
1.81832
1.83429
1.84022
1.85954
1.54922
1.5789
1.60669
1.63271
1.6571
1.68
1.70153
1.7218
1.74092
1.75894
1.77591
1.79166
1.80569
1.82156
1.82778
1.84706
1.53955
1.56891
1.59644
1.62222
1.6464
1.66913
1.69052
1.7107
1.72974
1.74767
1.76449
1.78008
1.79435
1.80851
1.81611
1.8342
1.52954
1.5585
1.58579
1.61141
1.63546
1.65809
1.67942
1.69953
1.71849
1.73628
1.75283
1.76807
1.78234
1.79594
1.80345
1.82115
1.51862
1.54753
1.57472
1.60028
1.62431
1.64689
1.66813
1.68809
1.70682
1.72428
1.74044
1.75557
1.76961
1.7824
1.78974
1.807
1.50546
1.53464
1.56205
1.58777
1.61184
1.63438
1.6555
1.67527
1.69371
1.71089
1.72706
1.74197
1.75545
1.76761
1.77462
1.79151
1.48988
1.51928
1.54683
1.57261
1.59674
1.61928
1.64032
1.66
1.67851
1.69594
1.71192
1.72623
1.73914
1.75071
1.75729
1.7739
1.47306
1.50248
1.52994
1.55555
1.57951
1.60199
1.62311
1.643
1.66153
1.67849
1.69376
1.7074
1.71964
1.73059
1.73677
1.75321
1.45519
1.48436
1.51155
1.5369
1.56058
1.58282
1.60366
1.62304
1.64084
1.65697
1.67135
1.68408
1.6955
1.70588
1.71177
1.72824
1.43559
1.46416
1.49082
1.51572
1.53899
1.5607
1.58083
1.59927
1.61595
1.63083
1.64396
1.65557
1.66619
1.6762
1.6819
1.69866
1.41526
1.4429
1.46875
1.49288
1.51532
1.53602
1.5549
1.57191
1.58708
1.60051
1.6124
1.62307
1.63314
1.64314
1.6488
1.66602
1.39474
1.42106
1.44565
1.4685
1.48952
1.50865
1.52587
1.54125
1.55495
1.56717
1.57817
1.58827
1.59818
1.60867
1.61424
1.63197
1.37426
1.39843
1.42099
1.44182
1.46084
1.47807
1.49356
1.50749
1.52002
1.53141
1.54197
1.55198
1.56202
1.57337
1.57881
1.59713
1.35181
1.37312
1.39307
1.41154
1.4285
1.44399
1.45804
1.47084
1.48271
1.49389
1.50457
1.51486
1.52507
1.53791
1.54239
1.56167
1.32208
1.34088
1.35863
1.37521
1.39051
1.40472
1.41812
1.43073
1.44266
1.45415
1.46539
1.47631
1.48639
1.5013
1.50605
1.52523
1.28556
1.30216
1.31806
1.33349
1.34847
1.36272
1.37624
1.38922
1.40179
1.41401
1.42598
1.43775
1.4492
1.46231
1.46846
1.48738
1.24444
1.26073
1.27691
1.29254
1.30759
1.32224
1.33648
1.35033
1.36381
1.37698
1.38988
1.40252
1.4146
1.42723
1.43407
1.45296
1.2084
1.22503
1.24136
1.25752
1.27342
1.289
1.30423
1.31911
1.33362
1.34762
1.3607
1.373
1.38538
1.39854
1.40597
1.42485
1.17578
1.1937
1.21149
1.229
1.24614
1.26279
1.27874
1.29354
1.3075
1.32121
1.33497
1.3486
1.36192
1.37538
1.38316
1.40205
1.14534
1.16518
1.18433
1.20259
1.21964
1.23578
1.25163
1.26763
1.28353
1.29892
1.31379
1.32813
1.34202
1.35582
1.36379
1.38268
1.11426
1.13501
1.15445
1.17321
1.19192
1.21042
1.22833
1.24568
1.2625
1.27875
1.2944
1.30936
1.32373
1.33788
1.34586
1.36476
1.08178
1.10406
1.12591
1.14717
1.16763
1.18732
1.20627
1.22455
1.24219
1.25918
1.27544
1.29086
1.30552
1.31995
1.32776
1.3467
1.05121
1.07608
1.09977
1.12234
1.14387
1.1645
1.1843
1.20333
1.22162
1.23915
1.25582
1.27148
1.28623
1.30089
1.30829
1.32722
1.0215
1.04791
1.07285
1.09648
1.11895
1.14037
1.16086
1.18047
1.19925
1.21716
1.23406
1.24974
1.2643
1.27924
1.28586
1.30512
0.991226
1.01863
1.04443
1.06878
1.09188
1.11387
1.13484
1.15483
1.17382
1.1918
1.20866
1.22411
1.23805
1.25361
1.25905
1.27831
0.958197
0.986421
1.01298
1.03799
1.06156
1.08382
1.10489
1.12485
1.14368
1.16136
1.17787
1.193
1.20562
1.22219
1.22664
1.24621
0.921756
0.950379
0.977068
1.00211
1.02573
1.04799
1.06894
1.0886
1.107
1.12414
1.14004
1.15498
1.1675
1.18223
1.18792
1.2069
0.879309
0.907972
0.934849
0.959985
0.983489
1.00548
1.02605
1.04527
1.06317
1.07978
1.09509
1.1091
1.1221
1.13633
1.14211
1.16087
0.835504
0.863611
0.889875
0.914419
0.93737
0.958827
0.978854
0.997503
1.01482
1.0309
1.04607
1.06033
1.07326
1.08692
1.0928
1.11144
0.79143
0.818462
0.843819
0.867581
0.889824
0.910614
0.930028
0.948211
0.965498
0.981863
0.996838
1.01043
1.02294
1.03656
1.04235
1.06107
0.745784
0.771966
0.796624
0.819796
0.841586
0.862211
0.881821
0.900245
0.917183
0.932783
0.947289
0.960682
0.973052
0.986781
0.992494
1.01125
0.699832
0.725647
0.750005
0.773247
0.795333
0.815914
0.834931
0.852595
0.869095
0.884519
0.898938
0.912295
0.924546
0.938561
0.944142
0.962998
0.655881
0.681604
0.706177
0.729105
0.750408
0.770356
0.789053
0.806578
0.822989
0.838372
0.85281
0.866228
0.878329
0.892761
0.898135
0.91709
0.613039
0.638591
0.662518
0.685007
0.706157
0.726042
0.744719
0.762267
0.778753
0.794235
0.808804
0.822403
0.834275
0.849379
0.854182
0.873388
0.571271
0.596382
0.6201
0.642514
0.663715
0.683758
0.702646
0.720392
0.737035
0.75265
0.767366
0.781242
0.792724
0.808282
0.813012
0.832258
0.532249
0.557205
0.580978
0.603537
0.624817
0.644852
0.663741
0.681572
0.698395
0.714173
0.728954
0.743324
0.754153
0.770589
0.774893
0.794306
0.49648
0.52162
0.545439
0.567959
0.589214
0.609237
0.628126
0.645991
0.662892
0.678798
0.693105
0.708694
0.718199
0.735478
0.739306
0.75897
0.462955
0.488351
0.512343
0.534869
0.556016
0.576047
0.595087
0.613043
0.629822
0.645483
0.660024
0.674227
0.685239
0.701232
0.705823
0.725189
0.429334
0.454866
0.478887
0.501547
0.523105
0.543582
0.562876
0.580933
0.597803
0.613554
0.628279
0.642382
0.653648
0.669171
0.673943
0.693234
0.396873
0.422493
0.446571
0.469405
0.491121
0.511599
0.53076
0.54869
0.565483
0.581194
0.59591
0.60997
0.621309
0.636866
0.641707
0.660953
0.366495
0.391958
0.416021
0.438942
0.460579
0.480855
0.499856
0.517693
0.534424
0.550062
0.56468
0.57863
0.589924
0.605339
0.610222
0.629421
0.33652
0.361713
0.385705
0.408467
0.429859
0.449924
0.468777
0.486488
0.503081
0.518578
0.533069
0.546942
0.55822
0.573559
0.578479
0.597651
0.305776
0.330779
0.35453
0.376928
0.397995
0.417834
0.43651
0.454038
0.470433
0.485749
0.500096
0.51386
0.525111
0.540332
0.545298
0.564413
0.274313
0.298818
0.322005
0.343891
0.364559
0.384075
0.40246
0.419722
0.435893
0.451028
0.465222
0.478819
0.490118
0.505146
0.510201
0.529278
0.241616
0.2652
0.28749
0.308595
0.328609
0.347556
0.365428
0.382245
0.398053
0.412911
0.426911
0.440258
0.451694
0.466304
0.471598
0.490539
0.207613
0.229941
0.251138
0.271244
0.290396
0.308617
0.325886
0.342203
0.357603
0.372142
0.385904
0.399
0.410555
0.424852
0.430372
0.449264
0.170133
0.190012
0.209041
0.227173
0.244521
0.26117
0.277094
0.292278
0.30674
0.320526
0.333698
0.346291
0.357797
0.371442
0.377256
0.395964
0.130894
0.147912
0.164598
0.180913
0.196739
0.21207
0.226909
0.241252
0.255097
0.26846
0.281363
0.293777
0.305477
0.31869
0.324977
0.343482
0.0802846
0.090273
0.100474
0.110863
0.121271
0.13168
0.142153
0.152632
0.16308
0.173503
0.183948
0.194385
0.204666
0.216621
0.222561
0.24093
0.0379923
0.0465721
0.0549168
0.0629457
0.070766
0.0785865
0.0865671
0.0947398
0.10313
0.111748
0.120597
0.129647
0.13887
0.148683
0.157066
0.169551
)
;

boundaryField
{
    frontAndBack
    {
        type            empty;
    }
    inlet
    {
        type            zeroGradient;
    }
    outlet
    {
        type            fixedValue;
        value           uniform 0;
    }
    walls
    {
        type            zeroGradient;
    }
}


// ************************************************************************* //
