/*--------------------------------*- C++ -*----------------------------------*\
| =========                 |                                                 |
| \\      /  F ield         | OpenFOAM: The Open Source CFD Toolbox           |
|  \\    /   O peration     | Version:  v2012                                 |
|   \\  /    A nd           | Website:  www.openfoam.com                      |
|    \\/     M anipulation  |                                                 |
\*---------------------------------------------------------------------------*/
FoamFile
{
    version     2.0;
    format      ascii;
    class       volScalarField;
    location    "0.24";
    object      p;
}
// * * * * * * * * * * * * * * * * * * * * * * * * * * * * * * * * * * * * * //

dimensions      [0 2 -2 0 0 0 0];


internalField   nonuniform List<scalar> 
5600
(
-0.61295
-1.0712
-1.45125
-1.77021
-2.08112
-2.39094
-2.69247
-2.97403
-3.23791
-3.48734
-3.72402
-3.94887
-4.16275
-4.36991
-4.56937
-4.7657
-4.95799
-5.14722
-5.33495
-5.51941
-5.70257
-5.88269
-6.06047
-6.23702
-6.41124
-6.58555
-6.7571
-6.92875
-7.09946
-7.2696
-7.43959
-7.60835
-7.77661
-7.9443
-8.11167
-8.27819
-8.4443
-8.60969
-8.7745
-8.93871
-9.10231
-9.26536
-9.42781
-9.58946
-9.7508
-9.91139
-10.0717
-10.2313
-10.3906
-10.5495
-10.7075
-10.8655
-11.0229
-11.1798
-11.3364
-11.4923
-11.6481
-11.8032
-11.9581
-12.1124
-12.2662
-12.4199
-12.5731
-12.7259
-12.8785
-13.0305
-13.1822
-13.3335
-13.4846
-13.6353
-13.7858
-13.9359
-14.0857
-14.2353
-14.3845
-14.5335
-14.6823
-14.831
-14.9791
-15.1272
-15.2747
-15.4222
-15.5693
-15.7163
-15.8632
-16.01
-16.1566
-16.3032
-16.4495
-16.5956
-16.7414
-16.8867
-17.0327
-17.1783
-17.3247
-17.4712
-17.6202
-17.7731
-17.9285
-18.1619
-0.671981
-1.09138
-1.46788
-1.78804
-2.09906
-2.4093
-2.71072
-2.99254
-3.25681
-3.50622
-3.7432
-3.96828
-4.18256
-4.39004
-4.58989
-4.78651
-4.97912
-5.16858
-5.35649
-5.54102
-5.72438
-5.90463
-6.08244
-6.25913
-6.43346
-6.60793
-6.77955
-6.95129
-7.12211
-7.29233
-7.4624
-7.63123
-7.79952
-7.96723
-8.13465
-8.30119
-8.46734
-8.63276
-8.79761
-8.96184
-9.12548
-9.28856
-9.45105
-9.61271
-9.77409
-9.93467
-10.095
-10.2546
-10.414
-10.5728
-10.7308
-10.8888
-11.0462
-11.2031
-11.3597
-11.5156
-11.6714
-11.8265
-11.9813
-12.1356
-12.2894
-12.4431
-12.5963
-12.7491
-12.9017
-13.0536
-13.2054
-13.3566
-13.5078
-13.6585
-13.8089
-13.9591
-14.1089
-14.2584
-14.4076
-14.5566
-14.7054
-14.8541
-15.0022
-15.1503
-15.2978
-15.4453
-15.5924
-15.7394
-15.8863
-16.0331
-16.1797
-16.3264
-16.4725
-16.6187
-16.7643
-16.91
-17.0555
-17.2018
-17.347
-17.4953
-17.6413
-17.7982
-17.9485
-18.1751
-0.710223
-1.10401
-1.48062
-1.80144
-2.11024
-2.41805
-2.71828
-2.99984
-3.26372
-3.51288
-3.74963
-3.97467
-4.18917
-4.39643
-4.59646
-4.79305
-4.98563
-5.17518
-5.36304
-5.54763
-5.73094
-5.91125
-6.08927
-6.2659
-6.44027
-6.61459
-6.78624
-6.95795
-7.12865
-7.29885
-7.46884
-7.6376
-7.80596
-7.97368
-8.14107
-8.3076
-8.47372
-8.63911
-8.80392
-8.96811
-9.13169
-9.29471
-9.45712
-9.6187
-9.78001
-9.94061
-10.101
-10.2606
-10.4199
-10.5788
-10.7368
-10.8948
-11.0522
-11.2091
-11.3657
-11.5218
-11.6776
-11.8328
-11.9877
-12.1421
-12.2959
-12.4496
-12.6029
-12.7558
-12.9084
-13.0604
-13.2122
-13.3635
-13.5147
-13.6654
-13.8159
-13.966
-14.1159
-14.2655
-14.4147
-14.5638
-14.7126
-14.8612
-15.0094
-15.1575
-15.3051
-15.4526
-15.5996
-15.7467
-15.8935
-16.0404
-16.187
-16.3337
-16.4799
-16.6261
-16.7717
-16.9174
-17.0629
-17.2093
-17.3545
-17.5028
-17.6492
-17.8066
-17.9562
-18.1754
-0.758951
-1.12048
-1.49601
-1.81831
-2.12578
-2.43271
-2.73327
-3.01548
-3.27997
-3.52945
-3.76684
-3.99181
-4.20689
-4.41423
-4.61438
-4.81088
-5.00326
-5.19268
-5.38012
-5.56448
-5.7476
-5.92783
-6.10591
-6.28252
-6.45714
-6.63164
-6.80373
-6.97574
-7.14668
-7.31711
-7.48726
-7.65618
-7.82455
-7.99234
-8.15978
-8.32642
-8.49262
-8.65812
-8.82302
-8.98734
-9.15106
-9.31424
-9.47683
-9.63862
-9.8001
-9.96071
-10.1211
-10.2808
-10.4402
-10.5991
-10.7572
-10.9153
-11.0727
-11.2297
-11.3862
-11.5421
-11.698
-11.853
-12.0078
-12.1621
-12.3158
-12.4695
-12.6227
-12.7754
-12.928
-13.0799
-13.2317
-13.3829
-13.534
-13.6847
-13.8352
-13.9853
-14.1351
-14.2846
-14.4338
-14.5828
-14.7317
-14.8803
-15.0284
-15.1765
-15.324
-15.4715
-15.6186
-15.7656
-15.9125
-16.0593
-16.2059
-16.3525
-16.4988
-16.6449
-16.7906
-16.9362
-17.0818
-17.2278
-17.3735
-17.5209
-17.668
-17.8234
-17.9778
-18.1767
-0.808582
-1.13759
-1.51177
-1.8365
-2.14235
-2.44849
-2.74873
-3.03075
-3.29527
-3.54453
-3.78221
-4.00684
-4.22223
-4.4297
-4.63008
-4.82681
-5.01926
-5.20893
-5.39642
-5.58094
-5.76397
-5.94426
-6.12233
-6.29871
-6.47333
-6.64744
-6.81948
-6.99123
-7.16192
-7.33231
-7.50228
-7.67126
-7.83965
-8.00756
-8.17498
-8.34168
-8.50783
-8.67336
-8.83821
-9.00252
-9.16614
-9.32925
-9.49168
-9.65341
-9.81478
-9.97538
-10.1357
-10.2954
-10.4547
-10.6136
-10.7716
-10.9295
-11.0869
-11.2437
-11.4004
-11.5564
-11.7123
-11.8674
-12.0223
-12.1767
-12.3305
-12.4843
-12.6376
-12.7905
-12.9432
-13.0952
-13.247
-13.3984
-13.5495
-13.7003
-13.8508
-14.001
-14.1508
-14.3004
-14.4496
-14.5987
-14.7476
-14.8962
-15.0444
-15.1925
-15.3401
-15.4876
-15.6347
-15.7817
-15.9286
-16.0754
-16.2221
-16.3687
-16.5151
-16.6611
-16.8069
-16.9524
-17.0982
-17.2441
-17.3898
-17.5372
-17.6841
-17.8391
-17.9906
-18.183
-0.858616
-1.1569
-1.52909
-1.85673
-2.16096
-2.46617
-2.76603
-3.04807
-3.31277
-3.56226
-3.80017
-4.02516
-4.24083
-4.44854
-4.64915
-4.84598
-5.03851
-5.22826
-5.41572
-5.60033
-5.78312
-5.96342
-6.14161
-6.31791
-6.49276
-6.66674
-6.83896
-7.01069
-7.18142
-7.35169
-7.52165
-7.69061
-7.85893
-8.02675
-8.19404
-8.36067
-8.52673
-8.6922
-8.85701
-9.02128
-9.18491
-9.34822
-9.51072
-9.67254
-9.83396
-9.99467
-10.1551
-10.3148
-10.4742
-10.6331
-10.7913
-10.9493
-11.1068
-11.2637
-11.4203
-11.5763
-11.7322
-11.8873
-12.0422
-12.1967
-12.3504
-12.5041
-12.6573
-12.8101
-12.9627
-13.1147
-13.2665
-13.4178
-13.5689
-13.7196
-13.8701
-14.0202
-14.1701
-14.3196
-14.4689
-14.6179
-14.7669
-14.9154
-15.0637
-15.2117
-15.3593
-15.5068
-15.6539
-15.8009
-15.9478
-16.0946
-16.2413
-16.3878
-16.5342
-16.6803
-16.826
-16.9716
-17.1173
-17.2633
-17.4089
-17.5561
-17.7028
-17.8566
-18.007
-18.191
-0.90803
-1.1787
-1.5482
-1.87898
-2.18177
-2.48599
-2.78553
-3.06766
-3.33246
-3.58218
-3.82013
-4.04542
-4.26116
-4.46897
-4.6698
-4.86663
-5.05927
-5.24908
-5.43651
-5.6212
-5.80396
-5.98427
-6.16257
-6.33885
-6.51379
-6.68768
-6.86003
-7.03169
-7.20256
-7.37273
-7.54267
-7.71167
-7.88001
-8.04783
-8.21511
-8.38175
-8.5478
-8.71323
-8.87802
-9.04227
-9.20584
-9.36913
-9.53157
-9.69334
-9.85462
-10.0153
-10.1756
-10.3353
-10.4946
-10.6534
-10.8116
-10.9695
-11.127
-11.2839
-11.4406
-11.5966
-11.7525
-11.9077
-12.0625
-12.217
-12.3707
-12.5245
-12.6777
-12.8306
-12.9833
-13.1352
-13.287
-13.4384
-13.5895
-13.7403
-13.8908
-14.0409
-14.1908
-14.3403
-14.4896
-14.6387
-14.7877
-14.9362
-15.0845
-15.2325
-15.3802
-15.5276
-15.6748
-15.8218
-15.9687
-16.1155
-16.2622
-16.4088
-16.5551
-16.7013
-16.8469
-16.9926
-17.1382
-17.2842
-17.4298
-17.5767
-17.7233
-17.8755
-18.0244
-18.1991
-0.955008
-1.20318
-1.56966
-1.9034
-2.20503
-2.50826
-2.80759
-3.08981
-3.35462
-3.60457
-3.84252
-4.06809
-4.28391
-4.49183
-4.69294
-4.88976
-5.08256
-5.27243
-5.45984
-5.6446
-5.82733
-6.00764
-6.18594
-6.36226
-6.53723
-6.71107
-6.88351
-7.05514
-7.22605
-7.39624
-7.56613
-7.73516
-7.90351
-8.07133
-8.23861
-8.40525
-8.5713
-8.73673
-8.90153
-9.06583
-9.22944
-9.39258
-9.55502
-9.71684
-9.87809
-10.0388
-10.199
-10.3588
-10.5181
-10.6767
-10.835
-10.9929
-11.1503
-11.3074
-11.4639
-11.62
-11.7757
-11.9309
-12.0857
-12.2401
-12.3939
-12.5476
-12.7008
-12.8537
-13.0062
-13.1583
-13.31
-13.4615
-13.6126
-13.7634
-13.9139
-14.064
-14.2139
-14.3634
-14.5128
-14.6618
-14.8108
-14.9593
-15.1076
-15.2556
-15.4033
-15.5507
-15.6979
-15.8449
-15.9918
-16.1387
-16.2853
-16.4319
-16.5783
-16.7244
-16.8701
-17.0157
-17.1613
-17.3072
-17.4528
-17.5994
-17.7456
-17.896
-18.0428
-18.2077
-0.997989
-1.23024
-1.59404
-1.93015
-2.23093
-2.53334
-2.83253
-3.11481
-3.37957
-3.62976
-3.8677
-4.0935
-4.30941
-4.51738
-4.71871
-4.9155
-5.1084
-5.2983
-5.48568
-5.67051
-5.85319
-6.03347
-6.21177
-6.38816
-6.56314
-6.73696
-6.90945
-7.08107
-7.25201
-7.42224
-7.59207
-7.7611
-7.92948
-8.09729
-8.26458
-8.43121
-8.59726
-8.76269
-8.92749
-9.0918
-9.2554
-9.4185
-9.58096
-9.74282
-9.90405
-10.0648
-10.225
-10.3847
-10.5441
-10.7027
-10.861
-11.0189
-11.1763
-11.3334
-11.4898
-11.6461
-11.8016
-11.9568
-12.1117
-12.2659
-12.4199
-12.5734
-12.7267
-12.8795
-13.032
-13.1841
-13.3358
-13.4873
-13.6384
-13.7891
-13.9396
-14.0897
-14.2395
-14.3891
-14.5383
-14.6874
-14.8362
-14.9849
-15.1332
-15.2811
-15.4288
-15.5762
-15.7234
-15.8704
-16.0173
-16.1642
-16.3108
-16.4574
-16.6038
-16.7499
-16.8956
-17.0413
-17.1869
-17.3326
-17.4781
-17.6244
-17.7701
-17.9186
-18.0628
-18.2169
-1.03517
-1.25942
-1.62192
-1.9594
-2.25966
-2.56165
-2.8608
-3.14306
-3.40776
-3.65815
-3.89608
-4.12199
-4.33796
-4.54592
-4.7474
-4.94416
-5.13714
-5.32707
-5.51443
-5.69933
-5.88196
-6.06223
-6.24051
-6.41696
-6.59194
-6.76573
-6.93825
-7.10988
-7.28083
-7.45111
-7.62087
-7.7899
-7.95832
-8.12612
-8.29341
-8.46004
-8.62608
-8.79152
-8.9563
-9.12064
-9.28425
-9.44733
-9.6098
-9.77164
-9.93288
-10.0936
-10.2538
-10.4135
-10.5729
-10.7315
-10.8899
-11.0477
-11.2051
-11.3622
-11.5187
-11.6749
-11.8304
-11.9857
-12.1405
-12.2948
-12.4487
-12.6023
-12.7555
-12.9083
-13.0608
-13.213
-13.3646
-13.5161
-13.6672
-13.8179
-13.9684
-14.1185
-14.2683
-14.4179
-14.567
-14.7163
-14.865
-15.0136
-15.1619
-15.3098
-15.4574
-15.6048
-15.7519
-15.899
-16.0459
-16.1927
-16.3394
-16.4859
-16.6322
-16.7783
-16.9241
-17.0697
-17.2153
-17.3609
-17.5063
-17.6522
-17.7972
-17.9436
-18.0847
-18.2278
-1.06252
-1.28871
-1.65236
-1.98973
-2.28988
-2.59204
-2.89127
-3.17341
-3.43803
-3.68858
-3.92644
-4.15234
-4.36833
-4.57623
-4.77777
-4.97449
-5.16751
-5.35744
-5.54477
-5.72973
-5.91231
-6.09255
-6.27079
-6.44728
-6.62227
-6.79602
-6.96855
-7.14018
-7.31115
-7.48146
-7.65116
-7.82019
-7.98865
-8.15642
-8.32373
-8.49036
-8.65638
-8.82185
-8.98658
-9.151
-9.31458
-9.47765
-9.64011
-9.80193
-9.96322
-10.1239
-10.2842
-10.4439
-10.6032
-10.7619
-10.9202
-11.0781
-11.2354
-11.3925
-11.549
-11.7052
-11.8608
-12.016
-12.1708
-12.3251
-12.479
-12.6326
-12.7858
-12.9387
-13.0911
-13.2433
-13.395
-13.5464
-13.6975
-13.8482
-13.9987
-14.1488
-14.2986
-14.4482
-14.5973
-14.7465
-14.8953
-15.0438
-15.1921
-15.3401
-15.4878
-15.6352
-15.7823
-15.9293
-16.0762
-16.223
-16.3697
-16.5163
-16.6626
-16.8087
-16.9544
-17.1001
-17.2456
-17.3912
-17.5365
-17.6818
-17.8261
-17.9703
-18.1082
-18.2419
-1.07731
-1.31535
-1.68243
-2.01819
-2.31866
-2.62157
-2.92099
-3.20294
-3.46745
-3.7181
-3.95585
-4.18165
-4.39759
-4.60535
-4.80688
-5.00353
-5.19655
-5.38647
-5.57376
-5.75877
-5.9413
-6.1215
-6.2997
-6.47621
-6.65121
-6.82494
-6.99747
-7.16908
-7.34009
-7.51041
-7.68007
-7.84909
-8.01758
-8.18533
-8.35267
-8.51927
-8.68529
-8.85077
-9.01546
-9.17994
-9.34349
-9.50655
-9.66901
-9.83082
-9.99214
-10.1528
-10.3131
-10.4728
-10.6321
-10.7908
-10.9491
-11.107
-11.2643
-11.4215
-11.5779
-11.734
-11.8897
-12.0449
-12.1997
-12.354
-12.5079
-12.6615
-12.8147
-12.9675
-13.12
-13.2722
-13.4239
-13.5753
-13.7264
-13.8771
-14.0277
-14.1778
-14.3276
-14.4772
-14.6264
-14.7755
-14.9243
-15.0729
-15.2213
-15.3693
-15.5169
-15.6644
-15.8115
-15.9585
-16.1054
-16.2522
-16.3989
-16.5455
-16.6919
-16.8381
-16.9839
-17.1296
-17.275
-17.4205
-17.5657
-17.7107
-17.8543
-17.9966
-18.1317
-18.2581
-1.08103
-1.33891
-1.71049
-2.04353
-2.34471
-2.64874
-2.94841
-3.2301
-3.49451
-3.74523
-3.98283
-4.20845
-4.42432
-4.63189
-4.83334
-5.0299
-5.22291
-5.41281
-5.60004
-5.78512
-5.96759
-6.14775
-6.3259
-6.50241
-6.67741
-6.85109
-7.02362
-7.19519
-7.36625
-7.53657
-7.70619
-7.8752
-8.04371
-8.21145
-8.37881
-8.5454
-8.71142
-8.87691
-9.04159
-9.20612
-9.36965
-9.5327
-9.69514
-9.85695
-10.0183
-10.1789
-10.3392
-10.4989
-10.6581
-10.8169
-10.9751
-11.133
-11.2905
-11.4476
-11.6041
-11.7602
-11.9159
-12.071
-12.2259
-12.3802
-12.5342
-12.6878
-12.841
-12.9939
-13.1464
-13.2985
-13.4503
-13.6017
-13.7529
-13.9036
-14.0542
-14.2044
-14.3542
-14.5038
-14.653
-14.8021
-14.951
-15.0995
-15.2479
-15.3959
-15.5436
-15.691
-15.8381
-15.985
-16.1319
-16.2787
-16.4254
-16.5719
-16.7182
-16.8642
-17.0102
-17.1559
-17.3015
-17.4469
-17.592
-17.7366
-17.8795
-18.0207
-18.1537
-18.2747
-1.07595
-1.36023
-1.73647
-2.06618
-2.36841
-2.67372
-2.97368
-3.25504
-3.51934
-3.7701
-4.00753
-4.23294
-4.4487
-4.65607
-4.8574
-5.05385
-5.24681
-5.43669
-5.62386
-5.80902
-5.99142
-6.17154
-6.34964
-6.52616
-6.70116
-6.87479
-7.04731
-7.21883
-7.38995
-7.56023
-7.72986
-7.89885
-8.06736
-8.23511
-8.40244
-8.56903
-8.73505
-8.90046
-9.06521
-9.22973
-9.39329
-9.5563
-9.71877
-9.88057
-10.0419
-10.2026
-10.3629
-10.5226
-10.6819
-10.8407
-10.999
-11.1568
-11.3144
-11.4715
-11.6281
-11.7842
-11.9399
-12.0951
-12.25
-12.4044
-12.5583
-12.712
-12.8652
-13.018
-13.1705
-13.3225
-13.4743
-13.6258
-13.7769
-13.9276
-14.0782
-14.2284
-14.3782
-14.5278
-14.677
-14.8261
-14.9749
-15.1235
-15.2719
-15.4199
-15.5676
-15.715
-15.8622
-16.0092
-16.1561
-16.3029
-16.4497
-16.5964
-16.7428
-16.8889
-17.0346
-17.1802
-17.3257
-17.4711
-17.616
-17.7606
-17.9034
-18.0427
-18.1741
-18.2912
-1.06462
-1.37968
-1.7601
-2.08641
-2.38994
-2.69662
-2.99698
-3.27798
-3.54217
-3.79292
-4.03016
-4.25527
-4.47086
-4.67805
-4.87924
-5.07556
-5.26844
-5.45829
-5.64538
-5.83058
-6.01291
-6.19296
-6.371
-6.54753
-6.72251
-6.89614
-7.06857
-7.24013
-7.41128
-7.58151
-7.75113
-7.92012
-8.08866
-8.25645
-8.42376
-8.5904
-8.75645
-8.92187
-9.08677
-9.25123
-9.41483
-9.57787
-9.74044
-9.9023
-10.0637
-10.2245
-10.3848
-10.5446
-10.7038
-10.8627
-11.0209
-11.1787
-11.3362
-11.4933
-11.6499
-11.8059
-11.9617
-12.1169
-12.2717
-12.4261
-12.58
-12.7337
-12.8869
-13.0397
-13.1922
-13.3442
-13.496
-13.6474
-13.7986
-13.9493
-14.0998
-14.25
-14.3998
-14.5493
-14.6986
-14.8476
-14.9964
-15.145
-15.2933
-15.4413
-15.5889
-15.7363
-15.8833
-16.0302
-16.1771
-16.3238
-16.4704
-16.6168
-16.7631
-16.9093
-17.0552
-17.2009
-17.3465
-17.4919
-17.6367
-17.781
-17.9231
-18.0627
-18.193
-18.3074
-1.04908
-1.39767
-1.78134
-2.10459
-2.40948
-2.7174
-3.01823
-3.29889
-3.56308
-3.81377
-4.0509
-4.27575
-4.49106
-4.69803
-4.89913
-5.09534
-5.28819
-5.47795
-5.66512
-5.85035
-6.03264
-6.21262
-6.39057
-6.56706
-6.74198
-6.91558
-7.08798
-7.25962
-7.43077
-7.60103
-7.77069
-7.93971
-8.10834
-8.27627
-8.44365
-8.61042
-8.77651
-8.94205
-9.10696
-9.27132
-9.43489
-9.59789
-9.76046
-9.92229
-10.0837
-10.2444
-10.4047
-10.5645
-10.7237
-10.8826
-11.0408
-11.1986
-11.3562
-11.5132
-11.6698
-11.8259
-11.9816
-12.1368
-12.2916
-12.446
-12.6
-12.7536
-12.9068
-13.0597
-13.2122
-13.3642
-13.516
-13.6675
-13.8186
-13.9694
-14.1199
-14.2701
-14.4199
-14.5695
-14.7188
-14.8678
-15.0167
-15.1653
-15.3136
-15.4617
-15.6094
-15.7569
-15.9041
-16.0511
-16.198
-16.3448
-16.4916
-16.6383
-16.7846
-16.9308
-17.0766
-17.2222
-17.3676
-17.5129
-17.6578
-17.8021
-17.9439
-18.0814
-18.2107
-18.3231
-1.03034
-1.41436
-1.8004
-2.12144
-2.42766
-2.73649
-3.03754
-3.31768
-3.58186
-3.83233
-4.06913
-4.29425
-4.50909
-4.71568
-4.91654
-5.11256
-5.30527
-5.4949
-5.6821
-5.86721
-6.0495
-6.22955
-6.40764
-6.58429
-6.75938
-6.93307
-7.10566
-7.27744
-7.44866
-7.61897
-7.7886
-7.95749
-8.12605
-8.29392
-8.46122
-8.62794
-8.79395
-8.95944
-9.12428
-9.2886
-9.45217
-9.61512
-9.77762
-9.93938
-10.1007
-10.2614
-10.4217
-10.5814
-10.7406
-10.8995
-11.0576
-11.2154
-11.3729
-11.5299
-11.6864
-11.8425
-11.9981
-12.1533
-12.3081
-12.4624
-12.6163
-12.7699
-12.9231
-13.0759
-13.2283
-13.3803
-13.5321
-13.6834
-13.8345
-13.9852
-14.1357
-14.2858
-14.4356
-14.5851
-14.7342
-14.8832
-15.032
-15.1806
-15.3288
-15.4768
-15.6244
-15.7717
-15.9188
-16.0657
-16.2125
-16.3592
-16.5059
-16.6523
-16.7986
-16.9447
-17.0905
-17.2361
-17.3817
-17.527
-17.6718
-17.816
-17.9582
-18.0968
-18.226
-18.3377
-1.00948
-1.4287
-1.81598
-2.13639
-2.44453
-2.75498
-3.05636
-3.33601
-3.60022
-3.85056
-4.08711
-4.31248
-4.527
-4.73345
-4.93432
-5.13047
-5.32335
-5.51335
-5.70084
-5.88621
-6.06869
-6.2488
-6.42697
-6.60361
-6.77864
-6.95209
-7.12448
-7.29614
-7.46729
-7.63757
-7.80721
-7.97614
-8.14472
-8.31261
-8.47992
-8.64668
-8.81271
-8.97824
-9.1431
-9.30744
-9.47104
-9.63399
-9.79647
-9.95823
-10.1196
-10.2803
-10.4406
-10.6004
-10.7596
-10.9185
-11.0767
-11.2345
-11.392
-11.5491
-11.7056
-11.8617
-12.0174
-12.1726
-12.3274
-12.4818
-12.6358
-12.7894
-12.9426
-13.0954
-13.2479
-13.4
-13.5518
-13.7032
-13.8543
-14.0051
-14.1556
-14.3058
-14.4556
-14.6052
-14.7544
-14.9034
-15.0523
-15.2009
-15.3492
-15.4972
-15.6449
-15.7924
-15.9395
-16.0865
-16.2333
-16.3802
-16.5269
-16.6735
-16.8198
-16.9659
-17.1118
-17.2574
-17.4029
-17.5482
-17.6929
-17.8371
-17.9786
-18.1158
-18.2436
-18.3538
-0.994878
-1.44328
-1.82822
-2.14594
-2.45488
-2.76712
-3.06902
-3.34812
-3.61251
-3.86282
-4.09928
-4.32426
-4.5386
-4.74494
-4.94569
-5.14174
-5.33449
-5.52437
-5.71173
-5.89694
-6.07911
-6.25881
-6.43677
-6.61321
-6.78811
-6.96144
-7.13364
-7.30519
-7.47625
-7.64645
-7.81602
-7.98486
-8.15335
-8.32115
-8.48839
-8.65508
-8.82104
-8.98649
-9.15128
-9.31557
-9.4791
-9.642
-9.80443
-9.96616
-10.1275
-10.2881
-10.4484
-10.6081
-10.7673
-10.9261
-11.0843
-11.242
-11.3995
-11.5565
-11.713
-11.869
-12.0247
-12.1799
-12.3346
-12.489
-12.6429
-12.7965
-12.9496
-13.1024
-13.2549
-13.4069
-13.5586
-13.71
-13.8611
-14.0118
-14.1623
-14.3125
-14.4622
-14.6117
-14.7609
-14.9099
-15.0587
-15.2073
-15.3556
-15.5035
-15.6512
-15.7985
-15.9456
-16.0926
-16.2394
-16.3862
-16.5328
-16.6794
-16.8257
-16.9718
-17.1176
-17.2632
-17.4087
-17.554
-17.6988
-17.8429
-17.9848
-18.1228
-18.251
-18.3618
-0.964404
-1.4581
-1.85183
-2.17009
-2.47923
-2.79198
-3.09463
-3.37277
-3.63749
-3.8879
-4.12427
-4.34904
-4.56319
-4.76923
-4.96971
-5.16553
-5.3581
-5.54784
-5.7351
-5.92023
-6.10243
-6.28219
-6.46012
-6.63654
-6.81139
-6.9847
-7.1569
-7.32841
-7.49942
-7.66959
-7.83913
-8.00796
-8.17643
-8.34424
-8.51147
-8.67815
-8.84411
-9.00957
-9.17436
-9.33865
-9.50219
-9.6651
-9.82753
-9.98926
-10.1506
-10.3113
-10.4715
-10.6312
-10.7904
-10.9492
-11.1074
-11.2652
-11.4226
-11.5797
-11.7362
-11.8922
-12.0479
-12.2031
-12.3579
-12.5122
-12.6661
-12.8197
-12.9729
-13.1257
-13.2781
-13.4302
-13.5819
-13.7333
-13.8844
-14.0351
-14.1856
-14.3358
-14.4855
-14.635
-14.7843
-14.9333
-15.0821
-15.2306
-15.3789
-15.5269
-15.6746
-15.822
-15.9691
-16.116
-16.2628
-16.4096
-16.5563
-16.7028
-16.8492
-16.9953
-17.1411
-17.2867
-17.4322
-17.5775
-17.7222
-17.8664
-18.0081
-18.1457
-18.2737
-18.384
-18.165
-18.4371
-19.1669
-19.2904
-18.7469
-17.6636
-16.204
-14.502
-12.743
-11.023
-9.43209
-7.99793
-6.73614
-5.64118
-4.69898
-3.88934
-3.19486
-2.59593
-2.07686
-1.62589
-1.23202
-0.88586
-0.580713
-0.311412
-0.0730155
0.140382
0.331635
0.503421
0.659145
0.800776
0.929706
1.04574
1.14864
1.23871
1.31611
1.3811
1.43413
1.47561
1.50655
1.5279
1.54002
1.5447
1.5434
1.5376
1.52917
1.52004
1.51155
1.50465
1.49927
1.49506
1.49075
1.48584
1.47926
1.46974
1.45713
1.44308
1.42837
1.41225
1.39588
1.37987
1.36536
1.34894
1.32248
1.28802
1.24716
1.21246
1.18015
1.15006
1.11927
1.088
1.05834
1.0292
1.00035
0.967744
0.931243
0.888129
0.845085
0.801861
0.756535
0.711776
0.669666
0.628965
0.590141
0.554688
0.522175
0.49017
0.459991
0.432185
0.404738
0.376782
0.34816
0.318956
0.289308
0.259128
0.228044
0.195589
0.159995
0.122589
0.0763761
0.0333957
-18.2059
-18.3639
-19.0607
-19.2007
-18.6694
-17.6065
-16.169
-14.4867
-12.7433
-11.0346
-9.45215
-8.02261
-6.76322
-5.66925
-4.72681
-3.91622
-3.22025
-2.61965
-2.09881
-1.64624
-1.25086
-0.90335
-0.597061
-0.326493
-0.087035
0.127094
0.318958
0.491331
0.647444
0.789292
0.917606
1.03294
1.13567
1.22548
1.30253
1.36709
1.41961
1.46055
1.4909
1.51166
1.52324
1.5275
1.5259
1.51992
1.51149
1.50254
1.4944
1.48798
1.48313
1.47936
1.47537
1.47055
1.46383
1.45405
1.4412
1.42706
1.41239
1.39655
1.38079
1.36575
1.35263
1.33828
1.31346
1.28045
1.24038
1.20486
1.17187
1.14047
1.10864
1.0766
1.0458
1.01528
0.985836
0.952687
0.915834
0.872973
0.830265
0.787768
0.742964
0.698431
0.656417
0.615804
0.577327
0.541979
0.509256
0.477004
0.446752
0.419005
0.391454
0.363491
0.334993
0.305974
0.276593
0.246763
0.216173
0.184395
0.150054
0.114194
0.0712208
0.0296747
-18.1994
-18.3704
-18.986
-19.109
-18.5825
-17.5371
-16.1223
-14.4619
-12.7379
-11.0448
-9.47284
-8.05024
-6.7951
-5.70263
-4.75974
-3.94789
-3.24996
-2.64739
-2.12454
-1.67015
-1.27307
-0.923982
-0.616287
-0.344278
-0.103498
0.111718
0.304564
0.477768
0.634484
0.776793
0.904699
1.01901
1.12153
1.21102
1.28764
1.35169
1.40358
1.44387
1.47352
1.49354
1.50445
1.50819
1.50621
1.5
1.49154
1.48286
1.47525
1.46948
1.46528
1.46203
1.45839
1.45361
1.44676
1.43668
1.42357
1.40932
1.39467
1.3791
1.364
1.3503
1.33845
1.32652
1.30363
1.27225
1.23344
1.19661
1.16298
1.13003
1.09691
1.06383
1.03214
0.999965
0.969722
0.935948
0.898601
0.856187
0.813822
0.772143
0.727984
0.6837
0.641814
0.601342
0.563255
0.528023
0.495089
0.462547
0.432209
0.404451
0.376753
0.348806
0.320456
0.291661
0.26257
0.233122
0.203083
0.172052
0.139077
0.104981
0.0655597
0.0256616
-18.2244
-18.3891
-18.924
-19.0254
-18.4939
-17.4616
-16.0674
-14.4322
-12.7291
-11.0542
-9.49456
-8.08087
-6.83122
-5.74073
-4.79747
-3.98423
-3.28422
-2.6797
-2.15491
-1.69835
-1.29917
-0.948118
-0.638653
-0.364965
-0.122596
0.0939822
0.288049
0.462346
0.619791
0.762231
0.889794
1.00395
1.10629
1.19528
1.27141
1.33481
1.38593
1.42543
1.4542
1.47331
1.4834
1.48642
1.48405
1.47758
1.46917
1.46091
1.45397
1.44895
1.4455
1.44288
1.43963
1.43491
1.42789
1.4175
1.40409
1.38969
1.37505
1.35974
1.34539
1.3334
1.32272
1.31316
1.29293
1.26339
1.22609
1.18787
1.15336
1.11866
1.08395
1.04957
1.017
0.983289
0.951848
0.917333
0.879409
0.837516
0.79561
0.754819
0.711456
0.667456
0.625668
0.585528
0.547822
0.512715
0.479548
0.44672
0.416246
0.388379
0.360552
0.332622
0.304436
0.275886
0.247114
0.218085
0.188651
0.158432
0.126964
0.0947724
0.0593575
0.0213817
-18.2434
-18.3986
-18.8616
-18.94
-18.4069
-17.3861
-16.0099
-14.4015
-12.7208
-11.0658
-9.5204
-8.11676
-6.87266
-5.78451
-4.84124
-4.02659
-3.32442
-2.71757
-2.19051
-1.73131
-1.3296
-0.976212
-0.664664
-0.389062
-0.144857
0.0732864
0.268728
0.444267
0.602559
0.745197
0.872782
0.987476
1.08958
1.17819
1.25393
1.31632
1.3665
1.40502
1.43266
1.45063
1.45973
1.46202
1.45921
1.45246
1.44415
1.4365
1.43031
1.42616
1.42355
1.42165
1.41889
1.41428
1.40708
1.39635
1.38261
1.368
1.35338
1.33832
1.32495
1.31488
1.3057
1.29778
1.28098
1.25381
1.21813
1.17888
1.14288
1.10626
1.06966
1.03371
0.999988
0.965251
0.932077
0.896631
0.858085
0.816707
0.775473
0.735608
0.693225
0.649552
0.607884
0.568238
0.530919
0.495915
0.462516
0.429462
0.39876
0.370702
0.342752
0.314827
0.286815
0.258527
0.230096
0.201514
0.172732
0.143379
0.113634
0.0833685
0.0525533
0.0168562
-18.2603
-18.4054
-18.7956
-18.8457
-18.313
-17.3045
-15.9509
-14.3722
-12.7156
-11.0823
-9.55242
-8.16014
-6.92214
-5.83668
-4.89352
-4.07718
-3.37229
-2.76218
-2.23194
-1.76962
-1.36502
-1.00897
-0.69503
-0.417227
-0.170849
0.049173
0.246262
0.423287
0.582707
0.726087
0.854336
0.969388
1.07124
1.15954
1.23476
1.29605
1.34514
1.38243
1.40871
1.42532
1.43326
1.4349
1.43158
1.42453
1.41628
1.40918
1.40387
1.40082
1.3992
1.39814
1.39597
1.39153
1.38419
1.37311
1.35904
1.34417
1.32945
1.31466
1.3025
1.29446
1.28769
1.28083
1.26706
1.24317
1.20939
1.16966
1.13135
1.09263
1.05385
1.01609
0.980808
0.945521
0.91045
0.873663
0.834418
0.793606
0.753249
0.714309
0.673105
0.629825
0.588379
0.549346
0.512432
0.477469
0.443889
0.410682
0.379677
0.351355
0.323261
0.29532
0.267481
0.239456
0.211372
0.183259
0.155168
0.126751
0.0989045
0.0706908
0.0450155
0.0120612
-18.2759
-18.4085
-18.7254
-18.7421
-18.2095
-17.2142
-15.8851
-14.3386
-12.7107
-11.1025
-9.59064
-8.21164
-6.98089
-5.89813
-4.95492
-4.13647
-3.42815
-2.81407
-2.27985
-1.81382
-1.40585
-1.04665
-0.729858
-0.449423
-0.200404
0.0219723
0.221155
0.40007
0.56098
0.705444
0.834586
0.949953
1.05159
1.13944
1.21377
1.274
1.32171
1.35734
1.38239
1.39751
1.40406
1.40459
1.40048
1.3932
1.38525
1.37876
1.37451
1.3727
1.37226
1.37214
1.37065
1.36646
1.35904
1.34763
1.33325
1.3181
1.30314
1.28855
1.27767
1.27184
1.26793
1.26256
1.25171
1.23128
1.1997
1.15996
1.11863
1.07759
1.03635
0.996554
0.959429
0.923611
0.886924
0.848273
0.808165
0.768138
0.728744
0.690714
0.65085
0.608099
0.567074
0.528717
0.492248
0.457257
0.423556
0.39023
0.358945
0.330261
0.301987
0.273997
0.246316
0.218531
0.190783
0.163145
0.135763
0.108382
0.0825279
0.0566456
0.0365632
0.00696239
-18.29
-18.407
-18.6519
-18.6309
-18.0981
-17.1172
-15.8137
-14.3003
-12.7033
-11.1217
-9.63021
-8.26616
-7.04427
-5.96357
-5.02017
-4.20004
-3.4886
-2.87078
-2.33255
-1.86255
-1.45087
-1.08814
-0.768011
-0.484481
-0.232397
-0.00720754
0.194503
0.375655
0.538349
0.68413
0.814251
0.929942
1.03134
1.11852
1.19174
1.25061
1.29644
1.32989
1.35283
1.36616
1.37144
1.37082
1.36601
1.35846
1.35083
1.34522
1.34217
1.34165
1.34251
1.34341
1.34267
1.33883
1.33141
1.31971
1.30507
1.28964
1.27428
1.2599
1.25035
1.24665
1.24573
1.24277
1.23556
1.21821
1.18888
1.14917
1.10466
1.06095
1.01699
0.97495
0.93594
0.899679
0.86081
0.820194
0.779146
0.740302
0.701716
0.664634
0.626172
0.584212
0.543883
0.506192
0.470216
0.435172
0.401409
0.367941
0.336467
0.307314
0.278834
0.250764
0.223209
0.195611
0.168156
0.140979
0.114319
0.0880671
0.0642808
0.0410905
0.0269503
0.00148426
-18.3034
-18.4023
-18.5769
-18.5139
-17.9796
-17.0144
-15.7378
-14.2561
-12.69
-11.1356
-9.66576
-8.31819
-7.10644
-6.03089
-5.089
-4.26776
-3.55327
-2.93154
-2.38925
-1.91526
-1.49978
-1.13356
-0.810026
-0.523178
-0.267837
-0.0394935
0.165205
0.348926
0.513663
0.660992
0.792123
0.908059
1.00904
1.09524
1.16708
1.2244
1.26825
1.29966
1.32011
1.33144
1.33525
1.33369
1.32834
1.32063
1.31321
1.30844
1.30661
1.30742
1.30973
1.31171
1.3118
1.30842
1.30109
1.28915
1.27432
1.25857
1.24258
1.22892
1.2208
1.21907
1.22113
1.22164
1.21784
1.2034
1.17648
1.13649
1.08927
1.04253
0.995652
0.951216
0.910988
0.873252
0.831454
0.789246
0.74749
0.709833
0.671986
0.635942
0.598851
0.558048
0.518617
0.481575
0.446128
0.411081
0.377181
0.343631
0.312026
0.282347
0.253634
0.22544
0.197993
0.170528
0.143306
0.116578
0.0906352
0.0655526
0.0439316
0.0238712
0.0158682
-0.00453101
-18.316
-18.395
-18.502
-18.3931
-17.8549
-16.9056
-15.6561
-14.2094
-12.6778
-11.1527
-9.70556
-8.3746
-7.17263
-6.10366
-5.16332
-4.34047
-3.62255
-2.9965
-2.44985
-1.97168
-1.55215
-1.18226
-0.855242
-0.564928
-0.306328
-0.0748173
0.133016
0.319316
0.486102
0.635111
0.767302
0.883465
0.983997
1.06918
1.13945
1.19487
1.23657
1.26579
1.2841
1.29335
1.29546
1.29278
1.28692
1.27933
1.27242
1.26848
1.26778
1.26982
1.2735
1.27667
1.27774
1.27502
1.26789
1.25574
1.24081
1.22431
1.20831
1.19593
1.18929
1.18961
1.19453
1.19869
1.19804
1.18646
1.16196
1.12131
1.0721
1.02202
0.972119
0.925691
0.884557
0.843188
0.79899
0.755306
0.713484
0.676317
0.63949
0.60459
0.568814
0.529476
0.491001
0.454652
0.419716
0.384778
0.350615
0.316958
0.285258
0.255114
0.22624
0.197843
0.17028
0.142981
0.115904
0.0896543
0.0644964
0.0405902
0.0212397
0.0046785
0.00299278
-0.0114756
-18.3281
-18.3875
-18.4363
-18.2838
-17.7403
-16.8064
-15.5819
-14.1701
-12.6719
-11.1747
-9.74869
-8.43294
-7.24001
-6.1752
-5.23515
-4.41043
-3.6894
-3.0595
-2.50896
-2.02711
-1.60392
-1.23064
-0.900404
-0.606851
-0.345173
-0.110721
0.100038
0.288758
0.457427
0.607916
0.741025
0.857348
0.957343
1.04142
1.11005
1.1636
1.20327
1.23041
1.24668
1.25395
1.25444
1.25058
1.24424
1.23692
1.23072
1.22765
1.22792
1.23085
1.23547
1.23969
1.24161
1.23977
1.23328
1.22119
1.20569
1.18894
1.17388
1.1628
1.15777
1.16019
1.16776
1.17511
1.17724
1.16825
1.14554
1.10461
1.0535
1.00013
0.947562
0.900574
0.856295
0.810972
0.765133
0.720103
0.67862
0.641589
0.606039
0.5723
0.537662
0.499891
0.462328
0.426706
0.392152
0.357264
0.322835
0.289656
0.257661
0.227029
0.197856
0.169156
0.141208
0.113805
0.0870128
0.0612017
0.0369013
0.0141903
-0.00287869
-0.016054
-0.011174
-0.0196986
-18.3402
-18.3834
-18.3885
-18.2006
-17.6518
-16.7308
-15.5275
-14.1417
-12.669
-11.1936
-9.78505
-8.48216
-7.29714
-6.23618
-5.29715
-4.47152
-3.74819
-3.11525
-2.56152
-2.07665
-1.65049
-1.27439
-0.941553
-0.645418
-0.381235
-0.144483
0.0685377
0.259215
0.429385
0.580989
0.714743
0.831123
0.93058
1.01365
1.08089
1.13288
1.17094
1.19653
1.21137
1.21731
1.21668
1.212
1.20529
1.19817
1.1924
1.19016
1.19137
1.19505
1.20019
1.20514
1.20782
1.2068
1.20068
1.18881
1.17287
1.15675
1.14268
1.13282
1.12943
1.13381
1.14363
1.15356
1.15789
1.15103
1.12915
1.0883
1.03504
0.97877
0.925036
0.877058
0.828054
0.780061
0.732822
0.687116
0.645799
0.609302
0.57496
0.542261
0.508495
0.472153
0.435358
0.400322
0.366186
0.331445
0.297139
0.264138
0.231494
0.200113
0.1703
0.141534
0.113327
0.085904
0.0593084
0.033901
0.010258
-0.0111621
-0.0262355
-0.0367389
-0.0255702
-0.0290917
-18.3527
-18.3834
-18.3574
-18.143
-17.5894
-16.6779
-15.4899
-14.1231
-12.6697
-11.2114
-9.81649
-8.52356
-7.34472
-6.28682
-5.34863
-4.5223
-3.79723
-3.16192
-2.60573
-2.11855
-1.69011
-1.31184
-0.976996
-0.678915
-0.412807
-0.174327
0.0403523
0.232505
0.403803
0.556196
0.690306
0.806599
0.905578
0.987849
1.05402
1.1048
1.14155
1.16591
1.17966
1.18452
1.18302
1.17803
1.17139
1.16463
1.15929
1.15782
1.16009
1.16461
1.1702
1.17533
1.17871
1.17821
1.17196
1.16014
1.14457
1.12902
1.11579
1.10715
1.1053
1.11143
1.12316
1.1352
1.14124
1.13605
1.11442
1.07318
1.01759
0.95899
0.905775
0.854162
0.801576
0.7517
0.703317
0.657558
0.616526
0.580814
0.547505
0.515663
0.482571
0.447384
0.411319
0.37698
0.343315
0.308531
0.274054
0.240334
0.207037
0.175302
0.145525
0.116571
0.0881102
0.0609128
0.0344964
0.00927415
-0.0139863
-0.034334
-0.0478011
-0.0564206
-0.0397511
-0.0392481
-18.3655
-18.3871
-18.3392
-18.1054
-17.5479
-16.6433
-15.4667
-14.1138
-12.6748
-11.2295
-9.8447
-8.55909
-7.3849
-6.32929
-5.39168
-4.56474
-3.83831
-3.20118
-2.64311
-2.1542
-1.72408
-1.34417
-1.00784
-0.708352
-0.440836
-0.20106
0.0148227
0.208056
0.380228
0.533235
0.667614
0.783835
0.882444
0.964078
1.02941
1.07922
1.11491
1.13823
1.15099
1.15486
1.15272
1.14786
1.14177
1.13562
1.1308
1.13003
1.13326
1.13849
1.14421
1.14974
1.15357
1.1533
1.14706
1.13536
1.12017
1.10513
1.09273
1.08527
1.08486
1.09262
1.10611
1.12
1.12752
1.12343
1.10156
1.05918
1.00093
0.941579
0.887595
0.831661
0.776753
0.725405
0.676515
0.630916
0.5905
0.555565
0.523167
0.49202
0.459514
0.425298
0.390031
0.356115
0.322187
0.287281
0.252271
0.218004
0.184479
0.152511
0.122144
0.0932744
0.0649704
0.0379354
0.0117564
-0.0133504
-0.0360718
-0.0557773
-0.0679084
-0.0753339
-0.0538094
-0.0500024
-18.3789
-18.3938
-18.3305
-18.0829
-17.5226
-16.6232
-15.455
-14.1124
-12.684
-11.2483
-9.87103
-8.59063
-7.41975
-6.36572
-5.4284
-4.60087
-3.87333
-3.23473
-2.6752
-2.185
-1.75359
-1.37246
-1.03501
-0.734509
-0.46598
-0.225225
-0.00849604
0.18548
0.358298
0.511782
0.646371
0.762481
0.860704
0.941719
1.00628
1.05525
1.09003
1.1125
1.1246
1.12804
1.12572
1.12114
1.11571
1.11023
1.10617
1.10619
1.10999
1.11544
1.12158
1.12784
1.13198
1.13178
1.12561
1.11405
1.09921
1.08468
1.07309
1.06673
1.06769
1.07705
1.09225
1.10787
1.11677
1.11308
1.09018
1.04596
0.984769
0.926529
0.868969
0.81
0.753503
0.701142
0.652236
0.607104
0.567371
0.533112
0.501477
0.470826
0.438955
0.405731
0.371096
0.337095
0.302857
0.267761
0.232391
0.197899
0.164328
0.132285
0.102262
0.0733154
0.044949
0.0178147
-0.00842389
-0.0335328
-0.0560177
-0.075476
-0.086583
-0.0934245
-0.0676782
-0.0612097
-18.3925
-18.4028
-18.3291
-18.072
-17.51
-16.6146
-15.4527
-14.1176
-12.6968
-11.268
-9.89617
-8.61935
-7.45059
-6.39747
-5.46017
-4.63205
-3.90358
-3.26377
-2.70309
-2.21188
-1.77948
-1.39735
-1.05896
-0.75762
-0.488319
-0.246855
-0.0295891
0.164855
0.338095
0.491832
0.626455
0.742333
0.840083
0.920437
0.984241
1.03246
1.06651
1.08842
1.10036
1.10395
1.10191
1.0978
1.093
1.08801
1.08466
1.08561
1.08948
1.09544
1.10237
1.10908
1.11343
1.1133
1.1072
1.09578
1.08126
1.06722
1.05638
1.05105
1.05333
1.06426
1.08115
1.09835
1.10842
1.10448
1.07955
1.0327
0.970547
0.910921
0.850129
0.789419
0.731845
0.679138
0.630545
0.586055
0.546987
0.513281
0.482146
0.451639
0.420055
0.387204
0.352744
0.318376
0.283731
0.248489
0.213
0.178249
0.144475
0.112282
0.0819659
0.0529751
0.0247385
-0.00236763
-0.0284032
-0.0531902
-0.0753001
-0.0942572
-0.104293
-0.110714
-0.0814092
-0.0727268
-18.4059
-18.4134
-18.333
-18.0698
-17.507
-16.6148
-15.4575
-14.1277
-12.7122
-11.2882
-9.92023
-8.64581
-7.47834
-6.42567
-5.48819
-4.65947
-3.93017
-3.28931
-2.72763
-2.23558
-1.80234
-1.41936
-1.08016
-0.778115
-0.508202
-0.266267
-0.0487114
0.146005
0.319459
0.473217
0.60767
0.723202
0.820421
0.900124
0.963266
1.01089
1.04444
1.06615
1.07826
1.08223
1.0807
1.07731
1.07364
1.07057
1.06694
1.06737
1.07155
1.07826
1.0857
1.09272
1.09725
1.0972
1.09116
1.07987
1.06565
1.05206
1.04193
1.03758
1.0411
1.05354
1.07197
1.09039
1.10089
1.0962
1.07202
1.0186
0.957665
0.894085
0.831458
0.76977
0.711737
0.659178
0.611189
0.567451
0.52921
0.496329
0.466041
0.436099
0.405174
0.372764
0.338475
0.304369
0.269796
0.234386
0.198773
0.163963
0.130231
0.0981636
0.0679655
0.0390213
0.0107395
-0.0165246
-0.0426534
-0.0676167
-0.0900131
-0.10914
-0.119201
-0.125913
-0.0943254
-0.0843193
-18.4208
-18.4261
-18.3411
-18.0742
-17.5112
-16.6213
-15.4672
-14.141
-12.7289
-11.308
-9.94257
-8.66958
-7.50281
-6.4503
-5.51252
-4.68324
-3.95328
-3.31163
-2.74925
-2.25666
-1.82294
-1.4395
-1.0999
-0.797448
-0.52706
-0.284723
-0.0668437
0.128228
0.301938
0.455744
0.590048
0.70526
0.802003
0.881167
0.9438
0.990961
1.02422
1.04587
1.05807
1.06219
1.06074
1.05721
1.0528
1.04791
1.0479
1.0494
1.05487
1.06237
1.07039
1.07782
1.0826
1.08268
1.07677
1.06567
1.05179
1.03872
1.02931
1.02592
1.0306
1.04438
1.06399
1.08293
1.09241
1.08511
1.05824
1.00483
0.942989
0.876827
0.813188
0.750878
0.692672
0.640246
0.592438
0.548826
0.510596
0.477548
0.44707
0.416942
0.385737
0.353276
0.31876
0.284289
0.249466
0.213978
0.178314
0.143362
0.10955
0.0773023
0.0469771
0.0179165
-0.010315
-0.0374827
-0.0634974
-0.0882066
-0.11005
-0.128755
-0.137652
-0.144022
-0.109791
-0.0981802
-18.429
-18.4341
-18.348
-18.0802
-17.5182
-16.6306
-15.479
-14.1552
-12.7452
-11.3263
-9.96194
-8.68917
-7.52218
-6.46905
-5.53032
-4.69993
-3.96878
-3.32588
-2.76238
-2.26886
-1.83428
-1.4501
-1.11
-0.80725
-0.536773
-0.294548
-0.0768787
0.117883
0.291182
0.444509
0.57831
0.693009
0.789268
0.868133
0.930667
0.977957
1.01161
1.03382
1.04671
1.05162
1.05108
1.04871
1.04621
1.04286
1.04084
1.04224
1.04752
1.05501
1.06307
1.07049
1.07518
1.07514
1.06913
1.05799
1.04417
1.03126
1.02214
1.01924
1.02463
1.03937
1.05982
1.0792
1.08876
1.08147
1.05088
0.996503
0.932216
0.865424
0.801581
0.739502
0.681948
0.63024
0.583168
0.540295
0.502782
0.470372
0.440411
0.410611
0.379715
0.347324
0.312927
0.278551
0.243788
0.208262
0.172541
0.137594
0.103795
0.0716238
0.0413583
0.0123557
-0.0158768
-0.0430994
-0.0691793
-0.0940026
-0.116129
-0.135064
-0.144434
-0.151296
-0.116963
-0.102628
-18.451
-18.4557
-18.3689
-18.1012
-17.5407
-16.655
-15.5053
-14.183
-12.774
-11.3558
-9.99165
-8.71844
-7.55087
-6.497
-5.55746
-4.72627
-3.99441
-3.35085
-2.78684
-2.29299
-1.85812
-1.47362
-1.13334
-0.830558
-0.560047
-0.317806
-0.100179
0.0944954
0.267628
0.420724
0.55428
0.668737
0.764796
0.843583
0.906244
0.953764
0.987649
1.0101
1.0232
1.02827
1.02782
1.02539
1.02265
1.01903
1.01778
1.0198
1.02553
1.0334
1.04175
1.04939
1.05426
1.05435
1.04846
1.03746
1.02385
1.01125
1.00254
1.00011
1.00592
1.02086
1.04114
1.05986
1.06626
1.05859
1.02866
0.973097
0.908428
0.841396
0.777605
0.715771
0.65845
0.606916
0.559994
0.517245
0.479816
0.447421
0.417445
0.387607
0.356612
0.324162
0.289683
0.255208
0.220336
0.184772
0.149035
0.114057
0.0802701
0.0480733
0.017789
-0.0112422
-0.0394671
-0.0666708
-0.0927267
-0.117509
-0.139491
-0.158392
-0.167457
-0.174254
-0.139272
-0.130582
-18.4108
-18.3989
-18.4346
-18.421
-18.4011
-18.3756
-18.3456
-18.3139
-18.2834
-18.2558
-18.2316
-18.2113
-18.1956
-18.187
-18.1867
-18.1785
-18.8993
-18.8757
-18.8792
-18.8903
-18.882
-18.8583
-18.8285
-18.7968
-18.7658
-18.7373
-18.7126
-18.6925
-18.6771
-18.6655
-18.6579
-18.6427
-19.3466
-19.4142
-19.5021
-19.5352
-19.5345
-19.5149
-19.4858
-19.4545
-19.4247
-19.3985
-19.3766
-19.3599
-19.3489
-19.343
-19.3378
-19.3259
-19.4156
-19.5075
-19.5575
-19.5824
-19.5895
-19.5774
-19.5522
-19.5229
-19.4947
-19.4702
-19.4503
-19.4352
-19.4248
-19.4187
-19.4139
-19.4011
-18.8453
-18.9063
-18.9421
-18.9705
-18.9808
-18.973
-18.9533
-18.9271
-18.9006
-18.8748
-18.8506
-18.829
-18.8104
-18.7955
-18.7845
-18.7657
-17.7308
-17.7765
-17.8118
-17.8389
-17.8499
-17.8448
-17.827
-17.8019
-17.7744
-17.7464
-17.7189
-17.6923
-17.6671
-17.6446
-17.6263
-17.602
-16.2429
-16.2736
-16.2999
-16.3197
-16.3284
-16.3242
-16.3077
-16.2833
-16.2553
-16.2251
-16.193
-16.1592
-16.1244
-16.0904
-16.06
-16.0295
-14.5173
-14.5339
-14.549
-14.56
-14.5642
-14.5586
-14.5415
-14.5166
-14.4875
-14.4551
-14.4193
-14.3803
-14.3387
-14.2968
-14.2589
-14.2245
-12.7402
-12.7409
-12.7437
-12.7461
-12.7459
-12.7381
-12.7196
-12.6937
-12.6637
-12.6296
-12.5913
-12.5487
-12.5024
-12.455
-12.4121
-12.3746
-11.0068
-10.9929
-10.9843
-10.9789
-10.9739
-10.9625
-10.9415
-10.9143
-10.8833
-10.8482
-10.8086
-10.7641
-10.7156
-10.6658
-10.6205
-10.5816
-9.40514
-9.37952
-9.36219
-9.35088
-9.34153
-9.32657
-9.30331
-9.27503
-9.24337
-9.20778
-9.16761
-9.12265
-9.07361
-9.02329
-8.97755
-8.93837
-7.96481
-7.93118
-7.90723
-7.89099
-7.8775
-7.85884
-7.83322
-7.80393
-7.77182
-7.73614
-7.69622
-7.65186
-7.60374
-7.55461
-7.50999
-7.47155
-6.70005
-6.66246
-6.63511
-6.61592
-6.599
-6.57701
-6.54964
-6.51984
-6.48773
-6.45242
-6.41331
-6.37023
-6.32387
-6.27681
-6.23413
-6.19693
-5.60373
-5.56441
-5.53546
-5.51402
-5.49293
-5.46722
-5.43854
-5.40859
-5.37676
-5.34213
-5.3042
-5.26285
-5.21876
-5.17432
-5.13407
-5.09843
-4.66158
-4.62236
-4.59331
-4.57037
-4.54604
-4.518
-4.48879
-4.4589
-4.42743
-4.3936
-4.35698
-4.31749
-4.27582
-4.23421
-4.19666
-4.16292
-3.85304
-3.81468
-3.78582
-3.76194
-3.73617
-3.70738
-3.67811
-3.64842
-3.61745
-3.58452
-3.54929
-3.51173
-3.47254
-3.43383
-3.39912
-3.36731
-3.16035
-3.12367
-3.09522
-3.06952
-3.04182
-3.01286
-2.98415
-2.95516
-2.92506
-2.89332
-2.85967
-2.82415
-2.78743
-2.75149
-2.71941
-2.68933
-2.56361
-2.5292
-2.50135
-2.47378
-2.44452
-2.41565
-2.38743
-2.35903
-2.32975
-2.29915
-2.26702
-2.2334
-2.19895
-2.16553
-2.13583
-2.10726
-2.04682
-2.01424
-1.98691
-1.95922
-1.93016
-1.90177
-1.87403
-1.84619
-1.81767
-1.78811
-1.75735
-1.72545
-1.69305
-1.6619
-1.63435
-1.60712
-1.59804
-1.56694
-1.53927
-1.51106
-1.48245
-1.45477
-1.4277
-1.40057
-1.37291
-1.34444
-1.31503
-1.28476
-1.25425
-1.22515
-1.19956
-1.17352
-1.20632
-1.17668
-1.14839
-1.11951
-1.09141
-1.06447
-1.03809
-1.01169
-0.984886
-0.957457
-0.929304
-0.90052
-0.871688
-0.844382
-0.820504
-0.795462
-0.86194
-0.833349
-0.805157
-0.776496
-0.748998
-0.722635
-0.696805
-0.671023
-0.644973
-0.618464
-0.591423
-0.563944
-0.536582
-0.510829
-0.488451
-0.464255
-0.558253
-0.530484
-0.502698
-0.474587
-0.447662
-0.421791
-0.396439
-0.371202
-0.345814
-0.320116
-0.294056
-0.267726
-0.241649
-0.217253
-0.196205
-0.17271
-0.290437
-0.262581
-0.234578
-0.20711
-0.1809
-0.155606
-0.130778
-0.106098
-0.0813504
-0.0564121
-0.031246
-0.00594472
0.018995
0.0421894
0.0620018
0.0850957
-0.0532068
-0.0250815
0.00324062
0.0302197
0.0558689
0.0806816
0.105041
0.129209
0.153366
0.177616
0.201983
0.22638
0.25034
0.272517
0.291263
0.314043
0.159359
0.186748
0.214411
0.240858
0.266137
0.290645
0.314691
0.338495
0.362213
0.385931
0.409665
0.433336
0.456506
0.47788
0.495802
0.518165
0.350045
0.376834
0.403925
0.429913
0.45485
0.47907
0.502829
0.526312
0.549653
0.572922
0.596127
0.619194
0.641713
0.662432
0.679688
0.701707
0.521464
0.548156
0.574785
0.60032
0.624928
0.648891
0.672408
0.695629
0.718667
0.741579
0.764366
0.786959
0.808968
0.829177
0.845902
0.867657
0.677147
0.703937
0.730114
0.755206
0.779484
0.803184
0.826466
0.849451
0.872234
0.894855
0.917313
0.939538
0.961156
0.980979
0.997295
1.01885
0.818883
0.845478
0.871241
0.896012
0.920049
0.94354
0.966622
0.989411
1.01199
1.0344
1.05661
1.07858
1.09993
1.11949
1.13551
1.15693
0.948306
0.974473
0.999832
1.02437
1.04826
1.07162
1.09458
1.11725
1.1397
1.16196
1.18403
1.20583
1.227
1.24638
1.26221
1.28354
1.06473
1.09068
1.11593
1.14045
1.16434
1.18771
1.21067
1.23332
1.25575
1.27797
1.29997
1.32169
1.34276
1.36205
1.37775
1.39901
1.16784
1.19399
1.21942
1.24409
1.2681
1.29156
1.31458
1.33728
1.35973
1.38196
1.40395
1.42565
1.44668
1.46591
1.48151
1.50274
1.25828
1.28482
1.31056
1.33548
1.35968
1.38329
1.40643
1.42922
1.45173
1.474
1.49601
1.5177
1.53872
1.55792
1.57343
1.59462
1.33615
1.36324
1.3894
1.41466
1.43913
1.46296
1.48627
1.50919
1.5318
1.55413
1.57618
1.59789
1.61889
1.63805
1.65347
1.67461
1.40174
1.42949
1.45619
1.48188
1.50669
1.53077
1.55428
1.57734
1.60005
1.62245
1.64453
1.66623
1.6872
1.7063
1.72158
1.74267
1.45547
1.484
1.5113
1.53744
1.5626
1.58694
1.61063
1.63382
1.65661
1.67905
1.70113
1.7228
1.7437
1.76269
1.77778
1.79879
1.49769
1.52703
1.55497
1.58162
1.60716
1.63179
1.65569
1.67902
1.70189
1.72434
1.74638
1.76795
1.78872
1.80754
1.82236
1.84326
1.5294
1.55961
1.58821
1.61536
1.64127
1.66616
1.69024
1.71365
1.73653
1.75893
1.78086
1.80225
1.8228
1.8414
1.85587
1.87663
1.55154
1.5826
1.61183
1.63943
1.66564
1.69072
1.71488
1.7383
1.76112
1.78339
1.80513
1.82628
1.84654
1.86485
1.87889
1.89948
1.5644
1.59625
1.62606
1.65408
1.68058
1.70584
1.73007
1.75348
1.7762
1.7983
1.81978
1.84061
1.86052
1.87845
1.89196
1.91235
1.56964
1.60209
1.63236
1.66069
1.68739
1.71274
1.73697
1.76029
1.78283
1.80466
1.82581
1.84621
1.86565
1.88315
1.89602
1.91619
1.56873
1.60159
1.63215
1.66065
1.68743
1.71276
1.73689
1.76001
1.78226
1.80373
1.82442
1.8443
1.86317
1.88018
1.89231
1.91226
1.56315
1.59624
1.62692
1.65547
1.6822
1.70741
1.73133
1.75415
1.77603
1.79703
1.81717
1.83642
1.85465
1.87114
1.88249
1.90222
1.55472
1.58775
1.61835
1.64678
1.67336
1.69834
1.72197
1.74443
1.76587
1.78635
1.80589
1.82447
1.84204
1.85804
1.86858
1.88815
1.54532
1.57798
1.60824
1.63637
1.66263
1.68729
1.71054
1.73259
1.75355
1.7735
1.79244
1.81037
1.82729
1.84291
1.85265
1.87209
1.53637
1.56844
1.5982
1.62589
1.65173
1.67597
1.6988
1.72039
1.74085
1.76026
1.7786
1.79588
1.8122
1.82753
1.8365
1.85587
1.52889
1.56028
1.58946
1.61665
1.64205
1.66586
1.68825
1.70937
1.72933
1.7482
1.76598
1.78266
1.79841
1.8136
1.82177
1.84107
1.52288
1.55367
1.58237
1.60917
1.63423
1.65772
1.67979
1.70057
1.72018
1.73869
1.75608
1.77231
1.78761
1.80306
1.81022
1.82969
1.51815
1.54847
1.57682
1.60332
1.62813
1.65139
1.67326
1.69384
1.71327
1.73162
1.74889
1.76487
1.77948
1.79571
1.80149
1.82075
1.51345
1.54348
1.57157
1.59784
1.62245
1.64555
1.66731
1.68784
1.70723
1.72554
1.74277
1.75877
1.77328
1.78779
1.79515
1.81382
1.50829
1.53793
1.56581
1.59194
1.61648
1.63958
1.66137
1.68194
1.70137
1.71966
1.73676
1.75253
1.76694
1.78087
1.78899
1.80663
1.50189
1.53164
1.55959
1.58582
1.61047
1.63363
1.65542
1.67592
1.6952
1.71323
1.72992
1.74522
1.75962
1.77301
1.78066
1.79789
1.49275
1.52298
1.55138
1.57791
1.60269
1.62583
1.6475
1.66779
1.68673
1.70432
1.72063
1.73599
1.7501
1.76249
1.76976
1.78653
1.48049
1.51108
1.53967
1.56634
1.59119
1.61433
1.63589
1.65599
1.67475
1.69252
1.70918
1.72412
1.73735
1.74894
1.75568
1.77208
1.46658
1.49722
1.52571
1.55218
1.57691
1.60001
1.62161
1.64202
1.66124
1.67878
1.69449
1.70845
1.72083
1.73168
1.7379
1.75406
1.45175
1.48217
1.51039
1.5366
1.56102
1.58396
1.60554
1.62557
1.64392
1.66049
1.67517
1.68806
1.69949
1.70964
1.71548
1.73163
1.43521
1.46502
1.49272
1.51851
1.54255
1.56495
1.58569
1.60465
1.6217
1.63681
1.65003
1.6616
1.67205
1.6817
1.68733
1.70377
1.41796
1.44669
1.47346
1.49839
1.52149
1.54272
1.56199
1.57924
1.59449
1.60787
1.61959
1.63002
1.63978
1.64934
1.65494
1.67189
1.40067
1.42777
1.45302
1.47638
1.49775
1.51709
1.53437
1.54967
1.56317
1.57512
1.58575
1.59549
1.60505
1.61506
1.62068
1.63819
1.38397
1.40831
1.43097
1.45181
1.47074
1.48777
1.50299
1.51658
1.52869
1.53963
1.54976
1.55937
1.56912
1.58005
1.58549
1.60376
1.36467
1.38544
1.40488
1.42287
1.43934
1.45431
1.4678
1.48005
1.49144
1.50215
1.5124
1.52234
1.53236
1.54491
1.54926
1.5686
1.33585
1.35363
1.3705
1.38623
1.40079
1.41441
1.4273
1.43944
1.45095
1.46208
1.47303
1.48368
1.49355
1.50805
1.51257
1.53184
1.29929
1.31437
1.32911
1.34378
1.35809
1.37175
1.38479
1.3974
1.40967
1.42165
1.43343
1.44506
1.45642
1.46944
1.47565
1.49455
1.25786
1.27316
1.28841
1.30322
1.31766
1.33186
1.34576
1.35936
1.37267
1.38572
1.39856
1.41117
1.42324
1.43572
1.44262
1.46152
1.22379
1.2392
1.2547
1.27026
1.28573
1.30101
1.31604
1.33079
1.3452
1.359
1.37189
1.38413
1.39653
1.40966
1.41723
1.43612
1.19271
1.21003
1.22731
1.24443
1.26126
1.27759
1.29311
1.30758
1.32143
1.33521
1.34909
1.36282
1.37625
1.38972
1.3977
1.4166
1.1644
1.1837
1.20232
1.21999
1.23658
1.25259
1.26858
1.28474
1.30072
1.31622
1.33125
1.34576
1.35982
1.37368
1.38188
1.40078
1.13488
1.15508
1.17428
1.19321
1.21215
1.23077
1.2488
1.26632
1.28331
1.29977
1.31563
1.33083
1.34543
1.35966
1.36789
1.38677
1.10469
1.12721
1.14931
1.17071
1.19134
1.2112
1.23035
1.24886
1.26674
1.28399
1.30052
1.31621
1.33114
1.34567
1.35373
1.37264
1.07709
1.10222
1.12615
1.14894
1.17071
1.19157
1.21162
1.23091
1.24948
1.26728
1.28423
1.30018
1.31521
1.32996
1.33759
1.35655
1.04964
1.07644
1.10172
1.12567
1.14842
1.17012
1.19086
1.21075
1.22981
1.24801
1.26518
1.28113
1.29596
1.31097
1.31777
1.33709
1.02159
1.04941
1.07557
1.10026
1.12367
1.14596
1.16721
1.18744
1.20668
1.22489
1.24197
1.25762
1.2718
1.28742
1.29298
1.31228
0.98977
1.0186
1.04564
1.07099
1.09483
1.11733
1.13864
1.15881
1.17783
1.19567
1.21233
1.22758
1.24039
1.25698
1.26157
1.28113
0.953623
0.982667
1.00975
1.03518
1.0591
1.0816
1.10272
1.12252
1.14105
1.1583
1.17429
1.18932
1.20195
1.21666
1.22246
1.24149
0.910383
0.93958
0.966863
0.992309
1.01605
1.03823
1.05895
1.07828
1.09628
1.11296
1.12833
1.14241
1.1555
1.16974
1.1756
1.19436
0.866768
0.895113
0.921577
0.946288
0.96937
0.990925
1.01103
1.02973
1.0471
1.06326
1.07853
1.09285
1.10583
1.11953
1.12545
1.1441
0.822516
0.849649
0.875108
0.898964
0.921283
0.942138
0.961644
0.980036
0.997508
1.01393
1.02894
1.04256
1.0551
1.06879
1.07459
1.09334
0.7765
0.802826
0.827617
0.850965
0.873052
0.894081
0.91391
0.932286
0.949187
0.964833
0.9794
0.992851
1.00523
1.0191
1.02479
1.04358
0.731403
0.757384
0.782251
0.805918
0.828018
0.84844
0.867401
0.885135
0.901703
0.917204
0.931701
0.945133
0.957374
0.971603
0.977122
0.996027
0.689329
0.715498
0.739928
0.762661
0.783987
0.804003
0.822781
0.840378
0.856867
0.872348
0.886907
0.900448
0.912429
0.927244
0.932457
0.951517
0.648276
0.673647
0.69759
0.720155
0.741403
0.761393
0.780222
0.797948
0.814587
0.830189
0.844892
0.85871
0.870377
0.885794
0.890601
0.909824
0.609052
0.634091
0.657828
0.680357
0.701733
0.721922
0.740919
0.758782
0.77559
0.791341
0.806124
0.820403
0.831343
0.847786
0.852107
0.871539
0.573495
0.598572
0.622476
0.645087
0.666392
0.686472
0.705417
0.723316
0.740237
0.75617
0.77064
0.786259
0.795654
0.812857
0.816808
0.836451
0.541299
0.566661
0.590716
0.613451
0.634786
0.654839
0.67382
0.691767
0.708602
0.72433
0.738963
0.753045
0.764297
0.780055
0.78477
0.80416
0.509612
0.535312
0.559542
0.58222
0.603649
0.624107
0.643481
0.661645
0.678613
0.694459
0.70929
0.723335
0.734935
0.750329
0.7553
0.774525
0.479551
0.50534
0.529509
0.552332
0.57414
0.594746
0.614037
0.632091
0.649002
0.664829
0.679657
0.693645
0.705295
0.720592
0.725641
0.74484
0.451635
0.47719
0.501299
0.524327
0.54613
0.566552
0.585663
0.603591
0.620418
0.63618
0.650953
0.664915
0.676492
0.691808
0.696832
0.716023
0.424178
0.449697
0.474004
0.497085
0.518737
0.539021
0.558084
0.576009
0.592801
0.608473
0.623121
0.637016
0.648433
0.663744
0.668711
0.687884
0.396265
0.421855
0.446134
0.469028
0.490502
0.510682
0.529661
0.54748
0.564153
0.579707
0.594248
0.608146
0.619454
0.634796
0.639726
0.658877
0.367496
0.392965
0.41704
0.439682
0.461001
0.481093
0.499981
0.517666
0.534183
0.549592
0.563999
0.577878
0.58904
0.604452
0.609312
0.628477
0.338098
0.363321
0.387028
0.409366
0.430457
0.450354
0.469066
0.486605
0.503006
0.518322
0.532637
0.546464
0.557591
0.572937
0.577805
0.596951
0.308045
0.33278
0.356062
0.378033
0.398813
0.418429
0.436884
0.454195
0.47041
0.48559
0.49982
0.513554
0.524712
0.539952
0.544876
0.563992
0.277338
0.301505
0.324381
0.345951
0.366324
0.385576
0.403716
0.420759
0.43675
0.45175
0.465846
0.479398
0.490646
0.505667
0.510703
0.529778
0.245528
0.268766
0.290865
0.311754
0.331489
0.350178
0.367838
0.384486
0.400159
0.414913
0.428833
0.442128
0.45351
0.468096
0.473386
0.492315
0.212075
0.234006
0.254962
0.274926
0.293849
0.311784
0.328811
0.34495
0.360224
0.374676
0.38838
0.401449
0.412947
0.427274
0.43276
0.451663
0.174652
0.194144
0.212832
0.230798
0.24797
0.264378
0.280119
0.295175
0.309552
0.323287
0.336429
0.349005
0.360459
0.37411
0.379898
0.398603
0.135017
0.15188
0.168379
0.184411
0.199916
0.214943
0.229535
0.243664
0.257345
0.270592
0.283412
0.295767
0.307413
0.320645
0.326904
0.34543
0.0839959
0.0941966
0.104251
0.114325
0.124486
0.134722
0.14499
0.155278
0.165577
0.175886
0.186231
0.196586
0.206804
0.218716
0.224649
0.242999
0.0389653
0.0466307
0.0541635
0.0615734
0.0690078
0.076636
0.0845353
0.0927291
0.101208
0.109946
0.118914
0.128076
0.137398
0.147296
0.15571
0.168232
)
;

boundaryField
{
    frontAndBack
    {
        type            empty;
    }
    inlet
    {
        type            zeroGradient;
    }
    outlet
    {
        type            fixedValue;
        value           uniform 0;
    }
    walls
    {
        type            zeroGradient;
    }
}


// ************************************************************************* //
