/*--------------------------------*- C++ -*----------------------------------*\
| =========                 |                                                 |
| \\      /  F ield         | OpenFOAM: The Open Source CFD Toolbox           |
|  \\    /   O peration     | Version:  v2012                                 |
|   \\  /    A nd           | Website:  www.openfoam.com                      |
|    \\/     M anipulation  |                                                 |
\*---------------------------------------------------------------------------*/
FoamFile
{
    version     2.0;
    format      ascii;
    class       volScalarField;
    location    "0.193";
    object      p;
}
// * * * * * * * * * * * * * * * * * * * * * * * * * * * * * * * * * * * * * //

dimensions      [0 2 -2 0 0 0 0];


internalField   nonuniform List<scalar> 
5600
(
-0.821511
-1.2796
-1.65991
-1.97841
-2.28968
-2.59962
-2.90122
-3.18262
-3.44571
-3.69659
-3.93205
-4.15762
-4.37149
-4.57789
-4.77851
-4.9732
-5.16733
-5.35518
-5.54345
-5.72826
-5.91064
-6.09197
-6.26775
-6.44586
-6.61962
-6.79349
-6.96637
-7.13709
-7.3086
-7.47722
-7.64873
-7.81615
-7.98506
-8.15312
-8.32001
-8.48727
-8.65232
-8.81876
-8.98266
-9.14751
-9.31084
-9.4738
-9.63659
-9.7974
-9.95933
-10.1197
-10.28
-10.4397
-10.5988
-10.7581
-10.9161
-11.0742
-11.231
-11.3883
-11.5444
-11.7005
-11.856
-12.0114
-12.1666
-12.3209
-12.4751
-12.6281
-12.7814
-12.934
-13.0865
-13.2385
-13.39
-13.5418
-13.6929
-13.844
-13.9946
-14.1445
-14.2943
-14.4434
-14.5927
-14.7412
-14.8902
-15.0389
-15.1871
-15.3357
-15.4831
-15.631
-15.7779
-15.9252
-16.0724
-16.2188
-16.3657
-16.512
-16.6581
-16.8044
-16.95
-17.0958
-17.2419
-17.3877
-17.5342
-17.6805
-17.8293
-17.9827
-18.1388
-18.3736
-0.880549
-1.29979
-1.67649
-1.99625
-2.30767
-2.61793
-2.91951
-3.20111
-3.46461
-3.7155
-3.95119
-4.17707
-4.39127
-4.59805
-4.79903
-4.994
-5.18847
-5.37653
-5.56498
-5.7499
-5.93242
-6.11392
-6.28971
-6.46798
-6.64187
-6.81581
-6.98886
-7.15959
-7.33127
-7.49994
-7.67156
-7.83902
-8.00795
-8.17611
-8.34293
-8.51032
-8.67533
-8.84184
-9.00576
-9.17063
-9.33403
-9.49698
-9.65986
-9.82064
-9.98262
-10.1429
-10.3033
-10.4631
-10.6221
-10.7814
-10.9394
-11.0975
-11.2543
-11.4116
-11.5677
-11.7238
-11.8792
-12.0347
-12.1899
-12.3441
-12.4983
-12.6513
-12.8046
-12.9572
-13.1097
-13.2617
-13.4132
-13.565
-13.7161
-13.8671
-14.0177
-14.1676
-14.3175
-14.4665
-14.6158
-14.7644
-14.9132
-15.062
-15.2102
-15.3588
-15.5062
-15.654
-15.8011
-15.9482
-16.0955
-16.242
-16.3887
-16.5351
-16.6811
-16.8275
-16.973
-17.1191
-17.2648
-17.4111
-17.5566
-17.7046
-17.8505
-18.0078
-18.1587
-18.3872
-0.918794
-1.31243
-1.68921
-2.00964
-2.31889
-2.62663
-2.92715
-3.20828
-3.4717
-3.72203
-3.95768
-4.18351
-4.39776
-4.60461
-4.80537
-5.00076
-5.19483
-5.38322
-5.57152
-5.75644
-5.93909
-6.12045
-6.29657
-6.47471
-6.64872
-6.8225
-6.99551
-7.16625
-7.33779
-7.50645
-7.67798
-7.84546
-8.01435
-8.18259
-8.34933
-8.51673
-8.68171
-8.84816
-9.01211
-9.17684
-9.34031
-9.5031
-9.66595
-9.82661
-9.98851
-10.1489
-10.3092
-10.469
-10.628
-10.7873
-10.9454
-11.1035
-11.2603
-11.4176
-11.5738
-11.7299
-11.8855
-12.041
-12.1962
-12.3506
-12.5048
-12.6579
-12.8112
-12.9638
-13.1164
-13.2684
-13.42
-13.5718
-13.7229
-13.874
-14.0247
-14.1746
-14.3245
-14.4736
-14.6229
-14.7715
-14.9204
-15.0691
-15.2174
-15.366
-15.5134
-15.6613
-15.8083
-15.9555
-16.1028
-16.2493
-16.396
-16.5425
-16.6885
-16.8349
-16.9804
-17.1265
-17.2722
-17.4186
-17.564
-17.7121
-17.8583
-18.0161
-18.1662
-18.3868
-0.967501
-1.32893
-1.70456
-2.02652
-2.33446
-2.64124
-2.9422
-3.22386
-3.48803
-3.73856
-3.97485
-4.20066
-4.41546
-4.62249
-4.82317
-5.0188
-5.21228
-5.40082
-5.58858
-5.77321
-5.95589
-6.13685
-6.31336
-6.49129
-6.66559
-6.83963
-7.0129
-7.18408
-7.35579
-7.52474
-7.69632
-7.86414
-8.03289
-8.20126
-8.36804
-8.53553
-8.70063
-8.86713
-9.03127
-9.19603
-9.35973
-9.52261
-9.68567
-9.84655
-10.0086
-10.169
-10.3294
-10.4893
-10.6483
-10.8077
-10.9658
-11.1239
-11.2809
-11.4381
-11.5943
-11.7503
-11.9058
-12.0613
-12.2164
-12.3706
-12.5248
-12.6777
-12.8309
-12.9835
-13.136
-13.288
-13.4395
-13.5913
-13.7423
-13.8933
-14.044
-14.1938
-14.3437
-14.4928
-14.642
-14.7906
-14.9394
-15.0882
-15.2364
-15.385
-15.5325
-15.6801
-15.8274
-15.9744
-16.1217
-16.2682
-16.4149
-16.5613
-16.7074
-16.8536
-16.9993
-17.1452
-17.2911
-17.4372
-17.583
-17.7302
-17.8772
-18.0328
-18.1876
-18.3876
-1.01711
-1.34607
-1.7203
-2.04473
-2.35104
-2.657
-2.95766
-3.23913
-3.50334
-3.75365
-3.99017
-4.21573
-4.43072
-4.6381
-4.83871
-5.03489
-5.22815
-5.41711
-5.60492
-5.78953
-5.97246
-6.15306
-6.33007
-6.5073
-6.68178
-6.85551
-7.02845
-7.1997
-7.37083
-7.54021
-7.71125
-7.87928
-8.04797
-8.21644
-8.38328
-8.55069
-8.71593
-8.88222
-9.04666
-9.21106
-9.37488
-9.53759
-9.70047
-9.86137
-10.0232
-10.1838
-10.344
-10.5039
-10.6628
-10.8221
-10.9802
-11.1381
-11.2951
-11.4522
-11.6085
-11.7646
-11.9201
-12.0756
-12.2309
-12.3852
-12.5394
-12.6926
-12.8459
-12.9986
-13.1512
-13.3033
-13.4548
-13.6066
-13.7578
-13.9089
-14.0596
-14.2095
-14.3595
-14.5086
-14.6578
-14.8065
-14.9553
-15.1042
-15.2524
-15.4009
-15.5486
-15.6962
-15.8435
-15.9905
-16.1378
-16.2844
-16.431
-16.5775
-16.7236
-16.8698
-17.0156
-17.1614
-17.3074
-17.4534
-17.5992
-17.7465
-17.8933
-18.0485
-18.2004
-18.3931
-1.06712
-1.3654
-1.7376
-2.065
-2.36964
-2.67468
-2.97492
-3.25648
-3.52086
-3.77134
-4.00818
-4.23403
-4.44928
-4.65701
-4.85773
-5.05413
-5.24733
-5.43648
-5.62425
-5.8088
-5.9918
-6.172
-6.3496
-6.52634
-6.70122
-6.8749
-7.0477
-7.21944
-7.3899
-7.56011
-7.73032
-7.89877
-8.0672
-8.23547
-8.40251
-8.56942
-8.73512
-8.90085
-9.06564
-9.22975
-9.39362
-9.55663
-9.71941
-9.88064
-10.0423
-10.2031
-10.3633
-10.5233
-10.6823
-10.8417
-10.9999
-11.1578
-11.315
-11.4721
-11.6284
-11.7845
-11.94
-12.0956
-12.2508
-12.4051
-12.5594
-12.7123
-12.8655
-13.0183
-13.1707
-13.3228
-13.4743
-13.6262
-13.7772
-13.9282
-14.0789
-14.2287
-14.3787
-14.5278
-14.677
-14.8258
-14.9745
-15.1234
-15.2717
-15.4201
-15.5678
-15.7153
-15.8627
-16.0098
-16.1569
-16.3036
-16.4502
-16.5966
-16.7428
-16.889
-17.0348
-17.1806
-17.3266
-17.4726
-17.6183
-17.7654
-17.9121
-18.0659
-18.2168
-18.4005
-1.11652
-1.38722
-1.7567
-2.08729
-2.39043
-2.69452
-2.99435
-3.27611
-3.5406
-3.79115
-4.02825
-4.25422
-4.46962
-4.67746
-4.87834
-5.07484
-5.26801
-5.45737
-5.64504
-5.82962
-6.01268
-6.1928
-6.37067
-6.5472
-6.72227
-6.89595
-7.06858
-7.24067
-7.41076
-7.5815
-7.75106
-7.91998
-8.08828
-8.25637
-8.4238
-8.59022
-8.75651
-8.92166
-9.08671
-9.25082
-9.41437
-9.57769
-9.7401
-9.90162
-10.0629
-10.2237
-10.3838
-10.5437
-10.7028
-10.8619
-11.0203
-11.178
-11.3354
-11.4923
-11.6487
-11.8048
-11.9604
-12.1159
-12.2711
-12.4254
-12.5796
-12.7327
-12.8859
-13.0388
-13.1912
-13.3433
-13.4949
-13.6466
-13.7979
-13.9488
-14.0996
-14.2495
-14.3993
-14.5487
-14.6977
-14.8466
-14.9953
-15.1441
-15.2925
-15.4408
-15.5887
-15.7362
-15.8836
-16.0307
-16.1778
-16.3246
-16.471
-16.6175
-16.7638
-16.9099
-17.0558
-17.2016
-17.3475
-17.4935
-17.6392
-17.7861
-17.9326
-18.0848
-18.234
-18.4084
-1.1635
-1.41169
-1.77815
-2.11176
-2.41365
-2.71683
-3.01634
-3.29829
-3.56283
-3.81342
-4.05076
-4.27678
-4.49239
-4.70034
-4.90146
-5.09803
-5.29123
-5.48078
-5.66835
-5.85303
-6.03601
-6.21616
-6.39409
-6.57059
-6.7457
-6.91941
-7.09199
-7.26411
-7.43426
-7.60504
-7.77444
-7.94354
-8.1118
-8.27978
-8.4474
-8.61361
-8.78016
-8.94511
-9.11015
-9.27448
-9.43782
-9.60129
-9.76343
-9.92531
-10.0864
-10.2471
-10.4074
-10.5671
-10.7265
-10.8852
-11.0437
-11.2012
-11.3588
-11.5156
-11.6719
-11.8282
-11.9838
-12.1392
-12.2943
-12.4486
-12.6026
-12.7559
-12.909
-13.0619
-13.2142
-13.3663
-13.5181
-13.6697
-13.8211
-13.9719
-14.1226
-14.2726
-14.4223
-14.5718
-14.7208
-14.8698
-15.0185
-15.1672
-15.3158
-15.4639
-15.6119
-15.7593
-15.9067
-16.0539
-16.2008
-16.3478
-16.4942
-16.6406
-16.7869
-16.933
-17.0789
-17.2248
-17.3706
-17.5166
-17.6622
-17.8088
-17.9549
-18.1053
-18.2523
-18.4169
-1.20648
-1.43874
-1.80251
-2.13854
-2.43951
-2.74195
-3.04123
-3.32329
-3.58787
-3.83849
-4.07607
-4.3021
-4.51791
-4.72589
-4.92722
-5.12382
-5.317
-5.50671
-5.69416
-5.87896
-6.0618
-6.24201
-6.41996
-6.59648
-6.77159
-6.94534
-7.11793
-7.28994
-7.46034
-7.63092
-7.80042
-7.96949
-8.1378
-8.30573
-8.47335
-8.63961
-8.80606
-8.9711
-9.13607
-9.30047
-9.46379
-9.62723
-9.78938
-9.95128
-10.1123
-10.2731
-10.4334
-10.5931
-10.7525
-10.9112
-11.0697
-11.2272
-11.3848
-11.5416
-11.698
-11.8541
-12.0098
-12.1652
-12.3201
-12.4745
-12.6283
-12.7819
-12.9348
-13.0877
-13.24
-13.392
-13.5439
-13.6954
-13.8469
-13.9977
-14.1483
-14.2983
-14.4478
-14.5974
-14.7462
-14.8953
-15.0441
-15.1926
-15.3414
-15.4893
-15.6375
-15.7848
-15.9322
-16.0795
-16.2263
-16.3733
-16.5196
-16.6661
-16.8125
-16.9585
-17.1045
-17.2503
-17.3961
-17.5421
-17.6876
-17.8338
-17.9794
-18.1279
-18.2722
-18.4259
-1.24366
-1.46792
-1.83039
-2.16782
-2.46822
-2.77029
-3.06945
-3.35154
-3.61614
-3.86679
-4.10452
-4.33053
-4.54647
-4.75443
-4.9559
-5.15254
-5.34568
-5.53553
-5.72288
-5.9078
-6.09051
-6.27078
-6.44874
-6.62528
-6.80039
-6.97415
-7.14675
-7.31863
-7.48928
-7.65967
-7.82929
-7.99829
-8.16668
-8.33458
-8.5021
-8.66852
-8.83479
-8.99999
-9.16486
-9.32928
-9.49272
-9.65599
-9.81823
-9.98007
-10.1412
-10.3019
-10.4622
-10.6219
-10.7813
-10.94
-11.0985
-11.2561
-11.4135
-11.5704
-11.7268
-11.883
-12.0386
-12.194
-12.3489
-12.5033
-12.6572
-12.8107
-12.9637
-13.1165
-13.2689
-13.421
-13.5728
-13.7243
-13.8757
-14.0264
-14.1771
-14.3272
-14.4767
-14.6263
-14.775
-14.9242
-15.0729
-15.2215
-15.3701
-15.5179
-15.6661
-15.8134
-15.9608
-16.1081
-16.2548
-16.4018
-16.5481
-16.6945
-16.841
-16.9869
-17.133
-17.2788
-17.4245
-17.5704
-17.7158
-17.8616
-18.0066
-18.1529
-18.2939
-18.4366
-1.27102
-1.4972
-1.86082
-2.19817
-2.49843
-2.8007
-3.09989
-3.38188
-3.64647
-3.89714
-4.13494
-4.36086
-4.57685
-4.78474
-4.98626
-5.18291
-5.37599
-5.56594
-5.75321
-5.93822
-6.12082
-6.30109
-6.47908
-6.65558
-6.83071
-7.00445
-7.17708
-7.34884
-7.51967
-7.68996
-7.85961
-8.0286
-8.19701
-8.36492
-8.53235
-8.6989
-8.86503
-9.03034
-9.19515
-9.35958
-9.52313
-9.68623
-9.84857
-10.0104
-10.1715
-10.3323
-10.4925
-10.6522
-10.8116
-10.9703
-11.1288
-11.2864
-11.4438
-11.6008
-11.7571
-11.9133
-12.0689
-12.2243
-12.3792
-12.5336
-12.6876
-12.841
-12.994
-13.1468
-13.2992
-13.4513
-13.603
-13.7547
-13.9059
-14.0567
-14.2074
-14.3574
-14.5071
-14.6565
-14.8054
-14.9545
-15.1031
-15.2518
-15.4002
-15.5482
-15.6963
-15.8437
-15.9911
-16.1384
-16.2852
-16.4321
-16.5786
-16.725
-16.8713
-17.0173
-17.1632
-17.3091
-17.4548
-17.6006
-17.7459
-17.8914
-18.0356
-18.1796
-18.3174
-18.4506
-1.2858
-1.52385
-1.89089
-2.22664
-2.52719
-2.83025
-3.12959
-3.41138
-3.67595
-3.9266
-4.16438
-4.39015
-4.60611
-4.81386
-5.01536
-5.212
-5.40499
-5.595
-5.78219
-5.96727
-6.14979
-6.33002
-6.50804
-6.6845
-6.85966
-7.03337
-7.20602
-7.37768
-7.54864
-7.71889
-7.88851
-8.05752
-8.22593
-8.39387
-8.56121
-8.72786
-8.89392
-9.05924
-9.22406
-9.38849
-9.5521
-9.71507
-9.87749
-10.0393
-10.2004
-10.3612
-10.5214
-10.6811
-10.8405
-10.9992
-11.1577
-11.3153
-11.4727
-11.6297
-11.7861
-11.9423
-12.0978
-12.2532
-12.4081
-12.5625
-12.7164
-12.8699
-13.0229
-13.1756
-13.3281
-13.4801
-13.632
-13.7835
-13.9348
-14.0856
-14.2363
-14.3865
-14.5361
-14.6856
-14.8345
-14.9835
-15.1322
-15.2808
-15.4294
-15.5774
-15.7255
-15.873
-16.0203
-16.1675
-16.3144
-16.4613
-16.6079
-16.7543
-16.9007
-17.0467
-17.1927
-17.3385
-17.4843
-17.6299
-17.7752
-17.9202
-18.0638
-18.2059
-18.3409
-18.4667
-1.28952
-1.54741
-1.91893
-2.252
-2.55324
-2.85743
-3.157
-3.43852
-3.70306
-3.9537
-4.19139
-4.41694
-4.63283
-4.8404
-5.0418
-5.23842
-5.4313
-5.62136
-5.80847
-5.99363
-6.17606
-6.35625
-6.53428
-6.71067
-6.88587
-7.05952
-7.2322
-7.40375
-7.5748
-7.74506
-7.91461
-8.08366
-8.25207
-8.42002
-8.58732
-8.754
-8.92006
-9.08536
-9.2502
-9.41466
-9.57828
-9.74119
-9.90364
-10.0654
-10.2265
-10.3873
-10.5475
-10.7072
-10.8666
-11.0253
-11.1838
-11.3414
-11.4988
-11.6559
-11.8123
-11.9684
-12.124
-12.2793
-12.4343
-12.5887
-12.7427
-12.8962
-13.0492
-13.202
-13.3545
-13.5065
-13.6584
-13.8099
-13.9613
-14.112
-14.2628
-14.413
-14.5626
-14.7122
-14.8611
-15.0101
-15.1588
-15.3074
-15.456
-15.604
-15.7521
-15.8996
-16.0468
-16.1941
-16.341
-16.4878
-16.6343
-16.7806
-16.9268
-17.073
-17.219
-17.3649
-17.5106
-17.6563
-17.8015
-17.9463
-18.0891
-18.23
-18.3627
-18.4833
-1.28444
-1.56874
-1.9449
-2.27465
-2.57694
-2.88243
-3.18227
-3.46345
-3.72791
-3.97854
-4.2161
-4.44142
-4.65722
-4.86458
-5.06586
-5.2624
-5.45517
-5.64527
-5.83228
-6.01753
-6.19989
-6.38001
-6.55806
-6.7344
-6.90963
-7.08322
-7.25589
-7.42739
-7.59848
-7.76876
-7.93824
-8.10733
-8.27575
-8.44363
-8.61098
-8.77759
-8.94371
-9.1089
-9.27381
-9.4383
-9.60185
-9.76486
-9.9272
-10.0891
-10.2502
-10.411
-10.5712
-10.7309
-10.8904
-11.0491
-11.2075
-11.3652
-11.5227
-11.6798
-11.8362
-11.9923
-12.1481
-12.3033
-12.4584
-12.6128
-12.7668
-12.9204
-13.0734
-13.2262
-13.3786
-13.5306
-13.6824
-13.8339
-13.9853
-14.136
-14.2868
-14.437
-14.5866
-14.7362
-14.8851
-15.0341
-15.1828
-15.3314
-15.48
-15.628
-15.7761
-15.9236
-16.0709
-16.2182
-16.3652
-16.5121
-16.6588
-16.8053
-16.9515
-17.0974
-17.2433
-17.3892
-17.5349
-17.6805
-17.8255
-17.9701
-18.1128
-18.2521
-18.3831
-18.4998
-1.27311
-1.58819
-1.96853
-2.29488
-2.59847
-2.90532
-3.20556
-3.48638
-3.75076
-4.00135
-4.23872
-4.46375
-4.67939
-4.88655
-5.08769
-5.28413
-5.47678
-5.66687
-5.8538
-6.03909
-6.22138
-6.40141
-6.57946
-6.75575
-6.93099
-7.10459
-7.27712
-7.44873
-7.61975
-7.79009
-7.95948
-8.12863
-8.29707
-8.46491
-8.6324
-8.79886
-8.96516
-9.13031
-9.29536
-9.45982
-9.62334
-9.78651
-9.94879
-10.1108
-10.2719
-10.4328
-10.5932
-10.7528
-10.9124
-11.0711
-11.2295
-11.3871
-11.5445
-11.7016
-11.858
-12.0141
-12.1699
-12.3251
-12.4802
-12.6345
-12.7886
-12.9421
-13.095
-13.2479
-13.4002
-13.5523
-13.7041
-13.8556
-14.007
-14.1576
-14.3084
-14.4586
-14.6082
-14.7578
-14.9066
-15.0556
-15.2043
-15.3529
-15.5014
-15.6494
-15.7974
-15.9449
-16.0921
-16.2393
-16.3861
-16.5328
-16.6792
-16.8256
-16.9719
-17.118
-17.264
-17.4098
-17.5556
-17.7013
-17.8463
-17.9906
-18.1327
-18.272
-18.402
-18.5159
-1.25757
-1.60617
-1.98976
-2.31306
-2.61802
-2.9261
-3.22681
-3.50729
-3.77167
-4.0222
-4.25946
-4.48424
-4.69958
-4.90653
-5.10757
-5.30392
-5.49653
-5.68652
-5.87356
-6.05883
-6.24115
-6.42103
-6.59907
-6.77525
-6.95046
-7.12405
-7.29648
-7.46828
-7.63917
-7.80967
-7.97898
-8.14824
-8.31677
-8.48467
-8.65237
-8.81878
-8.9853
-9.15046
-9.31554
-9.47993
-9.64337
-9.80659
-9.96876
-10.1309
-10.2919
-10.4528
-10.6131
-10.7727
-10.9323
-11.091
-11.2494
-11.407
-11.5644
-11.7216
-11.878
-12.0341
-12.1898
-12.345
-12.5001
-12.6545
-12.8085
-12.9621
-13.115
-13.2679
-13.4202
-13.5724
-13.7241
-13.8756
-14.027
-14.1777
-14.3285
-14.4787
-14.6284
-14.778
-14.9269
-15.0759
-15.2246
-15.3732
-15.5217
-15.6698
-15.8179
-15.9654
-16.1128
-16.2601
-16.407
-16.554
-16.7008
-16.8472
-16.9934
-17.1394
-17.2853
-17.4311
-17.5768
-17.7223
-17.8673
-18.0116
-18.1536
-18.2908
-18.4196
-18.5316
-1.23884
-1.62287
-2.00882
-2.32991
-2.6362
-2.94517
-3.24612
-3.5261
-3.79044
-4.04078
-4.27768
-4.50274
-4.71759
-4.92419
-5.12498
-5.32116
-5.51361
-5.70345
-5.89056
-6.07566
-6.25804
-6.43792
-6.61618
-6.79245
-6.96787
-7.14156
-7.31413
-7.48615
-7.657
-7.82766
-7.99687
-8.16603
-8.3345
-8.5023
-8.66997
-8.83625
-9.00277
-9.16782
-9.33287
-9.49722
-9.66064
-9.82383
-9.98589
-10.148
-10.3089
-10.4698
-10.6301
-10.7897
-10.9492
-11.1078
-11.2662
-11.4238
-11.5812
-11.7382
-11.8946
-12.0507
-12.2063
-12.3615
-12.5166
-12.6709
-12.8249
-12.9784
-13.1313
-13.2841
-13.4363
-13.5884
-13.7401
-13.8916
-14.0429
-14.1936
-14.3443
-14.4944
-14.644
-14.7935
-14.9423
-15.0912
-15.2399
-15.3884
-15.5369
-15.6849
-15.8329
-15.9804
-16.1276
-16.2747
-16.4216
-16.5683
-16.7148
-16.861
-17.0073
-17.1533
-17.2993
-17.4451
-17.5908
-17.7364
-17.8813
-18.0256
-18.1676
-18.3061
-18.4348
-18.5461
-1.21798
-1.6372
-2.02441
-2.34486
-2.65308
-2.96364
-3.26494
-3.54444
-3.80881
-4.059
-4.29566
-4.52099
-4.73549
-4.94198
-5.14273
-5.33909
-5.53169
-5.72188
-5.90931
-6.09464
-6.27726
-6.45713
-6.63554
-6.81176
-6.98713
-7.16058
-7.33292
-7.50488
-7.67559
-7.84628
-8.01548
-8.18467
-8.35316
-8.52098
-8.68869
-8.85498
-9.02154
-9.18662
-9.3517
-9.51604
-9.67951
-9.8427
-10.0047
-10.1668
-10.3278
-10.4887
-10.649
-10.8086
-10.9681
-11.1268
-11.2852
-11.4429
-11.6003
-11.7574
-11.9138
-12.0699
-12.2256
-12.3808
-12.5359
-12.6903
-12.8443
-12.9978
-13.1508
-13.3037
-13.4559
-13.6081
-13.7599
-13.9113
-14.0627
-14.2134
-14.3642
-14.5144
-14.6641
-14.8136
-14.9625
-15.1115
-15.2602
-15.4088
-15.5573
-15.7054
-15.8534
-16.0009
-16.1482
-16.2955
-16.4424
-16.5893
-16.7359
-16.8823
-17.0286
-17.1746
-17.3205
-17.4664
-17.612
-17.7576
-17.9025
-18.0467
-18.1883
-18.3252
-18.4525
-18.5622
-1.20338
-1.65177
-2.03666
-2.3544
-2.66344
-2.97577
-3.27761
-3.55654
-3.8211
-4.07128
-4.30782
-4.53277
-4.74708
-4.95348
-5.1541
-5.35036
-5.54283
-5.73291
-5.92022
-6.10537
-6.28768
-6.46713
-6.64535
-6.82136
-6.9966
-7.16993
-7.34208
-7.51393
-7.68455
-7.85517
-8.02428
-8.19339
-8.36179
-8.52953
-8.69716
-8.86338
-9.02987
-9.19487
-9.35989
-9.52417
-9.68757
-9.85071
-10.0127
-10.1747
-10.3357
-10.4965
-10.6567
-10.8163
-10.9758
-11.1345
-11.2928
-11.4504
-11.6078
-11.7648
-11.9212
-12.0772
-12.2329
-12.3881
-12.5431
-12.6974
-12.8514
-13.0049
-13.1578
-13.3107
-13.4629
-13.615
-13.7667
-13.9182
-14.0695
-14.2202
-14.3709
-14.5211
-14.6707
-14.8201
-14.969
-15.1179
-15.2666
-15.4151
-15.5636
-15.7117
-15.8597
-16.0072
-16.1544
-16.3016
-16.4485
-16.5953
-16.7418
-16.8881
-17.0344
-17.1804
-17.3263
-17.4722
-17.6178
-17.7634
-17.9083
-18.0525
-18.1943
-18.3321
-18.4598
-18.5701
-1.17291
-1.6666
-2.06027
-2.37855
-2.68779
-3.00063
-3.30322
-3.5812
-3.84606
-4.09636
-4.33279
-4.55757
-4.77166
-4.97778
-5.17812
-5.37415
-5.56644
-5.75637
-5.94358
-6.12865
-6.31101
-6.4905
-6.66871
-6.84468
-7.01988
-7.1932
-7.36534
-7.53717
-7.70772
-7.8783
-8.04741
-8.21648
-8.38489
-8.55262
-8.72023
-8.88647
-9.05293
-9.21796
-9.38297
-9.54725
-9.71067
-9.8738
-10.0358
-10.1978
-10.3588
-10.5196
-10.6799
-10.8395
-10.9989
-11.1576
-11.3159
-11.4736
-11.6309
-11.788
-11.9444
-12.1004
-12.2561
-12.4113
-12.5663
-12.7207
-12.8746
-13.0281
-13.1811
-13.3339
-13.4861
-13.6383
-13.79
-13.9415
-14.0928
-14.2435
-14.3942
-14.5444
-14.694
-14.8435
-14.9924
-15.1413
-15.2899
-15.4385
-15.587
-15.7351
-15.883
-16.0306
-16.1778
-16.325
-16.4719
-16.6187
-16.7653
-16.9116
-17.0579
-17.2039
-17.3498
-17.4956
-17.6413
-17.7869
-17.9317
-18.0759
-18.2177
-18.3551
-18.4825
-18.5923
-18.362
-18.6609
-19.3747
-19.5016
-18.9568
-17.8737
-16.4086
-14.6998
-12.9315
-11.2036
-9.60536
-8.16617
-6.90186
-5.80234
-4.85722
-4.05028
-3.3607
-2.76742
-2.25532
-1.80964
-1.4211
-1.07677
-0.770423
-0.496627
-0.252356
-0.0418696
0.142896
0.304129
0.432109
0.529703
0.603107
0.65856
0.705177
0.74824
0.789152
0.828633
0.86549
0.895861
0.911284
0.915998
0.917342
0.905505
0.905871
0.930077
0.986898
1.07554
1.11502
1.10395
1.07331
1.06757
1.06499
1.06799
1.0704
1.08356
1.09855
1.10953
1.11374
1.10415
1.07638
1.04648
1.01608
0.991692
0.980513
0.977427
0.981195
0.989227
0.99737
1.00161
0.998209
0.988347
0.973045
0.953571
0.931254
0.90681
0.880714
0.85323
0.824643
0.795187
0.764962
0.733739
0.701517
0.668654
0.635608
0.602476
0.568873
0.535922
0.503602
0.471617
0.438766
0.406033
0.373451
0.340604
0.307474
0.274118
0.239736
0.204148
0.166247
0.126076
0.0787139
0.0327124
-18.4054
-18.5857
-19.2687
-19.4114
-18.8792
-17.8164
-16.3733
-14.684
-12.9313
-11.2149
-9.62489
-8.19032
-6.92824
-5.82915
-4.88335
-4.07489
-3.38339
-2.78804
-2.2742
-1.82586
-1.43572
-1.09046
-0.783775
-0.510802
-0.268576
-0.0603063
0.122395
0.280732
0.406144
0.50257
0.575712
0.63218
0.680999
0.726305
0.768644
0.808841
0.845457
0.873024
0.883752
0.884102
0.883559
0.870053
0.869752
0.896343
0.960783
1.06267
1.11117
1.10658
1.07709
1.07178
1.06556
1.0648
1.06454
1.07412
1.08592
1.09437
1.09617
1.08508
1.05692
1.02761
0.997953
0.975484
0.96544
0.963229
0.967784
0.976052
0.984497
0.988626
0.985016
0.975038
0.959767
0.940421
0.918231
0.89389
0.867859
0.840396
0.811807
0.782353
0.752076
0.720779
0.688564
0.655757
0.622775
0.589656
0.556181
0.523242
0.490858
0.458896
0.426112
0.393404
0.36087
0.328091
0.295087
0.261923
0.227917
0.192956
0.156149
0.117511
0.0730923
0.0295907
-18.3992
-18.5906
-19.195
-19.3193
-18.7922
-17.7466
-16.3262
-14.6587
-12.9253
-11.2246
-9.64492
-8.2171
-6.95898
-5.86082
-4.91407
-4.10342
-3.40927
-2.81117
-2.29507
-1.84485
-1.45187
-1.10552
-0.798477
-0.526366
-0.286444
-0.0809601
0.0986498
0.252946
0.375243
0.470499
0.543855
0.601952
0.653496
0.701528
0.745862
0.786992
0.823215
0.847593
0.852875
0.848213
0.845511
0.829868
0.828555
0.858423
0.931396
1.04873
1.10772
1.11054
1.08349
1.07785
1.06755
1.06201
1.05839
1.06422
1.0724
1.07749
1.07644
1.06327
1.03523
1.00655
0.977881
0.95754
0.948794
0.947634
0.953095
0.961682
0.970424
0.97436
0.970468
0.960361
0.945126
0.925912
0.903855
0.879621
0.853654
0.826206
0.797614
0.768157
0.737846
0.70649
0.67424
0.641459
0.608509
0.575433
0.542164
0.50929
0.476808
0.444694
0.412072
0.379459
0.346924
0.314236
0.281376
0.248416
0.214839
0.180582
0.144991
0.108068
0.0669061
0.0261946
-18.4266
-18.6077
-19.1338
-19.2352
-18.7035
-17.6705
-16.2708
-14.6284
-12.9159
-11.2333
-9.66571
-8.24652
-6.99353
-5.89677
-4.94905
-4.13599
-3.43851
-2.83708
-2.3175
-1.8659
-1.46882
-1.12141
-0.814036
-0.542953
-0.305937
-0.103982
0.071726
0.220523
0.339208
0.433205
0.507131
0.567575
0.622452
0.674137
0.721198
0.763624
0.798944
0.819376
0.81839
0.808172
0.803151
0.784715
0.781985
0.815754
0.897434
1.03313
1.10507
1.11629
1.09334
1.08614
1.07135
1.05981
1.05192
1.05368
1.05815
1.05882
1.05428
1.03847
1.01094
0.983123
0.955733
0.937664
0.930454
0.930552
0.937029
0.946123
0.955074
0.958745
0.954471
0.944214
0.929005
0.909916
0.887988
0.86386
0.837957
0.81052
0.781917
0.752453
0.722112
0.690707
0.658425
0.625645
0.592694
0.559644
0.526646
0.493857
0.461347
0.428902
0.396499
0.364043
0.331479
0.298886
0.266194
0.233455
0.200368
0.166896
0.132658
0.0976515
0.0600868
0.022497
-18.4467
-18.6157
-19.072
-19.1495
-18.6161
-17.5943
-16.2126
-14.5968
-12.9067
-11.244
-9.69031
-8.2808
-7.03302
-5.93784
-4.98925
-4.17363
-3.47199
-2.86653
-2.34287
-1.8879
-1.48687
-1.13751
-0.829889
-0.560307
-0.327315
-0.129746
0.0413749
0.183498
0.298155
0.390578
0.465821
0.52939
0.588508
0.644574
0.694305
0.737833
0.772092
0.788409
0.780634
0.764087
0.756595
0.735065
0.730371
0.769556
0.859304
1.01319
1.10352
1.12459
1.10782
1.09693
1.07734
1.05839
1.0451
1.04223
1.04296
1.03863
1.02947
1.01055
0.983551
0.957138
0.931416
0.915682
0.91034
0.911941
0.919584
0.929372
0.938404
0.941739
0.936943
0.926495
0.911279
0.892288
0.870474
0.846446
0.820605
0.793173
0.764553
0.735077
0.704707
0.673254
0.640942
0.608163
0.575213
0.542155
0.509429
0.476712
0.444166
0.411498
0.379296
0.346948
0.314402
0.281904
0.24939
0.21689
0.184349
0.151753
0.119016
0.086146
0.0525546
0.0184559
-18.4647
-18.6211
-19.0064
-19.0548
-18.5216
-17.5116
-16.1527
-14.5664
-12.9004
-11.2593
-9.7208
-8.32202
-7.07983
-5.98648
-5.03679
-4.21804
-3.51095
-2.90015
-2.37135
-1.91092
-1.5065
-1.1541
-0.84535
-0.577698
-0.349961
-0.156714
0.00735765
0.142875
0.253598
0.343904
0.419748
0.486651
0.550865
0.611864
0.664814
0.709584
0.742354
0.754676
0.740156
0.717022
0.705852
0.681587
0.674938
0.721589
0.821831
0.98648
1.10139
1.13598
1.12793
1.11083
1.08573
1.05787
1.03792
1.02967
1.02584
1.01771
1.00209
0.979383
0.952926
0.928441
0.904881
0.891448
0.888419
0.891822
0.900824
0.911397
0.920465
0.923325
0.917824
0.907107
0.891818
0.872876
0.851148
0.827206
0.801424
0.773986
0.745341
0.715849
0.68545
0.65395
0.62161
0.588835
0.555899
0.522825
0.490297
0.457646
0.425055
0.392368
0.360264
0.327973
0.295511
0.263119
0.230792
0.198552
0.166612
0.134986
0.10391
0.0734129
0.0442133
0.0140089
-18.481
-18.6227
-18.9363
-18.9507
-18.4173
-17.4201
-16.0857
-14.5314
-12.8943
-11.2778
-9.75708
-8.37079
-7.13485
-6.04321
-5.09187
-4.26904
-3.55515
-2.93732
-2.40174
-1.93432
-1.52575
-1.17025
-0.85985
-0.593422
-0.370679
-0.183054
-0.0283786
0.0984436
0.20388
0.292165
0.36918
0.440542
0.509585
0.575098
0.632236
0.678486
0.709154
0.71728
0.696846
0.667759
0.650953
0.624514
0.617801
0.670131
0.787351
0.959493
1.0958
1.1492
1.15312
1.12926
1.09647
1.05824
1.0304
1.01617
1.00732
0.99542
0.971832
0.944739
0.91924
0.896924
0.876168
0.865039
0.864487
0.87019
0.880719
0.892125
0.901287
0.903413
0.897022
0.885914
0.87046
0.851499
0.829814
0.80594
0.780209
0.752755
0.724076
0.694566
0.66414
0.632589
0.600226
0.567465
0.534565
0.501494
0.469046
0.436506
0.403896
0.371244
0.33915
0.306958
0.274602
0.242319
0.21021
0.178263
0.146968
0.116409
0.0871654
0.0592874
0.0349496
0.009065
-18.4958
-18.6198
-18.8628
-18.8391
-18.305
-17.3219
-16.013
-14.4916
-12.8853
-11.2951
-9.79435
-8.42217
-7.19357
-6.10253
-5.14915
-4.32173
-3.60073
-2.97493
-2.43093
-1.95552
-1.54171
-1.18263
-0.871752
-0.608871
-0.392265
-0.212922
-0.0672058
0.050941
0.150254
0.235656
0.314316
0.390805
0.464954
0.535176
0.596728
0.644051
0.672369
0.676223
0.651054
0.616662
0.592396
0.563688
0.559208
0.615553
0.75255
0.935359
1.08989
1.16467
1.18202
1.15259
1.10918
1.05937
1.02266
1.00216
0.988738
0.969236
0.938235
0.906921
0.882969
0.862543
0.845314
0.836824
0.838257
0.847004
0.859255
0.871506
0.880769
0.881933
0.874464
0.862769
0.84703
0.827971
0.806274
0.782431
0.756736
0.729251
0.700526
0.670994
0.640549
0.608948
0.576559
0.54381
0.51096
0.4779
0.44545
0.413078
0.380476
0.347831
0.315752
0.283671
0.251415
0.219251
0.187389
0.1558
0.125193
0.0957941
0.0685661
0.0435586
0.0246196
0.00348299
-18.5097
-18.6139
-18.7875
-18.7215
-18.1855
-17.2176
-15.9355
-14.4458
-12.8703
-11.3066
-9.82721
-8.47059
-7.25046
-6.16327
-5.20945
-4.37725
-3.64888
-3.0141
-2.4603
-1.97632
-1.55673
-1.19445
-0.883738
-0.625203
-0.415653
-0.246619
-0.111113
-0.000597098
0.0935971
0.177162
0.257301
0.337969
0.417076
0.492699
0.558232
0.606253
0.632922
0.633093
0.603872
0.564738
0.531578
0.501841
0.500738
0.562204
0.71436
0.910564
1.0876
1.18379
1.21314
1.17863
1.12332
1.06086
1.01476
0.988858
0.96824
0.938584
0.901835
0.867105
0.844171
0.825667
0.812451
0.80717
0.809883
0.821833
0.836344
0.849258
0.858478
0.858646
0.850063
0.837582
0.821393
0.802132
0.780353
0.756484
0.730766
0.703201
0.674443
0.644923
0.614452
0.58281
0.550425
0.51772
0.484943
0.451912
0.419362
0.387129
0.354578
0.321949
0.289896
0.257901
0.225753
0.193714
0.162112
0.130942
0.101061
0.0729049
0.0478784
0.0259806
0.0130654
-0.00293843
-18.5227
-18.6055
-18.712
-18.6001
-18.0596
-17.1072
-15.8519
-14.3972
-12.8561
-11.3214
-9.86406
-8.52305
-7.31085
-6.22904
-5.27465
-4.4367
-3.70051
-3.05615
-2.49202
-1.99962
-1.57425
-1.2089
-0.898606
-0.643684
-0.44148
-0.282952
-0.157751
-0.0550249
0.0342509
0.11728
0.199608
0.28387
0.3672
0.447624
0.516089
0.564486
0.590061
0.586953
0.554433
0.512611
0.471047
0.443255
0.44764
0.515974
0.675601
0.886923
1.08479
1.20385
1.24391
1.20437
1.13772
1.06213
1.00724
0.974781
0.943113
0.905229
0.86336
0.826465
0.803006
0.787022
0.777739
0.775991
0.780469
0.794097
0.811648
0.825316
0.834003
0.832933
0.823386
0.810014
0.793305
0.773775
0.751843
0.727866
0.702084
0.674421
0.645557
0.615998
0.585499
0.553798
0.521317
0.488659
0.45565
0.423095
0.390398
0.358263
0.325821
0.293223
0.261204
0.229259
0.197237
0.165344
0.134031
0.10337
0.0742599
0.0474117
0.0247732
0.00618807
4.5606e-05
-0.0105587
-18.5351
-18.597
-18.6456
-18.4902
-17.9439
-17.0064
-15.776
-14.3561
-12.8483
-11.3411
-9.9044
-8.57752
-7.37269
-6.29362
-5.33713
-4.49319
-3.74955
-3.09624
-2.52275
-2.02311
-1.59284
-1.22495
-0.915268
-0.664375
-0.469735
-0.320808
-0.204526
-0.108664
-0.0233107
0.0596459
0.144398
0.231602
0.318368
0.401986
0.472114
0.520181
0.544044
0.538539
0.504071
0.461395
0.41601
0.392705
0.404959
0.481951
0.646321
0.868178
1.07857
1.21883
1.2685
1.22601
1.14941
1.06193
0.999544
0.957234
0.915193
0.871354
0.82521
0.786817
0.762871
0.749321
0.743491
0.745362
0.753006
0.767533
0.785496
0.799901
0.808001
0.805414
0.795096
0.781017
0.763963
0.744078
0.721953
0.697866
0.672012
0.644415
0.61554
0.585793
0.555253
0.523685
0.491363
0.458534
0.425629
0.393018
0.360258
0.328114
0.295765
0.263197
0.231208
0.199281
0.167335
0.135571
0.10446
0.0743623
0.0460266
0.0204456
0.000228216
-0.0151159
-0.0139999
-0.0194177
-18.5475
-18.5922
-18.5969
-18.4062
-17.8543
-16.9295
-15.7201
-14.3262
-12.8438
-11.3581
-9.93833
-8.62338
-7.42512
-6.34869
-5.39108
-4.54254
-3.79282
-3.13203
-2.5509
-2.04547
-1.61152
-1.24226
-0.933639
-0.686398
-0.497972
-0.356558
-0.246995
-0.15614
-0.0730247
0.0100578
0.0964017
0.185523
0.274605
0.359316
0.429468
0.4768
0.499038
0.493066
0.459862
0.416244
0.372172
0.353876
0.373737
0.458307
0.627884
0.855239
1.07123
1.22523
1.2836
1.24019
1.15522
1.05899
0.990048
0.937456
0.887942
0.839403
0.79088
0.751417
0.728036
0.716889
0.714035
0.718545
0.72808
0.743357
0.760328
0.774944
0.782417
0.778977
0.7681
0.753345
0.735788
0.715595
0.693377
0.669329
0.643423
0.615936
0.58703
0.55706
0.526271
0.494554
0.462081
0.429384
0.396576
0.363888
0.331285
0.299117
0.266841
0.234332
0.202335
0.170501
0.138625
0.107119
0.076152
0.0466043
0.0189722
-0.00552611
-0.0235636
-0.0361605
-0.0281335
-0.0291255
-18.56
-18.5917
-18.5653
-18.3481
-17.7912
-16.8755
-15.6814
-14.3064
-12.8431
-11.3743
-9.96776
-8.66201
-7.46894
-6.39459
-5.43619
-4.58417
-3.82973
-3.16321
-2.57637
-2.0667
-1.63017
-1.26017
-0.952524
-0.708226
-0.52473
-0.389053
-0.28434
-0.196949
-0.115108
-0.0314492
0.0560351
0.146252
0.236624
0.321462
0.390468
0.437969
0.460701
0.455298
0.423505
0.378903
0.338057
0.323947
0.350273
0.440976
0.615241
0.84597
1.06535
1.22716
1.29141
1.24699
1.15534
1.05356
0.978684
0.917357
0.862228
0.810053
0.760721
0.721404
0.69927
0.690317
0.68934
0.694513
0.704866
0.720603
0.737637
0.751909
0.758536
0.754774
0.743389
0.728074
0.710131
0.689921
0.667714
0.64376
0.617922
0.59055
0.56171
0.531929
0.501272
0.469698
0.437187
0.404269
0.371288
0.33852
0.305803
0.273528
0.241184
0.208797
0.176563
0.144819
0.112809
0.0814428
0.050633
0.0214215
-0.00563175
-0.0292871
-0.0455194
-0.0560683
-0.0419603
-0.0394175
-18.5729
-18.595
-18.5466
-18.3101
-17.7491
-16.8401
-15.6573
-14.2961
-12.8472
-11.3911
-9.99437
-8.69533
-7.50621
-6.43343
-5.47439
-4.61969
-3.86165
-3.19093
-2.59996
-2.08725
-1.64906
-1.27877
-0.971967
-0.730047
-0.550465
-0.419082
-0.31791
-0.232479
-0.151352
-0.067065
0.0215475
0.112577
0.203352
0.288277
0.357546
0.405413
0.428945
0.423707
0.39267
0.34802
0.309845
0.299584
0.331515
0.42793
0.606592
0.840119
1.06247
1.22847
1.29491
1.24885
1.15142
1.04732
0.965066
0.896926
0.837567
0.782885
0.733569
0.695573
0.674885
0.667415
0.667472
0.672228
0.68369
0.699729
0.716506
0.730375
0.736493
0.73247
0.72078
0.705202
0.687101
0.666841
0.644524
0.620423
0.594368
0.56677
0.53769
0.507592
0.476669
0.444872
0.412333
0.379514
0.346677
0.313953
0.28132
0.249122
0.216845
0.184555
0.152594
0.120941
0.0891395
0.0578869
0.0273848
-0.00159137
-0.0281317
-0.0511113
-0.0658543
-0.0750566
-0.0556289
-0.0502404
-18.5863
-18.6015
-18.5377
-18.2874
-17.7234
-16.8195
-15.645
-14.2941
-12.8557
-11.4089
-10.0195
-8.72519
-7.53892
-6.4672
-5.5076
-4.65081
-3.88997
-3.21616
-2.62221
-2.10732
-1.66807
-1.29773
-0.99167
-0.751709
-0.575209
-0.447123
-0.348493
-0.263889
-0.182654
-0.0979442
-0.00828091
0.0839514
0.175198
0.260629
0.330506
0.378385
0.402297
0.397001
0.366182
0.322164
0.286175
0.279288
0.316123
0.418013
0.601191
0.838075
1.06293
1.23074
1.29695
1.24803
1.14482
1.04066
0.949596
0.876342
0.813843
0.757882
0.709013
0.67255
0.653157
0.647117
0.647385
0.652162
0.664444
0.680528
0.697142
0.710689
0.716398
0.712081
0.700288
0.684669
0.66669
0.646645
0.624646
0.600806
0.575099
0.547631
0.518712
0.488698
0.45785
0.426069
0.393468
0.360471
0.32742
0.29458
0.261788
0.229522
0.197078
0.164563
0.132407
0.100545
0.0687061
0.0373355
0.00686793
-0.0220556
-0.0483712
-0.0709683
-0.0846098
-0.0931273
-0.0691727
-0.0614734
-18.5999
-18.6103
-18.536
-18.2763
-17.7105
-16.8105
-15.6423
-14.2988
-12.8679
-11.4279
-10.0437
-8.75272
-7.56824
-6.49709
-5.53698
-4.67857
-3.91554
-3.23951
-2.64346
-2.12704
-1.68716
-1.31699
-1.01171
-0.773414
-0.599304
-0.473788
-0.376719
-0.291912
-0.209741
-0.12423
-0.0334872
0.059868
0.152118
0.237722
0.30784
0.355927
0.37992
0.37453
0.343591
0.300191
0.266041
0.262106
0.303364
0.410632
0.598811
0.83963
1.06692
1.23526
1.29911
1.24561
1.13618
1.0325
0.933316
0.855902
0.791277
0.735044
0.687089
0.651959
0.633506
0.625962
0.628549
0.634471
0.647241
0.663373
0.679864
0.69301
0.698208
0.693471
0.681276
0.665103
0.64662
0.626078
0.603524
0.579328
0.553215
0.525515
0.496437
0.466214
0.435238
0.403383
0.370827
0.337951
0.305059
0.27234
0.239755
0.207582
0.175421
0.143186
0.11125
0.0795736
0.0480165
0.0168319
-0.0133605
-0.0419325
-0.0677278
-0.0898042
-0.102336
-0.110397
-0.0826647
-0.0729981
-18.6134
-18.6208
-18.5397
-18.274
-17.7074
-16.8105
-15.6468
-14.3086
-12.883
-11.4477
-10.0672
-8.77848
-7.59507
-6.52413
-5.56361
-4.7039
-3.93911
-3.26151
-2.66403
-2.14657
-1.70648
-1.33681
-1.03246
-0.795643
-0.623365
-0.499216
-0.402569
-0.31704
-0.233597
-0.146747
-0.0538256
0.0399524
0.132408
0.218505
0.288798
0.337235
0.360996
0.355301
0.324148
0.281197
0.248625
0.247389
0.292837
0.405572
0.599391
0.844829
1.07468
1.24193
1.30077
1.24102
1.12717
1.02121
0.916035
0.835707
0.770095
0.714202
0.667438
0.633626
0.616907
0.612882
0.612272
0.619187
0.632191
0.648393
0.664769
0.67772
0.682868
0.678468
0.666777
0.651106
0.633183
0.612987
0.591005
0.566829
0.540943
0.513266
0.484185
0.454045
0.423081
0.39121
0.358555
0.325551
0.29251
0.259666
0.226885
0.194549
0.162154
0.129655
0.0975678
0.0656679
0.0339727
0.00261104
-0.0277911
-0.0565507
-0.0826145
-0.104816
-0.117283
-0.125589
-0.0954167
-0.0845687
-18.6282
-18.6334
-18.5478
-18.2783
-17.7115
-16.8168
-15.6564
-14.3217
-12.8995
-11.4673
-10.0893
-8.80192
-7.61908
-6.54815
-5.58731
-4.72656
-3.96038
-3.28172
-2.68331
-2.16517
-1.72519
-1.3563
-1.05289
-0.817224
-0.646085
-0.522294
-0.425293
-0.339082
-0.254891
-0.167818
-0.0764445
0.0214138
0.114958
0.202113
0.272845
0.321279
0.344578
0.338355
0.306911
0.264453
0.23361
0.235122
0.284577
0.402647
0.602368
0.852688
1.08468
1.24879
1.30028
1.23177
1.11871
1.00692
0.89839
0.816476
0.750558
0.695041
0.648776
0.615113
0.597739
0.591668
0.594099
0.602165
0.615454
0.631528
0.647429
0.659712
0.664096
0.658774
0.646232
0.629883
0.611297
0.590888
0.568551
0.544307
0.518297
0.490592
0.461486
0.431271
0.400265
0.368396
0.335834
0.30291
0.269999
0.237232
0.204633
0.172378
0.140171
0.107884
0.0758966
0.044153
0.0126467
-0.0185415
-0.0486471
-0.0771124
-0.102561
-0.124331
-0.135643
-0.143652
-0.110741
-0.0984919
-18.6364
-18.6414
-18.5546
-18.2843
-17.7185
-16.8261
-15.6682
-14.336
-12.9158
-11.4855
-10.1086
-8.82159
-7.63849
-6.56697
-5.60541
-4.74347
-3.9761
-3.29685
-2.6981
-2.17997
-1.74064
-1.37274
-1.07003
-0.834667
-0.663363
-0.538746
-0.440426
-0.352557
-0.266512
-0.177056
-0.082155
0.0130522
0.106921
0.194004
0.264645
0.312861
0.335748
0.329188
0.29759
0.25527
0.22493
0.227665
0.279564
0.401495
0.605998
0.860195
1.09325
1.2538
1.29986
1.22712
1.11098
0.995054
0.885515
0.803681
0.738728
0.684488
0.639453
0.607001
0.591686
0.587177
0.588563
0.596189
0.609234
0.625204
0.641118
0.653361
0.657927
0.652976
0.64094
0.624788
0.606469
0.5861
0.563866
0.539621
0.513636
0.485923
0.456822
0.426618
0.395613
0.363729
0.331108
0.298123
0.265146
0.232316
0.199635
0.167311
0.135029
0.102602
0.0705813
0.0387345
0.00714121
-0.0241457
-0.0544064
-0.0830337
-0.108776
-0.130775
-0.142529
-0.150981
-0.117959
-0.102828
-18.6585
-18.6631
-18.5756
-18.3054
-17.741
-16.8506
-15.6945
-14.3638
-12.9447
-11.5151
-10.1385
-8.85108
-7.66739
-6.59521
-5.633
-4.7702
-4.00218
-3.32284
-2.72411
-2.20627
-1.76749
-1.40011
-1.09765
-0.861866
-0.68969
-0.564201
-0.464981
-0.376336
-0.289685
-0.200407
-0.10609
-0.00888592
0.0855678
0.173026
0.243765
0.291828
0.314402
0.307482
0.275654
0.233506
0.204111
0.208624
0.263186
0.388704
0.596956
0.853034
1.08478
1.24106
1.27855
1.20613
1.08752
0.970833
0.861051
0.779652
0.715276
0.661415
0.616714
0.584538
0.568714
0.563562
0.565366
0.573518
0.58671
0.602673
0.618384
0.6305
0.634838
0.629633
0.617359
0.601105
0.582679
0.562288
0.54001
0.515758
0.489752
0.46203
0.432919
0.402705
0.37169
0.339798
0.307188
0.274219
0.241262
0.208448
0.175794
0.143484
0.111214
0.078858
0.0468256
0.0150129
-0.0165345
-0.0477957
-0.0779804
-0.106548
-0.132133
-0.154084
-0.165521
-0.173943
-0.140235
-0.131045
-18.6021
-18.5903
-18.6323
-18.6216
-18.6028
-18.5778
-18.5479
-18.5159
-18.485
-18.4567
-18.4318
-18.4108
-18.3944
-18.3852
-18.3849
-18.3775
-19.1255
-19.1023
-19.1072
-19.1178
-19.1088
-19.0844
-19.0542
-19.0223
-18.9913
-18.9628
-18.9382
-18.9183
-18.9029
-18.8913
-18.8837
-18.8687
-19.5551
-19.6221
-19.7087
-19.7406
-19.7389
-19.7186
-19.6893
-19.6579
-19.6283
-19.6023
-19.5809
-19.5647
-19.5542
-19.5488
-19.5439
-19.5321
-19.6272
-19.7181
-19.7666
-19.7901
-19.7962
-19.7835
-19.758
-19.7283
-19.6998
-19.6752
-19.6551
-19.6399
-19.6294
-19.6233
-19.6186
-19.6058
-19.0551
-19.1157
-19.1506
-19.1781
-19.1875
-19.1789
-19.1588
-19.1325
-19.1056
-19.0796
-19.0554
-19.0337
-19.0151
-19.0002
-18.9892
-18.9704
-17.9411
-17.9865
-18.0211
-18.0473
-18.0575
-18.0518
-18.0336
-18.0081
-17.9802
-17.952
-17.9243
-17.8976
-17.8723
-17.8498
-17.8316
-17.8073
-16.4478
-16.4785
-16.5044
-16.5237
-16.5318
-16.527
-16.51
-16.4852
-16.457
-16.4266
-16.3944
-16.3605
-16.3257
-16.2917
-16.2613
-16.2309
-14.7156
-14.7324
-14.7473
-14.7578
-14.7615
-14.7554
-14.7381
-14.7131
-14.6839
-14.6514
-14.6155
-14.5764
-14.5347
-14.4928
-14.4549
-14.4205
-12.929
-12.9297
-12.9322
-12.9341
-12.9335
-12.9259
-12.9078
-12.882
-12.8518
-12.8177
-12.7794
-12.7366
-12.6902
-12.6428
-12.5998
-12.5623
-11.1878
-11.1738
-11.1648
-11.1589
-11.1535
-11.1423
-11.1216
-11.0944
-11.0633
-11.0281
-10.9884
-10.9439
-10.8952
-10.8453
-10.7999
-10.7609
-9.57903
-9.55361
-9.53597
-9.52415
-9.51451
-9.49959
-9.47637
-9.44802
-9.41628
-9.38062
-9.34038
-9.29531
-9.24612
-9.19563
-9.14976
-9.1105
-8.1336
-8.10009
-8.07585
-8.05918
-8.04548
-8.02689
-8.00131
-7.97192
-7.93971
-7.90394
-7.86391
-7.81942
-7.77113
-7.72181
-7.67705
-7.63853
-6.86643
-6.82897
-6.80128
-6.78175
-6.76502
-6.7434
-6.71603
-6.68603
-6.65371
-6.6182
-6.57887
-6.53556
-6.48894
-6.44163
-6.39875
-6.36144
-5.76626
-5.72755
-5.69852
-5.67702
-5.65643
-5.63115
-5.6024
-5.57228
-5.54024
-5.50539
-5.46717
-5.42551
-5.38109
-5.33633
-5.29582
-5.26004
-4.8218
-4.78366
-4.75491
-4.73224
-4.70832
-4.6805
-4.65126
-4.62126
-4.58962
-4.55555
-4.51863
-4.4788
-4.43677
-4.3948
-4.35699
-4.3231
-4.01627
-3.97917
-3.95079
-3.9273
-3.90193
-3.8733
-3.84394
-3.81407
-3.78284
-3.74958
-3.71397
-3.676
-3.63638
-3.59727
-3.56223
-3.53024
-3.3291
-3.29439
-3.2669
-3.24215
-3.21513
-3.18611
-3.15701
-3.12755
-3.09695
-3.06465
-3.03042
-2.9943
-2.957
-2.92053
-2.88801
-2.85768
-2.73868
-2.70702
-2.6806
-2.6544
-2.62596
-2.59697
-2.5683
-2.53933
-2.50936
-2.478
-2.44506
-2.41063
-2.37536
-2.34118
-2.31082
-2.28188
-2.22952
-2.20054
-2.1751
-2.14851
-2.11976
-2.09097
-2.06253
-2.03382
-2.00431
-1.97367
-1.94177
-1.9087
-1.87511
-1.84277
-1.81417
-1.78632
-1.78707
-1.76033
-1.73546
-1.70873
-1.68
-1.65133
-1.62296
-1.59439
-1.56519
-1.53512
-1.50404
-1.47204
-1.43972
-1.4088
-1.38155
-1.35451
-1.40035
-1.37464
-1.34949
-1.32219
-1.29336
-1.26476
-1.23644
-1.20796
-1.17898
-1.14928
-1.11876
-1.08748
-1.05603
-1.02604
-0.999695
-0.973203
-1.05731
-1.03215
-1.00625
-0.978116
-0.949098
-0.920469
-0.892084
-0.863564
-0.834627
-0.805083
-0.774826
-0.743917
-0.71291
-0.683422
-0.657579
-0.631395
-0.751402
-0.725722
-0.698508
-0.669262
-0.639583
-0.61037
-0.581472
-0.552568
-0.523392
-0.493737
-0.463471
-0.432627
-0.401745
-0.372456
-0.346896
-0.320569
-0.476362
-0.448575
-0.419492
-0.388906
-0.358209
-0.328188
-0.298674
-0.269329
-0.239856
-0.210012
-0.179631
-0.148714
-0.117793
-0.088538
-0.0631191
-0.0364892
-0.229325
-0.198442
-0.16721
-0.135253
-0.103613
-0.0729151
-0.0429224
-0.0132536
0.0164288
0.0464024
0.0768619
0.107825
0.138769
0.167999
0.193306
0.219926
-0.0159056
0.0183224
0.0520111
0.0857152
0.118707
0.150465
0.181257
0.211498
0.241568
0.271787
0.302384
0.333407
0.364343
0.393489
0.41862
0.445094
0.171478
0.208811
0.244903
0.280326
0.314482
0.346974
0.378179
0.408606
0.43871
0.468869
0.499349
0.530212
0.560943
0.589816
0.614586
0.640804
0.336427
0.377261
0.415745
0.452629
0.487402
0.520014
0.551055
0.581149
0.610822
0.640488
0.67043
0.700709
0.730797
0.758956
0.782954
0.808673
0.467602
0.511498
0.552374
0.590874
0.626457
0.659416
0.690503
0.720406
0.749686
0.778779
0.807975
0.837337
0.866349
0.893315
0.916077
0.941038
0.566585
0.611943
0.65426
0.693591
0.729476
0.762462
0.793349
0.822833
0.851484
0.879741
0.907888
0.935988
0.963556
0.988978
1.01018
1.03425
0.641255
0.688224
0.730918
0.769587
0.804568
0.836654
0.866622
0.895129
0.922713
0.949779
0.976581
1.00317
1.0291
1.05285
1.07241
1.09561
0.69616
0.743103
0.785
0.822392
0.856145
0.887121
0.916036
0.943489
0.969971
0.995846
1.02133
1.04647
1.07086
1.09309
1.11115
1.13361
0.739925
0.78388
0.823469
0.859147
0.891593
0.921474
0.949393
0.975883
1.00138
1.0262
1.05052
1.07439
1.09743
1.11835
1.13515
1.15701
0.779893
0.820406
0.857331
0.890973
0.921828
0.950428
0.977273
1.00281
1.02738
1.05125
1.07454
1.09729
1.11917
1.13902
1.15482
1.17622
0.81873
0.856625
0.891426
0.923437
0.953049
0.980679
1.00672
1.03152
1.05537
1.07847
1.10097
1.1229
1.14399
1.16315
1.17835
1.19953
0.856899
0.893398
0.9273
0.958709
0.987866
1.01511
1.04078
1.06521
1.0887
1.11146
1.13364
1.1553
1.17621
1.19525
1.21018
1.23122
0.894496
0.932288
0.967252
0.99946
1.02925
1.05704
1.08321
1.10814
1.13213
1.15539
1.17805
1.20015
1.22139
1.24059
1.2549
1.27562
0.928785
0.971014
1.00942
1.04435
1.07638
1.10611
1.13404
1.16055
1.18592
1.21032
1.23382
1.25635
1.27771
1.2969
1.30864
1.32923
0.95074
1.0004
1.04481
1.08465
1.12067
1.1535
1.1838
1.21208
1.23873
1.26398
1.28789
1.31027
1.33058
1.34769
1.35911
1.377
0.96168
1.0188
1.06941
1.114
1.15336
1.18856
1.22047
1.24975
1.27691
1.30224
1.32567
1.3468
1.36514
1.38173
1.39366
1.4089
0.965734
1.02576
1.07842
1.12486
1.16588
1.20211
1.23451
1.26387
1.29067
1.31514
1.33767
1.35962
1.38008
1.39519
1.40358
1.41719
0.956104
1.01752
1.07043
1.11633
1.15715
1.19415
1.22781
1.25891
1.28832
1.31561
1.33956
1.35831
1.37206
1.38172
1.38714
1.39975
0.957307
1.01926
1.07277
1.11928
1.16025
1.19697
1.23026
1.25997
1.28534
1.3063
1.32311
1.33596
1.34551
1.35226
1.35601
1.36852
0.978243
1.03601
1.08616
1.12986
1.16794
1.20093
1.2291
1.25258
1.27153
1.28636
1.29763
1.30608
1.31261
1.31788
1.32145
1.3353
1.02435
1.0695
1.10896
1.14316
1.1724
1.19692
1.21705
1.23317
1.24579
1.2553
1.26238
1.26806
1.27355
1.2792
1.28352
1.29906
1.09449
1.1187
1.14087
1.1606
1.17769
1.19205
1.20364
1.21268
1.21987
1.22604
1.2316
1.23699
1.24311
1.25032
1.2553
1.27212
1.1214
1.13111
1.14107
1.15044
1.15889
1.1667
1.17421
1.18139
1.188
1.19422
1.20052
1.20731
1.21511
1.22448
1.22949
1.24763
1.10136
1.10123
1.10474
1.11078
1.11817
1.12585
1.13346
1.14122
1.14931
1.1577
1.16634
1.17515
1.18444
1.19657
1.20023
1.21973
1.07017
1.06995
1.07276
1.07794
1.085
1.09351
1.10297
1.11298
1.12332
1.13388
1.14465
1.1556
1.16681
1.17958
1.18602
1.20482
1.06331
1.06252
1.06611
1.07289
1.08187
1.09229
1.10364
1.1156
1.12794
1.14051
1.15301
1.16479
1.17619
1.18815
1.19586
1.21481
1.0658
1.07076
1.07881
1.08905
1.10072
1.11317
1.12575
1.13777
1.14954
1.16164
1.17405
1.18724
1.20093
1.21439
1.22335
1.24246
1.07351
1.08287
1.09345
1.10516
1.11797
1.13166
1.14615
1.16163
1.17754
1.19318
1.20856
1.22378
1.23881
1.2532
1.26295
1.2822
1.07975
1.09465
1.11124
1.12882
1.14665
1.16448
1.18227
1.19997
1.21751
1.2348
1.25179
1.26842
1.28457
1.29975
1.30995
1.32928
1.09805
1.11876
1.13975
1.16071
1.18141
1.20176
1.22169
1.2412
1.26028
1.27893
1.29711
1.31471
1.33161
1.3473
1.35758
1.37693
1.11733
1.14268
1.16722
1.19096
1.21387
1.23599
1.25736
1.27804
1.29812
1.31761
1.33646
1.35458
1.37182
1.38777
1.39782
1.41725
1.13162
1.16062
1.188
1.21394
1.23859
1.26208
1.28453
1.30606
1.32677
1.34671
1.36583
1.38398
1.4011
1.417
1.42651
1.44606
1.13908
1.17156
1.20145
1.22915
1.255
1.27928
1.30221
1.32398
1.34476
1.36459
1.38341
1.40109
1.41764
1.43329
1.44196
1.46144
1.13149
1.16641
1.19831
1.2275
1.25431
1.27911
1.30221
1.32388
1.34432
1.36363
1.38178
1.39864
1.41432
1.42978
1.43738
1.45677
1.10465
1.14079
1.17367
1.20358
1.2309
1.25601
1.27923
1.30084
1.32105
1.33996
1.35757
1.37374
1.38851
1.40414
1.41056
1.43008
1.07392
1.10915
1.14133
1.17065
1.19743
1.22206
1.24483
1.26599
1.28569
1.30405
1.32111
1.3367
1.35046
1.36653
1.37204
1.39156
1.04262
1.07689
1.10829
1.13687
1.16285
1.18666
1.20874
1.22932
1.24845
1.26623
1.28273
1.29789
1.31081
1.32704
1.33202
1.35161
1.01552
1.04686
1.07648
1.10442
1.13054
1.15443
1.17618
1.19619
1.21468
1.23186
1.24787
1.26267
1.27536
1.29117
1.29628
1.31585
1.00267
1.03162
1.05876
1.08423
1.10813
1.13058
1.15147
1.17083
1.18893
1.20588
1.22171
1.23637
1.24935
1.26456
1.27022
1.28959
0.998393
1.02592
1.05185
1.07652
1.09992
1.12163
1.14177
1.16066
1.17843
1.19511
1.21071
1.22518
1.2383
1.25294
1.2591
1.27825
1.00113
1.0278
1.05337
1.07773
1.10032
1.12129
1.14113
1.15981
1.1774
1.19392
1.20941
1.22378
1.23696
1.25135
1.25778
1.2768
1.00875
1.03471
1.05967
1.08297
1.10468
1.12547
1.14511
1.16359
1.18099
1.19737
1.21272
1.22698
1.2401
1.25436
1.26086
1.27981
1.01646
1.04196
1.06621
1.08909
1.11074
1.13126
1.1506
1.16884
1.18605
1.20227
1.21748
1.23161
1.2446
1.25879
1.26523
1.28413
1.02074
1.04595
1.06962
1.0921
1.11361
1.13386
1.15298
1.17109
1.1882
1.20434
1.21947
1.2335
1.2463
1.26052
1.26681
1.28568
1.01761
1.04308
1.06708
1.08969
1.11098
1.13106
1.15007
1.16807
1.18509
1.20112
1.21614
1.23005
1.24261
1.2569
1.26298
1.28185
1.00791
1.03365
1.05778
1.0804
1.10169
1.12175
1.14073
1.15866
1.17558
1.19149
1.20638
1.22021
1.23254
1.24699
1.25282
1.27173
0.992571
1.01823
1.04229
1.06492
1.08623
1.10634
1.12532
1.14324
1.1601
1.1759
1.1907
1.20448
1.21657
1.23121
1.23679
1.25574
0.972918
0.998488
1.02251
1.04504
1.06627
1.08633
1.1053
1.12319
1.14
1.15572
1.17044
1.18423
1.19607
1.21094
1.21628
1.23529
0.950412
0.975731
0.999616
1.02206
1.04323
1.06325
1.08219
1.10003
1.11676
1.13238
1.147
1.16081
1.17237
1.18746
1.19259
1.21164
0.925815
0.950882
0.974615
0.997044
1.01819
1.03814
1.05698
1.07472
1.09136
1.1069
1.12143
1.1353
1.1466
1.16192
1.16684
1.18598
0.899624
0.924543
0.948136
0.9705
0.991646
1.01155
1.03029
1.04793
1.06448
1.07993
1.09435
1.10831
1.11933
1.13486
1.1396
1.15876
0.872092
0.896956
0.92047
0.942729
0.963814
0.983685
1.00235
1.01991
1.03639
1.05179
1.0661
1.08024
1.09092
1.10674
1.11135
1.13055
0.843493
0.868332
0.891809
0.913977
0.934923
0.954699
0.97332
0.990829
1.00727
1.02264
1.03677
1.05114
1.06146
1.07762
1.08198
1.10128
0.814092
0.838985
0.862417
0.884521
0.905384
0.925055
0.943583
0.961006
0.977378
0.992794
1.00662
1.0214
1.03126
1.04777
1.05193
1.07129
0.783937
0.808829
0.832258
0.854346
0.875148
0.894738
0.913213
0.930589
0.946834
0.962416
0.975692
0.990926
1.00046
1.01709
1.02118
1.04058
0.752774
0.777692
0.801149
0.823203
0.84396
0.863455
0.881831
0.899168
0.915361
0.930787
0.944433
0.959443
0.96909
0.985651
0.989763
1.00915
0.720523
0.745368
0.768734
0.790753
0.811487
0.830982
0.849351
0.866671
0.882848
0.898153
0.912064
0.926758
0.936566
0.953064
0.957204
0.976581
0.68753
0.71228
0.73561
0.757575
0.778236
0.797671
0.815994
0.833248
0.849484
0.864817
0.878669
0.893358
0.903168
0.919671
0.923824
0.943206
0.654399
0.679121
0.702387
0.724255
0.744856
0.764272
0.782568
0.799811
0.816043
0.831332
0.845131
0.859876
0.869613
0.88617
0.890289
0.909694
0.621293
0.646061
0.669316
0.691119
0.71162
0.730932
0.749147
0.766335
0.782522
0.79782
0.811463
0.826423
0.836098
0.852602
0.856804
0.876195
0.587557
0.612233
0.63557
0.657563
0.678225
0.697645
0.715939
0.733142
0.749274
0.764579
0.778164
0.792927
0.802902
0.819094
0.823456
0.842792
0.55459
0.579084
0.60214
0.623873
0.644401
0.663786
0.682063
0.699258
0.715391
0.730774
0.744427
0.758987
0.769312
0.785294
0.789806
0.809105
0.522263
0.546759
0.569792
0.591453
0.611892
0.631196
0.649383
0.666499
0.682554
0.69783
0.711769
0.725907
0.736529
0.752257
0.756897
0.77616
0.490242
0.514739
0.53776
0.559403
0.579805
0.599065
0.617181
0.634217
0.650264
0.665386
0.67943
0.693413
0.704232
0.719772
0.724542
0.743728
0.457366
0.481816
0.504799
0.526425
0.546824
0.566111
0.584273
0.601332
0.617375
0.632461
0.646521
0.660433
0.671308
0.686807
0.6916
0.710793
0.424583
0.448906
0.471802
0.49338
0.513732
0.53294
0.551026
0.568063
0.584122
0.599234
0.613355
0.627234
0.638205
0.653629
0.658466
0.677649
0.391905
0.416152
0.438987
0.460498
0.480791
0.499972
0.518031
0.535006
0.550976
0.565997
0.580066
0.593838
0.60485
0.620176
0.625074
0.644222
0.358974
0.383127
0.405876
0.427304
0.447493
0.466528
0.484463
0.501371
0.517299
0.532288
0.546363
0.560068
0.57117
0.586392
0.591356
0.610483
0.325661
0.349583
0.372136
0.393407
0.413473
0.432396
0.450198
0.466954
0.482766
0.497681
0.511717
0.525309
0.536498
0.551548
0.556611
0.575685
0.292008
0.315499
0.337626
0.358486
0.378165
0.396758
0.414338
0.430946
0.446627
0.461424
0.475383
0.48884
0.500133
0.515005
0.520181
0.539216
0.257091
0.27992
0.301441
0.321741
0.340912
0.359049
0.376217
0.392466
0.407852
0.422415
0.436208
0.449429
0.46084
0.475319
0.480713
0.499624
0.220598
0.242292
0.262808
0.282227
0.300629
0.318105
0.334713
0.350503
0.365523
0.379805
0.393396
0.406402
0.417904
0.432126
0.437705
0.45658
0.181102
0.200731
0.219343
0.237013
0.25382
0.269857
0.285189
0.299858
0.313915
0.327392
0.34033
0.352762
0.364174
0.377666
0.383573
0.402214
0.138706
0.155531
0.171649
0.187137
0.202075
0.216563
0.230673
0.244475
0.258
0.271207
0.284046
0.296453
0.308146
0.321428
0.327737
0.346304
0.0870189
0.0980772
0.108666
0.118843
0.128711
0.138466
0.148222
0.158014
0.167879
0.177823
0.187864
0.197994
0.208071
0.219913
0.225871
0.244177
0.0373771
0.0439699
0.0507572
0.0578022
0.0651557
0.0728873
0.0810079
0.0894799
0.0982553
0.107263
0.116462
0.125818
0.135283
0.145309
0.153789
0.166237
)
;

boundaryField
{
    frontAndBack
    {
        type            empty;
    }
    inlet
    {
        type            zeroGradient;
    }
    outlet
    {
        type            fixedValue;
        value           uniform 0;
    }
    walls
    {
        type            zeroGradient;
    }
}


// ************************************************************************* //
