/*--------------------------------*- C++ -*----------------------------------*\
| =========                 |                                                 |
| \\      /  F ield         | OpenFOAM: The Open Source CFD Toolbox           |
|  \\    /   O peration     | Version:  v2012                                 |
|   \\  /    A nd           | Website:  www.openfoam.com                      |
|    \\/     M anipulation  |                                                 |
\*---------------------------------------------------------------------------*/
FoamFile
{
    version     2.0;
    format      ascii;
    class       vectorField;
    location    "0.071/lagrangian/kinematicCloud";
    object      U;
}
// * * * * * * * * * * * * * * * * * * * * * * * * * * * * * * * * * * * * * //


74
(
(5.94495 -0.101779 0)
(6.87886 -0.0227987 0)
(6.85965 -0.0154901 0)
(6.5553 -0.0316917 0)
(6.7897 -0.00618209 0)
(6.78324 -0.00849943 0)
(3.63888 0.133636 0)
(6.7036 -0.0018306 0)
(6.65578 -0.00107269 0)
(6.6263 0.0111141 0)
(6.6019 0.0132698 0)
(6.20119 0.0168587 0)
(0.403837 -1.28746e-05 0)
(0.371495 3.031e-06 0)
(2.8894 0.00502548 0)
(6.30029 0.0658543 0)
(4.86342 0.105159 0)
(5.76467 0.0152488 0)
(5.27585 0.154906 0)
(5.86932 0.0338296 0)
(5.717 0.057452 0)
(1.79787 0.000119692 0)
(5.37304 0.0551201 0)
(4.53935 0.15476 0)
(5.09007 0.167534 0)
(5.00407 0.0541444 0)
(4.40453 0.146018 0)
(4.83145 0.0407555 0)
(2.33173 0.00146438 0)
(4.65563 0.0265694 0)
(0.410859 1.01664e-05 0)
(3.66288 0.0534407 0)
(1.37251 -7.28281e-05 0)
(4.05427 0.0452601 0)
(3.97232 0.0715254 0)
(3.95796 0.0271008 0)
(3.81285 0.0361687 0)
(3.71361 0.0283667 0)
(3.64205 0.0119285 0)
(1.0003 4.89478e-05 0)
(3.42328 0.0090263 0)
(3.34554 0.00517924 0)
(3.23847 0.00239634 0)
(3.1485 0.00281945 0)
(3.05631 0.0025523 0)
(2.96459 0.00174538 0)
(2.87107 0.000426486 0)
(2.77397 0.0012386 0)
(2.67701 0.000910995 0)
(2.58228 0.000182811 0)
(2.48242 0.000349325 0)
(2.38496 0.000349273 0)
(2.28661 -0.000133264 0)
(0.800199 5.2579e-05 0)
(2.08945 0.000102534 0)
(1.98899 9.01943e-05 0)
(1.88596 -0.000154133 0)
(1.78866 -2.44502e-05 0)
(1.6871 -2.16313e-07 0)
(1.58475 -5.55327e-05 0)
(1.48225 -0.000182147 0)
(1.37836 -6.69563e-05 0)
(1.27459 -5.16571e-05 0)
(1.17169 -9.49592e-05 0)
(0.936107 -4.56162e-05 0)
(0.962154 2.79416e-06 0)
(0.856257 -8.48106e-06 0)
(0.624432 1.88623e-05 0)
(0.643032 -3.31832e-06 0)
(0.535511 -1.07411e-05 0)
(0.427387 -3.93209e-06 0)
(0.318503 2.39229e-06 0)
(0.209353 5.83037e-06 0)
(0.099426 -1.10822e-06 0)
)


// ************************************************************************* //
