/*--------------------------------*- C++ -*----------------------------------*\
| =========                 |                                                 |
| \\      /  F ield         | OpenFOAM: The Open Source CFD Toolbox           |
|  \\    /   O peration     | Version:  v2012                                 |
|   \\  /    A nd           | Website:  www.openfoam.com                      |
|    \\/     M anipulation  |                                                 |
\*---------------------------------------------------------------------------*/
FoamFile
{
    version     2.0;
    format      ascii;
    class       vectorField;
    location    "0.071/lagrangian/kinematicCloud";
    object      UCorrect;
}
// * * * * * * * * * * * * * * * * * * * * * * * * * * * * * * * * * * * * * //


74
(
(0 0 0)
(0 0 0)
(0 0 0)
(0 0 0)
(0 0 0)
(0 0 0)
(0 0 0)
(-3.47995e-25 6.8064e-27 0)
(0 0 0)
(0 0 0)
(1.89846e-11 -1.15178e-12 0)
(-5.57791e-25 1.09465e-25 0)
(1.56202e-07 -1.49088e-11 0)
(1.10408e-10 2.00934e-14 0)
(0 0 0)
(0 0 0)
(0 0 0)
(0 0 0)
(0 0 0)
(0 0 0)
(-1.27463e-24 3.00373e-26 0)
(-5.86364e-30 -1.38892e-32 0)
(-1.34332e-24 5.09206e-27 0)
(0 0 0)
(0 0 0)
(0 0 0)
(-7.46254e-25 -8.17312e-26 0)
(0 0 0)
(0 0 0)
(0 0 0)
(-1.11751e-10 -2.01892e-14 0)
(-3.27488e-27 -7.81261e-28 0)
(0 0 0)
(0 0 0)
(0 0 0)
(-3.61058e-27 -1.99584e-28 0)
(-5.98826e-10 -4.90402e-11 0)
(4.14874e-10 3.05047e-11 0)
(-1.61405e-27 -5.583e-29 0)
(0 0 0)
(0 0 0)
(0 0 0)
(0 0 0)
(0 0 0)
(-5.27508e-28 -4.2034e-30 0)
(0 0 0)
(0 0 0)
(0 0 0)
(0 0 0)
(0 0 0)
(0 0 0)
(0 0 0)
(0 0 0)
(0 0 0)
(-8.58016e-10 -1.23438e-13 0)
(5.97636e-10 5.44681e-14 0)
(-1.58138e-07 1.50547e-11 0)
(0 0 0)
(-2.92915e-25 -2.18833e-29 0)
(0 0 0)
(-7.37379e-09 1.99578e-12 0)
(1.56201e-09 5.56253e-13 0)
(8.06509e-09 -4.02697e-13 0)
(6.53856e-09 -1.90868e-12 0)
(0 0 0)
(-3.07764e-08 -8.02868e-15 0)
(0 0 0)
(-1.5454e-25 -6.65879e-30 0)
(-1.1795e-31 3.81601e-37 0)
(0 0 0)
(-8.22322e-09 7.22417e-14 0)
(2.89837e-08 2.76487e-14 0)
(0 0 0)
(7.29211e-09 -6.12978e-14 0)
)


// ************************************************************************* //
