/*--------------------------------*- C++ -*----------------------------------*\
| =========                 |                                                 |
| \\      /  F ield         | OpenFOAM: The Open Source CFD Toolbox           |
|  \\    /   O peration     | Version:  v2012                                 |
|   \\  /    A nd           | Website:  www.openfoam.com                      |
|    \\/     M anipulation  |                                                 |
\*---------------------------------------------------------------------------*/
FoamFile
{
    version     2.0;
    format      ascii;
    class       volScalarField;
    location    "0.292";
    object      p;
}
// * * * * * * * * * * * * * * * * * * * * * * * * * * * * * * * * * * * * * //

dimensions      [0 2 -2 0 0 0 0];


internalField   nonuniform List<scalar> 
5600
(
-0.589334
-1.04752
-1.42797
-1.7465
-2.05731
-2.36755
-2.66893
-2.95068
-3.21373
-3.4639
-3.70047
-3.92513
-4.13958
-4.34588
-4.54609
-4.74191
-4.93424
-5.1239
-5.31114
-5.49604
-5.67884
-5.85917
-6.03687
-6.21326
-6.38803
-6.56159
-6.73387
-6.90507
-7.07591
-7.24612
-7.41585
-7.58481
-7.75298
-7.92075
-8.08805
-8.25461
-8.4207
-8.58609
-8.75095
-8.91513
-9.07876
-9.24181
-9.40423
-9.56594
-9.72719
-9.88788
-10.0481
-10.2078
-10.3671
-10.5258
-10.6841
-10.8419
-10.9992
-11.1562
-11.3127
-11.4687
-11.6245
-11.7796
-11.9344
-12.0887
-12.2427
-12.3963
-12.5495
-12.7023
-12.8548
-13.0068
-13.1585
-13.3099
-13.461
-13.6117
-13.7621
-13.9122
-14.0621
-14.2116
-14.3608
-14.5099
-14.6586
-14.8071
-14.9552
-15.1033
-15.251
-15.3986
-15.5459
-15.6931
-15.84
-15.9867
-16.1333
-16.2798
-16.426
-16.5719
-16.7177
-16.8632
-17.0092
-17.1549
-17.3013
-17.4479
-17.5971
-17.7503
-17.9072
-18.1496
-0.648367
-1.0677
-1.44459
-1.76431
-2.0753
-2.38588
-2.68718
-2.9692
-3.23259
-3.48283
-3.71962
-3.94458
-4.15936
-4.36603
-4.5666
-4.76274
-4.95536
-5.14527
-5.33268
-5.51765
-5.70066
-5.8811
-6.05885
-6.23535
-6.41027
-6.58395
-6.75633
-6.92761
-7.09856
-7.26885
-7.43866
-7.6077
-7.77589
-7.94369
-8.11102
-8.27762
-8.44374
-8.60915
-8.77405
-8.93826
-9.10193
-9.26501
-9.42746
-9.58919
-9.75047
-9.91117
-10.0714
-10.2311
-10.3904
-10.5491
-10.7074
-10.8652
-11.0226
-11.1795
-11.336
-11.492
-11.6477
-11.8029
-11.9576
-12.1119
-12.2659
-12.4195
-12.5727
-12.7255
-12.8779
-13.03
-13.1817
-13.333
-13.4841
-13.6348
-13.7852
-13.9354
-14.0852
-14.2347
-14.384
-14.533
-14.6817
-14.8302
-14.9783
-15.1264
-15.2741
-15.4217
-15.569
-15.7162
-15.863
-16.0098
-16.1563
-16.3029
-16.449
-16.5951
-16.7406
-16.8864
-17.032
-17.1784
-17.3237
-17.472
-17.6182
-17.7754
-17.9272
-18.1625
-0.686612
-1.08032
-1.45734
-1.77767
-2.08651
-2.39459
-2.69481
-2.97641
-3.23959
-3.48948
-3.726
-3.95106
-4.16586
-4.37252
-4.5731
-4.76929
-4.9619
-5.15184
-5.33924
-5.52424
-5.70723
-5.88772
-6.06564
-6.24218
-6.41702
-6.59067
-6.76298
-6.93427
-7.1051
-7.27537
-7.4451
-7.61408
-7.78232
-7.95013
-8.11744
-8.28403
-8.45012
-8.6155
-8.78037
-8.94453
-9.10814
-9.27117
-9.43353
-9.59519
-9.75639
-9.9171
-10.0774
-10.2371
-10.3963
-10.555
-10.7134
-10.8712
-11.0286
-11.1855
-11.342
-11.4982
-11.6539
-11.8092
-11.964
-12.1183
-12.2724
-12.426
-12.5793
-12.7321
-12.8847
-13.0367
-13.1885
-13.3399
-13.491
-13.6417
-13.7922
-13.9423
-14.0922
-14.2418
-14.3911
-14.5401
-14.6888
-14.8374
-14.9855
-15.1336
-15.2813
-15.429
-15.5762
-15.7235
-15.8703
-16.0172
-16.1636
-16.3103
-16.4564
-16.6025
-16.748
-16.8939
-17.0394
-17.1858
-17.3311
-17.4795
-17.6261
-17.7839
-17.9348
-18.1607
-0.73534
-1.09679
-1.47273
-1.79452
-2.10208
-2.40923
-2.70982
-2.99205
-3.25586
-3.50607
-3.74316
-3.96823
-4.18351
-4.39038
-4.591
-4.78712
-4.97958
-5.16929
-5.35637
-5.54106
-5.7239
-5.9043
-6.08225
-6.25887
-6.43382
-6.60776
-6.78044
-6.95208
-7.12313
-7.29363
-7.46353
-7.63266
-7.8009
-7.96879
-8.13616
-8.30284
-8.46902
-8.63451
-8.79947
-8.96375
-9.1275
-9.29069
-9.45324
-9.6151
-9.77648
-9.93721
-10.0975
-10.2573
-10.4166
-10.5754
-10.7338
-10.8917
-11.0491
-11.206
-11.3625
-11.5185
-11.6743
-11.8294
-11.9841
-12.1383
-12.2923
-12.4459
-12.5991
-12.7518
-12.9043
-13.0563
-13.208
-13.3593
-13.5104
-13.661
-13.8115
-13.9616
-14.1114
-14.261
-14.4102
-14.5592
-14.7079
-14.8564
-15.0046
-15.1526
-15.3003
-15.4479
-15.5952
-15.7424
-15.8893
-16.036
-16.1826
-16.3291
-16.4752
-16.6213
-16.7669
-16.9126
-17.0583
-17.2044
-17.3501
-17.4976
-17.6449
-17.8006
-17.9563
-18.1601
-0.784974
-1.11391
-1.48849
-1.8127
-2.11867
-2.42498
-2.72528
-3.00732
-3.27116
-3.52117
-3.75849
-3.98332
-4.19879
-4.40589
-4.6067
-4.80301
-4.99564
-5.18548
-5.37271
-5.55749
-5.74031
-5.92071
-6.09866
-6.27511
-6.44991
-6.62366
-6.79612
-6.9676
-7.13839
-7.3088
-7.47859
-7.64771
-7.81602
-7.984
-8.15137
-8.31809
-8.48425
-8.64975
-8.81466
-8.97893
-9.14258
-9.3057
-9.46809
-9.6299
-9.79117
-9.95188
-10.1121
-10.2718
-10.4311
-10.5898
-10.7481
-10.9059
-11.0633
-11.2201
-11.3766
-11.5328
-11.6886
-11.8438
-11.9987
-12.153
-12.307
-12.4607
-12.614
-12.7669
-12.9194
-13.0716
-13.2233
-13.3747
-13.5259
-13.6766
-13.8271
-13.9773
-14.1272
-14.2767
-14.426
-14.5751
-14.7238
-14.8723
-15.0205
-15.1686
-15.3164
-15.464
-15.6113
-15.7585
-15.9054
-16.0521
-16.1988
-16.3452
-16.4915
-16.6375
-16.7832
-16.9289
-17.0747
-17.2207
-17.3664
-17.5139
-17.6609
-17.8163
-17.9689
-18.1646
-0.835017
-1.13322
-1.50577
-1.83295
-2.1373
-2.44263
-2.74256
-3.02463
-3.2887
-3.5389
-3.77644
-4.00164
-4.21737
-4.42475
-4.62576
-4.82219
-5.01491
-5.20476
-5.39204
-5.57686
-5.75948
-5.93988
-6.1179
-6.29438
-6.46926
-6.64304
-6.81554
-6.98707
-7.15789
-7.32817
-7.49798
-7.66703
-7.83533
-8.00317
-8.17044
-8.33707
-8.50314
-8.6686
-8.83345
-8.9977
-9.16134
-9.32467
-9.48713
-9.64902
-9.81035
-9.97117
-10.1315
-10.2913
-10.4506
-10.6094
-10.7678
-10.9257
-11.0831
-11.2401
-11.3966
-11.5527
-11.7085
-11.8638
-12.0186
-12.1729
-12.327
-12.4805
-12.6337
-12.7865
-12.939
-13.0911
-13.2428
-13.3941
-13.5452
-13.6959
-13.8464
-13.9966
-14.1464
-14.296
-14.4452
-14.5943
-14.7431
-14.8915
-15.0398
-15.1878
-15.3356
-15.4832
-15.6305
-15.7777
-15.9246
-16.0713
-16.2179
-16.3644
-16.5107
-16.6567
-16.8024
-16.9481
-17.0938
-17.2398
-17.3855
-17.5328
-17.6797
-17.8337
-17.985
-18.1709
-0.884438
-1.15504
-1.52483
-1.85524
-2.15814
-2.46242
-2.76205
-3.04421
-3.30845
-3.55878
-3.79643
-4.02188
-4.23768
-4.44522
-4.64636
-4.84287
-5.03568
-5.22556
-5.41286
-5.5977
-5.78032
-5.96074
-6.13885
-6.31533
-6.49027
-6.66403
-6.83656
-7.0081
-7.17902
-7.34919
-7.51903
-7.68807
-7.85642
-8.02424
-8.19152
-8.35815
-8.5242
-8.68965
-8.85445
-9.0187
-9.18229
-9.34557
-9.50799
-9.6698
-9.83104
-9.99177
-10.152
-10.3117
-10.471
-10.6297
-10.7881
-10.9459
-11.1033
-11.2603
-11.4168
-11.573
-11.7288
-11.8841
-12.0389
-12.1932
-12.3473
-12.5009
-12.6541
-12.807
-12.9595
-13.1116
-13.2634
-13.4148
-13.5659
-13.7166
-13.8671
-14.0173
-14.1671
-14.3167
-14.466
-14.6151
-14.7639
-14.9123
-15.0606
-15.2086
-15.3564
-15.504
-15.6514
-15.7986
-15.9455
-16.0923
-16.2388
-16.3853
-16.5316
-16.6776
-16.8233
-16.969
-17.1147
-17.2607
-17.4064
-17.5534
-17.7001
-17.8524
-18.0019
-18.1774
-0.931415
-1.17954
-1.54623
-1.87971
-2.1814
-2.48468
-2.7841
-3.06633
-3.33069
-3.58111
-3.81885
-4.04452
-4.26042
-4.46813
-4.66944
-4.86606
-5.05895
-5.24889
-5.43621
-5.62109
-5.8037
-5.9841
-6.16224
-6.33873
-6.5137
-6.68745
-6.86001
-7.03157
-7.2025
-7.3727
-7.54251
-7.71155
-7.87992
-8.04774
-8.21502
-8.38165
-8.54771
-8.71315
-8.87795
-9.04225
-9.2059
-9.36901
-9.53147
-9.69327
-9.85454
-10.0153
-10.1755
-10.3352
-10.4944
-10.6532
-10.8115
-10.9693
-11.1267
-11.2838
-11.4402
-11.5964
-11.7521
-11.9073
-12.0621
-12.2164
-12.3704
-12.524
-12.6772
-12.83
-12.9825
-13.1346
-13.2864
-13.4378
-13.589
-13.7397
-13.8902
-14.0404
-14.1903
-14.3398
-14.4891
-14.6382
-14.787
-14.9355
-15.0837
-15.2317
-15.3796
-15.5271
-15.6745
-15.8217
-15.9686
-16.1154
-16.2619
-16.4084
-16.5547
-16.7007
-16.8464
-16.9922
-17.1379
-17.2838
-17.4294
-17.576
-17.7223
-17.8729
-18.02
-18.1846
-0.974395
-1.20661
-1.57056
-1.9065
-2.20729
-2.50976
-2.80904
-3.09129
-3.35573
-3.60624
-3.84407
-4.06991
-4.28589
-4.49373
-4.69516
-4.89184
-5.08479
-5.27475
-5.46207
-5.64697
-5.82957
-6.00993
-6.1881
-6.3646
-6.5396
-6.71335
-6.88593
-7.05751
-7.22846
-7.39869
-7.56846
-7.7375
-7.90589
-8.07371
-8.24098
-8.40762
-8.57367
-8.73911
-8.90391
-9.06822
-9.23186
-9.39493
-9.55742
-9.71924
-9.88051
-10.0412
-10.2015
-10.3612
-10.5204
-10.6792
-10.8375
-10.9953
-11.1527
-11.3098
-11.4662
-11.6224
-11.778
-11.9332
-12.088
-12.2423
-12.3963
-12.5498
-12.703
-12.8558
-13.0083
-13.1604
-13.3121
-13.4636
-13.6147
-13.7655
-13.9159
-14.0661
-14.2159
-14.3655
-14.5147
-14.6637
-14.8125
-14.961
-15.1093
-15.2573
-15.4051
-15.5526
-15.7
-15.8472
-15.9941
-16.1409
-16.2874
-16.4339
-16.5802
-16.7262
-16.872
-17.0177
-17.1634
-17.3092
-17.4548
-17.6011
-17.7468
-17.8953
-18.0395
-18.1925
-1.01158
-1.23581
-1.5984
-1.93577
-2.23604
-2.53807
-2.8373
-3.1195
-3.38399
-3.63459
-3.87247
-4.09839
-4.31441
-4.52231
-4.72381
-4.92053
-5.11353
-5.3035
-5.49083
-5.67577
-5.85836
-6.03868
-6.21686
-6.39338
-6.5684
-6.74214
-6.91472
-7.08631
-7.25729
-7.42755
-7.59726
-7.76631
-7.93471
-8.10254
-8.2698
-8.43645
-8.60249
-8.76793
-8.93273
-9.09706
-9.2607
-9.42376
-9.58624
-9.74807
-9.90934
-10.0701
-10.2303
-10.39
-10.5492
-10.708
-10.8663
-11.0242
-11.1815
-11.3386
-11.4951
-11.6512
-11.8068
-11.962
-12.1168
-12.2712
-12.4251
-12.5787
-12.7319
-12.8847
-13.0372
-13.1892
-13.341
-13.4925
-13.6435
-13.7943
-13.9447
-14.0949
-14.2447
-14.3943
-14.5435
-14.6925
-14.8413
-14.9898
-15.1379
-15.2859
-15.4337
-15.5813
-15.7286
-15.8758
-16.0227
-16.1694
-16.3159
-16.4624
-16.6087
-16.7547
-16.9004
-17.0461
-17.1918
-17.3375
-17.483
-17.6288
-17.7738
-17.9201
-18.0609
-18.2023
-1.03893
-1.2651
-1.62881
-1.96612
-2.26627
-2.56846
-2.86776
-3.14982
-3.41432
-3.66498
-3.90284
-4.12876
-4.34475
-4.55265
-4.75416
-4.95088
-5.14389
-5.33387
-5.52119
-5.70615
-5.88872
-6.06898
-6.24717
-6.42369
-6.59872
-6.77245
-6.94502
-7.1166
-7.28762
-7.45788
-7.62756
-7.79661
-7.96503
-8.13287
-8.30012
-8.46677
-8.63281
-8.79825
-8.96304
-9.12739
-9.29104
-9.45408
-9.61655
-9.77839
-9.93965
-10.1004
-10.2606
-10.4203
-10.5796
-10.7383
-10.8966
-11.0545
-11.2118
-11.3689
-11.5254
-11.6815
-11.8371
-11.9923
-12.1471
-12.3015
-12.4554
-12.609
-12.7622
-12.915
-13.0675
-13.2196
-13.3713
-13.5228
-13.6738
-13.8246
-13.975
-14.1252
-14.275
-14.4246
-14.5738
-14.7228
-14.8716
-15.02
-15.1682
-15.3162
-15.464
-15.6115
-15.7589
-15.9061
-16.053
-16.1997
-16.3463
-16.4928
-16.639
-16.785
-16.9308
-17.0765
-17.2221
-17.3677
-17.5131
-17.6585
-17.8027
-17.9467
-18.084
-18.2156
-1.05372
-1.29175
-1.65887
-1.99458
-2.29505
-2.598
-2.89748
-3.17932
-3.44379
-3.69448
-3.93225
-4.15807
-4.37399
-4.58179
-4.78326
-4.97994
-5.17293
-5.36289
-5.55019
-5.73518
-5.91772
-6.09793
-6.27609
-6.45262
-6.62766
-6.80137
-6.97393
-7.14549
-7.31657
-7.48683
-7.65647
-7.82551
-7.99395
-8.16179
-8.32904
-8.49569
-8.66172
-8.82716
-8.99192
-9.15633
-9.31996
-9.48298
-9.64544
-9.80728
-9.96855
-10.1293
-10.2895
-10.4492
-10.6085
-10.7672
-10.9255
-11.0834
-11.2407
-11.3978
-11.5543
-11.7104
-11.866
-12.0212
-12.176
-12.3304
-12.4843
-12.6379
-12.7911
-12.9439
-13.0963
-13.2485
-13.4002
-13.5517
-13.7028
-13.8535
-14.004
-14.1542
-14.304
-14.4536
-14.6028
-14.7518
-14.9006
-15.0491
-15.1974
-15.3454
-15.4932
-15.6407
-15.7881
-15.9352
-16.0822
-16.2289
-16.3756
-16.5221
-16.6684
-16.8144
-16.9603
-17.1059
-17.2516
-17.3971
-17.5423
-17.6873
-17.8309
-17.9729
-18.1072
-18.2312
-1.05744
-1.31532
-1.6869
-2.01993
-2.32111
-2.62517
-2.92489
-3.20646
-3.47088
-3.7216
-3.95923
-4.18489
-4.40069
-4.60834
-4.8097
-5.00632
-5.19928
-5.38922
-5.57648
-5.76152
-5.94401
-6.12416
-6.3023
-6.47882
-6.65385
-6.82753
-7.00007
-7.1716
-7.34273
-7.51298
-7.6826
-7.85163
-8.02008
-8.18792
-8.35517
-8.52182
-8.68785
-8.8533
-9.01805
-9.1825
-9.34612
-9.50912
-9.67157
-9.83341
-9.99468
-10.1554
-10.3156
-10.4753
-10.6346
-10.7933
-10.9516
-11.1094
-11.2669
-11.424
-11.5805
-11.7365
-11.8922
-12.0474
-12.2022
-12.3566
-12.5106
-12.6642
-12.8174
-12.9702
-13.1227
-13.2748
-13.4266
-13.5781
-13.7292
-13.8799
-14.0305
-14.1807
-14.3305
-14.4801
-14.6294
-14.7784
-14.9272
-15.0758
-15.224
-15.372
-15.5198
-15.6674
-15.8147
-15.9618
-16.1087
-16.2554
-16.402
-16.5484
-16.6946
-16.8406
-16.9865
-17.1323
-17.2779
-17.4235
-17.5686
-17.7132
-17.8561
-17.9968
-18.1289
-18.2475
-1.05236
-1.33665
-1.71287
-2.04258
-2.34481
-2.65016
-2.95016
-3.23138
-3.49573
-3.74645
-3.98392
-4.20938
-4.42506
-4.63254
-4.83376
-5.03028
-5.22318
-5.41311
-5.60031
-5.7854
-5.96786
-6.14794
-6.32605
-6.50257
-6.67759
-6.85124
-7.02376
-7.19524
-7.36643
-7.53665
-7.70626
-7.87528
-8.04374
-8.21156
-8.37882
-8.54544
-8.71148
-8.87685
-9.04166
-9.20613
-9.36973
-9.53274
-9.69519
-9.85704
-10.0183
-10.1791
-10.3393
-10.4991
-10.6583
-10.8171
-10.9754
-11.1332
-11.2907
-11.4479
-11.6044
-11.7605
-11.9162
-12.0715
-12.2263
-12.3807
-12.5347
-12.6883
-12.8416
-12.9944
-13.1468
-13.2989
-13.4506
-13.6021
-13.7532
-13.904
-14.0545
-14.2047
-14.3545
-14.5041
-14.6534
-14.8024
-14.9512
-15.0997
-15.248
-15.396
-15.5438
-15.6914
-15.8387
-15.9859
-16.1329
-16.2797
-16.4264
-16.573
-16.7193
-16.8653
-17.0109
-17.1566
-17.3022
-17.4477
-17.5926
-17.7372
-17.8799
-18.0188
-18.1491
-18.2637
-1.04103
-1.35611
-1.7365
-2.06281
-2.36635
-2.67305
-2.97346
-3.2543
-3.51858
-3.76927
-4.00654
-4.23172
-4.44722
-4.65451
-4.85559
-5.052
-5.2448
-5.4347
-5.62184
-5.80695
-5.98935
-6.16936
-6.34741
-6.52394
-6.69894
-6.8726
-7.04502
-7.21655
-7.38775
-7.55794
-7.72752
-7.89656
-8.06504
-8.23288
-8.40016
-8.5668
-8.73289
-8.89826
-9.06322
-9.22763
-9.39126
-9.55433
-9.71685
-9.87876
-10.0401
-10.2009
-10.3612
-10.521
-10.6803
-10.8391
-10.9974
-11.1551
-11.3126
-11.4697
-11.6262
-11.7823
-11.938
-12.0932
-12.2481
-12.4025
-12.5565
-12.71
-12.8633
-13.0161
-13.1685
-13.3206
-13.4723
-13.6238
-13.7749
-13.9256
-14.0761
-14.2263
-14.3761
-14.5257
-14.6749
-14.8239
-14.9727
-15.1212
-15.2694
-15.4174
-15.5651
-15.7127
-15.86
-16.007
-16.1539
-16.3006
-16.447
-16.5933
-16.7396
-16.8857
-17.0315
-17.1772
-17.3229
-17.4684
-17.6133
-17.7575
-17.8996
-18.0387
-18.1679
-18.2797
-1.02549
-1.37409
-1.75773
-2.08098
-2.3859
-2.69384
-2.99471
-3.27522
-3.53949
-3.79012
-4.02728
-4.2522
-4.46742
-4.67449
-4.87549
-5.07177
-5.26456
-5.45435
-5.64157
-5.82672
-6.00908
-6.18902
-6.36699
-6.54346
-6.7184
-6.89204
-7.06442
-7.23605
-7.40723
-7.57747
-7.74707
-7.91614
-8.08473
-8.25269
-8.42006
-8.58681
-8.75296
-8.91844
-9.0834
-9.24773
-9.41131
-9.57436
-9.73686
-9.89876
-10.0601
-10.2209
-10.3811
-10.5409
-10.7002
-10.859
-11.0173
-11.175
-11.3325
-11.4896
-11.6461
-11.8022
-11.9579
-12.1132
-12.268
-12.4224
-12.5764
-12.73
-12.8832
-13.036
-13.1885
-13.3406
-13.4924
-13.6438
-13.7949
-13.9457
-14.0962
-14.2464
-14.3963
-14.5459
-14.6951
-14.8442
-14.993
-15.1415
-15.2898
-15.4378
-15.5856
-15.7332
-15.8806
-16.0278
-16.1748
-16.3216
-16.4683
-16.6148
-16.7611
-16.9071
-17.0529
-17.1986
-17.3441
-17.4895
-17.6344
-17.7787
-17.9204
-18.0574
-18.1855
-18.2953
-1.00676
-1.39078
-1.77679
-2.09783
-2.40408
-2.71292
-3.01401
-3.29402
-3.55827
-3.80869
-4.04552
-4.27069
-4.48545
-4.69213
-4.89291
-5.08899
-5.28165
-5.47129
-5.65856
-5.84357
-6.02595
-6.20595
-6.38405
-6.5607
-6.7358
-6.90954
-7.0821
-7.25387
-7.4251
-7.59542
-7.76497
-7.93393
-8.10244
-8.27034
-8.43764
-8.60432
-8.77041
-8.93583
-9.10072
-9.26502
-9.42859
-9.59159
-9.75402
-9.91586
-10.0771
-10.2379
-10.3981
-10.5579
-10.7171
-10.8758
-11.0341
-11.1918
-11.3493
-11.5063
-11.6628
-11.8188
-11.9745
-12.1297
-12.2844
-12.4388
-12.5928
-12.7463
-12.8995
-13.0522
-13.2046
-13.3567
-13.5084
-13.6598
-13.8108
-13.9616
-14.112
-14.2621
-14.4119
-14.5614
-14.7106
-14.8596
-15.0083
-15.1568
-15.3049
-15.4529
-15.6006
-15.7481
-15.8954
-16.0425
-16.1893
-16.336
-16.4825
-16.6288
-16.775
-16.9211
-17.0668
-17.2125
-17.3581
-17.5036
-17.6484
-17.7926
-17.9346
-18.0727
-18.2007
-18.3098
-0.985899
-1.40511
-1.79238
-2.11278
-2.42095
-2.7314
-3.03283
-3.31236
-3.57663
-3.82692
-4.06349
-4.28893
-4.50336
-4.7099
-4.91069
-5.10689
-5.29974
-5.48973
-5.67731
-5.86257
-6.04514
-6.2252
-6.40338
-6.58002
-6.75505
-6.92856
-7.10091
-7.27257
-7.44373
-7.61402
-7.78359
-7.95258
-8.12111
-8.28902
-8.45635
-8.62305
-8.78917
-8.95463
-9.11954
-9.28386
-9.44745
-9.61046
-9.77286
-9.93471
-10.096
-10.2568
-10.417
-10.5768
-10.7361
-10.8948
-11.0531
-11.2109
-11.3684
-11.5254
-11.682
-11.8381
-11.9937
-12.149
-12.3038
-12.4582
-12.6122
-12.7658
-12.919
-13.0718
-13.2242
-13.3763
-13.5281
-13.6796
-13.8307
-13.9814
-14.1319
-14.2821
-14.432
-14.5815
-14.7308
-14.8798
-15.0286
-15.1771
-15.3253
-15.4734
-15.6211
-15.7687
-15.916
-16.0632
-16.2101
-16.3569
-16.5035
-16.65
-16.7963
-16.9423
-17.0881
-17.2338
-17.3793
-17.5248
-17.6695
-17.8136
-17.955
-18.0917
-18.2183
-18.3258
-0.971296
-1.41969
-1.80462
-2.12233
-2.43131
-2.74354
-3.04548
-3.32447
-3.58892
-3.83919
-4.07566
-4.30071
-4.51496
-4.72139
-4.92207
-5.11816
-5.31089
-5.50075
-5.68821
-5.8733
-6.05556
-6.23521
-6.41319
-6.58962
-6.76452
-6.93791
-7.11007
-7.28162
-7.45269
-7.62291
-7.79239
-7.9613
-8.12974
-8.29757
-8.46482
-8.63145
-8.79749
-8.96288
-9.12773
-9.29198
-9.45552
-9.61847
-9.78083
-9.94263
-10.1039
-10.2646
-10.4248
-10.5845
-10.7437
-10.9025
-11.0607
-11.2184
-11.3759
-11.5329
-11.6894
-11.8454
-12.001
-12.1562
-12.311
-12.4654
-12.6193
-12.7729
-12.926
-13.0788
-13.2312
-13.3832
-13.535
-13.6864
-13.8374
-13.9882
-14.1386
-14.2888
-14.4385
-14.5881
-14.7373
-14.8863
-15.035
-15.1835
-15.3317
-15.4797
-15.6274
-15.7749
-15.9222
-16.0693
-16.2162
-16.363
-16.5095
-16.6559
-16.8021
-16.9481
-17.0939
-17.2396
-17.3851
-17.5306
-17.6754
-17.8195
-17.9612
-18.0987
-18.2256
-18.3337
-0.940822
-1.43452
-1.82823
-2.14648
-2.45566
-2.7684
-3.0711
-3.34912
-3.61389
-3.86428
-4.10064
-4.32549
-4.53954
-4.74568
-4.94609
-5.14195
-5.3345
-5.52421
-5.71157
-5.89659
-6.07888
-6.25859
-6.43654
-6.61295
-6.7878
-6.96117
-7.13333
-7.30484
-7.47587
-7.64605
-7.81551
-7.9844
-8.15283
-8.32066
-8.4879
-8.65453
-8.82057
-8.98596
-9.15081
-9.31507
-9.47861
-9.64156
-9.80393
-9.96573
-10.127
-10.2877
-10.4479
-10.6076
-10.7669
-10.9256
-11.0838
-11.2416
-11.399
-11.556
-11.7125
-11.8686
-12.0242
-12.1794
-12.3342
-12.4886
-12.6425
-12.7961
-12.9493
-13.102
-13.2544
-13.4065
-13.5582
-13.7096
-13.8607
-14.0114
-14.1619
-14.3121
-14.4619
-14.6114
-14.7606
-14.9096
-15.0584
-15.2068
-15.3551
-15.503
-15.6508
-15.7983
-15.9456
-16.0927
-16.2397
-16.3864
-16.533
-16.6794
-16.8256
-16.9716
-17.1174
-17.2631
-17.4086
-17.554
-17.6988
-17.8429
-17.9845
-18.1216
-18.2483
-18.3559
-18.1253
-18.39
-19.1264
-19.251
-18.7095
-17.6266
-16.1672
-14.464
-12.7035
-10.9812
-9.38758
-7.95071
-6.6867
-5.59017
-4.64763
-3.83912
-3.14724
-2.55214
-2.03839
-1.59395
-1.20727
-0.868505
-0.570963
-0.308536
-0.0758577
0.131805
0.31716
0.482658
0.631015
0.76455
0.885688
0.994805
1.09182
1.17842
1.25571
1.3245
1.38549
1.43934
1.4865
1.52771
1.56319
1.59336
1.6188
1.63987
1.65658
1.66937
1.67839
1.68374
1.68552
1.68378
1.67863
1.67001
1.65812
1.64338
1.6258
1.60549
1.58281
1.55809
1.53171
1.50402
1.47522
1.44571
1.41575
1.38559
1.35534
1.32513
1.29496
1.26484
1.23459
1.20433
1.17383
1.143
1.11169
1.07986
1.04747
1.01451
0.981252
0.947745
0.914028
0.880079
0.845099
0.808554
0.770684
0.73168
0.693504
0.656305
0.619107
0.581606
0.542711
0.503584
0.464712
0.425873
0.385223
0.344743
0.299195
0.254653
0.205151
0.153551
0.0898314
0.0464919
-18.1664
-18.3159
-19.02
-19.1614
-18.632
-17.5694
-16.1322
-14.4486
-12.7038
-10.9929
-9.4077
-7.97551
-6.71399
-5.61847
-4.67573
-3.86631
-3.1729
-2.57606
-2.06056
-1.61442
-1.22624
-0.886216
-0.587561
-0.32404
-0.0904869
0.117806
0.303622
0.46957
0.618096
0.751663
0.872029
0.980967
1.07809
1.16476
1.24213
1.311
1.37207
1.42603
1.47329
1.51454
1.55012
1.58036
1.60585
1.62693
1.64363
1.65639
1.66536
1.67062
1.6723
1.67043
1.66513
1.65635
1.64432
1.62943
1.61171
1.59128
1.56852
1.54372
1.5173
1.48959
1.4608
1.43133
1.40145
1.37139
1.34129
1.31123
1.2812
1.25123
1.22109
1.19096
1.16055
1.12979
1.09854
1.06681
1.03456
1.00171
0.968586
0.935217
0.901693
0.868012
0.833325
0.797041
0.759426
0.720568
0.682056
0.644739
0.607171
0.569366
0.530293
0.490823
0.45157
0.412622
0.371999
0.331637
0.286478
0.242672
0.194624
0.144592
0.0841488
0.0433865
-18.1615
-18.3235
-18.9452
-19.0699
-18.5451
-17.5001
-16.0854
-14.4238
-12.6984
-11.0032
-9.42848
-8.00331
-6.74611
-5.65215
-4.70903
-3.89835
-3.20302
-2.60413
-2.08667
-1.63863
-1.24876
-0.907224
-0.607213
-0.34242
-0.107779
0.101401
0.287918
0.454654
0.603697
0.737839
0.85761
0.965672
1.06277
1.14956
1.22705
1.29604
1.35723
1.41131
1.45869
1.49998
1.53566
1.56599
1.59162
1.61268
1.62938
1.64211
1.65102
1.65618
1.65772
1.65569
1.65023
1.64127
1.62905
1.61398
1.59611
1.57554
1.55267
1.52777
1.50128
1.47354
1.44478
1.41538
1.3856
1.35568
1.32573
1.29585
1.26599
1.23617
1.20617
1.17618
1.14587
1.11518
1.08399
1.05237
1.02028
0.98756
0.954567
0.921354
0.888032
0.854656
0.820313
0.784304
0.746971
0.70834
0.669415
0.631957
0.593989
0.555812
0.516451
0.476774
0.437033
0.397946
0.357374
0.317113
0.272459
0.229412
0.183037
0.134743
0.078058
0.0398016
-18.1872
-18.3435
-18.8831
-18.9863
-18.4564
-17.4246
-16.0304
-14.3941
-12.6896
-11.0125
-9.45033
-8.03416
-6.78257
-5.69068
-4.74725
-3.9352
-3.23785
-2.63701
-2.11761
-1.66732
-1.27535
-0.931903
-0.630191
-0.363901
-0.127949
0.0823431
0.269757
0.437375
0.587059
0.721877
0.841502
0.948577
1.04567
1.13265
1.2103
1.27944
1.34078
1.395
1.44253
1.48395
1.51974
1.55015
1.57593
1.59697
1.61373
1.62646
1.63525
1.64029
1.64168
1.63946
1.63378
1.62461
1.61217
1.5969
1.57882
1.55808
1.53505
1.51007
1.48351
1.45574
1.42703
1.39771
1.36804
1.33828
1.3085
1.27884
1.24915
1.21952
1.18968
1.15982
1.12963
1.09902
1.06792
1.03642
1.00446
0.9719
0.939054
0.906058
0.872954
0.8398
0.805893
0.770219
0.733194
0.6948
0.655545
0.6178
0.579415
0.540794
0.501037
0.461219
0.421015
0.381693
0.341195
0.301025
0.257002
0.214748
0.17025
0.123967
0.0714516
0.035752
-18.207
-18.3544
-18.8207
-18.901
-18.3694
-17.349
-15.9727
-14.3633
-12.6812
-11.0242
-9.47636
-8.07033
-6.82448
-5.73504
-4.79166
-3.97829
-3.27879
-2.67568
-2.15394
-1.70095
-1.30642
-0.960709
-0.656996
-0.388989
-0.151553
0.0599713
0.248384
0.416832
0.567171
0.702477
0.822384
0.929214
1.02654
1.11378
1.19165
1.261
1.32254
1.37695
1.42467
1.46626
1.50219
1.53274
1.55859
1.57967
1.5965
1.60921
1.61789
1.62282
1.62406
1.62161
1.61566
1.60621
1.59351
1.57798
1.55966
1.5387
1.5155
1.49043
1.4638
1.43602
1.40737
1.37814
1.34858
1.31899
1.28942
1.26
1.23051
1.20108
1.17142
1.14173
1.11167
1.08117
1.05017
1.01879
0.986961
0.954571
0.921898
0.889196
0.856383
0.823377
0.789756
0.754608
0.717944
0.679804
0.640368
0.602103
0.563281
0.524143
0.483907
0.443888
0.403431
0.363708
0.323285
0.283224
0.239943
0.198564
0.156063
0.112178
0.0642535
0.0312051
-18.2248
-18.3625
-18.7548
-18.8068
-18.2754
-17.2673
-15.9136
-14.3339
-12.6759
-11.0407
-9.50861
-8.11408
-6.87454
-5.78802
-4.84482
-4.02988
-3.32766
-2.72129
-2.19632
-1.74018
-1.34272
-0.994476
-0.6885
-0.418537
-0.179419
0.0334942
0.223066
0.392409
0.54356
0.679343
0.799999
0.907392
1.00509
1.09266
1.17083
1.24046
1.30226
1.35692
1.40489
1.44671
1.48283
1.51356
1.5395
1.56066
1.57751
1.59018
1.59879
1.6036
1.60465
1.60195
1.59567
1.58588
1.57284
1.55701
1.53842
1.51723
1.49383
1.46868
1.44198
1.41417
1.38554
1.35642
1.327
1.29762
1.26829
1.23911
1.20986
1.18067
1.15121
1.12171
1.09182
1.06144
1.03057
0.999324
0.967623
0.935385
0.902915
0.870531
0.838075
0.805315
0.771824
0.737297
0.70106
0.663196
0.623737
0.584712
0.545398
0.505669
0.464893
0.424567
0.384063
0.343886
0.303463
0.263544
0.221103
0.180789
0.140198
0.0992052
0.0564107
0.0260898
-18.2411
-18.3668
-18.6848
-18.7032
-18.1718
-17.1768
-15.8476
-14.3002
-12.6709
-11.0609
-9.54706
-8.16603
-6.93397
-5.85051
-4.90741
-4.09053
-3.38495
-2.77459
-2.24561
-1.78575
-1.38486
-1.03365
-0.725024
-0.452772
-0.211671
0.00284362
0.193828
0.364292
0.516517
0.653004
0.774597
0.882839
0.980997
1.06898
1.14755
1.21755
1.27969
1.33467
1.38296
1.42507
1.46144
1.49239
1.51846
1.53973
1.5566
1.56924
1.57777
1.58241
1.58322
1.58023
1.5736
1.56339
1.54996
1.53376
1.51496
1.49351
1.46986
1.44451
1.41771
1.38991
1.3613
1.3323
1.30309
1.27395
1.24489
1.21595
1.18698
1.15806
1.12886
1.09957
1.06986
1.03963
1.00893
0.977828
0.946245
0.91416
0.88191
0.849806
0.817713
0.785296
0.752175
0.718192
0.68237
0.644801
0.605391
0.565503
0.525595
0.485178
0.443822
0.403079
0.362539
0.322177
0.281566
0.241777
0.200317
0.161305
0.122395
0.0848157
0.0478139
0.020289
-18.2559
-18.3665
-18.6117
-18.5921
-18.0603
-17.0797
-15.776
-14.2617
-12.6634
-11.0802
-9.58689
-8.22111
-6.99817
-5.91713
-4.97415
-4.15582
-3.44734
-2.83335
-2.30039
-1.83664
-1.432
-1.07742
-0.765723
-0.490857
-0.247483
-0.0314656
0.16099
0.332729
0.486168
0.623541
0.746095
0.855288
0.954015
1.04253
1.12161
1.19206
1.2546
1.30997
1.35864
1.40109
1.43777
1.46899
1.49525
1.51666
1.53357
1.54618
1.55462
1.55905
1.55956
1.55633
1.5493
1.53864
1.52475
1.50807
1.48885
1.4671
1.44324
1.41766
1.39076
1.36296
1.33445
1.30559
1.27662
1.24773
1.21895
1.1903
1.16166
1.13304
1.10414
1.07509
1.0456
1.01555
0.985043
0.954074
0.922585
0.890726
0.858693
0.826832
0.795096
0.763152
0.730581
0.697059
0.661662
0.624442
0.584976
0.544339
0.50371
0.462479
0.420524
0.379272
0.338592
0.298422
0.257411
0.217701
0.177381
0.13968
0.102589
0.068785
0.0382492
0.0136474
-18.2698
-18.3629
-18.537
-18.4751
-17.9418
-16.9768
-15.6999
-14.2173
-12.65
-11.094
-9.62269
-8.27377
-7.06129
-5.98576
-5.04465
-4.22542
-3.51411
-2.89642
-2.35945
-1.89184
-1.48356
-1.12573
-0.811058
-0.533586
-0.287889
-0.0699689
0.124216
0.297485
0.452298
0.590775
0.714388
0.824639
0.924071
1.01322
1.09286
1.1638
1.22679
1.28261
1.33173
1.3746
1.41166
1.44322
1.46972
1.49132
1.50832
1.52091
1.52922
1.53342
1.53355
1.52983
1.52222
1.51105
1.49672
1.47961
1.45987
1.43775
1.41365
1.3879
1.36093
1.33315
1.30473
1.27604
1.24732
1.2187
1.19025
1.16192
1.13365
1.10537
1.07681
1.04805
1.0188
0.988953
0.958657
0.927747
0.896477
0.86489
0.833061
0.801459
0.770112
0.738693
0.706691
0.673664
0.638724
0.60192
0.562176
0.521016
0.479555
0.437387
0.394801
0.353068
0.31247
0.271979
0.230636
0.191019
0.152014
0.115407
0.08076
0.0508548
0.0274124
0.00592643
-18.2829
-18.3566
-18.4625
-18.3544
-17.8169
-16.8678
-15.6179
-14.1704
-12.6376
-11.1112
-9.66277
-8.33085
-7.1285
-6.05993
-5.12076
-4.30011
-3.58552
-2.96373
-2.42242
-1.95068
-1.53856
-1.17731
-0.859603
-0.579506
-0.331584
-0.111441
0.084426
0.259024
0.414984
0.554476
0.679073
0.79033
0.890475
0.980252
1.06048
1.13197
1.19549
1.25187
1.30156
1.34496
1.38248
1.41446
1.44126
1.46308
1.48022
1.49284
1.50104
1.50499
1.50475
1.50038
1.49215
1.4804
1.46555
1.44795
1.42778
1.40531
1.38092
1.35499
1.32792
1.30017
1.27189
1.24337
1.21494
1.18665
1.15857
1.13059
1.10274
1.07488
1.04665
1.01822
0.989276
0.959545
0.92941
0.898695
0.867768
0.83642
0.804806
0.773504
0.742581
0.711713
0.680304
0.647819
0.613358
0.57694
0.536918
0.495247
0.452892
0.409662
0.366473
0.324778
0.283721
0.242263
0.200929
0.161454
0.12382
0.0882391
0.0566454
0.0305948
0.0148833
-0.0032747
-18.2952
-18.3499
-18.3972
-18.2452
-17.7022
-16.7683
-15.5435
-14.1309
-12.6316
-11.1332
-9.70619
-8.38982
-7.19687
-6.13278
-5.19425
-4.37199
-3.65439
-3.02896
-2.48381
-2.00839
-1.59283
-1.22844
-0.907951
-0.625387
-0.375384
-0.153343
0.0441508
0.220056
0.377064
0.517445
0.642853
0.754914
0.855626
0.945847
1.02652
1.09843
1.16239
1.21933
1.26961
1.31356
1.35159
1.38401
1.41115
1.43323
1.45049
1.46311
1.47121
1.4749
1.47427
1.46937
1.46054
1.44819
1.43277
1.41463
1.39401
1.37115
1.34647
1.32038
1.29327
1.26558
1.23746
1.20918
1.18109
1.15315
1.12549
1.09791
1.07048
1.04307
1.0152
0.986948
0.958273
0.928776
0.898796
0.868446
0.837808
0.806702
0.77534
0.744373
0.713899
0.683595
0.652791
0.620849
0.586917
0.550642
0.510574
0.468209
0.424938
0.380613
0.337503
0.295332
0.252994
0.210905
0.169653
0.130391
0.093899
0.0595623
0.0311496
0.00856415
0.000867174
-0.0140707
-18.3076
-18.3463
-18.3497
-18.1619
-17.6135
-16.6926
-15.4888
-14.1023
-12.6286
-11.1522
-9.74281
-8.43956
-7.25482
-6.19487
-5.25763
-4.43464
-3.71487
-3.08653
-2.53824
-2.0598
-1.64144
-1.27447
-0.95175
-0.667257
-0.415643
-0.192181
0.00667612
0.183706
0.341621
0.482767
0.60887
0.72157
0.822907
0.913856
0.995181
1.0675
1.1318
1.18913
1.23984
1.28421
1.32261
1.35536
1.38274
1.40497
1.42229
1.43485
1.44278
1.4462
1.44515
1.43973
1.43031
1.41736
1.40139
1.38276
1.36172
1.33854
1.31365
1.28748
1.26039
1.23282
1.20492
1.17692
1.14918
1.12163
1.09439
1.0672
1.04018
1.01292
0.985504
0.957451
0.928965
0.899786
0.870039
0.839939
0.809558
0.778726
0.747646
0.717023
0.686999
0.65724
0.627008
0.595547
0.56213
0.525812
0.48564
0.442469
0.398286
0.353441
0.310428
0.266655
0.223464
0.180948
0.139743
0.100717
0.0651928
0.032221
0.00658327
-0.0133068
-0.0134883
-0.0258272
-18.3201
-18.3467
-18.3188
-18.1043
-17.551
-16.6395
-15.4511
-14.0835
-12.6292
-11.17
-9.77446
-8.48137
-7.30304
-6.24637
-5.31016
-4.48661
-3.76517
-3.13456
-2.58382
-2.10306
-1.68253
-1.31358
-0.989107
-0.703125
-0.450209
-0.225671
-0.0259257
0.151819
0.310337
0.451966
0.578508
0.691598
0.79336
0.88489
0.966737
1.03959
1.10442
1.16217
1.21324
1.25794
1.29663
1.32959
1.35713
1.37944
1.39674
1.40919
1.41693
1.42006
1.41863
1.41271
1.40274
1.38926
1.37282
1.35378
1.33242
1.30902
1.28404
1.25788
1.23088
1.20351
1.17585
1.14814
1.12076
1.09361
1.06677
1.03983
1.01303
0.98602
0.958978
0.931248
0.902957
0.873955
0.844372
0.814492
0.784395
0.75384
0.723047
0.692767
0.663181
0.633933
0.604227
0.573199
0.540095
0.503619
0.463074
0.419029
0.374135
0.329552
0.285262
0.240176
0.196532
0.15363
0.112611
0.0738509
0.039161
0.00746704
-0.015932
-0.033888
-0.0275192
-0.0379482
-18.3331
-18.3507
-18.3008
-18.0667
-17.5095
-16.6048
-15.4277
-14.0742
-12.6343
-11.1881
-9.80284
-8.51721
-7.34372
-6.28949
-5.35401
-4.52992
-3.80718
-3.1748
-2.62217
-2.13966
-1.7175
-1.34706
-1.02128
-0.734186
-0.480287
-0.254893
-0.0544284
0.123904
0.282958
0.425024
0.551928
0.665364
0.767405
0.85911
0.941137
1.01442
1.07978
1.13789
1.18927
1.23422
1.27312
1.30624
1.33387
1.35621
1.37344
1.38575
1.39328
1.39613
1.39432
1.38796
1.37751
1.36357
1.34674
1.32738
1.30581
1.28233
1.25733
1.23125
1.20443
1.17737
1.14998
1.12253
1.09555
1.06879
1.04203
1.01544
0.988864
0.962306
0.935519
0.907992
0.879842
0.85098
0.82155
0.791888
0.762077
0.731794
0.701283
0.671341
0.642179
0.613394
0.584145
0.5535
0.520476
0.483608
0.442393
0.397486
0.352857
0.307391
0.26163
0.215819
0.171858
0.128763
0.0879646
0.0496389
0.0156145
-0.0149932
-0.0365734
-0.0533303
-0.0412355
-0.0503036
-18.3465
-18.3576
-18.2923
-18.0443
-17.4841
-16.5846
-15.416
-14.0727
-12.6435
-11.2069
-9.82931
-8.549
-7.37895
-6.3264
-5.3913
-4.56668
-3.84284
-3.20903
-2.65492
-2.17106
-1.74767
-1.37608
-1.04931
-0.761409
-0.506805
-0.280782
-0.0797622
0.0990474
0.258647
0.401283
0.528589
0.64236
0.744692
0.836549
0.918688
0.992161
1.05772
1.11605
1.16765
1.21279
1.25183
1.28505
1.31272
1.33502
1.35215
1.36429
1.3716
1.37415
1.37199
1.36523
1.35437
1.34007
1.32294
1.30338
1.28174
1.25825
1.23332
1.20735
1.18069
1.15396
1.12703
1.09987
1.07327
1.04659
1.02003
0.993901
0.967692
0.941402
0.914784
0.887421
0.859394
0.830657
0.801368
0.771912
0.742381
0.712357
0.682113
0.652491
0.62371
0.59529
0.566341
0.535831
0.502784
0.465241
0.423163
0.378317
0.333247
0.286232
0.239735
0.193452
0.149271
0.106232
0.0656764
0.0278346
-0.00565407
-0.0354223
-0.0555151
-0.0717817
-0.054653
-0.0627163
-18.3602
-18.3667
-18.291
-18.0334
-17.4715
-16.576
-15.4137
-14.0779
-12.6562
-11.2266
-9.85455
-8.57789
-7.41005
-6.35848
-5.42346
-4.59828
-3.8735
-3.23851
-2.6832
-2.19827
-1.7739
-1.40132
-1.07363
-0.784996
-0.529822
-0.303361
-0.102085
0.0768195
0.236507
0.379441
0.507135
0.621093
0.723343
0.815369
0.898059
0.972017
1.03788
1.09647
1.14826
1.19353
1.23264
1.26589
1.29352
1.31573
1.33269
1.34462
1.35168
1.35394
1.35147
1.34437
1.3332
1.31865
1.30136
1.28176
1.26016
1.23678
1.21201
1.18623
1.15965
1.13253
1.10588
1.07996
1.05345
1.02697
1.00088
0.975073
0.949125
0.923031
0.896557
0.869331
0.841408
0.812774
0.783603
0.754334
0.72507
0.695293
0.6653
0.635975
0.607542
0.579413
0.550589
0.519593
0.486329
0.448075
0.405802
0.3607
0.314443
0.266525
0.219689
0.173104
0.128866
0.0860772
0.0457348
0.00831964
-0.0247495
-0.0539567
-0.0728715
-0.0891552
-0.0678294
-0.0750484
-18.3736
-18.3774
-18.295
-18.0313
-17.4685
-16.5762
-15.4185
-14.088
-12.6716
-11.2468
-9.87869
-8.60447
-7.43799
-6.38691
-5.45174
-4.62595
-3.90031
-3.26428
-2.70791
-2.22206
-1.79682
-1.42334
-1.09467
-0.805157
-0.549064
-0.321649
-0.119322
0.0602626
0.220626
0.363597
0.491062
0.605383
0.708273
0.800685
0.883051
0.956109
1.02145
1.07971
1.13127
1.17636
1.21533
1.24844
1.27592
1.29793
1.31467
1.32635
1.33313
1.33512
1.33237
1.32503
1.31366
1.29899
1.2817
1.26221
1.24078
1.21769
1.19333
1.16817
1.14258
1.11717
1.08961
1.06292
1.03625
1.01007
0.984171
0.9585
0.932711
0.906749
0.880373
0.853235
0.825383
0.796821
0.767737
0.738622
0.709593
0.680044
0.650301
0.621289
0.593267
0.565669
0.537767
0.505867
0.470993
0.432355
0.389805
0.343639
0.296668
0.24831
0.201341
0.154795
0.110706
0.0683697
0.0283304
-0.00861659
-0.0413758
-0.0703351
-0.0885541
-0.10525
-0.0808575
-0.0875097
-18.3885
-18.3901
-18.3032
-18.0356
-17.4727
-16.5827
-15.4281
-14.1012
-12.6883
-11.2667
-9.90108
-8.62831
-7.46257
-6.41167
-5.47621
-4.64986
-3.92353
-3.28676
-2.72969
-2.24336
-1.81776
-1.44411
-1.11538
-0.825985
-0.570282
-0.343062
-0.141146
0.0386599
0.199147
0.342427
0.470192
0.584468
0.686974
0.779162
0.861763
0.935975
1.00204
1.06092
1.11302
1.15849
1.19773
1.23099
1.25851
1.28048
1.2971
1.30862
1.31522
1.31699
1.31404
1.3065
1.29495
1.28017
1.2628
1.24322
1.22169
1.19843
1.17379
1.14811
1.12172
1.09487
1.06962
1.04365
1.01792
0.992235
0.966751
0.941428
0.915941
0.890209
0.86401
0.837011
0.809266
0.780791
0.751788
0.722747
0.69375
0.664062
0.634168
0.604925
0.576519
0.547899
0.518812
0.488066
0.453846
0.415431
0.372312
0.325635
0.278424
0.229714
0.182557
0.136012
0.0917977
0.0495208
0.00947271
-0.0273244
-0.0597508
-0.0884945
-0.105723
-0.122496
-0.0954622
-0.101258
-18.3967
-18.3982
-18.31
-18.0416
-17.4797
-16.592
-15.4399
-14.1155
-12.7047
-11.2849
-9.92047
-8.64794
-7.48198
-6.43043
-5.49399
-4.66646
-3.93886
-3.30075
-2.74241
-2.25496
-1.8283
-1.45351
-1.12391
-0.833698
-0.577133
-0.349601
-0.147113
0.0328293
0.193278
0.336589
0.464366
0.578747
0.681543
0.773838
0.856448
0.929881
0.99548
1.0538
1.10539
1.1504
1.1892
1.22206
1.2492
1.27082
1.28713
1.29839
1.30478
1.30642
1.30341
1.2959
1.2845
1.26998
1.25293
1.23375
1.21269
1.18998
1.16596
1.1412
1.11585
1.08991
1.06351
1.03732
1.01134
0.985589
0.960032
0.934654
0.909123
0.883349
0.857099
0.830074
0.802307
0.773818
0.744818
0.71588
0.687144
0.657867
0.628141
0.599167
0.570905
0.543059
0.513483
0.481375
0.44638
0.406934
0.363336
0.316365
0.269087
0.220446
0.17353
0.127362
0.0834547
0.0415384
0.00172113
-0.0348961
-0.0672914
-0.0961305
-0.113502
-0.130668
-0.103469
-0.10619
-18.4188
-18.4199
-18.331
-18.0627
-17.5022
-16.6164
-15.4662
-14.1432
-12.7334
-11.3144
-9.9502
-8.67722
-7.51067
-6.45835
-5.52107
-4.69272
-3.96437
-3.32563
-2.76676
-2.27899
-1.85207
-1.47722
-1.14735
-0.85714
-0.600661
-0.37304
-0.170585
0.00940641
0.169918
0.313247
0.441039
0.555391
0.658072
0.750292
0.832815
0.906514
0.972152
1.03059
1.08225
1.12728
1.16607
1.19888
1.22594
1.24747
1.2637
1.27489
1.28123
1.28282
1.2798
1.27232
1.26098
1.24653
1.22956
1.21045
1.18944
1.16677
1.14276
1.11772
1.0923
1.06616
1.04018
1.01424
0.988469
0.962854
0.93742
0.912178
0.886777
0.861115
0.834966
0.808031
0.780332
0.751883
0.7229
0.693928
0.665071
0.635568
0.605701
0.576519
0.547907
0.519432
0.489877
0.458044
0.422961
0.383544
0.339934
0.29288
0.245626
0.197095
0.150176
0.104093
0.0601378
0.0182529
-0.0215641
-0.0581778
-0.0904613
-0.119305
-0.136426
-0.15362
-0.12591
-0.134908
-18.3669
-18.356
-18.3909
-18.3769
-18.3574
-18.3322
-18.3025
-18.2711
-18.2409
-18.2136
-18.1896
-18.1696
-18.1541
-18.1456
-18.1453
-18.137
-18.8562
-18.8315
-18.834
-18.8446
-18.8361
-18.8123
-18.7823
-18.7506
-18.7196
-18.691
-18.6663
-18.6462
-18.6307
-18.6192
-18.6115
-18.5964
-19.3062
-19.3738
-19.462
-19.4953
-19.4947
-19.4751
-19.446
-19.4146
-19.3848
-19.3584
-19.3364
-19.3196
-19.3085
-19.3025
-19.2972
-19.2853
-19.3761
-19.468
-19.5182
-19.5434
-19.5506
-19.5385
-19.5134
-19.484
-19.4559
-19.4314
-19.4115
-19.3964
-19.386
-19.3799
-19.3751
-19.3623
-18.8078
-18.869
-18.9048
-18.9334
-18.9437
-18.9358
-18.9161
-18.89
-18.8634
-18.8375
-18.8134
-18.7917
-18.7731
-18.7582
-18.7473
-18.7285
-17.6938
-17.7395
-17.7749
-17.802
-17.8129
-17.8078
-17.79
-17.7648
-17.7373
-17.7093
-17.6818
-17.6552
-17.63
-17.6075
-17.5892
-17.5648
-16.206
-16.2367
-16.263
-16.2827
-16.2913
-16.2872
-16.2706
-16.246
-16.218
-16.1877
-16.1556
-16.1218
-16.0869
-16.0528
-16.0224
-15.9919
-14.4792
-14.4958
-14.5109
-14.5218
-14.5259
-14.5202
-14.503
-14.478
-14.4489
-14.4164
-14.3806
-14.3415
-14.2998
-14.2579
-14.22
-14.1855
-12.7007
-12.7012
-12.7039
-12.7062
-12.706
-12.6981
-12.6795
-12.6536
-12.6234
-12.5893
-12.5509
-12.5082
-12.4618
-12.4144
-12.3714
-12.3338
-10.965
-10.9509
-10.9422
-10.9368
-10.9316
-10.9201
-10.899
-10.8718
-10.8407
-10.8055
-10.7658
-10.7213
-10.6726
-10.6227
-10.5774
-10.5384
-9.36054
-9.33483
-9.3174
-9.306
-9.29657
-9.28155
-9.25822
-9.22989
-9.19817
-9.16252
-9.12228
-9.07724
-9.0281
-8.97766
-8.93182
-8.89256
-7.91743
-7.88365
-7.8596
-7.84329
-7.82978
-7.8111
-7.78546
-7.75614
-7.724
-7.68828
-7.64831
-7.60387
-7.55565
-7.5064
-7.46168
-7.42316
-6.65037
-6.61258
-6.58514
-6.56595
-6.54905
-6.52707
-6.49972
-6.46995
-6.43785
-6.40253
-6.36338
-6.32024
-6.27379
-6.22663
-6.18385
-6.14658
-5.55244
-5.51293
-5.48395
-5.46256
-5.44151
-5.41585
-5.38723
-5.35735
-5.32556
-5.29095
-5.25301
-5.21163
-5.16749
-5.12298
-5.08267
-5.047
-4.60992
-4.57055
-4.54156
-4.51876
-4.49458
-4.46666
-4.43757
-4.4078
-4.37642
-4.34265
-4.30606
-4.26658
-4.22491
-4.18329
-4.14575
-4.11201
-3.80245
-3.76401
-3.73527
-3.71152
-3.68587
-3.65726
-3.6282
-3.5987
-3.56788
-3.53507
-3.49993
-3.46245
-3.42333
-3.38469
-3.35004
-3.31827
-3.11246
-3.07581
-3.04755
-3.02197
-2.99442
-2.9657
-2.93723
-2.90845
-2.87854
-2.84696
-2.81346
-2.77808
-2.74149
-2.70569
-2.67373
-2.64374
-2.51964
-2.48531
-2.45769
-2.43036
-2.40134
-2.37276
-2.34482
-2.31668
-2.28762
-2.25723
-2.2253
-2.19188
-2.15764
-2.12444
-2.09493
-2.06648
-2.00819
-1.97574
-1.94869
-1.92126
-1.89247
-1.86437
-1.83691
-1.80934
-1.78107
-1.75176
-1.72126
-1.68963
-1.65751
-1.62666
-1.59938
-1.57232
-1.56607
-1.5351
-1.50747
-1.47937
-1.45107
-1.42376
-1.39703
-1.37022
-1.34286
-1.31469
-1.2856
-1.25567
-1.22552
-1.19679
-1.17153
-1.14569
-1.18154
-1.15201
-1.12366
-1.09478
-1.06696
-1.04035
-1.0143
-0.988222
-0.961753
-0.934672
-0.90689
-0.878505
-0.850098
-0.823222
-0.799734
-0.774911
-0.844417
-0.815812
-0.787677
-0.759178
-0.731941
-0.70586
-0.680322
-0.654848
-0.62913
-0.602986
-0.576347
-0.549313
-0.522427
-0.497161
-0.47523
-0.451275
-0.548224
-0.519979
-0.491973
-0.464047
-0.437423
-0.411864
-0.386836
-0.361943
-0.33693
-0.311648
-0.286048
-0.260226
-0.234693
-0.210846
-0.190306
-0.1671
-0.287014
-0.258409
-0.230082
-0.202784
-0.176877
-0.151921
-0.127461
-0.103182
-0.0788735
-0.0544168
-0.0297803
-0.00505557
0.0192748
0.041862
0.0611054
0.0838684
-0.0553316
-0.0266494
0.00178821
0.0286181
0.0540151
0.0785111
0.102498
0.126242
0.149923
0.17364
0.197414
0.221163
0.244437
0.265929
0.284008
0.306434
0.151673
0.179852
0.207755
0.234097
0.25911
0.283255
0.306862
0.330162
0.353311
0.376392
0.399418
0.422316
0.444674
0.465242
0.482356
0.50432
0.336627
0.364424
0.391856
0.417783
0.442449
0.466264
0.489517
0.512406
0.535069
0.557573
0.579927
0.602067
0.623615
0.643377
0.659649
0.681203
0.502156
0.530125
0.557081
0.582517
0.606797
0.63027
0.653171
0.675669
0.697882
0.719863
0.741615
0.763081
0.783917
0.802976
0.818494
0.8397
0.650752
0.678954
0.705571
0.730625
0.754575
0.777732
0.800297
0.822423
0.844213
0.865711
0.886914
0.907775
0.927979
0.946426
0.961271
0.982181
0.784491
0.8123
0.838538
0.863348
0.887098
0.910043
0.932362
0.954198
0.975643
0.996736
1.01747
1.03781
1.05747
1.0754
1.08965
1.11031
0.906132
0.933289
0.958971
0.983413
1.00687
1.02953
1.05156
1.07308
1.09418
1.11488
1.13518
1.15505
1.17422
1.19168
1.2054
1.22585
1.01503
1.04178
1.06713
1.0913
1.11449
1.1369
1.15868
1.17992
1.20071
1.22107
1.24099
1.26044
1.27919
1.29627
1.30951
1.32979
1.11191
1.1385
1.16371
1.18773
1.21078
1.23303
1.25461
1.27564
1.29618
1.31626
1.33585
1.35494
1.37333
1.39007
1.40291
1.42304
1.19841
1.22487
1.24997
1.2739
1.29684
1.31897
1.3404
1.36126
1.38158
1.40141
1.42072
1.4395
1.45757
1.47402
1.48649
1.5065
1.27559
1.30191
1.32691
1.35074
1.37359
1.39561
1.41692
1.43761
1.45775
1.47736
1.49642
1.51492
1.5327
1.54891
1.56105
1.58096
1.34428
1.37046
1.39535
1.41909
1.44185
1.46376
1.48495
1.5055
1.52547
1.54488
1.56371
1.58196
1.5995
1.6155
1.62734
1.64716
1.40516
1.43121
1.456
1.47965
1.50232
1.52414
1.54521
1.56563
1.58545
1.60468
1.62331
1.64134
1.65866
1.67447
1.68605
1.70579
1.45887
1.48481
1.5095
1.53308
1.55567
1.5774
1.59837
1.61867
1.63835
1.65742
1.67587
1.6937
1.71082
1.72647
1.73782
1.75749
1.50594
1.53176
1.55636
1.57986
1.60237
1.62402
1.64491
1.6651
1.68466
1.70359
1.72188
1.73954
1.75648
1.77199
1.78314
1.80276
1.54704
1.57271
1.5972
1.62061
1.64304
1.66461
1.68541
1.70551
1.72496
1.74376
1.76192
1.77943
1.79622
1.81161
1.82258
1.84215
1.5824
1.60798
1.63238
1.65571
1.67808
1.69958
1.72031
1.74034
1.75969
1.7784
1.79644
1.81383
1.83049
1.84579
1.85662
1.87615
1.6125
1.63801
1.66236
1.68564
1.70795
1.7294
1.75007
1.77003
1.78932
1.80794
1.8259
1.84319
1.85976
1.87499
1.88571
1.90521
1.6379
1.66336
1.68768
1.71094
1.73324
1.75466
1.7753
1.79522
1.81446
1.83303
1.85093
1.86815
1.88466
1.89984
1.91047
1.92995
1.65894
1.68438
1.7087
1.73196
1.75427
1.7757
1.79633
1.81624
1.83547
1.85401
1.87188
1.88906
1.90551
1.92066
1.93123
1.95069
1.67568
1.70115
1.7255
1.7488
1.77113
1.79258
1.81324
1.83316
1.85239
1.87093
1.88878
1.90594
1.92237
1.9375
1.94802
1.96747
1.68851
1.71404
1.73844
1.76179
1.78417
1.80566
1.82635
1.84629
1.86554
1.8841
1.90195
1.9191
1.93552
1.95064
1.96112
1.98056
1.6976
1.72323
1.74772
1.77114
1.79358
1.81513
1.83586
1.85585
1.87513
1.89371
1.91158
1.92874
1.94516
1.96028
1.97072
1.99015
1.70306
1.72883
1.75344
1.77696
1.79949
1.82111
1.84191
1.86195
1.88127
1.89989
1.91779
1.93496
1.95138
1.96651
1.97691
1.99633
1.705
1.73094
1.75569
1.77933
1.80197
1.82367
1.84455
1.86465
1.88402
1.90268
1.92061
1.9378
1.95422
1.96935
1.9797
1.99911
1.70345
1.7296
1.75452
1.77831
1.80106
1.82286
1.84381
1.86398
1.8834
1.9021
1.92006
1.93726
1.95367
1.96881
1.97908
1.99847
1.69849
1.72487
1.74998
1.77391
1.79678
1.81868
1.8397
1.85992
1.87939
1.89812
1.91609
1.93327
1.94966
1.96479
1.97496
1.99433
1.69008
1.7167
1.74201
1.76609
1.78908
1.81107
1.83217
1.85245
1.87196
1.8907
1.90867
1.92583
1.94217
1.95727
1.96731
1.98665
1.6784
1.70525
1.73075
1.75499
1.77809
1.80018
1.82134
1.84167
1.8612
1.87995
1.89789
1.915
1.93126
1.94632
1.95619
1.97549
1.66386
1.69094
1.71661
1.74098
1.76418
1.78634
1.80754
1.82788
1.8474
1.86612
1.88399
1.901
1.91716
1.93215
1.94183
1.96108
1.64647
1.67376
1.69959
1.72408
1.74736
1.76955
1.79077
1.8111
1.83058
1.84923
1.86702
1.88392
1.89994
1.91487
1.92431
1.94352
1.62631
1.65377
1.67974
1.70432
1.72767
1.74991
1.77114
1.79145
1.81089
1.82947
1.84716
1.86391
1.87978
1.89464
1.9038
1.92296
1.60376
1.63136
1.65742
1.68207
1.70546
1.7277
1.74891
1.76917
1.78853
1.807
1.82455
1.84112
1.85679
1.87158
1.8804
1.89952
1.57912
1.60682
1.63295
1.65764
1.68103
1.70325
1.72441
1.74459
1.76384
1.78216
1.79953
1.81588
1.83131
1.84603
1.85446
1.87353
1.5528
1.58056
1.60672
1.63142
1.6548
1.67699
1.69809
1.71818
1.73731
1.75549
1.77267
1.78879
1.80398
1.81869
1.82669
1.84571
1.52513
1.5529
1.57906
1.60373
1.62707
1.64919
1.6702
1.69017
1.70915
1.72716
1.74413
1.75999
1.77489
1.78965
1.79717
1.81622
1.49631
1.52402
1.55012
1.57473
1.59798
1.62
1.64087
1.66068
1.67948
1.69728
1.71401
1.72956
1.74409
1.75909
1.76574
1.78522
1.46674
1.49437
1.52037
1.54487
1.56801
1.5899
1.61063
1.63027
1.64887
1.66645
1.68296
1.69821
1.71218
1.72768
1.73367
1.75294
1.43668
1.46416
1.49002
1.51438
1.53737
1.5591
1.57965
1.59908
1.61744
1.63478
1.65108
1.66611
1.67914
1.69512
1.70039
1.71975
1.40638
1.43368
1.45935
1.48354
1.50634
1.52787
1.54821
1.56741
1.58551
1.60254
1.61857
1.63368
1.64572
1.66151
1.66685
1.68597
1.37595
1.40304
1.4285
1.45249
1.4751
1.49642
1.51654
1.53551
1.55337
1.57012
1.58578
1.60031
1.61333
1.62778
1.63381
1.65257
1.34555
1.37242
1.39768
1.42147
1.44389
1.46501
1.48492
1.50366
1.52128
1.53778
1.55313
1.56725
1.58034
1.59438
1.60038
1.61896
1.31519
1.34182
1.36688
1.39048
1.4127
1.43363
1.45333
1.47186
1.48923
1.50546
1.52054
1.53462
1.54772
1.56121
1.56732
1.5857
1.28487
1.31128
1.33615
1.35955
1.38159
1.40233
1.42184
1.44016
1.45731
1.47335
1.48846
1.50245
1.51531
1.52848
1.53463
1.55285
1.25444
1.28063
1.30532
1.32856
1.35044
1.37103
1.39038
1.40854
1.42562
1.44174
1.45672
1.47041
1.48311
1.49603
1.50219
1.52028
1.22398
1.24995
1.27447
1.29758
1.31933
1.33978
1.35903
1.3772
1.3943
1.41021
1.42488
1.43838
1.45095
1.46365
1.46978
1.48777
1.19336
1.21912
1.24346
1.26643
1.28807
1.30847
1.32772
1.34578
1.3626
1.37825
1.39273
1.40607
1.41848
1.431
1.43706
1.45499
1.16244
1.18804
1.2122
1.23504
1.25659
1.27689
1.29593
1.31373
1.33035
1.34582
1.36012
1.37327
1.38551
1.39786
1.40384
1.42174
1.13103
1.15649
1.18051
1.20314
1.22447
1.24452
1.26334
1.28095
1.29737
1.31263
1.32671
1.33964
1.35169
1.36392
1.36981
1.38773
1.09903
1.12427
1.14806
1.17048
1.19158
1.21141
1.23
1.24737
1.26355
1.27853
1.29235
1.30502
1.31687
1.32905
1.33483
1.35283
1.06644
1.09142
1.11497
1.13715
1.158
1.17759
1.19592
1.21302
1.22889
1.24357
1.25708
1.26949
1.28115
1.29339
1.29905
1.3172
1.0333
1.05804
1.08135
1.10329
1.1239
1.14323
1.16127
1.17804
1.19356
1.2079
1.22112
1.23331
1.24479
1.2572
1.26274
1.28112
0.99985
1.02434
1.0474
1.0691
1.08945
1.10847
1.12617
1.14256
1.15772
1.17174
1.18472
1.19674
1.20809
1.22084
1.22626
1.24483
0.966134
0.990341
1.01312
1.03451
1.05452
1.07314
1.09042
1.1064
1.12119
1.13493
1.14774
1.15968
1.17089
1.18418
1.18941
1.20821
0.932131
0.955955
0.97835
0.999325
1.01889
1.03707
1.05393
1.06955
1.08405
1.0976
1.11037
1.12235
1.13335
1.14747
1.15215
1.1713
0.897793
0.921092
0.942958
0.963399
0.982445
1.00015
1.01662
1.03192
1.04622
1.05969
1.07256
1.08479
1.09527
1.1106
1.11484
1.13428
0.862382
0.88509
0.906399
0.926334
0.94495
0.962288
0.978467
0.99365
1.00794
1.02149
1.03452
1.04731
1.05743
1.07249
1.0776
1.09681
0.825446
0.847614
0.868426
0.887884
0.906098
0.923238
0.939366
0.954582
0.969024
0.982791
0.995979
1.00871
1.02053
1.03454
1.0402
1.05927
0.787207
0.808836
0.829232
0.848577
0.866828
0.88402
0.90029
0.915742
0.930467
0.944558
0.95809
0.97107
0.983118
0.996803
1.00296
1.02192
0.748151
0.769946
0.790523
0.809906
0.828267
0.845716
0.86233
0.878184
0.893367
0.907938
0.921686
0.934519
0.946742
0.960533
0.966897
0.985833
0.7103
0.73227
0.75308
0.772843
0.791635
0.809532
0.826612
0.842914
0.858275
0.872652
0.886432
0.899694
0.912348
0.92617
0.932684
0.951602
0.673343
0.695776
0.717069
0.737321
0.756597
0.774884
0.791955
0.807916
0.823261
0.838165
0.852507
0.866116
0.879008
0.89295
0.899512
0.918437
0.636681
0.659803
0.681663
0.702222
0.721318
0.739253
0.756612
0.773437
0.789571
0.804997
0.819681
0.83354
0.846606
0.860711
0.867211
0.886119
0.599567
0.622933
0.6447
0.665248
0.68508
0.704167
0.722368
0.739736
0.756294
0.772081
0.787071
0.801141
0.814277
0.82859
0.834912
0.853831
0.560853
0.584686
0.607438
0.629146
0.649775
0.669391
0.688055
0.70584
0.722783
0.738898
0.754144
0.76836
0.781424
0.79598
0.801952
0.820883
0.522421
0.547277
0.570783
0.593033
0.614124
0.63416
0.653215
0.671333
0.688538
0.704848
0.720235
0.734507
0.747312
0.762245
0.767754
0.786878
0.48402
0.50939
0.533335
0.555983
0.577445
0.597813
0.617155
0.635518
0.652907
0.669313
0.684743
0.699039
0.711229
0.726742
0.731503
0.750711
0.445328
0.470925
0.495097
0.517962
0.539619
0.560155
0.579617
0.598013
0.615343
0.631598
0.646879
0.661416
0.67265
0.688953
0.693205
0.712533
0.404663
0.430273
0.454487
0.477423
0.499154
0.519719
0.539169
0.557517
0.574743
0.59081
0.605754
0.62051
0.631636
0.647314
0.65173
0.670976
0.363967
0.389306
0.413219
0.435799
0.457154
0.477352
0.496418
0.514371
0.531228
0.547019
0.561711
0.575314
0.587216
0.602133
0.606929
0.625969
0.317929
0.342704
0.366144
0.388312
0.409258
0.429035
0.447681
0.465224
0.481683
0.497089
0.511479
0.524935
0.536828
0.551283
0.556067
0.575048
0.272248
0.295559
0.317672
0.33866
0.358578
0.377462
0.395338
0.412223
0.428146
0.443162
0.457324
0.470503
0.482066
0.496566
0.501195
0.52018
0.220707
0.241467
0.261313
0.280293
0.298429
0.31573
0.332209
0.347847
0.362649
0.376643
0.389994
0.402785
0.413621
0.428679
0.433016
0.452238
0.166765
0.18462
0.201874
0.218549
0.234667
0.250239
0.265264
0.279719
0.293539
0.306599
0.318849
0.331365
0.340521
0.355222
0.359414
0.378302
0.0984762
0.110199
0.121693
0.133026
0.144204
0.155222
0.166081
0.176808
0.187481
0.19821
0.2089
0.219508
0.22967
0.242
0.247436
0.265862
0.0508636
0.0572979
0.0640106
0.0709728
0.0782014
0.0857104
0.0935008
0.101564
0.109894
0.118479
0.127285
0.136293
0.145477
0.155182
0.163763
0.175681
)
;

boundaryField
{
    frontAndBack
    {
        type            empty;
    }
    inlet
    {
        type            zeroGradient;
    }
    outlet
    {
        type            fixedValue;
        value           uniform 0;
    }
    walls
    {
        type            zeroGradient;
    }
}


// ************************************************************************* //
