/*--------------------------------*- C++ -*----------------------------------*\
| =========                 |                                                 |
| \\      /  F ield         | OpenFOAM: The Open Source CFD Toolbox           |
|  \\    /   O peration     | Version:  v2012                                 |
|   \\  /    A nd           | Website:  www.openfoam.com                      |
|    \\/     M anipulation  |                                                 |
\*---------------------------------------------------------------------------*/
FoamFile
{
    version     2.0;
    format      ascii;
    class       volScalarField;
    location    "0.273";
    object      p;
}
// * * * * * * * * * * * * * * * * * * * * * * * * * * * * * * * * * * * * * //

dimensions      [0 2 -2 0 0 0 0];


internalField   nonuniform List<scalar> 
5600
(
-0.513951
-0.97205
-1.35247
-1.67094
-1.98199
-2.29215
-2.59354
-2.87522
-3.13826
-3.38853
-3.62498
-3.84975
-4.06411
-4.27044
-4.47062
-4.66648
-4.85879
-5.04847
-5.23579
-5.42062
-5.60346
-5.78375
-5.96148
-6.1378
-6.31267
-6.4861
-6.65849
-6.82962
-7.00047
-7.17069
-7.3404
-7.50944
-7.67752
-7.84539
-8.01265
-8.17921
-8.34534
-8.51069
-8.67556
-8.83974
-9.00336
-9.16642
-9.32882
-9.49055
-9.6518
-9.81249
-9.97276
-10.1324
-10.2916
-10.4504
-10.6088
-10.7666
-10.924
-11.0809
-11.2374
-11.3934
-11.5492
-11.7043
-11.8591
-12.0134
-12.1674
-12.321
-12.4742
-12.627
-12.7795
-12.9316
-13.0833
-13.2346
-13.3857
-13.5365
-13.6869
-13.8371
-13.9869
-14.1365
-14.2857
-14.4348
-14.5835
-14.732
-14.8801
-15.0282
-15.1759
-15.3236
-15.4708
-15.6181
-15.7649
-15.9117
-16.0582
-16.2047
-16.351
-16.4969
-16.6427
-16.7882
-16.9343
-17.0799
-17.2263
-17.3728
-17.5219
-17.6747
-17.83
-18.0643
-0.572988
-0.992234
-1.36908
-1.68875
-1.99999
-2.31047
-2.6118
-2.89373
-3.15714
-3.40745
-3.64413
-3.8692
-4.08389
-4.2906
-4.49113
-4.68731
-4.87991
-5.06983
-5.25734
-5.44223
-5.62528
-5.80567
-5.98346
-6.15989
-6.33491
-6.50846
-6.68095
-6.85216
-7.02311
-7.19342
-7.36321
-7.53232
-7.70043
-7.86832
-8.03562
-8.20221
-8.36838
-8.53376
-8.69867
-8.86287
-9.02652
-9.18962
-9.35205
-9.5138
-9.67509
-9.83578
-9.99606
-10.1557
-10.315
-10.4738
-10.6321
-10.7899
-10.9473
-11.1042
-11.2607
-11.4167
-11.5725
-11.7276
-11.8823
-12.0366
-12.1906
-12.3442
-12.4974
-12.6502
-12.8027
-12.9547
-13.1065
-13.2578
-13.4089
-13.5596
-13.7101
-13.8602
-14.0101
-14.1596
-14.3088
-14.4579
-14.6066
-14.7551
-14.9032
-15.0513
-15.199
-15.3466
-15.4939
-15.6412
-15.788
-15.9348
-16.0813
-16.2279
-16.374
-16.5201
-16.6656
-16.8115
-16.9571
-17.1034
-17.2487
-17.397
-17.543
-17.6998
-17.8501
-18.0774
-0.611236
-1.00486
-1.38181
-1.70212
-2.01121
-2.31917
-2.61944
-2.90093
-3.16414
-3.4141
-3.65052
-3.87567
-4.09039
-4.29708
-4.49763
-4.69387
-4.88643
-5.07643
-5.26387
-5.44884
-5.63184
-5.8123
-5.99025
-6.16674
-6.34165
-6.51519
-6.6876
-6.85882
-7.02966
-7.19994
-7.36965
-7.53871
-7.70686
-7.87477
-8.04205
-8.20862
-8.37477
-8.54011
-8.70498
-8.86914
-9.03273
-9.19577
-9.35813
-9.5198
-9.68101
-9.84171
-10.002
-10.1617
-10.3209
-10.4797
-10.6381
-10.7959
-10.9533
-11.1102
-11.2668
-11.4229
-11.5787
-11.7339
-11.8887
-12.0431
-12.1971
-12.3507
-12.504
-12.6569
-12.8094
-12.9615
-13.1133
-13.2646
-13.4158
-13.5665
-13.717
-13.8672
-14.0171
-14.1667
-14.3159
-14.465
-14.6137
-14.7623
-14.9104
-15.0585
-15.2062
-15.3539
-15.5012
-15.6485
-15.7953
-15.9421
-16.0886
-16.2352
-16.3813
-16.5275
-16.673
-16.8189
-16.9645
-17.1109
-17.2562
-17.4044
-17.5509
-17.7083
-17.8578
-18.0775
-0.659955
-1.02135
-1.39718
-1.71897
-2.02679
-2.33379
-2.63446
-2.91656
-3.18041
-3.43069
-3.66768
-3.89284
-4.10806
-4.31493
-4.51553
-4.71169
-4.90412
-5.09387
-5.281
-5.46567
-5.64851
-5.82889
-6.00685
-6.18343
-6.35844
-6.53229
-6.70505
-6.87663
-7.04769
-7.21819
-7.38807
-7.55728
-7.72544
-7.89342
-8.06077
-8.22744
-8.39366
-8.55911
-8.72409
-8.88837
-9.0521
-9.2153
-9.37784
-9.53971
-9.7011
-9.86182
-10.0221
-10.1819
-10.3412
-10.5
-10.6585
-10.8163
-10.9738
-11.1308
-11.2872
-11.4432
-11.599
-11.7541
-11.9088
-12.0631
-12.2171
-12.3706
-12.5238
-12.6765
-12.829
-12.9811
-13.1328
-13.2841
-13.4352
-13.5859
-13.7363
-13.8864
-14.0363
-14.1858
-14.3351
-14.4841
-14.6328
-14.7813
-14.9295
-15.0775
-15.2252
-15.3729
-15.5201
-15.6674
-15.8143
-15.961
-16.1075
-16.254
-16.4002
-16.5463
-16.6919
-16.8376
-16.9834
-17.1294
-17.2751
-17.4226
-17.5697
-17.7251
-17.8795
-18.0787
-0.70957
-1.03849
-1.41292
-1.73717
-2.04339
-2.34954
-2.64992
-2.93183
-3.19571
-3.44579
-3.683
-3.90793
-4.12333
-4.33045
-4.53123
-4.72758
-4.92018
-5.11006
-5.29732
-5.4821
-5.66491
-5.84531
-6.02326
-6.19968
-6.37452
-6.5482
-6.72072
-6.89215
-7.06294
-7.23336
-7.40314
-7.57232
-7.74058
-7.90862
-8.07598
-8.24269
-8.40889
-8.57436
-8.73927
-8.90355
-9.06718
-9.23031
-9.39269
-9.5545
-9.71578
-9.87649
-10.0368
-10.1965
-10.3557
-10.5145
-10.6728
-10.8306
-10.988
-11.1448
-11.3014
-11.4575
-11.6133
-11.7685
-11.9234
-12.0777
-12.2317
-12.3854
-12.5388
-12.6916
-12.8442
-12.9963
-13.1481
-13.2995
-13.4506
-13.6014
-13.7519
-13.9021
-14.052
-14.2016
-14.3509
-14.5
-14.6487
-14.7973
-14.9455
-15.0935
-15.2413
-15.3889
-15.5362
-15.6835
-15.8304
-15.9771
-16.1237
-16.2702
-16.4165
-16.5625
-16.7082
-16.8539
-16.9997
-17.1457
-17.2914
-17.4388
-17.5858
-17.7408
-17.8923
-18.085
-0.759587
-1.05782
-1.43021
-1.75743
-2.06202
-2.3672
-2.66719
-2.94915
-3.21325
-3.46352
-3.70095
-3.92625
-4.14191
-4.34931
-4.55029
-4.74675
-4.93946
-5.12935
-5.31664
-5.50147
-5.68407
-5.86448
-6.04249
-6.21896
-6.39385
-6.5676
-6.74013
-6.91163
-7.08245
-7.25272
-7.42254
-7.59163
-7.75989
-7.92779
-8.09505
-8.26167
-8.42777
-8.59321
-8.75806
-8.92232
-9.08595
-9.24928
-9.41173
-9.57363
-9.73497
-9.89577
-10.0561
-10.2159
-10.3752
-10.5341
-10.6925
-10.8504
-11.0078
-11.1648
-11.3213
-11.4775
-11.6333
-11.7885
-11.9433
-12.0976
-12.2517
-12.4052
-12.5584
-12.7112
-12.8637
-13.0158
-13.1676
-13.3189
-13.47
-13.6208
-13.7712
-13.9214
-14.0713
-14.2208
-14.3701
-14.5192
-14.668
-14.8164
-14.9647
-15.1127
-15.2605
-15.4081
-15.5554
-15.7027
-15.8496
-15.9963
-16.1429
-16.2894
-16.4356
-16.5817
-16.7274
-16.8731
-17.0189
-17.1648
-17.3105
-17.4577
-17.6045
-17.7582
-17.9086
-18.0929
-0.808993
-1.07964
-1.44928
-1.77973
-2.08282
-2.38701
-2.68667
-2.96873
-3.23301
-3.4834
-3.72095
-3.94649
-4.16223
-4.36978
-4.5709
-4.76744
-4.96023
-5.15015
-5.33746
-5.52231
-5.70491
-5.88534
-6.06343
-6.23992
-6.41486
-6.58859
-6.76115
-6.93266
-7.10358
-7.27375
-7.4436
-7.61266
-7.78099
-7.94885
-8.11613
-8.28275
-8.44883
-8.61426
-8.77905
-8.94331
-9.1069
-9.27017
-9.43259
-9.5944
-9.75566
-9.91638
-10.0766
-10.2363
-10.3956
-10.5544
-10.7128
-10.8706
-11.028
-11.1851
-11.3416
-11.4977
-11.6536
-11.8088
-11.9636
-12.118
-12.272
-12.4256
-12.5788
-12.7317
-12.8843
-13.0364
-13.1881
-13.3395
-13.4907
-13.6414
-13.7919
-13.9421
-14.092
-14.2416
-14.3909
-14.54
-14.6888
-14.8372
-14.9855
-15.1335
-15.2813
-15.4289
-15.5763
-15.7235
-15.8705
-16.0172
-16.1638
-16.3103
-16.4565
-16.6026
-16.7483
-16.8941
-17.0398
-17.1858
-17.3314
-17.4783
-17.6249
-17.7771
-17.9259
-18.1008
-0.855971
-1.10413
-1.4707
-1.80421
-2.10605
-2.40929
-2.70871
-2.99085
-3.25525
-3.50571
-3.74338
-3.96912
-4.18496
-4.39269
-4.59398
-4.79062
-4.98351
-5.17347
-5.36081
-5.54569
-5.72829
-5.9087
-6.08683
-6.26332
-6.43828
-6.61202
-6.78459
-6.95613
-7.12707
-7.29726
-7.46708
-7.63614
-7.8045
-7.97234
-8.13962
-8.30626
-8.47232
-8.63777
-8.80257
-8.96686
-9.13051
-9.29361
-9.45607
-9.61788
-9.77915
-9.93988
-10.1001
-10.2598
-10.4191
-10.5778
-10.7362
-10.894
-11.0514
-11.2085
-11.3649
-11.5211
-11.6768
-11.832
-11.9868
-12.1411
-12.2951
-12.4487
-12.6019
-12.7547
-12.9073
-13.0594
-13.2112
-13.3626
-13.5138
-13.6645
-13.815
-13.9652
-14.1151
-14.2647
-14.414
-14.5631
-14.712
-14.8604
-15.0086
-15.1567
-15.3045
-15.4521
-15.5995
-15.7466
-15.8936
-16.0404
-16.1869
-16.3334
-16.4797
-16.6257
-16.7715
-16.9172
-17.0629
-17.2088
-17.3544
-17.501
-17.6473
-17.7976
-17.9443
-18.1092
-0.898951
-1.13119
-1.49505
-1.83101
-2.13193
-2.43438
-2.73364
-3.01581
-3.28029
-3.53083
-3.76862
-3.9945
-4.21044
-4.41829
-4.61971
-4.8164
-5.00935
-5.19933
-5.38666
-5.57158
-5.75416
-5.93453
-6.11269
-6.28919
-6.46419
-6.63792
-6.8105
-6.98207
-7.15303
-7.32325
-7.49303
-7.66209
-7.83046
-7.99831
-8.16558
-8.33223
-8.49828
-8.66372
-8.82853
-8.99283
-9.15648
-9.31953
-9.48202
-9.64385
-9.80512
-9.96585
-10.1261
-10.2858
-10.445
-10.6038
-10.7621
-10.92
-11.0774
-11.2345
-11.3909
-11.5471
-11.7027
-11.8579
-12.0127
-12.167
-12.321
-12.4746
-12.6278
-12.7806
-12.9331
-13.0851
-13.2369
-13.3884
-13.5395
-13.6903
-13.8407
-13.9909
-14.1407
-14.2903
-14.4395
-14.5886
-14.7374
-14.8859
-15.0342
-15.1822
-15.33
-15.4776
-15.625
-15.7721
-15.9191
-16.0658
-16.2124
-16.3589
-16.5052
-16.6512
-16.797
-16.9428
-17.0884
-17.2343
-17.3798
-17.526
-17.6717
-17.8202
-17.9642
-18.1182
-0.936131
-1.16038
-1.52291
-1.86029
-2.16065
-2.46269
-2.76189
-3.04403
-3.30856
-3.55917
-3.79702
-4.02297
-4.23896
-4.44687
-4.64837
-4.8451
-5.03809
-5.22808
-5.41542
-5.60037
-5.78294
-5.96327
-6.14146
-6.31797
-6.49299
-6.66671
-6.8393
-7.01088
-7.18186
-7.35211
-7.52183
-7.69089
-7.85929
-8.02714
-8.1944
-8.36106
-8.5271
-8.69254
-8.85736
-9.02166
-9.18532
-9.34836
-9.51084
-9.67268
-9.83394
-9.99468
-10.1549
-10.3146
-10.4739
-10.6326
-10.791
-10.9488
-11.1062
-11.2633
-11.4198
-11.5759
-11.7315
-11.8867
-12.0415
-12.1959
-12.3499
-12.5034
-12.6566
-12.8094
-12.9619
-13.114
-13.2658
-13.4172
-13.5683
-13.7191
-13.8695
-14.0197
-14.1695
-14.3191
-14.4684
-14.6174
-14.7662
-14.9147
-15.0629
-15.2109
-15.3586
-15.5062
-15.6536
-15.8007
-15.9477
-16.0944
-16.2409
-16.3873
-16.5337
-16.6797
-16.8255
-16.9712
-17.1169
-17.2626
-17.408
-17.5538
-17.6988
-17.8451
-17.9861
-18.129
-0.963486
-1.18966
-1.55334
-1.89064
-2.19087
-2.49308
-2.79234
-3.07437
-3.33889
-3.58955
-3.8274
-4.05332
-4.26932
-4.4772
-4.67872
-4.87544
-5.06845
-5.25845
-5.44577
-5.63076
-5.8133
-5.99358
-6.17176
-6.34828
-6.52332
-6.69701
-6.8696
-7.04116
-7.21219
-7.38246
-7.55213
-7.72119
-7.8896
-8.05747
-8.22471
-8.39138
-8.55742
-8.72285
-8.88767
-9.052
-9.21566
-9.37868
-9.54114
-9.703
-9.86425
-10.025
-10.1852
-10.3449
-10.5042
-10.663
-10.8213
-10.9792
-11.1365
-11.2936
-11.4501
-11.6062
-11.7618
-11.9171
-12.0719
-12.2262
-12.3802
-12.5337
-12.6869
-12.8397
-12.9922
-13.1443
-13.2961
-13.4475
-13.5986
-13.7494
-13.8998
-14.05
-14.1998
-14.3494
-14.4987
-14.6477
-14.7965
-14.9449
-15.0931
-15.2411
-15.3889
-15.5365
-15.6839
-15.831
-15.978
-16.1247
-16.2712
-16.4177
-16.564
-16.71
-16.8558
-17.0015
-17.1472
-17.2928
-17.4381
-17.5835
-17.7277
-17.8719
-18.0096
-18.143
-0.978273
-1.21631
-1.5834
-1.91911
-2.21964
-2.52262
-2.82205
-3.10388
-3.36836
-3.61905
-3.85681
-4.08263
-4.29856
-4.50634
-4.70782
-4.9045
-5.0975
-5.28747
-5.47477
-5.65979
-5.8423
-6.02253
-6.20068
-6.37721
-6.55225
-6.72593
-6.89852
-7.07005
-7.24113
-7.4114
-7.58104
-7.7501
-7.91852
-8.08639
-8.25362
-8.4203
-8.58634
-8.75176
-8.91656
-9.08093
-9.24458
-9.40758
-9.57003
-9.7319
-9.89315
-10.0539
-10.2141
-10.3739
-10.5331
-10.6919
-10.8502
-11.0081
-11.1654
-11.3225
-11.479
-11.6351
-11.7907
-11.946
-12.1008
-12.2551
-12.4091
-12.5626
-12.7158
-12.8686
-13.0211
-13.1732
-13.325
-13.4764
-13.6275
-13.7783
-13.9288
-14.079
-14.2288
-14.3784
-14.5277
-14.6767
-14.8255
-14.974
-15.1223
-15.2703
-15.4181
-15.5657
-15.7131
-15.8602
-16.0072
-16.1539
-16.3005
-16.447
-16.5934
-16.7394
-16.8853
-17.031
-17.1766
-17.3221
-17.4673
-17.6123
-17.7559
-17.8981
-18.033
-18.1591
-0.981988
-1.23987
-1.61144
-1.94447
-2.24569
-2.54979
-2.84946
-3.13102
-3.39545
-3.64616
-3.8838
-4.10945
-4.32526
-4.53289
-4.73427
-4.93088
-5.12385
-5.3138
-5.50106
-5.68612
-5.86859
-6.04876
-6.22688
-6.4034
-6.57845
-6.75209
-6.92467
-7.09616
-7.26729
-7.43755
-7.60717
-7.77621
-7.94465
-8.11252
-8.27976
-8.44643
-8.61247
-8.77791
-8.94269
-9.10711
-9.27074
-9.43373
-9.59617
-9.75802
-9.91929
-10.08
-10.2402
-10.4
-10.5592
-10.7179
-10.8763
-11.0341
-11.1915
-11.3487
-11.5052
-11.6612
-11.8169
-11.9721
-12.1269
-12.2813
-12.4353
-12.5889
-12.7421
-12.895
-13.0474
-13.1995
-13.3514
-13.5028
-13.654
-13.8047
-13.9553
-14.1056
-14.2554
-14.405
-14.5543
-14.7033
-14.8521
-15.0007
-15.1489
-15.2969
-15.4447
-15.5923
-15.7396
-15.8867
-16.0337
-16.1804
-16.327
-16.4733
-16.6196
-16.7656
-16.9115
-17.0573
-17.203
-17.3485
-17.4936
-17.6383
-17.7812
-17.9221
-18.0549
-18.1757
-0.976909
-1.2612
-1.63741
-1.96712
-2.26939
-2.57477
-2.87473
-3.15594
-3.4203
-3.67102
-3.90849
-4.13394
-4.34963
-4.55708
-4.75833
-4.95484
-5.14775
-5.33769
-5.52489
-5.71
-5.89243
-6.07254
-6.25064
-6.42715
-6.60219
-6.7758
-6.94835
-7.11981
-7.29099
-7.46123
-7.63082
-7.79987
-7.96831
-8.13616
-8.30341
-8.47004
-8.6361
-8.80145
-8.96629
-9.13074
-9.29435
-9.45735
-9.61979
-9.78164
-9.94293
-10.1037
-10.2639
-10.4237
-10.583
-10.7417
-10.9001
-11.0579
-11.2154
-11.3726
-11.5291
-11.6852
-11.8409
-11.9962
-12.151
-12.3055
-12.4595
-12.6131
-12.7663
-12.9191
-13.0716
-13.2236
-13.3754
-13.5269
-13.678
-13.8288
-13.9793
-14.1295
-14.2794
-14.429
-14.5783
-14.7273
-14.8761
-15.0246
-15.1729
-15.3209
-15.4687
-15.6163
-15.7637
-15.9109
-16.0579
-16.2047
-16.3514
-16.4979
-16.6442
-16.7903
-16.936
-17.0817
-17.2272
-17.3727
-17.5177
-17.6623
-17.805
-17.9442
-18.0753
-18.1922
-0.965577
-1.28065
-1.66104
-1.98736
-2.29092
-2.59767
-2.89803
-3.17887
-3.44315
-3.69383
-3.93112
-4.15628
-4.37179
-4.57906
-4.78016
-4.97656
-5.16937
-5.35928
-5.54641
-5.73156
-5.91393
-6.09396
-6.272
-6.44852
-6.62353
-6.79716
-6.9696
-7.14112
-7.31231
-7.48252
-7.65209
-7.82114
-7.98962
-8.15748
-8.32475
-8.4914
-8.6575
-8.82287
-8.98784
-9.15225
-9.31587
-9.47894
-9.64145
-9.80337
-9.96471
-10.1255
-10.2858
-10.4456
-10.6049
-10.7637
-10.922
-11.0798
-11.2373
-11.3944
-11.5509
-11.707
-11.8627
-12.018
-12.1728
-12.3272
-12.4812
-12.6348
-12.788
-12.9408
-13.0932
-13.2453
-13.3971
-13.5486
-13.6997
-13.8504
-14.001
-14.1511
-14.301
-14.4506
-14.5998
-14.7488
-14.8976
-15.0461
-15.1943
-15.3423
-15.4901
-15.6376
-15.7849
-15.932
-16.0789
-16.2255
-16.372
-16.5183
-16.6646
-16.8106
-16.9565
-17.1023
-17.248
-17.3935
-17.5383
-17.6826
-17.8247
-17.9642
-18.0943
-18.2084
-0.950043
-1.29864
-1.68227
-2.00553
-2.31047
-2.61845
-2.91928
-3.19978
-3.46406
-3.71469
-3.95185
-4.17676
-4.39199
-4.59904
-4.80005
-4.99633
-5.18913
-5.37894
-5.56615
-5.75132
-5.93366
-6.11362
-6.29158
-6.46804
-6.643
-6.8166
-6.989
-7.16062
-7.33179
-7.50206
-7.67163
-7.84073
-8.00931
-8.17728
-8.34466
-8.5114
-8.67758
-8.84304
-9.00802
-9.17235
-9.33592
-9.49897
-9.66147
-9.82337
-9.98469
-10.1455
-10.3058
-10.4655
-10.6248
-10.7836
-10.9419
-11.0997
-11.2572
-11.4143
-11.5709
-11.727
-11.8826
-12.0379
-12.1927
-12.3471
-12.5011
-12.6547
-12.808
-12.9608
-13.1132
-13.2653
-13.4171
-13.5686
-13.7197
-13.8705
-14.0211
-14.1713
-14.3211
-14.4707
-14.62
-14.7691
-14.9179
-15.0664
-15.2147
-15.3627
-15.5105
-15.6581
-15.8055
-15.9527
-16.0997
-16.2466
-16.3933
-16.5398
-16.6861
-16.8321
-16.9779
-17.1236
-17.2691
-17.4146
-17.5594
-17.7037
-17.8455
-17.9829
-18.1119
-18.224
-0.931305
-1.31533
-1.70133
-2.02239
-2.32865
-2.63753
-2.93858
-3.21858
-3.48284
-3.73325
-3.97009
-4.19525
-4.41002
-4.61668
-4.81748
-5.01355
-5.20622
-5.39587
-5.58314
-5.76817
-5.95053
-6.13054
-6.30865
-6.48527
-6.6604
-6.8341
-7.00668
-7.17845
-7.34966
-7.52
-7.68954
-7.85852
-8.02702
-8.19492
-8.36224
-8.52891
-8.69503
-8.86043
-9.02534
-9.18964
-9.35319
-9.5162
-9.67862
-9.84046
-10.0017
-10.1625
-10.3227
-10.4825
-10.6417
-10.8005
-10.9587
-11.1165
-11.274
-11.431
-11.5875
-11.7436
-11.8992
-12.0544
-12.2092
-12.3635
-12.5175
-12.671
-12.8242
-12.977
-13.1294
-13.2814
-13.4331
-13.5846
-13.7356
-13.8864
-14.0368
-14.187
-14.3368
-14.4863
-14.6355
-14.7845
-14.9332
-15.0817
-15.2299
-15.3778
-15.5256
-15.6731
-15.8203
-15.9674
-16.1143
-16.261
-16.4074
-16.5538
-16.7
-16.846
-16.9919
-17.1376
-17.2832
-17.4286
-17.5734
-17.7176
-17.8598
-17.9982
-18.1272
-18.2386
-0.910447
-1.32966
-1.71692
-2.03734
-2.34552
-2.65601
-2.9574
-3.23692
-3.5012
-3.75148
-3.98806
-4.21349
-4.42793
-4.63446
-4.83526
-5.03146
-5.22431
-5.41431
-5.60188
-5.78717
-5.96973
-6.14979
-6.32799
-6.50459
-6.67965
-6.85312
-7.02548
-7.19715
-7.36828
-7.53861
-7.70815
-7.87716
-8.04569
-8.21361
-8.38095
-8.54765
-8.71379
-8.87923
-9.04417
-9.20848
-9.37206
-9.53507
-9.69747
-9.85931
-10.0206
-10.1814
-10.3417
-10.5014
-10.6607
-10.8195
-10.9778
-11.1356
-11.2931
-11.4501
-11.6067
-11.7628
-11.9184
-12.0737
-12.2285
-12.3829
-12.5369
-12.6905
-12.8437
-12.9965
-13.149
-13.3011
-13.4529
-13.6043
-13.7554
-13.9062
-14.0568
-14.207
-14.3568
-14.5064
-14.6557
-14.8047
-14.9535
-15.102
-15.2502
-15.3983
-15.5461
-15.6936
-15.841
-15.9881
-16.1351
-16.2819
-16.4285
-16.575
-16.7213
-16.8673
-17.0131
-17.1588
-17.3044
-17.4498
-17.5946
-17.7387
-17.8802
-18.0172
-18.1448
-18.2547
-0.895842
-1.34424
-1.72916
-2.04688
-2.35588
-2.66815
-2.97006
-3.24903
-3.51349
-3.76376
-4.00023
-4.22527
-4.43953
-4.64595
-4.84663
-5.04272
-5.23545
-5.42534
-5.61278
-5.7979
-5.98014
-6.1598
-6.33779
-6.51419
-6.68912
-6.86248
-7.03464
-7.2062
-7.37724
-7.54749
-7.71695
-7.88588
-8.05431
-8.22216
-8.38942
-8.55604
-8.72211
-8.88749
-9.05235
-9.2166
-9.38012
-9.54308
-9.70544
-9.86723
-10.0285
-10.1892
-10.3494
-10.5091
-10.6684
-10.8271
-10.9854
-11.1431
-11.3006
-11.4576
-11.6141
-11.7701
-11.9258
-12.081
-12.2357
-12.3901
-12.544
-12.6976
-12.8508
-13.0035
-13.1559
-13.308
-13.4597
-13.6112
-13.7622
-13.913
-14.0634
-14.2136
-14.3634
-14.5129
-14.6622
-14.8112
-14.9599
-15.1084
-15.2566
-15.4046
-15.5523
-15.6998
-15.8472
-15.9943
-16.1412
-16.2879
-16.4345
-16.5809
-16.7271
-16.8731
-17.0189
-17.1646
-17.3102
-17.4556
-17.6004
-17.7446
-17.8864
-18.0243
-18.1522
-18.2627
-0.865369
-1.35907
-1.75277
-2.07104
-2.38023
-2.693
-2.99568
-3.27369
-3.53846
-3.78884
-4.02521
-4.25006
-4.46411
-4.67024
-4.87065
-5.06651
-5.25906
-5.4488
-5.63615
-5.82119
-6.00347
-6.18318
-6.36114
-6.53753
-6.7124
-6.88574
-7.05791
-7.22943
-7.40042
-7.57063
-7.74007
-7.90898
-8.0774
-8.24524
-8.4125
-8.57912
-8.74519
-8.91057
-9.07543
-9.23969
-9.40321
-9.56617
-9.72854
-9.89034
-10.0516
-10.2123
-10.3725
-10.5323
-10.6915
-10.8502
-11.0085
-11.1663
-11.3237
-11.4807
-11.6373
-11.7933
-11.9489
-12.1042
-12.2589
-12.4133
-12.5673
-12.7208
-12.874
-13.0268
-13.1792
-13.3312
-13.483
-13.6344
-13.7855
-13.9363
-14.0867
-14.2369
-14.3867
-14.5363
-14.6855
-14.8345
-14.9832
-15.1317
-15.28
-15.428
-15.5757
-15.7232
-15.8706
-16.0177
-16.1646
-16.3114
-16.4579
-16.6043
-16.7506
-16.8966
-17.0424
-17.1881
-17.3337
-17.4791
-17.6239
-17.768
-17.9097
-18.0471
-18.1749
-18.2849
-18.0672
-18.3328
-19.0663
-19.1903
-18.6481
-17.565
-16.1057
-14.4028
-12.6428
-10.921
-9.32747
-7.89043
-6.62592
-5.52883
-4.5858
-3.77718
-3.08541
-2.49064
-1.97747
-1.53377
-1.14786
-0.809588
-0.512213
-0.249408
-0.0158893
0.193106
0.380221
0.547931
0.698694
0.834814
0.958854
1.07071
1.17045
1.25956
1.33901
1.4099
1.47264
1.52815
1.57729
1.62
1.65689
1.68804
1.71356
1.73346
1.74778
1.75661
1.75997
1.75856
1.75262
1.74218
1.7279
1.71037
1.69026
1.66826
1.64492
1.62088
1.59649
1.57193
1.54729
1.52259
1.49787
1.47324
1.44856
1.42356
1.39792
1.37142
1.34424
1.31627
1.28744
1.25818
1.22862
1.19861
1.16809
1.13588
1.10044
1.06283
1.02301
0.985277
0.948701
0.912725
0.87613
0.838411
0.800644
0.763586
0.72654
0.688213
0.648036
0.605705
0.56216
0.519057
0.473902
0.428477
0.381631
0.334503
0.286954
0.239171
0.189175
0.140013
0.0768807
0.0397066
-18.1077
-18.2598
-18.96
-19.1006
-18.5706
-17.5079
-16.0707
-14.3874
-12.6431
-10.9326
-9.34758
-7.91523
-6.65319
-5.55713
-4.6139
-3.80438
-3.11105
-2.51452
-1.99957
-1.55415
-1.16673
-0.827192
-0.528709
-0.264814
-0.0304247
0.179192
0.366754
0.534911
0.685832
0.821979
0.945466
1.05699
1.15684
1.24612
1.32572
1.39664
1.45959
1.5152
1.56438
1.60706
1.64391
1.67497
1.70035
1.72006
1.73417
1.74277
1.74591
1.74426
1.7381
1.72746
1.71301
1.69535
1.67515
1.65311
1.62977
1.60577
1.58149
1.5571
1.53267
1.50822
1.48371
1.4593
1.43475
1.40984
1.38424
1.35777
1.33065
1.30281
1.27416
1.24513
1.21585
1.1862
1.15618
1.12453
1.08955
1.0524
1.01286
0.974639
0.937836
0.90128
0.864199
0.826165
0.787872
0.750139
0.712823
0.674294
0.633966
0.591791
0.54835
0.505666
0.46088
0.415637
0.368989
0.322291
0.275245
0.228123
0.179199
0.131448
0.0714956
0.036302
-18.1011
-18.2667
-18.8852
-19.009
-18.4837
-17.4386
-16.0239
-14.3626
-12.6376
-10.9429
-9.36834
-7.94301
-6.68531
-5.59082
-4.6472
-3.83643
-3.14115
-2.54255
-2.0256
-1.57825
-1.18912
-0.848055
-0.54821
-0.283044
-0.0475772
0.162913
0.351155
0.520077
0.67154
0.808275
0.931205
1.04186
1.14176
1.23123
1.31102
1.38199
1.44513
1.501
1.55018
1.59286
1.62967
1.6606
1.68581
1.7053
1.71916
1.72749
1.73036
1.72844
1.722
1.71111
1.69645
1.67862
1.6583
1.63619
1.61289
1.58898
1.56483
1.54065
1.51648
1.49232
1.46807
1.44388
1.41948
1.39467
1.36912
1.34269
1.31562
1.28793
1.25947
1.23068
1.20174
1.17248
1.14295
1.11201
1.07753
1.04089
1.00176
0.962909
0.925865
0.888665
0.850993
0.812483
0.77384
0.735282
0.697626
0.658872
0.618368
0.576371
0.533062
0.490808
0.446523
0.401434
0.355057
0.308838
0.262354
0.215975
0.168285
0.122069
0.0658101
0.032483
-18.1258
-18.2859
-18.823
-18.9254
-18.395
-17.363
-15.969
-14.3329
-12.6288
-10.9522
-9.39017
-7.97384
-6.72175
-5.62935
-4.68543
-3.87329
-3.17596
-2.57538
-2.05645
-1.60681
-1.21554
-0.872539
-0.570976
-0.304313
-0.0675475
0.144031
0.333151
0.502913
0.655054
0.792453
0.915184
1.02495
1.12498
1.2147
1.29474
1.36592
1.42924
1.48536
1.53454
1.57736
1.61411
1.64485
1.66986
1.68909
1.70263
1.71064
1.71319
1.71092
1.70414
1.69294
1.67801
1.66
1.63955
1.61738
1.59414
1.57036
1.54637
1.52243
1.49855
1.47473
1.45075
1.42683
1.40261
1.3779
1.35242
1.32601
1.299
1.27146
1.24321
1.21469
1.1862
1.15739
1.12819
1.0981
1.06427
1.02818
0.989523
0.950099
0.912637
0.874742
0.836366
0.797232
0.758279
0.718959
0.680792
0.641783
0.601094
0.559259
0.516156
0.474325
0.430681
0.385742
0.339716
0.294023
0.24817
0.202629
0.156344
0.11183
0.0597644
0.0282727
-18.1445
-18.2959
-18.7605
-18.84
-18.308
-17.2875
-15.9113
-14.3021
-12.6204
-10.9639
-9.41617
-8.00998
-6.76365
-5.67372
-4.72986
-3.91639
-3.21689
-2.61399
-2.09267
-1.64027
-1.24639
-0.901088
-0.597496
-0.329114
-0.0908798
0.121898
0.311999
0.482555
0.635376
0.773262
0.896232
1.0059
1.10628
1.19636
1.27673
1.34824
1.41181
1.4681
1.51738
1.56033
1.59702
1.62758
1.65236
1.67131
1.6845
1.69207
1.6942
1.69152
1.68431
1.67273
1.65748
1.63928
1.61871
1.5965
1.57336
1.54972
1.5259
1.50221
1.47867
1.45523
1.43159
1.40795
1.38395
1.35936
1.33397
1.30762
1.28066
1.25325
1.22523
1.19703
1.16908
1.14084
1.11194
1.08243
1.04955
1.01412
0.975978
0.93619
0.897981
0.859353
0.820152
0.780275
0.74089
0.701096
0.662168
0.622844
0.58196
0.540261
0.497489
0.456037
0.413176
0.368428
0.322837
0.277711
0.232571
0.187973
0.143279
0.100655
0.0533115
0.0236384
-18.1614
-18.3032
-18.6944
-18.7457
-18.214
-17.2058
-15.8521
-14.2727
-12.6151
-10.9803
-9.44837
-8.05369
-6.8137
-5.72671
-4.78305
-3.96799
-3.26574
-2.65951
-2.13492
-1.67928
-1.2824
-0.934512
-0.628617
-0.358268
-0.118362
0.0957741
0.287022
0.458445
0.612077
0.750478
0.874198
0.984544
1.08541
1.17596
1.25677
1.32871
1.39264
1.44916
1.4986
1.5416
1.57822
1.60864
1.63317
1.65175
1.66451
1.67156
1.67316
1.66998
1.66231
1.65031
1.63469
1.61632
1.59563
1.57336
1.55024
1.52674
1.50316
1.47979
1.45665
1.43362
1.41036
1.38706
1.36332
1.33888
1.31361
1.28732
1.26044
1.23313
1.20534
1.17752
1.15014
1.12257
1.09429
1.06483
1.03318
0.998564
0.960971
0.92107
0.881732
0.84231
0.802164
0.761446
0.721443
0.681441
0.641684
0.601867
0.560768
0.519194
0.476908
0.435766
0.393797
0.349348
0.304264
0.259749
0.215422
0.171873
0.128987
0.0884482
0.0464081
0.0185409
-18.1768
-18.3066
-18.6242
-18.6421
-18.1104
-17.1153
-15.7862
-14.239
-12.6101
-11.0004
-9.48675
-8.10559
-6.87312
-5.78921
-4.84568
-4.02863
-3.32303
-2.71273
-2.18405
-1.72457
-1.32415
-0.973223
-0.66462
-0.391958
-0.150073
0.0656352
0.258279
0.430799
0.585485
0.724643
0.849317
0.960628
1.06208
1.15324
1.23463
1.30713
1.37152
1.42837
1.47802
1.52106
1.55762
1.58787
1.61208
1.63022
1.64244
1.64889
1.64987
1.64608
1.63801
1.62556
1.60949
1.59074
1.56986
1.54759
1.5245
1.50119
1.47795
1.45497
1.43225
1.40966
1.38685
1.36394
1.34051
1.31626
1.29113
1.26494
1.23816
1.21095
1.18336
1.1559
1.12908
1.10224
1.07474
1.04562
1.01513
0.981344
0.944327
0.904482
0.863771
0.823427
0.782213
0.740564
0.699791
0.659513
0.619364
0.578706
0.537291
0.495916
0.45423
0.41334
0.372299
0.328321
0.283801
0.239962
0.196568
0.154178
0.113339
0.0750813
0.0389753
0.0129073
-18.1909
-18.3056
-18.5508
-18.5309
-17.9989
-17.0182
-15.7146
-14.2005
-12.6025
-11.0197
-9.5265
-8.16061
-6.93728
-5.85585
-4.91247
-4.09391
-3.38541
-2.7714
-2.23865
-1.77514
-1.3708
-1.01637
-0.704615
-0.429293
-0.185128
0.0320418
0.22612
0.399886
0.555763
0.695865
0.821546
0.933951
1.03614
1.12806
1.21019
1.28337
1.34833
1.40556
1.45546
1.49856
1.53506
1.56505
1.58886
1.60668
1.61829
1.62405
1.62429
1.61973
1.61092
1.59791
1.58143
1.56228
1.54122
1.51894
1.496
1.47293
1.45005
1.42748
1.40522
1.38312
1.36083
1.33836
1.3153
1.29129
1.26634
1.24026
1.21361
1.18649
1.15904
1.132
1.10573
1.07964
1.05296
1.02478
0.995217
0.962224
0.925866
0.885998
0.844001
0.802542
0.760126
0.717449
0.675844
0.635381
0.594719
0.553141
0.511319
0.47032
0.429197
0.388593
0.348378
0.305125
0.261245
0.218154
0.175834
0.134692
0.0961568
0.0603745
0.0308326
0.00657119
-18.2041
-18.3012
-18.4759
-18.4138
-17.8803
-16.9153
-15.6385
-14.1561
-12.5891
-11.0334
-9.56223
-8.21319
-7.00038
-5.92448
-4.98302
-4.16351
-3.45215
-2.83437
-2.29749
-1.82999
-1.42181
-1.06397
-0.749104
-0.471096
-0.224574
-0.0054954
0.190277
0.365548
0.522781
0.664038
0.79085
0.904482
1.00757
1.10041
1.1834
1.25737
1.323
1.38069
1.43088
1.47407
1.51046
1.54016
1.56338
1.58048
1.5913
1.59627
1.5958
1.59054
1.58085
1.56719
1.55025
1.53076
1.50956
1.48731
1.46451
1.44173
1.41922
1.3971
1.37536
1.3538
1.33206
1.31012
1.28747
1.26373
1.23902
1.21305
1.18655
1.1594
1.13225
1.10572
1.08003
1.05471
1.02891
1.00182
0.973124
0.940969
0.905365
0.865182
0.822257
0.779477
0.73575
0.691928
0.649674
0.609159
0.567143
0.524826
0.482621
0.442245
0.401544
0.361342
0.321768
0.279509
0.236387
0.194104
0.153007
0.11316
0.07712
0.0441297
0.0217308
-0.000711657
-18.2167
-18.2942
-18.4011
-18.293
-17.7554
-16.8063
-15.5565
-14.1093
-12.5768
-11.0506
-9.60223
-8.2702
-7.06759
-5.99865
-5.05917
-4.23822
-3.52349
-2.90156
-2.3602
-1.88844
-1.47624
-1.11482
-0.79678
-0.516064
-0.267273
-0.04596
0.151516
0.328144
0.486554
0.62888
0.756783
0.871608
0.975651
1.06946
1.15338
1.22825
1.29463
1.3529
1.40348
1.44681
1.48313
1.51253
1.53524
1.55139
1.56131
1.56537
1.56409
1.55805
1.54763
1.53334
1.51586
1.49603
1.47466
1.45243
1.42983
1.40735
1.38528
1.36368
1.3425
1.32152
1.30036
1.27903
1.25682
1.23337
1.20895
1.18308
1.15656
1.12958
1.10292
1.0769
1.05184
1.02735
1.00248
0.976442
0.948657
0.917363
0.882497
0.8419
0.798242
0.75398
0.708856
0.663922
0.621665
0.579866
0.536434
0.493552
0.451133
0.411234
0.371055
0.331362
0.292298
0.251215
0.208991
0.16756
0.127826
0.0892363
0.0557857
0.0259849
0.0113117
-0.00936995
-18.2287
-18.287
-18.3355
-18.1837
-17.6407
-16.7069
-15.4821
-14.0697
-12.5707
-11.0725
-9.64558
-8.32912
-7.13596
-6.07153
-5.13271
-4.31012
-3.5923
-2.96667
-2.42134
-1.94576
-1.52997
-1.16527
-0.844319
-0.561068
-0.31013
-0.086976
0.11208
0.290074
0.44958
0.59286
0.72171
0.837538
0.942425
1.0371
1.12186
1.19753
1.26461
1.32341
1.37434
1.41781
1.45403
1.48312
1.50531
1.52076
1.5298
1.53293
1.53079
1.52391
1.51275
1.4978
1.4798
1.45965
1.43818
1.41603
1.39368
1.37158
1.34999
1.32894
1.30835
1.288
1.26739
1.24663
1.22491
1.20169
1.17736
1.15174
1.12525
1.0987
1.07248
1.04701
1.02267
0.999028
0.975061
0.950015
0.923122
0.892675
0.85826
0.817506
0.772961
0.727203
0.68072
0.635671
0.592369
0.548447
0.504155
0.460687
0.418506
0.378596
0.339213
0.300095
0.261474
0.22157
0.180314
0.139728
0.101293
0.0639249
0.0330139
0.00627262
-0.000318954
-0.0195059
-18.2408
-18.283
-18.2877
-18.1003
-17.552
-16.6312
-15.4275
-14.0412
-12.5677
-11.0915
-9.68214
-8.37882
-7.19391
-6.13365
-5.19612
-4.3728
-3.65274
-3.02413
-2.47555
-1.99683
-1.57811
-1.21074
-0.887477
-0.602229
-0.34964
-0.125106
0.0752377
0.25442
0.414867
0.558976
0.688635
0.805289
0.910933
1.00649
1.09223
1.16873
1.23642
1.29562
1.34677
1.39023
1.42626
1.455
1.47667
1.49142
1.4996
1.50186
1.49892
1.49131
1.47951
1.464
1.44559
1.42525
1.40378
1.38178
1.35975
1.33808
1.31698
1.29648
1.27646
1.25667
1.23658
1.21609
1.19478
1.17191
1.14756
1.1222
1.096
1.06978
1.04399
1.0191
0.995504
0.97268
0.949536
0.925361
0.899252
0.869547
0.835327
0.794399
0.748777
0.701634
0.654536
0.609401
0.563621
0.51826
0.473367
0.4294
0.387516
0.347754
0.309142
0.270626
0.232359
0.193466
0.153113
0.113287
0.0757063
0.0396955
0.0109701
-0.0134935
-0.0121441
-0.0300908
-18.2532
-18.2831
-18.2567
-18.0427
-17.4895
-16.5781
-15.3898
-14.0224
-12.5683
-11.1093
-9.71374
-8.42059
-7.24213
-6.18518
-5.24868
-4.42478
-3.70302
-3.07208
-2.52096
-2.03982
-1.61886
-1.24943
-0.924377
-0.637585
-0.383691
-0.158091
0.0431177
0.223055
0.384123
0.528771
0.658973
0.776175
0.882337
0.978542
1.06504
1.1422
1.21045
1.27011
1.3215
1.36495
1.40079
1.42919
1.4504
1.46453
1.47197
1.47348
1.46987
1.46168
1.44935
1.43344
1.41483
1.39444
1.37307
1.35133
1.32965
1.30842
1.28781
1.26783
1.24833
1.22875
1.2092
1.18899
1.16795
1.14541
1.12123
1.09603
1.07007
1.04416
1.01881
0.994509
0.971627
0.949576
0.927176
0.903757
0.878357
0.849109
0.814928
0.773504
0.726624
0.678419
0.631756
0.584662
0.537003
0.490701
0.445287
0.401211
0.359543
0.320196
0.282196
0.244286
0.206286
0.168173
0.128578
0.0893369
0.052228
0.0175598
-0.0092418
-0.0320726
-0.024116
-0.0406407
-18.266
-18.2868
-18.2386
-18.0051
-17.448
-16.5434
-15.3665
-14.013
-12.5733
-11.1273
-9.74209
-8.45642
-7.28281
-6.22833
-5.29254
-4.4681
-3.74501
-3.11224
-2.55919
-2.07622
-1.65358
-1.28261
-0.956225
-0.668293
-0.413412
-0.186981
0.0149168
0.195449
0.357048
0.502144
0.632767
0.750419
0.857004
0.953583
1.04043
1.11795
1.18663
1.24669
1.29824
1.34165
1.37728
1.40537
1.42616
1.43974
1.44654
1.44743
1.44328
1.43462
1.42192
1.4058
1.38714
1.36683
1.34566
1.3243
1.303
1.2822
1.26211
1.24261
1.22322
1.20401
1.18496
1.1652
1.1444
1.12201
1.09798
1.07291
1.04719
1.0216
0.996691
0.972962
0.950779
0.929477
0.907768
0.884997
0.860242
0.831091
0.796683
0.754353
0.706116
0.658167
0.610452
0.561112
0.512402
0.465395
0.41973
0.375755
0.334435
0.295569
0.258059
0.220684
0.182953
0.14539
0.106324
0.0675227
0.0309428
-0.00284635
-0.0278614
-0.0498411
-0.036927
-0.0514456
-18.2794
-18.2936
-18.23
-17.9826
-17.4226
-16.5233
-15.3548
-14.0116
-12.5825
-11.1461
-9.76852
-8.48819
-7.31804
-6.26525
-5.32985
-4.50486
-3.78065
-3.14642
-2.59184
-2.10749
-1.68356
-1.31144
-0.984043
-0.695278
-0.439673
-0.212618
-0.0101829
0.170816
0.332923
0.478511
0.609507
0.727555
0.834496
0.931357
1.01847
1.09627
1.16519
1.22538
1.27693
1.3202
1.3556
1.38337
1.40375
1.41684
1.42309
1.42348
1.4189
1.40991
1.39703
1.38089
1.36229
1.34215
1.3212
1.3002
1.27949
1.25915
1.23955
1.22013
1.20104
1.18246
1.16382
1.14434
1.12372
1.10146
1.07756
1.05263
1.02714
1.00187
0.977386
0.954207
0.932707
0.91214
0.891063
0.868801
0.844444
0.815015
0.780046
0.736448
0.687754
0.639592
0.589708
0.539075
0.489702
0.442231
0.396574
0.352886
0.311943
0.273527
0.236417
0.199439
0.162044
0.12481
0.0860771
0.0475878
0.0115212
-0.0217638
-0.0454327
-0.0672776
-0.0503618
-0.0624714
-18.293
-18.3026
-18.2286
-17.9717
-17.41
-16.5146
-15.3524
-14.0167
-12.5953
-11.1657
-9.79374
-8.51707
-7.34914
-6.29735
-5.36203
-4.53647
-3.81131
-3.17587
-2.62005
-2.1346
-1.70966
-1.33657
-1.00825
-0.718756
-0.462566
-0.235022
-0.0321878
0.149147
0.311624
0.457606
0.588902
0.707265
0.814462
0.911527
0.998857
1.07682
1.14582
1.20598
1.25741
1.30048
1.3356
1.36302
1.38301
1.39568
1.40149
1.40149
1.39665
1.38752
1.37467
1.35866
1.34028
1.32042
1.29967
1.27837
1.25868
1.23904
1.21955
1.2004
1.18191
1.16374
1.14537
1.12612
1.10565
1.08351
1.05971
1.03492
1.00963
0.984653
0.960566
0.9379
0.917051
0.897191
0.876684
0.854854
0.830556
0.800228
0.764299
0.719395
0.671529
0.621411
0.57006
0.518712
0.468917
0.421347
0.375891
0.332562
0.291957
0.253886
0.217056
0.180346
0.143286
0.106188
0.0677265
0.0293967
-0.00638198
-0.0393673
-0.0621819
-0.0840457
-0.0639279
-0.0736904
-18.3064
-18.3132
-18.2325
-17.9695
-17.407
-16.5148
-15.3572
-14.0268
-12.6106
-11.186
-9.81786
-8.54364
-7.37708
-6.32579
-5.39031
-4.56414
-3.83811
-3.20161
-2.64472
-2.15834
-1.73252
-1.35856
-1.02934
-0.739062
-0.482198
-0.254033
-0.0506622
0.131135
0.293923
0.440076
0.571439
0.689799
0.796934
0.893944
0.981251
1.05918
1.12809
1.18809
1.23931
1.2821
1.31689
1.34396
1.36359
1.37591
1.38142
1.38119
1.37624
1.36717
1.35451
1.33879
1.32084
1.30166
1.28201
1.26303
1.24143
1.22144
1.20199
1.1833
1.16513
1.1472
1.12904
1.10997
1.08961
1.06756
1.04385
1.01916
0.994051
0.969318
0.945563
0.923326
0.903023
0.883745
0.863691
0.842317
0.81875
0.787371
0.748797
0.70394
0.65547
0.603642
0.551562
0.499816
0.449954
0.402631
0.357594
0.314772
0.274658
0.237039
0.200513
0.164038
0.127165
0.0900264
0.0516348
0.0132987
-0.0223763
-0.0553037
-0.0776492
-0.0995605
-0.0772394
-0.085174
-18.3213
-18.3259
-18.2407
-17.9739
-17.4111
-16.5213
-15.3669
-14.0401
-12.6273
-11.2058
-9.84024
-8.56748
-7.40167
-6.35055
-5.41479
-4.58805
-3.86133
-3.22407
-2.66646
-2.17957
-1.75335
-1.37916
-1.04977
-0.759415
-0.502564
-0.274425
-0.07111
0.110707
0.273631
0.420071
0.551854
0.670679
0.778284
0.875738
0.963445
1.04168
1.11074
1.17076
1.22188
1.26448
1.29903
1.32581
1.34516
1.35724
1.36251
1.3621
1.35703
1.3479
1.33519
1.31938
1.30122
1.28155
1.26115
1.24064
1.2221
1.20286
1.18438
1.16629
1.1486
1.13107
1.11324
1.09441
1.07421
1.05229
1.02872
1.00417
0.979243
0.954727
0.931218
0.909239
0.889152
0.869835
0.849347
0.82634
0.800276
0.771082
0.73267
0.687838
0.63803
0.585594
0.533099
0.481058
0.431115
0.383805
0.338768
0.295946
0.2558
0.218174
0.181729
0.145358
0.108614
0.0715119
0.0333039
-0.00499913
-0.0404432
-0.0734179
-0.0951602
-0.116824
-0.092602
-0.0986095
-18.3295
-18.334
-18.2475
-17.9799
-17.4182
-16.5306
-15.3787
-14.0543
-12.6437
-11.2241
-9.85963
-8.58712
-7.42109
-6.36932
-5.43258
-4.60464
-3.87665
-3.23805
-2.67919
-2.19121
-1.76398
-1.38885
-1.05864
-0.767647
-0.510254
-0.281674
-0.077997
0.104051
0.267071
0.413413
0.54492
0.663434
0.770656
0.867694
0.954967
1.03275
1.10136
1.16094
1.21163
1.25385
1.28808
1.31462
1.33383
1.34589
1.35127
1.35113
1.34643
1.33776
1.32557
1.31039
1.29294
1.27432
1.25507
1.23553
1.21551
1.19615
1.17742
1.15924
1.14153
1.12398
1.10613
1.08727
1.06703
1.04506
1.02145
0.996894
0.971995
0.947573
0.924243
0.902545
0.882875
0.864262
0.843939
0.822499
0.794819
0.763428
0.724666
0.67842
0.628128
0.575513
0.523045
0.471301
0.421806
0.374961
0.33038
0.287985
0.248202
0.21084
0.17453
0.138199
0.10146
0.0642849
0.0260031
-0.0123738
-0.0478734
-0.0809157
-0.102731
-0.124606
-0.100296
-0.103198
-18.3515
-18.3556
-18.2685
-18.0009
-17.4406
-16.555
-15.4049
-14.0821
-12.6724
-11.2536
-9.88936
-8.61639
-7.44978
-6.39724
-5.45965
-4.63089
-3.90216
-3.26292
-2.70353
-2.21524
-1.78777
-1.41245
-1.08215
-0.791104
-0.533695
-0.305111
-0.101466
0.0805689
0.243585
0.389948
0.521587
0.64015
0.747444
0.844544
0.931866
1.00963
1.07816
1.13761
1.18816
1.23024
1.26437
1.29082
1.30997
1.32206
1.32755
1.32755
1.32299
1.31442
1.30231
1.28717
1.26974
1.25074
1.23153
1.21182
1.19238
1.17328
1.15484
1.1369
1.1194
1.10204
1.08435
1.06563
1.0455
1.02363
1.0001
0.975625
0.950794
0.926402
0.903058
0.881248
0.861335
0.842135
0.821427
0.798792
0.771548
0.74046
0.701194
0.654955
0.604575
0.551925
0.499534
0.447902
0.398467
0.351667
0.307101
0.264728
0.224946
0.187591
0.151303
0.114984
0.0782998
0.041117
0.00289256
-0.0354818
-0.0709396
-0.103961
-0.125678
-0.147447
-0.122785
-0.131123
-18.3133
-18.3012
-18.3361
-18.3222
-18.3022
-18.2766
-18.2466
-18.2149
-18.1845
-18.157
-18.1329
-18.1128
-18.0972
-18.0887
-18.0883
-18.08
-18.7949
-18.7712
-18.7746
-18.7857
-18.7775
-18.754
-18.7242
-18.6926
-18.6617
-18.6332
-18.6085
-18.5885
-18.573
-18.5615
-18.5539
-18.5387
-19.246
-19.3136
-19.4018
-19.4352
-19.4347
-19.4151
-19.3861
-19.3547
-19.3249
-19.2986
-19.2767
-19.2599
-19.2488
-19.2428
-19.2376
-19.2257
-19.3154
-19.4074
-19.4576
-19.4827
-19.49
-19.4779
-19.4528
-19.4234
-19.3953
-19.3709
-19.351
-19.3358
-19.3254
-19.3193
-19.3146
-19.3018
-18.7465
-18.8077
-18.8435
-18.8721
-18.8825
-18.8746
-18.8549
-18.8288
-18.8022
-18.7764
-18.7522
-18.7306
-18.712
-18.6971
-18.6861
-18.6673
-17.6323
-17.6781
-17.7134
-17.7405
-17.7515
-17.7464
-17.7286
-17.7035
-17.6759
-17.648
-17.6205
-17.5939
-17.5687
-17.5462
-17.5279
-17.5035
-16.1446
-16.1753
-16.2015
-16.2213
-16.23
-16.2258
-16.2092
-16.1847
-16.1567
-16.1264
-16.0943
-16.0605
-16.0256
-15.9916
-15.9612
-15.9307
-14.4181
-14.4347
-14.4498
-14.4607
-14.4649
-14.4592
-14.442
-14.417
-14.3879
-14.3555
-14.3197
-14.2806
-14.2389
-14.197
-14.1591
-14.1246
-12.64
-12.6406
-12.6433
-12.6456
-12.6453
-12.6375
-12.6189
-12.5929
-12.5628
-12.5287
-12.4903
-12.4476
-12.4012
-12.3538
-12.3108
-12.2732
-10.9047
-10.8907
-10.882
-10.8765
-10.8713
-10.8598
-10.8388
-10.8115
-10.7804
-10.7453
-10.7055
-10.661
-10.6124
-10.5625
-10.5171
-10.4781
-9.30045
-9.27474
-9.2573
-9.24589
-9.23644
-9.22139
-9.19806
-9.16971
-9.13797
-9.10232
-9.06207
-9.01703
-8.96787
-8.91744
-8.87159
-8.83233
-7.85716
-7.82338
-7.79931
-7.78299
-7.76946
-7.75076
-7.72511
-7.69577
-7.66362
-7.62789
-7.5879
-7.54345
-7.49522
-7.44596
-7.40122
-7.3627
-6.58959
-6.5518
-6.52435
-6.50514
-6.48824
-6.46626
-6.4389
-6.40912
-6.37701
-6.34169
-6.30252
-6.25937
-6.2129
-6.16572
-6.12293
-6.08565
-5.49109
-5.45158
-5.4226
-5.40121
-5.38018
-5.35454
-5.32592
-5.29604
-5.26425
-5.22964
-5.19169
-5.1503
-5.10614
-5.06162
-5.02129
-4.98562
-4.54808
-4.50871
-4.47974
-4.45698
-4.43283
-4.40494
-4.37587
-4.34611
-4.31474
-4.28098
-4.24438
-4.2049
-4.16322
-4.12159
-4.08405
-4.0503
-3.74051
-3.70209
-3.67338
-3.64966
-3.62404
-3.59546
-3.56643
-3.53695
-3.50614
-3.47333
-3.4382
-3.40072
-3.3616
-3.32296
-3.28831
-3.25655
-3.05066
-3.01405
-2.98585
-2.96031
-2.93279
-2.9041
-2.87566
-2.84691
-2.81701
-2.78544
-2.75194
-2.71657
-2.67999
-2.6442
-2.61225
-2.58225
-2.4582
-2.42395
-2.3964
-2.36911
-2.34013
-2.31158
-2.28366
-2.25554
-2.22649
-2.19611
-2.16419
-2.13079
-2.09656
-2.06337
-2.03388
-2.00544
-1.94737
-1.91502
-1.88803
-1.86065
-1.83189
-1.80382
-1.77638
-1.74882
-1.72056
-1.69126
-1.66077
-1.62915
-1.59705
-1.56622
-1.53896
-1.51191
-1.506
-1.47514
-1.44755
-1.41948
-1.3912
-1.3639
-1.33717
-1.31036
-1.28301
-1.25484
-1.22576
-1.19584
-1.16571
-1.13699
-1.11175
-1.08591
-1.12225
-1.0928
-1.06448
-1.03561
-1.00778
-0.981161
-0.955094
-0.929003
-0.902522
-0.875431
-0.847644
-0.819259
-0.790856
-0.763986
-0.740502
-0.715681
-0.785619
-0.757085
-0.728979
-0.700484
-0.673229
-0.64712
-0.621549
-0.596042
-0.570295
-0.544126
-0.517468
-0.490418
-0.463521
-0.438245
-0.416303
-0.392342
-0.489574
-0.461395
-0.433409
-0.405462
-0.378794
-0.353184
-0.328102
-0.303158
-0.278098
-0.252773
-0.227135
-0.201278
-0.175712
-0.151832
-0.131258
-0.108034
-0.227979
-0.199444
-0.17114
-0.143809
-0.117843
-0.0928179
-0.0682864
-0.043937
-0.0195612
0.00495967
0.0296581
0.054444
0.078835
0.101482
0.120785
0.143579
0.00453304
0.0331514
0.061594
0.088481
0.113958
0.138543
0.162621
0.186454
0.210223
0.234027
0.257888
0.281724
0.305087
0.326667
0.344834
0.367305
0.212879
0.241004
0.268926
0.295337
0.320441
0.344687
0.368398
0.391803
0.415058
0.438246
0.461384
0.484399
0.506877
0.527563
0.544797
0.566821
0.399571
0.427289
0.454777
0.480807
0.505589
0.529525
0.552901
0.575916
0.598706
0.621344
0.643838
0.666127
0.687828
0.707738
0.724165
0.745792
0.567295
0.595164
0.622174
0.647719
0.672123
0.695729
0.718768
0.741411
0.763774
0.785914
0.807836
0.829483
0.850505
0.869744
0.885452
0.906744
0.718378
0.746557
0.773225
0.79837
0.822434
0.84572
0.868425
0.890703
0.912657
0.934333
0.955733
0.976804
0.997226
1.01588
1.03095
1.05196
0.854734
0.882556
0.908852
0.933757
0.957629
0.980711
1.00318
1.02518
1.04681
1.06811
1.08907
1.10965
1.12956
1.14772
1.16224
1.18301
0.978977
1.00613
1.03189
1.05644
1.08002
1.10284
1.12504
1.14675
1.16806
1.18899
1.20955
1.22969
1.24914
1.26687
1.28089
1.30146
1.09083
1.11753
1.14288
1.1671
1.19039
1.21293
1.23486
1.2563
1.27731
1.29792
1.31812
1.33787
1.35694
1.3743
1.38789
1.4083
1.1904
1.21685
1.24203
1.26609
1.28923
1.31161
1.33336
1.35459
1.37537
1.39572
1.41563
1.43506
1.4538
1.47086
1.48409
1.50436
1.27929
1.30554
1.3306
1.35457
1.37761
1.39987
1.42149
1.44257
1.46316
1.48329
1.50295
1.52211
1.54056
1.55737
1.57029
1.59044
1.35857
1.38463
1.40953
1.43338
1.45632
1.47849
1.5
1.52095
1.54139
1.56134
1.58079
1.59972
1.61794
1.63454
1.64719
1.66726
1.42928
1.45511
1.47984
1.50356
1.5264
1.54848
1.56989
1.59073
1.61104
1.63084
1.65012
1.66887
1.6869
1.70333
1.71578
1.73577
1.49185
1.51755
1.54218
1.56581
1.58857
1.61057
1.63191
1.65266
1.67288
1.69257
1.71173
1.73034
1.74823
1.76455
1.77683
1.79678
1.54729
1.57291
1.59749
1.62109
1.64382
1.66579
1.68708
1.70778
1.72794
1.74756
1.76664
1.78515
1.80295
1.81919
1.83136
1.85127
1.59637
1.62195
1.64652
1.67013
1.69287
1.71484
1.73614
1.75683
1.77696
1.79655
1.81558
1.83405
1.85179
1.86797
1.88006
1.89994
1.6391
1.66474
1.68936
1.71302
1.73581
1.75783
1.77916
1.79988
1.82002
1.83961
1.85864
1.87708
1.89479
1.91095
1.92297
1.94283
1.67606
1.70177
1.72648
1.75022
1.77308
1.79516
1.81654
1.83729
1.85747
1.87708
1.89611
1.91455
1.93225
1.9484
1.96036
1.98022
1.70734
1.73322
1.75807
1.78192
1.80488
1.82704
1.84849
1.8693
1.88952
1.90917
1.92823
1.94668
1.96438
1.98053
1.99244
2.01228
1.73306
1.75916
1.78419
1.8082
1.83128
1.85354
1.87507
1.89595
1.91623
1.93592
1.95501
1.97347
1.99117
2.00732
2.01917
2.03899
1.7532
1.77958
1.80483
1.82902
1.85224
1.87462
1.89625
1.9172
1.93754
1.95728
1.9764
1.99488
2.01257
2.0287
2.04048
2.06028
1.76781
1.79451
1.82002
1.8444
1.86779
1.8903
1.91202
1.93305
1.95344
1.97322
1.99235
2.01083
2.0285
2.0446
2.05627
2.07604
1.77694
1.80399
1.82976
1.85436
1.87791
1.90054
1.92236
1.94346
1.9639
1.98369
2.00283
2.02127
2.03889
2.05495
2.06648
2.0862
1.78062
1.80802
1.83407
1.8589
1.88263
1.90539
1.92731
1.94848
1.96896
1.98876
2.00787
2.02626
2.04379
2.05977
2.07111
2.09077
1.77951
1.80726
1.83359
1.85862
1.8825
1.90538
1.92737
1.94857
1.96904
1.98882
2.00786
2.02613
2.04354
2.05942
2.07052
2.09013
1.77389
1.80197
1.82855
1.85375
1.87776
1.9007
1.92272
1.94391
1.96434
1.98404
2.00297
2.02111
2.03835
2.0541
2.06492
2.08445
1.76373
1.79211
1.81892
1.8443
1.86841
1.89142
1.91346
1.93463
1.95501
1.97461
1.9934
2.01135
2.0284
2.044
2.05449
2.07393
1.74968
1.77832
1.80532
1.83083
1.85503
1.87807
1.9001
1.92122
1.9415
1.96096
1.97957
1.99729
2.01408
2.02953
2.03962
2.05898
1.73232
1.76116
1.78829
1.81389
1.83812
1.86116
1.88315
1.90418
1.92432
1.94361
1.962
1.97945
1.99596
2.01124
2.02088
2.04016
1.71231
1.74125
1.76845
1.79407
1.81829
1.84128
1.86318
1.88408
1.90406
1.92313
1.94126
1.9584
1.97458
1.98971
1.99883
2.01803
1.69035
1.71931
1.7465
1.77208
1.79623
1.81912
1.84087
1.86159
1.88134
1.90014
1.91795
1.93471
1.95052
1.96552
1.97407
1.9932
1.66701
1.69592
1.72305
1.74855
1.7726
1.79534
1.81692
1.83741
1.8569
1.87539
1.89285
1.9092
1.92459
1.93952
1.94744
1.96655
1.6429
1.67171
1.69872
1.72411
1.74802
1.77062
1.79201
1.81228
1.83151
1.84972
1.86684
1.88279
1.89774
1.91275
1.91987
1.93906
1.61839
1.64704
1.6739
1.69914
1.72291
1.74534
1.76655
1.78661
1.80559
1.82353
1.84036
1.85592
1.87031
1.88576
1.89206
1.91126
1.59362
1.62203
1.64868
1.67372
1.69729
1.71951
1.74048
1.76029
1.77899
1.79662
1.8132
1.82847
1.84172
1.85809
1.86328
1.88273
1.56871
1.59681
1.62317
1.64795
1.67127
1.69324
1.71395
1.73349
1.75188
1.76918
1.78541
1.80051
1.81369
1.82841
1.8346
1.8536
1.54372
1.57148
1.59754
1.62205
1.6451
1.6668
1.68725
1.7065
1.72462
1.74162
1.75749
1.77215
1.78554
1.79956
1.80636
1.82476
1.51871
1.54614
1.57192
1.59615
1.61896
1.64042
1.66063
1.67964
1.6975
1.71422
1.72977
1.74408
1.75756
1.77123
1.7778
1.79603
1.49378
1.52092
1.54648
1.57049
1.59308
1.61432
1.63431
1.6531
1.67072
1.68717
1.70246
1.71678
1.73016
1.74324
1.74981
1.76781
1.46887
1.49574
1.52108
1.54492
1.56733
1.58842
1.60824
1.62686
1.64429
1.66062
1.67596
1.69014
1.70319
1.71592
1.72245
1.74025
1.44372
1.47033
1.49549
1.51922
1.54153
1.56251
1.58223
1.60074
1.61817
1.63456
1.64971
1.66355
1.67636
1.68882
1.69527
1.71292
1.41801
1.44448
1.46947
1.49307
1.51533
1.53625
1.55594
1.57449
1.59189
1.60802
1.62285
1.63645
1.64905
1.66123
1.66756
1.68509
1.39148
1.41792
1.44284
1.46632
1.48847
1.50935
1.52899
1.54736
1.56445
1.58029
1.59488
1.60822
1.62055
1.63244
1.63862
1.65607
1.36422
1.39054
1.41534
1.43867
1.46061
1.48123
1.50058
1.51868
1.53551
1.55107
1.56533
1.5783
1.5903
1.60194
1.60798
1.62542
1.33605
1.36209
1.3866
1.40965
1.43131
1.45166
1.47071
1.48846
1.50491
1.52003
1.53382
1.54634
1.55798
1.56945
1.57535
1.59289
1.30695
1.3326
1.35674
1.37944
1.40077
1.42076
1.4394
1.45668
1.47258
1.48712
1.50035
1.51239
1.5237
1.53515
1.54091
1.55868
1.27734
1.30254
1.32626
1.34857
1.36948
1.38899
1.40708
1.42372
1.43897
1.45288
1.46557
1.47722
1.48829
1.49995
1.50553
1.52361
1.24736
1.27204
1.29526
1.31704
1.33738
1.35623
1.3736
1.38952
1.40409
1.41744
1.42973
1.44112
1.45207
1.46416
1.46964
1.48806
1.21683
1.24082
1.26336
1.28443
1.30399
1.32205
1.33864
1.35387
1.36787
1.38081
1.39288
1.40419
1.41505
1.42787
1.43314
1.45185
1.18559
1.20863
1.23024
1.25039
1.26906
1.28632
1.30223
1.3169
1.33049
1.34326
1.35539
1.36686
1.37755
1.39143
1.39608
1.41536
1.15257
1.17452
1.19512
1.21434
1.23223
1.2488
1.26417
1.27853
1.29203
1.30484
1.31719
1.32908
1.33958
1.35452
1.3594
1.37864
1.11642
1.13744
1.1572
1.17566
1.19292
1.20916
1.22447
1.23891
1.25263
1.26577
1.27844
1.29072
1.3021
1.31589
1.32177
1.34073
1.07815
1.09824
1.11728
1.1355
1.15276
1.16906
1.18453
1.1993
1.21345
1.22706
1.24021
1.25291
1.26493
1.27819
1.28444
1.30341
1.03821
1.05853
1.07786
1.09615
1.11358
1.13024
1.1462
1.16151
1.17625
1.19048
1.20418
1.21703
1.22928
1.24278
1.24943
1.26834
1.00091
1.02141
1.04099
1.05976
1.07777
1.09505
1.11165
1.12761
1.14279
1.15697
1.17034
1.18336
1.19615
1.20975
1.21666
1.23555
0.964781
0.986096
1.0065
1.02606
1.04478
1.06259
1.0792
1.09474
1.10969
1.1244
1.13873
1.15241
1.16556
1.17931
1.18635
1.20525
0.929614
0.951888
0.973002
0.992851
1.0113
1.02874
1.04581
1.06252
1.07864
1.09412
1.10893
1.12299
1.13644
1.15039
1.15744
1.17634
0.893636
0.916335
0.937492
0.957624
0.977241
0.996236
1.01444
1.03189
1.04861
1.06462
1.07988
1.09429
1.10794
1.12212
1.12903
1.14793
0.856266
0.8798
0.902434
0.924142
0.944844
0.96459
0.983445
1.00148
1.01874
1.03522
1.05084
1.06548
1.07918
1.09361
1.10022
1.11911
0.819574
0.844657
0.868417
0.890932
0.912315
0.932676
0.952099
0.970632
0.988299
1.0051
1.02096
1.03569
1.04923
1.06401
1.07001
1.08907
0.783336
0.809262
0.833719
0.856853
0.878793
0.899642
0.919475
0.938352
0.956287
0.973259
0.989204
1.00388
1.01691
1.03232
1.03754
1.05675
0.746668
0.773106
0.798039
0.821598
0.843927
0.865136
0.885273
0.904332
0.922309
0.939205
0.955053
0.969733
0.981744
0.998005
1.00253
1.02187
0.708632
0.735479
0.760809
0.78471
0.80725
0.828534
0.84866
0.867661
0.885507
0.902154
0.91765
0.932227
0.943804
0.959259
0.964235
0.983319
0.668633
0.695635
0.721005
0.744928
0.767519
0.788811
0.80882
0.827578
0.845109
0.86143
0.876509
0.890326
0.902774
0.917345
0.922616
0.941502
0.62614
0.653058
0.678377
0.702163
0.724515
0.745515
0.765223
0.783671
0.800871
0.816848
0.83163
0.845459
0.858102
0.872016
0.877524
0.896264
0.582417
0.609036
0.634042
0.657517
0.679542
0.70017
0.719454
0.73743
0.754158
0.769962
0.784922
0.798604
0.810932
0.824621
0.830174
0.848852
0.538674
0.564472
0.588749
0.611609
0.633125
0.65334
0.672283
0.690031
0.706843
0.722543
0.737007
0.750339
0.762595
0.776246
0.781853
0.800542
0.493084
0.518477
0.542463
0.565037
0.586201
0.606008
0.624772
0.642571
0.659087
0.674342
0.688541
0.701705
0.713822
0.727511
0.733013
0.751756
0.447328
0.472164
0.49558
0.517649
0.538439
0.55821
0.576818
0.59411
0.610266
0.625398
0.639577
0.652754
0.664855
0.678742
0.684214
0.703033
0.400256
0.424881
0.448134
0.470044
0.490764
0.510208
0.528322
0.545304
0.561258
0.576242
0.590308
0.603398
0.61531
0.629431
0.634714
0.653623
0.352508
0.376402
0.399079
0.420581
0.440877
0.459956
0.477899
0.494796
0.510707
0.5257
0.539838
0.553039
0.564847
0.579338
0.584402
0.603407
0.304223
0.327128
0.348876
0.369509
0.389055
0.407595
0.425212
0.441889
0.45762
0.472464
0.486519
0.499741
0.511131
0.526222
0.530857
0.550072
0.255489
0.277251
0.298016
0.317802
0.33662
0.354457
0.371373
0.387484
0.402833
0.417408
0.431291
0.444779
0.455184
0.471141
0.475315
0.494603
0.203983
0.223827
0.24289
0.261202
0.278786
0.295642
0.311746
0.327096
0.341728
0.355746
0.369231
0.382755
0.394042
0.408692
0.413833
0.432797
0.152704
0.170016
0.186902
0.203342
0.219332
0.234864
0.249925
0.264495
0.278567
0.292054
0.304805
0.316842
0.328045
0.341634
0.347743
0.366445
0.0851572
0.0964894
0.1077
0.11885
0.129967
0.141073
0.152185
0.163323
0.174473
0.185543
0.196466
0.207217
0.217606
0.229608
0.235331
0.253766
0.0446411
0.0518955
0.0594914
0.0673502
0.0754236
0.0836841
0.0921311
0.100808
0.109688
0.118674
0.127741
0.136912
0.146189
0.155981
0.164383
0.17676
)
;

boundaryField
{
    frontAndBack
    {
        type            empty;
    }
    inlet
    {
        type            zeroGradient;
    }
    outlet
    {
        type            fixedValue;
        value           uniform 0;
    }
    walls
    {
        type            zeroGradient;
    }
}


// ************************************************************************* //
