/*--------------------------------*- C++ -*----------------------------------*\
| =========                 |                                                 |
| \\      /  F ield         | OpenFOAM: The Open Source CFD Toolbox           |
|  \\    /   O peration     | Version:  v2012                                 |
|   \\  /    A nd           | Website:  www.openfoam.com                      |
|    \\/     M anipulation  |                                                 |
\*---------------------------------------------------------------------------*/
FoamFile
{
    version     2.0;
    format      ascii;
    class       Cloud<basicKinematicParcel>;
    location    "0.089/lagrangian/kinematicCloud";
    object      coordinates;
}
// * * * * * * * * * * * * * * * * * * * * * * * * * * * * * * * * * * * * * //

92
(
(0.17625 0.211036 0.200839 0.411875) 129 277 1
(0.189363 0.190202 0.215116 0.405319) 533 954 2
(0.0857613 0.457119 0.0801939 0.376925) 733 1352 1
(0.0467063 0.279894 0.196753 0.476647) 330 748 1
(0.0298603 0.48507 0.0974209 0.387649) 831 1746 1
(0.305743 0.108168 0.347129 0.23896) 730 1545 2
(0.401785 0.299107 0.0651694 0.233938) 214 517 2
(0.224894 0.329183 0.387553 0.0583703) 929 1938 1
(0.179281 0.410359 0.277063 0.133297) 928 1939 1
(0.458197 0.270902 0.206893 0.0640084) 527 942 1
(0.0233009 0.48835 0.301335 0.187015) 427 942 1
(0.507091 0.0194299 0.246454 0.227024) 325 736 1
(0.0939325 0.453034 0.401938 0.0510955) 94 7622 1
(0.0446792 0.20319 0.27447 0.47766) 3 7503 1
(0.0213214 0.349532 0.489339 0.139807) 1009 2089 1
(0.667004 0.166498 0.112552 0.0539464) 623 1133 1
(0.0211749 0.489413 0.0410246 0.448388) 219 525 2
(0.336816 0.331592 0.0677693 0.263823) 1020 2101 2
(0.69354 0.15323 0.0779997 0.0752303) 319 727 1
(0.00869485 0.495653 0.473006 0.0226471) 920 1922 2
(0.393398 0.122229 0.303301 0.181072) 820 1721 1
(0.623395 0.188303 0.0225542 0.165748) 1002 7630 1
(0.0193448 0.412633 0.490328 0.0776945) 818 1720 2
(0.399179 0.241541 0.0588697 0.30041) 315 520 2
(0.487146 0.256427 0.150907 0.10552) 517 922 1
(0.0422783 0.117926 0.478861 0.360935) 816 1716 2
(0.696536 0.151732 0.0805585 0.0711733) 314 714 2
(0.165318 0.417341 0.102714 0.314627) 916 1912 2
(0.435417 0.282291 0.224224 0.0580677) 104 203 1
(0.28841 0.355795 0.260004 0.0957905) 915 1913 1
(0.129073 0.435463 0.28232 0.153144) 3 7503 2
(0.187865 0.351063 0.0550044 0.406068) 209 507 1
(0.57589 0.212055 0.128378 0.0836771) 99 7627 1
(0.212046 0.393977 0.270801 0.123176) 712 1506 2
(0.449628 0.275186 0.218225 0.0569612) 411 711 1
(0.665097 0.167452 0.15354 0.0139117) 811 1507 1
(0.672144 0.0164848 0.163928 0.147443) 510 1107 2
(0.14226 0.278991 0.42887 0.149879) 510 1104 1
(0.705397 0.147302 0.067391 0.0799106) 809 1503 1
(0.476751 0.261624 0.26023 0.00139435) 6 7506 2
(0.00843245 0.495784 0.0239773 0.471806) 408 901 2
(0.194778 0.39966 0.402611 0.00295101) 707 1499 2
(0.256602 0.371699 0.194547 0.177152) 206 502 1
(0.220408 0.301992 0.389796 0.0878037) 306 698 1
(0.643648 0.178176 0.169799 0.00837722) 405 897 2
(0.420534 0.289733 0.169089 0.120644) 705 1492 2
(0.680029 0.159986 0.0745163 0.0854692) 904 1890 2
(0.271775 0.101183 0.364113 0.26293) 504 1092 1
(0.319177 0.258449 0.0819625 0.340412) 503 894 2
(0.0825972 0.458701 0.339033 0.119668) 803 1690 1
(0.203594 0.374535 0.0236683 0.398203) 202 197 2
(0.422935 0.288532 0.280913 0.00761993) 402 889 2
(0.361544 0.00101052 0.318217 0.319228) 901 1884 1
(0.521434 0.239283 0.0496211 0.189662) 4 7504 2
(0.204936 0.154939 0.242593 0.397532) 700 1484 1
(0.369693 0.244173 0.315153 0.0709806) 700 1485 2
(0.0741386 0.462931 0.132698 0.330232) 1000 1883 1
(0.0368607 0.309252 0.172318 0.48157) 59 98 2
(0.0895244 0.455238 0.436978 0.0182596) 39 78 1
(0.169485 0.228853 0.186404 0.415257) 58 97 2
(0.427744 0.158798 0.286128 0.12733) 88 174 1
(0.726609 0.136696 0.0795351 0.0571606) 57 114 2
(0.340877 0.255223 0.329562 0.0743385) 57 112 1
(0.404612 0.0671414 0.230553 0.297694) 86 153 2
(0.148168 0.425916 0.123849 0.302067) 95 184 2
(0.0140535 0.184161 0.308812 0.492973) 65 111 2
(0.849649 0.0207087 0.0751757 0.0544671) 25 48 1
(0.132452 0.309424 0.433774 0.12435) 4 6 1
(0.757185 0.0989779 0.0224295 0.121407) 34 68 1
(0.11767 0.441165 0.128935 0.31223) 44 89 1
(0.123625 0.438187 0.353278 0.0849096) 74 146 2
(0.469635 0.0653992 0.199783 0.265182) 63 107 2
(0.247693 0.376154 0.212687 0.163467) 13 7 1
(0.0197486 0.0247491 0.490126 0.465377) 73 144 1
(0.202564 0.132384 0.266334 0.398718) 92 165 2
(0.423475 0.0408423 0.288263 0.24742) 91 180 1
(0.318133 0.340934 0.17641 0.164524) 91 181 2
(0.311832 0.23283 0.111254 0.344084) 31 62 1
(0.893737 0.0274336 0.0256978 0.0531314) 91 163 2
(0.352311 0.323845 0.0337968 0.290048) 81 163 1
(0.190805 0.404598 0.179979 0.224619) 61 103 1
(0.336184 0.235486 0.331908 0.0964224) 61 120 1
(0.106044 0.268748 0.17823 0.446978) 50 100 1
(0.411499 0.29425 0.101388 0.192863) 60 120 2
(0.805461 0.0529667 0.0443028 0.0972695) 90 180 1
(0.230916 0.375358 0.384542 0.00918362) 30 61 2
(0.658942 0.170529 0.0985378 0.0719911) 50 101 1
(0.318009 0.340996 0.122865 0.21813) 40 81 1
(0.369146 0.315427 0.134589 0.180838) 60 7478 1
(0.353687 0.323156 0.256769 0.0663877) 20 7474 1
(0.368545 0.192518 0.315728 0.123209) 30 7475 2
(0.0601213 0.469939 0.186317 0.283623) 90 161 1
)


// ************************************************************************* //
