/*--------------------------------*- C++ -*----------------------------------*\
| =========                 |                                                 |
| \\      /  F ield         | OpenFOAM: The Open Source CFD Toolbox           |
|  \\    /   O peration     | Version:  v2012                                 |
|   \\  /    A nd           | Website:  www.openfoam.com                      |
|    \\/     M anipulation  |                                                 |
\*---------------------------------------------------------------------------*/
FoamFile
{
    version     2.0;
    format      ascii;
    class       vectorField;
    location    "0.089/lagrangian/kinematicCloud";
    object      UCorrect;
}
// * * * * * * * * * * * * * * * * * * * * * * * * * * * * * * * * * * * * * //


92
(
(0 0 0)
(-2.60021e-25 -4.3192e-29 0)
(-2.58405e-25 -2.5351e-29 0)
(-2.68768e-25 -7.28874e-29 0)
(0 0 0)
(0 0 0)
(-4.11554e-25 6.9206e-26 0)
(-2.48124e-25 2.68831e-29 0)
(0 0 0)
(-2.65695e-25 2.8459e-28 0)
(-2.6651e-25 3.45176e-28 0)
(-2.76519e-25 5.167e-28 0)
(-9.38662e-28 5.92454e-32 0)
(3.80481e-10 5.29305e-14 0)
(0 0 0)
(-2.70045e-25 1.29206e-27 0)
(0 0 0)
(0 0 0)
(0 0 0)
(-2.67273e-25 1.09628e-27 0)
(0 0 0)
(0 0 0)
(0 0 0)
(0 0 0)
(-3.13847e-25 1.72891e-26 0)
(-3.28795e-25 7.89557e-27 0)
(-4.32644e-25 7.38847e-26 0)
(-3.49289e-25 8.51829e-27 0)
(0 0 0)
(0 0 0)
(-3.82949e-10 -5.32753e-14 0)
(0 0 0)
(0 0 0)
(-6.83323e-25 7.28938e-26 0)
(0 0 0)
(0 0 0)
(-7.19676e-10 9.70275e-11 0)
(4.78417e-10 -6.58296e-11 0)
(0 0 0)
(0 0 0)
(0 0 0)
(0 0 0)
(0 0 0)
(0 0 0)
(-1.34374e-24 -3.27782e-26 0)
(-1.41238e-24 -3.19466e-26 0)
(-1.35135e-24 -2.06303e-26 0)
(-1.33682e-24 -9.00523e-26 0)
(0 0 0)
(0 0 0)
(0 0 0)
(-1.01957e-24 -1.56602e-25 0)
(0 0 0)
(5.353e-08 4.32636e-12 0)
(-6.28679e-10 -2.80302e-11 0)
(4.3156e-10 1.81417e-11 0)
(0 0 0)
(0 0 0)
(0 0 0)
(0 0 0)
(0 0 0)
(-7.71406e-10 -6.95298e-12 0)
(5.3698e-10 4.85466e-12 0)
(0 0 0)
(0 0 0)
(0 0 0)
(0 0 0)
(-5.43184e-08 -4.52236e-12 0)
(0 0 0)
(0 0 0)
(0 0 0)
(0 0 0)
(0 0 0)
(0 0 0)
(-2.89748e-25 3.07792e-29 0)
(6.4788e-08 -1.2349e-11 0)
(-5.79613e-08 7.54712e-12 0)
(0 0 0)
(-9.62516e-09 5.46371e-12 0)
(0 0 0)
(-9.37203e-10 1.14156e-13 0)
(6.53511e-10 -9.66305e-14 0)
(-1.35694e-08 1.84978e-12 0)
(-2.12946e-08 5.66534e-13 0)
(-2.44354e-08 2.91542e-12 0)
(-2.18387e-08 2.75093e-13 0)
(1.24009e-08 -1.75567e-12 0)
(0 0 0)
(1.98119e-08 -5.5399e-13 0)
(0 0 0)
(2.03207e-08 -2.49638e-13 0)
(2.30217e-08 -2.77084e-12 0)
)


// ************************************************************************* //
