/*--------------------------------*- C++ -*----------------------------------*\
| =========                 |                                                 |
| \\      /  F ield         | OpenFOAM: The Open Source CFD Toolbox           |
|  \\    /   O peration     | Version:  v2012                                 |
|   \\  /    A nd           | Website:  www.openfoam.com                      |
|    \\/     M anipulation  |                                                 |
\*---------------------------------------------------------------------------*/
FoamFile
{
    version     2.0;
    format      ascii;
    class       Cloud<basicKinematicParcel>;
    location    "0.148/lagrangian/kinematicCloud";
    object      coordinates;
}
// * * * * * * * * * * * * * * * * * * * * * * * * * * * * * * * * * * * * * //

54
(
(0.480989 0.139047 0.259505 0.120459) 2050 4051 2
(0.186008 0.406996 0.0355959 0.3714) 2763 5519 2
(0.0839588 0.458021 0.0325408 0.42548) 3062 5916 1
(0.79506 0.099657 0.00281294 0.10247) 2457 4712 2
(0.272809 0.216605 0.363595 0.14699) 3254 6497 2
(0.438436 0.280782 0.136381 0.144401) 3058 6104 2
(0.536635 0.0932354 0.138447 0.231683) 2004 3912 1
(0.221523 0.33073 0.0585091 0.389239) 3544 6875 2
(0.137399 0.4313 0.402379 0.0289209) 3444 6875 1
(0.518079 0.22441 0.0165501 0.24096) 2652 5298 1
(0.0352908 0.232073 0.482355 0.250282) 2753 5500 2
(0.046316 0.476842 0.0986332 0.378209) 2346 4690 1
(0.25377 0.373115 0.0888391 0.284276) 3820 7622 2
(0.596536 0.201732 0.0257871 0.175945) 2019 3958 1
(0.161108 0.160453 0.258993 0.419446) 3723 7429 1
(0.081029 0.459486 0.288838 0.170647) 2847 5687 1
(0.0710517 0.464474 0.185828 0.278647) 2233 4462 2
(0.420986 0.0620355 0.227471 0.289507) 3724 7233 2
(0.378862 0.310569 0.234204 0.0763651) 2438 4873 1
(0.220831 0.389584 0.0655041 0.32408) 3533 6853 1
(0.196714 0.401643 0.28346 0.118183) 3238 6464 2
(0.665399 0.167301 0.106013 0.0612879) 3624 7233 1
(0.53539 0.0466423 0.232305 0.185662) 3235 6459 2
(0.262245 0.368878 0.236144 0.132733) 2430 4658 1
(0.316637 0.181983 0.341681 0.159698) 2736 5466 2
(0.652519 0.158083 0.173741 0.015658) 3233 6452 1
(0.177007 0.411496 0.387648 0.023848) 2324 4645 2
(0.169084 0.415458 0.250684 0.164774) 3329 6646 1
(0.128091 0.0257761 0.435955 0.410179) 2112 4221 1
(0.224045 0.387978 0.256872 0.131106) 3426 6838 2
(0.151603 0.424199 0.174131 0.250067) 45 22265 2
(0.770277 0.0511546 0.114862 0.063707) 2215 4429 2
(0.0376628 0.271797 0.209372 0.481169) 1896 3792 1
(0.15572 0.42214 0.269484 0.152656) 3027 6042 2
(0.09575 0.452125 0.370275 0.0818498) 2524 5044 1
(0.527095 0.236452 0.186666 0.0497867) 3224 6238 1
(0.433708 0.283146 0.128939 0.154206) 2723 5241 1
(0.218959 0.39052 0.0211064 0.369414) 2822 5636 2
(0.800053 0.0999735 0.0938235 0.00615002) 3220 6230 1
(0.241374 0.379313 0.256411 0.122902) 192 185 1
(0.218811 0.0471442 0.390594 0.34345) 2617 5229 2
(0.0408758 0.479562 0.434904 0.0446583) 3217 6420 2
(0.190555 0.404722 0.00499709 0.399725) 2613 5220 2
(0.793095 0.103452 0.0926559 0.0107965) 2511 5017 2
(0.322131 0.338935 0.0866118 0.252323) 2712 5417 2
(0.332123 0.222365 0.333938 0.111573) 3112 6211 1
(0.189605 0.287318 0.405197 0.117879) 3407 6798 1
(0.243779 0.367761 0.0103491 0.37811) 2909 5809 1
(0.286088 0.356956 0.249165 0.107791) 2808 5606 2
(0.392821 0.245895 0.30359 0.0576942) 3305 6595 1
(0.465019 0.110459 0.26749 0.157031) 398 794 1
(0.245085 0.377458 0.0650573 0.3124) 2804 5402 1
(0.234489 0.382756 0.0303239 0.352432) 1598 3194 2
(0.345024 0.327488 0.120519 0.206969) 290 578 2
)


// ************************************************************************* //
