/*--------------------------------*- C++ -*----------------------------------*\
| =========                 |                                                 |
| \\      /  F ield         | OpenFOAM: The Open Source CFD Toolbox           |
|  \\    /   O peration     | Version:  v2012                                 |
|   \\  /    A nd           | Website:  www.openfoam.com                      |
|    \\/     M anipulation  |                                                 |
\*---------------------------------------------------------------------------*/
FoamFile
{
    version     2.0;
    format      ascii;
    class       volScalarField;
    location    "0.333";
    object      p;
}
// * * * * * * * * * * * * * * * * * * * * * * * * * * * * * * * * * * * * * //

dimensions      [0 2 -2 0 0 0 0];


internalField   nonuniform List<scalar> 
5600
(
-0.671307
-1.12946
-1.50991
-1.82843
-2.13928
-2.44952
-2.75088
-3.03262
-3.2957
-3.54585
-3.78242
-4.0071
-4.22154
-4.42784
-4.62805
-4.82388
-5.01616
-5.2059
-5.39307
-5.57802
-5.76081
-5.94113
-6.11889
-6.29519
-6.47002
-6.64355
-6.81582
-6.98707
-7.15785
-7.32808
-7.49783
-7.66677
-7.83497
-8.00272
-8.17002
-8.33661
-8.50269
-8.66808
-8.83295
-8.99713
-9.16076
-9.32382
-9.48623
-9.64794
-9.80919
-9.96988
-10.1301
-10.2898
-10.4491
-10.6078
-10.7661
-10.9239
-11.0813
-11.2382
-11.3947
-11.5508
-11.7065
-11.8617
-12.0165
-12.1707
-12.3247
-12.4783
-12.6315
-12.7843
-12.9368
-13.0889
-13.2406
-13.3919
-13.543
-13.6937
-13.8442
-13.9943
-14.1442
-14.2937
-14.443
-14.592
-14.7407
-14.8892
-15.0373
-15.1854
-15.3331
-15.4807
-15.628
-15.7752
-15.9221
-16.0688
-16.2154
-16.3619
-16.5081
-16.654
-16.7998
-16.9453
-17.0913
-17.237
-17.3834
-17.53
-17.6791
-17.832
-17.988
-18.2264
-0.730342
-1.14964
-1.52652
-1.84625
-2.15727
-2.46785
-2.76914
-3.05114
-3.31457
-3.56478
-3.80157
-4.02655
-4.24132
-4.44799
-4.64856
-4.84471
-5.03728
-5.22727
-5.41461
-5.59963
-5.78264
-5.96306
-6.14087
-6.31729
-6.49226
-6.66591
-6.83828
-7.00961
-7.18049
-7.35081
-7.52065
-7.68965
-7.85787
-8.02566
-8.19299
-8.35961
-8.52573
-8.69115
-8.85605
-9.02026
-9.18393
-9.34701
-9.50947
-9.67119
-9.83247
-9.99317
-10.1534
-10.3131
-10.4724
-10.6311
-10.7894
-10.9473
-11.1047
-11.2615
-11.418
-11.574
-11.7298
-11.8849
-12.0397
-12.194
-12.3479
-12.5015
-12.6547
-12.8075
-12.96
-13.112
-13.2638
-13.4151
-13.5662
-13.7169
-13.8673
-14.0174
-14.1673
-14.3169
-14.4661
-14.6151
-14.7638
-14.9123
-15.0604
-15.2085
-15.3562
-15.5038
-15.6511
-15.7983
-15.9452
-16.0919
-16.2384
-16.385
-16.5311
-16.6772
-16.8227
-16.9686
-17.1141
-17.2605
-17.4058
-17.5541
-17.7002
-17.8571
-18.0081
-18.2388
-0.768588
-1.16227
-1.53927
-1.85961
-2.16848
-2.47656
-2.77677
-3.05836
-3.32156
-3.57144
-3.80796
-4.03302
-4.24783
-4.45448
-4.65507
-4.85125
-5.04382
-5.23384
-5.42117
-5.60623
-5.78921
-5.96969
-6.14766
-6.32413
-6.49901
-6.67263
-6.84493
-7.01627
-7.18704
-7.35733
-7.52708
-7.69604
-7.8643
-8.0321
-8.19941
-8.36602
-8.53211
-8.6975
-8.86237
-9.02653
-9.19014
-9.35317
-9.51554
-9.67719
-9.83839
-9.9991
-10.1594
-10.319
-10.4783
-10.6371
-10.7954
-10.9532
-11.1106
-11.2675
-11.4241
-11.5802
-11.736
-11.8912
-12.0461
-12.2004
-12.3544
-12.5081
-12.6613
-12.8142
-12.9667
-13.1188
-13.2706
-13.4219
-13.5731
-13.7238
-13.8743
-14.0244
-14.1743
-14.3239
-14.4732
-14.6222
-14.771
-14.9195
-15.0676
-15.2157
-15.3634
-15.5111
-15.6584
-15.8056
-15.9525
-16.0993
-16.2458
-16.3924
-16.5385
-16.6846
-16.8301
-16.976
-17.1215
-17.2679
-17.4132
-17.5616
-17.7081
-17.8657
-18.0157
-18.238
-0.817312
-1.17875
-1.55466
-1.87646
-2.18405
-2.4912
-2.79177
-3.07399
-3.33782
-3.58803
-3.82512
-4.05019
-4.26548
-4.47233
-4.67297
-4.86908
-5.06151
-5.25127
-5.43831
-5.62305
-5.80587
-5.98627
-6.16426
-6.34082
-6.51581
-6.68972
-6.86239
-7.03407
-7.20507
-7.37559
-7.54551
-7.71462
-7.88288
-8.05076
-8.21814
-8.38484
-8.55101
-8.7165
-8.88147
-9.04576
-9.20951
-9.3727
-9.53525
-9.6971
-9.85848
-10.0192
-10.1795
-10.3393
-10.4986
-10.6574
-10.8158
-10.9737
-11.1312
-11.2881
-11.4446
-11.6006
-11.7563
-11.9115
-12.0661
-12.2204
-12.3744
-12.5279
-12.6811
-12.8339
-12.9863
-13.1383
-13.2901
-13.4414
-13.5924
-13.7431
-13.8936
-14.0437
-14.1935
-14.3431
-14.4923
-14.6413
-14.79
-14.9385
-15.0867
-15.2347
-15.3824
-15.53
-15.6773
-15.8245
-15.9714
-16.1181
-16.2647
-16.4112
-16.5573
-16.7034
-16.849
-16.9947
-17.1405
-17.2865
-17.4322
-17.5797
-17.7269
-17.8824
-18.0373
-18.2385
-0.866939
-1.19587
-1.5704
-1.89465
-2.20065
-2.50695
-2.80723
-3.08926
-3.35312
-3.60313
-3.84044
-4.06528
-4.28076
-4.48784
-4.68867
-4.88495
-5.07758
-5.26746
-5.45464
-5.63948
-5.82227
-6.00269
-6.18066
-6.35707
-6.5319
-6.70562
-6.87807
-7.04958
-7.22033
-7.39075
-7.56057
-7.72967
-7.898
-8.06597
-8.23334
-8.40009
-8.56623
-8.73174
-8.89666
-9.06093
-9.22459
-9.38771
-9.5501
-9.7119
-9.87317
-10.0339
-10.1941
-10.3538
-10.5131
-10.6718
-10.8301
-10.988
-11.1453
-11.3022
-11.4587
-11.6148
-11.7706
-11.9259
-12.0807
-12.2351
-12.389
-12.5427
-12.6961
-12.849
-13.0015
-13.1536
-13.3054
-13.4568
-13.6079
-13.7587
-13.9092
-14.0594
-14.2093
-14.3588
-14.5081
-14.6572
-14.806
-14.9545
-15.1027
-15.2507
-15.3985
-15.5461
-15.6934
-15.8406
-15.9876
-16.1343
-16.2809
-16.4273
-16.5736
-16.7196
-16.8653
-17.011
-17.1568
-17.3028
-17.4485
-17.596
-17.743
-17.8981
-18.05
-18.244
-0.916975
-1.21519
-1.58769
-1.9149
-2.21928
-2.52461
-2.82452
-3.10657
-3.37066
-3.62085
-3.85841
-4.08359
-4.29934
-4.50669
-4.70773
-4.90413
-5.09686
-5.28674
-5.47397
-5.65885
-5.84144
-6.02186
-6.1999
-6.37634
-6.55124
-6.725
-6.8975
-7.06905
-7.23984
-7.41012
-7.57996
-7.74899
-7.9173
-8.08514
-8.25241
-8.41906
-8.58513
-8.75059
-8.91545
-9.07971
-9.24335
-9.40668
-9.56914
-9.73103
-9.89235
-10.0532
-10.2135
-10.3733
-10.5326
-10.6914
-10.8498
-11.0077
-11.1652
-11.3221
-11.4786
-11.6348
-11.7906
-11.9458
-12.1006
-12.255
-12.409
-12.5626
-12.7157
-12.8685
-13.021
-13.1731
-13.3249
-13.4762
-13.6273
-13.778
-13.9285
-14.0786
-14.2285
-14.3781
-14.5273
-14.6764
-14.8252
-14.9737
-15.1219
-15.2699
-15.4177
-15.5653
-15.7126
-15.8598
-16.0067
-16.1535
-16.3
-16.4465
-16.5928
-16.7388
-16.8845
-17.0302
-17.1759
-17.3219
-17.4676
-17.6149
-17.7617
-17.9155
-18.0663
-18.2512
-0.966394
-1.23701
-1.60676
-1.93719
-2.2401
-2.54439
-2.84401
-3.12615
-3.39042
-3.64073
-3.87839
-4.10383
-4.31966
-4.52717
-4.72833
-4.92482
-5.11763
-5.30754
-5.4948
-5.67969
-5.86228
-6.04273
-6.22084
-6.3973
-6.57225
-6.74599
-6.91853
-7.09008
-7.26097
-7.43115
-7.601
-7.77004
-7.93839
-8.10621
-8.2735
-8.44014
-8.60619
-8.77164
-8.93645
-9.1007
-9.2643
-9.42757
-9.59
-9.7518
-9.91305
-10.0738
-10.234
-10.3937
-10.553
-10.7118
-10.8701
-11.028
-11.1854
-11.3424
-11.4989
-11.655
-11.8109
-11.9661
-12.1209
-12.2753
-12.4293
-12.5829
-12.7362
-12.889
-13.0416
-13.1937
-13.3454
-13.4968
-13.6479
-13.7987
-13.9492
-14.0993
-14.2492
-14.3988
-14.5481
-14.6972
-14.846
-14.9944
-15.1427
-15.2907
-15.4385
-15.5861
-15.7335
-15.8807
-16.0276
-16.1744
-16.3209
-16.4674
-16.6137
-16.7597
-16.9054
-17.0511
-17.1969
-17.3428
-17.4885
-17.6355
-17.7821
-17.9343
-18.0834
-18.2585
-1.01337
-1.2615
-1.62817
-1.96166
-2.26336
-2.56665
-2.86606
-3.14827
-3.41265
-3.66306
-3.90081
-4.12648
-4.34239
-4.55008
-4.7514
-4.94801
-5.1409
-5.33086
-5.51816
-5.70306
-5.88567
-6.06608
-6.24423
-6.4207
-6.59568
-6.76941
-6.94197
-7.11354
-7.28445
-7.45466
-7.62448
-7.79352
-7.9619
-8.12971
-8.297
-8.46364
-8.62969
-8.79514
-8.95995
-9.12426
-9.2879
-9.45102
-9.61347
-9.77527
-9.93655
-10.0973
-10.2575
-10.4172
-10.5765
-10.7352
-10.8935
-11.0514
-11.2087
-11.3658
-11.5223
-11.6784
-11.8341
-11.9893
-12.1441
-12.2985
-12.4525
-12.606
-12.7592
-12.9121
-13.0646
-13.2167
-13.3685
-13.5199
-13.671
-13.8218
-13.9723
-14.1225
-14.2724
-14.4219
-14.5712
-14.7203
-14.8692
-15.0176
-15.1659
-15.3139
-15.4617
-15.6092
-15.7566
-15.9038
-16.0507
-16.1975
-16.344
-16.4905
-16.6368
-16.7828
-16.9285
-17.0743
-17.22
-17.3659
-17.5115
-17.6581
-17.8044
-17.9548
-18.1017
-18.2664
-1.05635
-1.28857
-1.6525
-1.98844
-2.28926
-2.59173
-2.891
-3.17323
-3.43769
-3.6882
-3.92603
-4.15187
-4.36785
-4.57569
-4.77712
-4.9738
-5.16674
-5.35671
-5.54402
-5.72894
-5.91154
-6.09191
-6.27008
-6.44657
-6.62158
-6.79532
-6.96789
-7.13948
-7.31042
-7.48065
-7.65043
-7.81947
-7.98786
-8.15568
-8.32296
-8.4896
-8.65565
-8.8211
-8.98591
-9.15023
-9.31387
-9.47694
-9.63942
-9.80124
-9.96252
-10.1232
-10.2835
-10.4432
-10.6024
-10.7612
-10.9195
-11.0774
-11.2347
-11.3918
-11.5483
-11.7044
-11.86
-12.0152
-12.1701
-12.3244
-12.4783
-12.6319
-12.7851
-12.9379
-13.0904
-13.2424
-13.3942
-13.5457
-13.6968
-13.8475
-13.998
-14.1481
-14.298
-14.4476
-14.5968
-14.7458
-14.8946
-15.0431
-15.1914
-15.3394
-15.4872
-15.6347
-15.7821
-15.9293
-16.0762
-16.223
-16.3695
-16.516
-16.6624
-16.8083
-16.9541
-17.0998
-17.2455
-17.3913
-17.5369
-17.6832
-17.8288
-17.9773
-18.1214
-18.2749
-1.09353
-1.31777
-1.68034
-2.01772
-2.318
-2.62003
-2.91926
-3.20145
-3.46595
-3.71654
-3.95443
-4.18035
-4.39637
-4.60427
-4.80577
-5.00249
-5.19548
-5.38547
-5.57279
-5.75774
-5.94033
-6.12065
-6.29885
-6.47535
-6.65038
-6.82411
-6.99668
-7.16828
-7.33925
-7.50951
-7.67923
-7.84828
-8.01668
-8.18451
-8.35178
-8.51843
-8.68447
-8.84993
-9.01473
-9.17906
-9.34271
-9.50577
-9.66825
-9.83007
-9.99134
-10.1521
-10.3123
-10.472
-10.6312
-10.79
-10.9483
-11.1062
-11.2635
-11.4206
-11.5771
-11.7332
-11.8888
-12.0441
-12.1989
-12.3532
-12.5072
-12.6607
-12.8139
-12.9667
-13.1192
-13.2713
-13.4231
-13.5745
-13.7256
-13.8764
-14.0267
-14.177
-14.3268
-14.4764
-14.6256
-14.7746
-14.9234
-15.0719
-15.2201
-15.368
-15.5158
-15.6634
-15.8107
-15.9579
-16.1048
-16.2515
-16.398
-16.5445
-16.6908
-16.8368
-16.9825
-17.1283
-17.2739
-17.4196
-17.5651
-17.7109
-17.8559
-18.0022
-18.143
-18.2853
-1.12089
-1.34706
-1.71076
-2.04807
-2.34823
-2.65042
-2.94972
-3.23178
-3.49628
-3.74693
-3.9848
-4.21071
-4.42672
-4.63461
-4.83611
-5.03285
-5.22584
-5.41583
-5.60314
-5.78812
-5.97069
-6.15096
-6.32915
-6.50566
-6.6807
-6.85442
-7.02698
-7.19857
-7.36958
-7.53985
-7.70953
-7.87858
-8.047
-8.21483
-8.38209
-8.54875
-8.71479
-8.88024
-9.04503
-9.2094
-9.37305
-9.53608
-9.69855
-9.86039
-10.0217
-10.1824
-10.3426
-10.5023
-10.6616
-10.8203
-10.9786
-11.1365
-11.2938
-11.4509
-11.6074
-11.7635
-11.9192
-12.0744
-12.2292
-12.3835
-12.5375
-12.6911
-12.8442
-12.9971
-13.1495
-13.3016
-13.4534
-13.6048
-13.7559
-13.9067
-14.0571
-14.2073
-14.3571
-14.5067
-14.6559
-14.8049
-14.9537
-15.1021
-15.2503
-15.3983
-15.5461
-15.6937
-15.841
-15.9882
-16.1351
-16.2818
-16.4284
-16.5749
-16.7212
-16.8671
-17.0129
-17.1586
-17.3042
-17.4499
-17.5952
-17.7406
-17.8848
-18.0289
-18.1664
-18.299
-1.13567
-1.37371
-1.74082
-2.07653
-2.37701
-2.67996
-2.97944
-3.26127
-3.52575
-3.77643
-4.01421
-4.24002
-4.45595
-4.66375
-4.86521
-5.06191
-5.25488
-5.44486
-5.63214
-5.81715
-5.99969
-6.1799
-6.35808
-6.53459
-6.70963
-6.88334
-7.05589
-7.22746
-7.39852
-7.56879
-7.73844
-7.90748
-8.07592
-8.24376
-8.41101
-8.57767
-8.7437
-8.90916
-9.07392
-9.23833
-9.40197
-9.56498
-9.72744
-9.88928
-10.0506
-10.2113
-10.3715
-10.5312
-10.6905
-10.8492
-11.0075
-11.1654
-11.3228
-11.4799
-11.6364
-11.7924
-11.9481
-12.1033
-12.2581
-12.4124
-12.5664
-12.7199
-12.8731
-13.0259
-13.1784
-13.3305
-13.4823
-13.6337
-13.7848
-13.9356
-14.086
-14.2363
-14.3861
-14.5357
-14.6849
-14.8339
-14.9827
-15.1312
-15.2795
-15.4275
-15.5753
-15.7229
-15.8702
-16.0174
-16.1643
-16.311
-16.4577
-16.6042
-16.7505
-16.8965
-17.0424
-17.1881
-17.3337
-17.4792
-17.6244
-17.7694
-17.913
-18.0551
-18.1897
-18.3149
-1.13939
-1.39728
-1.76886
-2.10188
-2.40307
-2.70713
-3.00685
-3.28841
-3.55285
-3.80355
-4.04119
-4.26684
-4.48266
-4.6903
-4.89165
-5.08829
-5.28122
-5.47119
-5.65844
-5.84348
-6.02599
-6.20613
-6.38428
-6.56079
-6.73582
-6.9095
-7.08203
-7.25357
-7.42469
-7.59494
-7.76457
-7.9336
-8.10205
-8.26989
-8.43714
-8.60381
-8.76984
-8.9353
-9.10005
-9.26451
-9.42813
-9.59113
-9.75358
-9.91542
-10.0767
-10.2374
-10.3976
-10.5573
-10.7166
-10.8753
-11.0336
-11.1915
-11.3489
-11.506
-11.6625
-11.8186
-11.9742
-12.1295
-12.2843
-12.4387
-12.5926
-12.7462
-12.8994
-13.0523
-13.2047
-13.3569
-13.5087
-13.6601
-13.8113
-13.962
-14.1126
-14.2628
-14.4126
-14.5622
-14.7115
-14.8606
-15.0094
-15.1579
-15.3061
-15.4541
-15.6019
-15.7495
-15.8968
-16.0439
-16.1908
-16.3375
-16.4841
-16.6305
-16.7767
-16.9227
-17.0686
-17.2144
-17.36
-17.5056
-17.6507
-17.7954
-17.9382
-18.0791
-18.2115
-18.3313
-1.13431
-1.4186
-1.79482
-2.12453
-2.42677
-2.73212
-3.03212
-3.31334
-3.5777
-3.8284
-4.06589
-4.29133
-4.50703
-4.7145
-4.91571
-5.11226
-5.30513
-5.49508
-5.68227
-5.86736
-6.04983
-6.22991
-6.40803
-6.58454
-6.75956
-6.93322
-7.10572
-7.27721
-7.44839
-7.61861
-7.78823
-7.95725
-8.12571
-8.29353
-8.46079
-8.62742
-8.79346
-8.95885
-9.12366
-9.28813
-9.45174
-9.61474
-9.7772
-9.93904
-10.1003
-10.2611
-10.4213
-10.5811
-10.7403
-10.8991
-11.0574
-11.2152
-11.3728
-11.5299
-11.6865
-11.8426
-11.9983
-12.1535
-12.3084
-12.4628
-12.6168
-12.7704
-12.9236
-13.0764
-13.2289
-13.3809
-13.5327
-13.6842
-13.8353
-13.986
-14.1366
-14.2868
-14.4366
-14.5862
-14.7355
-14.8845
-15.0333
-15.1819
-15.3301
-15.4781
-15.6259
-15.7735
-15.9209
-16.068
-16.215
-16.3618
-16.5085
-16.6551
-16.8014
-16.9474
-17.093
-17.2387
-17.3843
-17.5298
-17.6748
-17.8194
-17.9621
-18.1011
-18.2318
-18.3477
-1.12298
-1.43806
-1.81845
-2.14476
-2.44831
-2.75501
-3.05542
-3.33626
-3.60055
-3.85122
-4.08851
-4.31367
-4.52919
-4.73647
-4.93754
-5.13397
-5.32675
-5.51667
-5.7038
-5.88892
-6.07133
-6.25133
-6.42939
-6.60591
-6.78091
-6.95457
-7.12698
-7.29851
-7.46971
-7.63991
-7.80949
-7.97852
-8.14701
-8.31485
-8.48213
-8.64878
-8.81487
-8.98026
-9.14522
-9.30964
-9.47326
-9.63633
-9.79886
-9.96076
-10.1221
-10.2829
-10.4432
-10.603
-10.7623
-10.9211
-11.0794
-11.2371
-11.3947
-11.5517
-11.7083
-11.8644
-12.02
-12.1753
-12.3301
-12.4845
-12.6385
-12.7921
-12.9453
-13.0981
-13.2505
-13.4026
-13.5544
-13.7058
-13.857
-14.0077
-14.1582
-14.3084
-14.4582
-14.6078
-14.7571
-14.9061
-15.0548
-15.2033
-15.3515
-15.4995
-15.6473
-15.7948
-15.9421
-16.0891
-16.236
-16.3827
-16.5291
-16.6754
-16.8217
-16.9678
-17.1136
-17.2594
-17.405
-17.5505
-17.6954
-17.8397
-17.9818
-18.121
-18.2507
-18.3638
-1.10745
-1.45604
-1.83968
-2.16294
-2.46786
-2.7758
-3.07667
-3.35717
-3.62146
-3.87207
-4.10925
-4.33415
-4.54939
-4.75645
-4.95744
-5.15374
-5.34651
-5.53632
-5.72353
-5.90868
-6.09106
-6.27099
-6.44897
-6.62544
-6.80037
-6.97401
-7.14637
-7.31802
-7.48919
-7.65943
-7.82904
-7.99811
-8.1667
-8.33466
-8.50203
-8.66879
-8.83495
-9.00043
-9.1654
-9.32973
-9.49332
-9.65636
-9.81887
-9.98076
-10.1421
-10.3029
-10.4631
-10.6229
-10.7822
-10.941
-11.0993
-11.2571
-11.4146
-11.5717
-11.7282
-11.8843
-12.04
-12.1952
-12.3501
-12.5045
-12.6585
-12.8121
-12.9653
-13.1181
-13.2705
-13.4226
-13.5744
-13.7259
-13.877
-14.0278
-14.1783
-14.3285
-14.4784
-14.628
-14.7773
-14.9263
-15.0751
-15.2236
-15.3719
-15.5199
-15.6677
-15.8153
-15.9627
-16.1099
-16.2569
-16.4037
-16.5504
-16.6969
-16.8432
-16.9893
-17.135
-17.2807
-17.4262
-17.5716
-17.7165
-17.8608
-18.0026
-18.1397
-18.2683
-18.3794
-1.08871
-1.47273
-1.85874
-2.17979
-2.48603
-2.79488
-3.09597
-3.37597
-3.64023
-3.89064
-4.12748
-4.35264
-4.56741
-4.77409
-4.97486
-5.17096
-5.3636
-5.55325
-5.74052
-5.92553
-6.10792
-6.28792
-6.46603
-6.64267
-6.81777
-6.99151
-7.16406
-7.33584
-7.50707
-7.67738
-7.84694
-8.0159
-8.18441
-8.35231
-8.51961
-8.6863
-8.85239
-9.01782
-9.18272
-9.34702
-9.5106
-9.67359
-9.83602
-9.99786
-10.1591
-10.3199
-10.4801
-10.6399
-10.7991
-10.9578
-11.1161
-11.2739
-11.4313
-11.5883
-11.7448
-11.9009
-12.0565
-12.2117
-12.3665
-12.5209
-12.6748
-12.8284
-12.9815
-13.1343
-13.2867
-13.4387
-13.5904
-13.7419
-13.8929
-14.0436
-14.1941
-14.3442
-14.494
-14.6435
-14.7927
-14.9417
-15.0904
-15.2389
-15.3871
-15.535
-15.6827
-15.8302
-15.9775
-16.1246
-16.2714
-16.4181
-16.5646
-16.7109
-16.8571
-17.0032
-17.149
-17.2946
-17.4402
-17.5857
-17.7305
-17.8747
-18.0168
-18.1551
-18.2836
-18.394
-1.06785
-1.48707
-1.87433
-2.19474
-2.50291
-2.81336
-3.11479
-3.39431
-3.6586
-3.90887
-4.14546
-4.37088
-4.58532
-4.79187
-4.99264
-5.18886
-5.38169
-5.57169
-5.75927
-5.94453
-6.12712
-6.30717
-6.48537
-6.662
-6.83702
-7.01053
-7.18287
-7.35454
-7.5257
-7.69598
-7.86556
-8.03455
-8.20308
-8.371
-8.53832
-8.70503
-8.87115
-9.03662
-9.20155
-9.36586
-9.52946
-9.69246
-9.85487
-10.0167
-10.178
-10.3388
-10.499
-10.6588
-10.8181
-10.9768
-11.1351
-11.2929
-11.4504
-11.6075
-11.764
-11.9201
-12.0758
-12.231
-12.3858
-12.5402
-12.6942
-12.8478
-13.001
-13.1539
-13.3063
-13.4584
-13.6102
-13.7616
-13.9127
-14.0635
-14.214
-14.3642
-14.5141
-14.6636
-14.8129
-14.9619
-15.1107
-15.2592
-15.4075
-15.5555
-15.7032
-15.8508
-15.9982
-16.1453
-16.2923
-16.439
-16.5857
-16.7321
-16.8784
-17.0244
-17.1702
-17.3159
-17.4615
-17.6069
-17.7517
-17.8958
-18.0372
-18.1741
-18.3012
-18.4101
-1.05325
-1.50165
-1.88657
-2.20428
-2.51327
-2.8255
-3.12744
-3.40643
-3.67088
-3.92115
-4.15762
-4.38266
-4.59692
-4.80335
-5.00401
-5.20013
-5.39284
-5.58271
-5.77017
-5.95526
-6.13754
-6.31718
-6.49517
-6.67159
-6.84649
-7.01989
-7.19203
-7.36359
-7.53466
-7.70487
-7.87436
-8.04327
-8.2117
-8.37954
-8.54679
-8.71343
-8.87948
-9.04487
-9.20973
-9.37398
-9.53752
-9.70047
-9.86284
-10.0246
-10.1859
-10.3466
-10.5068
-10.6665
-10.8258
-10.9845
-11.1427
-11.3005
-11.4579
-11.6149
-11.7714
-11.9275
-12.0831
-12.2383
-12.3931
-12.5474
-12.7014
-12.8549
-13.0081
-13.1608
-13.3132
-13.4653
-13.617
-13.7684
-13.9195
-14.0702
-14.2207
-14.3709
-14.5206
-14.6702
-14.8194
-14.9684
-15.1171
-15.2656
-15.4138
-15.5618
-15.7095
-15.857
-16.0043
-16.1514
-16.2983
-16.4451
-16.5916
-16.738
-16.8842
-17.0303
-17.176
-17.3217
-17.4673
-17.6127
-17.7575
-17.9016
-18.0434
-18.1811
-18.3085
-18.418
-1.02278
-1.51647
-1.91018
-2.22843
-2.53761
-2.85036
-3.15306
-3.43108
-3.69585
-3.94623
-4.1826
-4.40745
-4.6215
-4.82764
-5.02804
-5.22392
-5.41645
-5.60617
-5.79354
-5.97855
-6.16086
-6.34055
-6.51852
-6.69493
-6.86977
-7.04315
-7.21529
-7.38681
-7.55783
-7.72801
-7.89748
-8.06637
-8.23479
-8.40263
-8.56987
-8.73651
-8.90255
-9.06795
-9.23281
-9.39707
-9.56062
-9.72357
-9.88594
-10.0477
-10.209
-10.3697
-10.5299
-10.6896
-10.8489
-11.0076
-11.1659
-11.3236
-11.4811
-11.6381
-11.7946
-11.9506
-12.1063
-12.2615
-12.4163
-12.5706
-12.7246
-12.8781
-13.0313
-13.1841
-13.3365
-13.4885
-13.6403
-13.7917
-13.9428
-14.0935
-14.244
-14.3942
-14.544
-14.6935
-14.8427
-14.9917
-15.1405
-15.2889
-15.4372
-15.5852
-15.7329
-15.8804
-16.0277
-16.1748
-16.3218
-16.4685
-16.6151
-16.7615
-16.9077
-17.0537
-17.1995
-17.3452
-17.4907
-17.6362
-17.781
-17.9251
-18.0667
-18.204
-18.3312
-18.4402
-18.2166
-18.4806
-19.2176
-19.3423
-18.8008
-17.7176
-16.258
-14.5545
-12.7939
-11.0716
-9.47796
-8.04105
-6.77697
-5.68041
-4.73789
-3.92955
-3.23783
-2.64297
-2.12946
-1.68531
-1.29885
-0.960243
-0.662696
-0.400206
-0.16744
0.0402311
0.225536
0.390847
0.538947
0.672058
0.792393
0.900546
0.996238
1.08116
1.15652
1.2231
1.28164
1.33281
1.3772
1.41534
1.44773
1.47486
1.49714
1.51498
1.52873
1.53871
1.54527
1.54866
1.54914
1.54705
1.54246
1.53556
1.52663
1.51581
1.50311
1.48867
1.47265
1.45502
1.43591
1.41539
1.3935
1.37029
1.34579
1.32006
1.29319
1.26508
1.23581
1.20561
1.17437
1.14234
1.10956
1.07619
1.04221
1.00789
0.973089
0.938181
0.902964
0.867878
0.832495
0.797396
0.762015
0.726803
0.691335
0.655873
0.62036
0.584835
0.549142
0.513274
0.47719
0.441041
0.404793
0.368567
0.332008
0.295258
0.257129
0.218605
0.175682
0.133828
0.0825971
0.0354805
-18.2576
-18.4079
-19.1112
-19.2527
-18.7232
-17.6604
-16.223
-14.5391
-12.7942
-11.0833
-9.49808
-8.06586
-6.80426
-5.70872
-4.76601
-3.95675
-3.26351
-2.6669
-2.15163
-1.70579
-1.31784
-0.977978
-0.679331
-0.415759
-0.182134
0.0261545
0.211901
0.377655
0.52592
0.659072
0.778612
0.886578
0.982387
1.06737
1.14281
1.20946
1.26807
1.31932
1.36377
1.40196
1.43441
1.46159
1.4839
1.50178
1.51556
1.52557
1.53216
1.53558
1.53609
1.534
1.52947
1.52259
1.51368
1.50287
1.49017
1.47573
1.4597
1.44206
1.42292
1.40237
1.38044
1.35717
1.33261
1.30681
1.27986
1.25169
1.22236
1.19211
1.16084
1.12878
1.09598
1.0626
1.02862
0.994298
0.959515
0.924634
0.889446
0.854412
0.819086
0.784063
0.748758
0.713623
0.678236
0.642858
0.607434
0.571967
0.536333
0.500516
0.464503
0.428439
0.392288
0.356182
0.319801
0.283302
0.245627
0.20768
0.166047
0.125429
0.0769556
0.0322949
-18.2517
-18.4151
-19.0363
-19.161
-18.6363
-17.5911
-16.1761
-14.5144
-12.7888
-11.0936
-9.51887
-8.09366
-6.83639
-5.74241
-4.79931
-3.9888
-3.29363
-2.69498
-2.17775
-1.73001
-1.34038
-0.999016
-0.699028
-0.434199
-0.199509
0.00965027
0.196072
0.362608
0.511376
0.645093
0.764062
0.871149
0.966905
1.052
1.12754
1.19429
1.253
1.30433
1.34886
1.38713
1.41964
1.44687
1.46924
1.48716
1.50098
1.51104
1.51766
1.52112
1.52167
1.51958
1.5151
1.50825
1.49939
1.4886
1.47589
1.46145
1.44542
1.42776
1.40858
1.38799
1.36601
1.34268
1.31805
1.29217
1.26513
1.23688
1.20749
1.17718
1.14586
1.11377
1.08094
1.04755
1.01356
0.97924
0.944472
0.909625
0.874479
0.839513
0.804251
0.769316
0.7341
0.699044
0.663752
0.628464
0.593136
0.557729
0.522162
0.486406
0.450468
0.414483
0.378448
0.342476
0.30629
0.270076
0.232911
0.195601
0.155408
0.116163
0.0707606
0.028873
-18.2769
-18.4349
-18.9741
-19.0774
-18.5476
-17.5155
-16.1212
-14.4846
-12.78
-11.1029
-9.54072
-8.12451
-6.87285
-5.78094
-4.83755
-4.02567
-3.32848
-2.72787
-2.20871
-1.75872
-1.36699
-1.02373
-0.722061
-0.455755
-0.219782
-0.009531
0.177759
0.345165
0.494556
0.628928
0.747795
0.853898
0.949569
1.03484
1.11053
1.17741
1.23624
1.28768
1.33231
1.37067
1.40326
1.43057
1.453
1.47098
1.48486
1.49496
1.50162
1.50513
1.50572
1.50367
1.49923
1.49241
1.48361
1.47282
1.46012
1.44573
1.42966
1.41197
1.39277
1.37213
1.35009
1.32668
1.30196
1.27599
1.24885
1.22051
1.19104
1.16066
1.12929
1.09715
1.06429
1.03086
0.996876
0.962572
0.927819
0.893022
0.857917
0.823036
0.787833
0.752997
0.717886
0.682908
0.647729
0.612539
0.577316
0.541974
0.506484
0.470796
0.434945
0.399035
0.36313
0.327316
0.291347
0.255423
0.218842
0.182249
0.143645
0.105949
0.0639132
0.0252371
-18.2961
-18.4454
-18.9116
-18.9921
-18.4605
-17.44
-16.0635
-14.4539
-12.7716
-11.1146
-9.56676
-8.16069
-6.91477
-5.82533
-4.88198
-4.06878
-3.36944
-2.76656
-2.24506
-1.79237
-1.39809
-1.05257
-0.748929
-0.480934
-0.243512
-0.032056
0.156197
0.324415
0.47444
0.609272
0.728438
0.834284
0.93012
1.01563
1.09152
1.15858
1.21756
1.26916
1.31391
1.35238
1.38508
1.41248
1.435
1.45305
1.467
1.47716
1.48388
1.48743
1.48809
1.4861
1.4817
1.47493
1.46616
1.45538
1.44271
1.42837
1.41226
1.39455
1.37534
1.35466
1.33252
1.30902
1.28421
1.25812
1.23086
1.20241
1.17285
1.14237
1.11094
1.07874
1.04584
1.01239
0.978404
0.944136
0.909393
0.874648
0.839575
0.804792
0.76967
0.734926
0.699939
0.665043
0.63
0.594915
0.559808
0.524541
0.489139
0.453529
0.417765
0.381941
0.346174
0.310552
0.274823
0.23919
0.203266
0.16749
0.130627
0.0946786
0.0563243
0.0213563
-18.3134
-18.4531
-18.8455
-18.8977
-18.3664
-17.3582
-16.0043
-14.4245
-12.7663
-11.1312
-9.599
-8.20444
-6.96484
-5.87831
-4.93517
-4.12039
-3.41833
-2.81218
-2.28746
-1.83162
-1.43443
-1.08639
-0.780514
-0.5106
-0.271542
-0.0587348
0.13063
0.299713
0.450519
0.585796
0.705684
0.812067
0.908247
0.994048
1.07021
1.13752
1.19671
1.2485
1.29342
1.33204
1.36487
1.39239
1.41501
1.43316
1.44719
1.45743
1.46422
1.46784
1.46857
1.46666
1.46232
1.45562
1.44688
1.43614
1.4235
1.40915
1.39304
1.37532
1.3561
1.33535
1.31311
1.28952
1.2646
1.2384
1.21098
1.18239
1.15272
1.12213
1.09061
1.05836
1.02543
0.991974
0.95796
0.92371
0.888976
0.854295
0.819271
0.784579
0.749582
0.714905
0.680066
0.645262
0.610378
0.575407
0.540431
0.505251
0.46995
0.43442
0.398733
0.363037
0.327413
0.291994
0.256522
0.221246
0.186031
0.151164
0.116203
0.0822146
0.0478923
0.0171436
-18.3292
-18.457
-18.7754
-18.7941
-18.2628
-17.2677
-15.9384
-14.3907
-12.7614
-11.1513
-9.63745
-8.25638
-7.02428
-5.94083
-4.99778
-4.18106
-3.47565
-2.86552
-2.3368
-1.87722
-1.47661
-1.12562
-0.817143
-0.544992
-0.304012
-0.0896554
0.101057
0.27122
0.423055
0.558993
0.679778
0.786976
0.883586
0.969761
1.04629
1.11392
1.17339
1.22542
1.27056
1.30937
1.34237
1.37004
1.39279
1.41107
1.42521
1.43554
1.44242
1.44612
1.44695
1.44513
1.44088
1.43426
1.42558
1.41488
1.40228
1.38793
1.37183
1.35409
1.33481
1.31399
1.29168
1.26797
1.24294
1.2166
1.189
1.16024
1.13042
1.09974
1.06814
1.03582
1.0028
0.969332
0.935301
0.901074
0.866349
0.831744
0.796811
0.76218
0.72734
0.692724
0.658058
0.623361
0.588658
0.553816
0.518988
0.48391
0.448714
0.413246
0.377671
0.342136
0.306662
0.271438
0.23625
0.201408
0.166944
0.133081
0.100198
0.0683892
0.0385086
0.0124559
-18.3436
-18.4564
-18.702
-18.6828
-18.1512
-17.1706
-15.8667
-14.3522
-12.7538
-11.1706
-9.67728
-8.31146
-7.08848
-6.00747
-5.06455
-4.24637
-3.5381
-2.92433
-2.39164
-1.92816
-1.52379
-1.16946
-0.857974
-0.583282
-0.340115
-0.124321
0.0677838
0.239166
0.392156
0.528915
0.650612
0.758715
0.855851
0.942516
1.01951
1.08753
1.14733
1.19964
1.24503
1.28407
1.31728
1.34513
1.36805
1.38647
1.40075
1.41121
1.4182
1.42201
1.42296
1.42127
1.41712
1.41061
1.402
1.39137
1.37882
1.36448
1.34839
1.33063
1.3113
1.29041
1.268
1.24416
1.21897
1.19249
1.1647
1.13576
1.10576
1.07492
1.0432
1.01081
0.977713
0.944223
0.910172
0.875982
0.841302
0.806744
0.771949
0.737359
0.702695
0.668152
0.633682
0.599117
0.564617
0.529921
0.495267
0.460292
0.425174
0.389793
0.354408
0.319024
0.283704
0.248682
0.213809
0.17944
0.145786
0.113026
0.0824091
0.0529917
0.0280444
0.00705551
-18.3572
-18.4525
-18.6272
-18.5657
-18.0326
-17.0676
-15.7906
-14.3079
-12.7404
-11.1844
-9.71309
-8.36412
-7.1516
-6.0761
-5.13508
-4.316
-3.60492
-2.98746
-2.45076
-1.98342
-1.57543
-1.21786
-0.903463
-0.626255
-0.380877
-0.163274
0.0304567
0.20329
0.35758
0.495349
0.618041
0.727134
0.824911
0.912146
0.989645
1.05808
1.11823
1.17086
1.21653
1.25583
1.28929
1.31736
1.34048
1.3591
1.37356
1.38416
1.39125
1.3952
1.39631
1.39477
1.39078
1.38445
1.37595
1.36541
1.35291
1.33861
1.32254
1.30476
1.28538
1.2644
1.24187
1.21788
1.19246
1.16573
1.13772
1.10859
1.07841
1.04738
1.01552
0.983052
0.94989
0.916388
0.882335
0.848157
0.813566
0.77903
0.744396
0.709862
0.675391
0.640947
0.606693
0.572294
0.538024
0.503491
0.469029
0.434092
0.399086
0.363905
0.328717
0.293453
0.258305
0.2235
0.188973
0.155099
0.122323
0.090753
0.0626089
0.0357572
0.016349
0.000571681
-18.37
-18.4458
-18.5525
-18.4449
-17.9077
-16.9585
-15.7085
-14.261
-12.7281
-11.2016
-9.75317
-8.4212
-7.21883
-6.15028
-5.21121
-4.39072
-3.67636
-3.05482
-2.51379
-2.04232
-1.6305
-1.26953
-0.952173
-0.672437
-0.42494
-0.205227
-0.00994114
0.164113
0.319468
0.458123
0.581714
0.691737
0.790146
0.877925
0.955945
1.02483
1.08541
1.13843
1.18447
1.22411
1.25789
1.28626
1.30965
1.32851
1.34321
1.35402
1.36129
1.36542
1.36673
1.3654
1.36158
1.35541
1.34704
1.3366
1.32419
1.30992
1.29386
1.27607
1.25662
1.23555
1.21291
1.18872
1.16308
1.13605
1.10778
1.07842
1.04804
1.01683
0.984826
0.952266
0.919037
0.885505
0.851484
0.817304
0.782821
0.748323
0.71387
0.679423
0.64516
0.610855
0.576843
0.542652
0.508637
0.474278
0.439863
0.405103
0.370308
0.335359
0.300318
0.265177
0.230223
0.195646
0.1615
0.128133
0.0963097
0.0659745
0.0405581
0.016355
0.00324392
-0.00756821
-18.3821
-18.4388
-18.4871
-18.3356
-17.7929
-16.859
-15.6341
-14.2214
-12.7221
-11.2236
-9.79661
-8.48019
-7.28722
-6.22314
-5.28472
-4.46262
-3.74526
-3.12009
-2.57523
-2.10009
-1.68484
-1.32077
-1.00068
-0.718576
-0.469082
-0.247572
-0.0507628
0.124482
0.28082
0.420233
0.544552
0.655287
0.754172
0.842284
0.920621
0.989814
1.05072
1.10413
1.15054
1.19053
1.22465
1.25334
1.27704
1.29617
1.31113
1.32222
1.32972
1.33404
1.33558
1.33448
1.33085
1.32481
1.31658
1.30625
1.29393
1.27971
1.26367
1.24586
1.22633
1.20515
1.18235
1.15797
1.13209
1.10481
1.07628
1.04665
1.01603
0.98462
0.952458
0.919793
0.886514
0.852937
0.818983
0.784826
0.750462
0.716048
0.68179
0.647475
0.613433
0.579316
0.545571
0.511628
0.477757
0.44354
0.409247
0.374822
0.340247
0.305446
0.270542
0.235535
0.200785
0.166436
0.132692
0.0998011
0.0689724
0.0397779
0.0172657
-0.00452376
-0.0107273
-0.0176913
-18.3943
-18.4351
-18.4394
-18.2522
-17.7042
-16.7833
-15.5794
-14.1928
-12.7191
-11.2426
-9.83324
-8.52995
-7.34518
-6.28525
-5.34811
-4.5253
-3.80576
-3.17769
-2.62968
-2.15155
-1.7335
-1.3669
-1.04462
-0.760668
-0.509618
-0.286763
-0.0886786
0.0875974
0.244799
0.384862
0.50983
0.621114
0.720594
0.809474
0.888277
0.957732
1.01885
1.07247
1.1191
1.15933
1.19367
1.22258
1.24648
1.26578
1.28094
1.29223
1.29987
1.30432
1.30605
1.30514
1.30167
1.29579
1.28767
1.27744
1.26518
1.251
1.23496
1.2171
1.19749
1.17618
1.15323
1.12864
1.10251
1.07496
1.04615
1.01625
0.985398
0.953798
0.921497
0.888729
0.855455
0.821867
0.787993
0.753907
0.719669
0.6854
0.651341
0.617192
0.583391
0.549483
0.515998
0.48209
0.448432
0.41443
0.380428
0.346214
0.311775
0.277112
0.242331
0.207457
0.172897
0.138756
0.105401
0.0728985
0.0430167
0.0147029
-0.00513826
-0.0248528
-0.024282
-0.0292503
-18.4068
-18.4353
-18.4085
-18.1946
-17.6416
-16.7301
-15.5417
-14.1741
-12.7197
-11.2604
-9.86488
-8.57177
-7.39341
-6.33677
-5.40066
-4.57728
-3.85608
-3.22575
-2.67528
-2.19484
-1.77463
-1.40608
-1.08208
-0.7967
-0.54439
-0.320498
-0.121625
0.0553274
0.213072
0.353531
0.478911
0.590541
0.690391
0.77993
0.859184
0.929124
0.990693
1.04457
1.09141
1.13183
1.16634
1.19541
1.21946
1.23887
1.25412
1.26558
1.27329
1.27781
1.27967
1.2789
1.27554
1.26974
1.2617
1.25152
1.23928
1.22509
1.20902
1.19109
1.17137
1.14992
1.1268
1.102
1.07563
1.04781
1.01875
0.988608
0.957553
0.925788
0.893412
0.860598
0.82736
0.793816
0.760048
0.726079
0.69194
0.65785
0.624012
0.590064
0.556492
0.52274
0.489316
0.455564
0.422199
0.388482
0.35463
0.320551
0.286234
0.251698
0.217019
0.182266
0.147869
0.113924
0.080917
0.0487235
0.0196699
-0.00798282
-0.0258134
-0.0436745
-0.0369428
-0.0415285
-18.4197
-18.4392
-18.3904
-18.157
-17.6
-16.6954
-15.5183
-14.1647
-12.7247
-11.2785
-9.89326
-8.60762
-7.4341
-6.37991
-5.44451
-4.62062
-3.8981
-3.266
-2.71365
-2.23146
-1.80963
-1.4396
-1.11433
-0.827877
-0.574624
-0.349875
-0.150368
0.0271967
0.185413
0.326187
0.451902
0.56389
0.663914
0.753544
0.833094
0.903581
0.965618
1.01973
1.06676
1.10736
1.14202
1.17125
1.19543
1.21496
1.23023
1.2418
1.24957
1.25413
1.25606
1.25538
1.25208
1.24633
1.23831
1.22814
1.2159
1.20167
1.18553
1.1675
1.14765
1.12605
1.10275
1.07774
1.05113
1.02306
0.993779
0.963436
0.93223
0.900362
0.867969
0.835159
0.801983
0.768534
0.734917
0.701161
0.667141
0.633153
0.599549
0.565827
0.532301
0.498726
0.465384
0.431992
0.3988
0.36526
0.331524
0.297568
0.263356
0.228926
0.194327
0.159679
0.125415
0.0916586
0.0589552
0.0270407
-0.00133103
-0.0284262
-0.0449978
-0.0612313
-0.0490855
-0.0542678
-18.4331
-18.446
-18.3819
-18.1345
-17.5747
-16.6753
-15.5066
-14.1633
-12.734
-11.2973
-9.91973
-8.6394
-7.46933
-6.41683
-5.48182
-4.65738
-3.93377
-3.30024
-2.7464
-2.26288
-1.83982
-1.46865
-1.14242
-0.855186
-0.601261
-0.375881
-0.175894
0.00223853
0.161105
0.302253
0.428277
0.540561
0.640793
0.730563
0.810359
0.881099
0.943336
0.997609
1.0448
1.08553
1.12031
1.14963
1.17391
1.19356
1.20916
1.22074
1.22841
1.23289
1.23487
1.23424
1.23098
1.22525
1.21723
1.20703
1.19475
1.18045
1.16422
1.14607
1.12608
1.10431
1.08083
1.05562
1.0288
1.00052
0.971049
0.940552
0.909263
0.877358
0.844979
0.812206
0.779101
0.745752
0.712261
0.678787
0.645272
0.611418
0.577727
0.544021
0.510579
0.477244
0.444143
0.410956
0.37788
0.34448
0.310855
0.276992
0.242861
0.208506
0.173961
0.139386
0.105213
0.0716017
0.0391063
0.0074382
-0.0204191
-0.046861
-0.0631626
-0.0777034
-0.0610805
-0.0671976
-18.4467
-18.4551
-18.3805
-18.1236
-17.562
-16.6666
-15.5043
-14.1684
-12.7467
-11.317
-9.94496
-8.66829
-7.50044
-6.44893
-5.51399
-4.68899
-3.96444
-3.32973
-2.77469
-2.2901
-1.86606
-1.49391
-1.16676
-0.878828
-0.624354
-0.398575
-0.198534
-0.0203731
0.13928
0.281104
0.407569
0.520121
0.620603
0.710445
0.790483
0.861343
0.923678
0.978073
1.02537
1.06618
1.10101
1.13036
1.15457
1.17395
1.18887
1.2003
1.20903
1.21371
1.21582
1.21527
1.21202
1.20629
1.19823
1.18799
1.17563
1.16124
1.14489
1.12661
1.10646
1.08453
1.06088
1.03549
1.0085
0.980068
0.950484
0.919922
0.888632
0.856754
0.824437
0.791737
0.758702
0.725392
0.6918
0.65796
0.623775
0.591198
0.557886
0.5244
0.491313
0.458215
0.425301
0.392267
0.359313
0.326026
0.292493
0.258692
0.224618
0.190303
0.155782
0.121236
0.0870923
0.0535238
0.0210078
-0.0107323
-0.038741
-0.0640969
-0.0805448
-0.0932272
-0.0731193
-0.0800709
-18.4602
-18.4658
-18.3845
-18.1214
-17.559
-16.6668
-15.509
-14.1785
-12.7621
-11.3372
-9.9691
-8.69488
-7.52838
-6.47736
-5.54227
-4.71667
-3.99125
-3.3555
-2.7994
-2.3139
-1.88899
-1.51594
-1.18782
-0.898983
-0.643515
-0.416559
-0.215568
-0.0370177
0.121687
0.263553
0.389998
0.502739
0.603399
0.693219
0.773414
0.844404
0.906849
0.961384
1.00883
1.0498
1.08484
1.11449
1.13908
1.159
1.17486
1.18672
1.19354
1.19762
1.19945
1.19867
1.19523
1.18933
1.18113
1.17073
1.15823
1.14369
1.12719
1.10875
1.08845
1.06635
1.04257
1.01704
0.989949
0.961437
0.931842
0.901338
0.870166
0.838455
0.806371
0.773974
0.741331
0.70857
0.675804
0.643228
0.610676
0.575959
0.542036
0.508497
0.475314
0.442171
0.409286
0.376305
0.343419
0.310207
0.276755
0.243032
0.209042
0.174828
0.14042
0.106043
0.0721598
0.0389729
0.00700951
-0.0239857
-0.0518165
-0.0788811
-0.0959125
-0.108375
-0.0854019
-0.0929613
-18.475
-18.4785
-18.3927
-18.1258
-17.5631
-16.6732
-15.5187
-14.1917
-12.7788
-11.3571
-9.99148
-8.71872
-7.55297
-6.50212
-5.56675
-4.74058
-4.01448
-3.37798
-2.82118
-2.3352
-1.90994
-1.53674
-1.20857
-0.919957
-0.6649
-0.438334
-0.237298
-0.0578254
0.101978
0.244318
0.370912
0.483956
0.584771
0.674719
0.754957
0.82596
0.888384
0.942861
0.990193
1.031
1.06578
1.09502
1.11925
1.13863
1.15372
1.16563
1.17416
1.17879
1.18093
1.18047
1.17726
1.17152
1.1634
1.15306
1.14057
1.126
1.10944
1.09091
1.07051
1.0483
1.02439
0.998741
0.97151
0.942877
0.913183
0.882576
0.851296
0.81945
0.787197
0.754578
0.721615
0.688409
0.654926
0.621235
0.588017
0.554869
0.521879
0.488826
0.456047
0.423204
0.39057
0.357734
0.324955
0.291772
0.258332
0.224546
0.190493
0.156136
0.121561
0.0869258
0.0526449
0.0191945
-0.0133304
-0.0448221
-0.0715385
-0.0969483
-0.11256
-0.125978
-0.0997138
-0.107084
-18.4832
-18.4865
-18.3995
-18.1318
-17.5702
-16.6825
-15.5305
-14.206
-12.7951
-11.3753
-10.0109
-8.73835
-7.57238
-6.52089
-5.58453
-4.75718
-4.0298
-3.39197
-2.8339
-2.3468
-1.92047
-1.5461
-1.21706
-0.92757
-0.671705
-0.444641
-0.243267
-0.0645426
0.0950902
0.237385
0.36405
0.477077
0.577944
0.667924
0.748215
0.819316
0.88182
0.936408
0.983867
1.02483
1.05982
1.08935
1.11371
1.13331
1.14863
1.16023
1.16777
1.17209
1.17379
1.17297
1.16944
1.1634
1.15501
1.14442
1.1317
1.11693
1.10019
1.08153
1.06102
1.03874
1.01482
0.989192
0.962049
0.93357
0.904079
0.87372
0.842731
0.811212
0.77933
0.747113
0.714609
0.681943
0.649153
0.616132
0.583281
0.549716
0.516388
0.483107
0.450198
0.41724
0.384578
0.351712
0.318972
0.285795
0.25241
0.218656
0.184647
0.150374
0.11589
0.0814336
0.0474651
0.014037
-0.0183174
-0.0499856
-0.0778114
-0.103676
-0.12022
-0.134255
-0.107801
-0.111594
-18.5053
-18.5082
-18.4205
-18.1528
-17.5926
-16.707
-15.5568
-14.2337
-12.8239
-11.4049
-10.0406
-8.76763
-7.60107
-6.54881
-5.61161
-4.78344
-4.05532
-3.41685
-2.85825
-2.37083
-1.94425
-1.56982
-1.24051
-0.951018
-0.695194
-0.46809
-0.26664
-0.0875752
0.0721806
0.21454
0.341229
0.454285
0.555164
0.645136
0.725425
0.796521
0.858986
0.913523
0.960915
1.0018
1.03669
1.06607
1.09036
1.10988
1.1251
1.13676
1.1445
1.14886
1.15062
1.14983
1.14631
1.14026
1.13185
1.12122
1.10847
1.09366
1.07688
1.05818
1.03766
1.01535
0.991425
0.96581
0.938686
0.910234
0.880768
0.850434
0.819464
0.787958
0.756066
0.72384
0.691275
0.658505
0.625553
0.59244
0.559485
0.526065
0.492905
0.459751
0.426951
0.394069
0.361484
0.32865
0.295936
0.262762
0.229354
0.195575
0.161514
0.127186
0.0926213
0.0580803
0.0239204
-0.00957862
-0.0421134
-0.0737047
-0.101246
-0.127054
-0.143156
-0.157492
-0.130376
-0.141647
-18.4607
-18.4529
-18.49
-18.4764
-18.4563
-18.4306
-18.4005
-18.3688
-18.3385
-18.3109
-18.2869
-18.2668
-18.2513
-18.2427
-18.2423
-18.2341
-18.9442
-18.9224
-18.9258
-18.9369
-18.9288
-18.9052
-18.8755
-18.8439
-18.813
-18.7845
-18.7598
-18.7398
-18.7243
-18.7128
-18.7052
-18.69
-19.3974
-19.4653
-19.5537
-19.5873
-19.5869
-19.5674
-19.5385
-19.5072
-19.4774
-19.451
-19.4291
-19.4123
-19.4012
-19.3952
-19.3899
-19.378
-19.4674
-19.5595
-19.6098
-19.6351
-19.6424
-19.6303
-19.6053
-19.576
-19.5479
-19.5234
-19.5035
-19.4884
-19.478
-19.4719
-19.4672
-19.4544
-18.8992
-18.9604
-18.9963
-19.0249
-19.0353
-19.0274
-19.0077
-18.9816
-18.955
-18.9292
-18.905
-18.8834
-18.8647
-18.8499
-18.8389
-18.8201
-17.7849
-17.8306
-17.866
-17.8931
-17.9041
-17.8989
-17.8812
-17.856
-17.8285
-17.8005
-17.773
-17.7464
-17.7212
-17.6987
-17.6804
-17.656
-16.2968
-16.3275
-16.3538
-16.3736
-16.3822
-16.378
-16.3614
-16.3369
-16.3089
-16.2786
-16.2465
-16.2126
-16.1777
-16.1437
-16.1132
-16.0827
-14.5697
-14.5864
-14.6015
-14.6123
-14.6165
-14.6108
-14.5936
-14.5686
-14.5395
-14.507
-14.4712
-14.4321
-14.3904
-14.3485
-14.3106
-14.2761
-12.7911
-12.7916
-12.7943
-12.7966
-12.7964
-12.7885
-12.7699
-12.744
-12.7138
-12.6797
-12.6413
-12.5986
-12.5522
-12.5048
-12.4618
-12.4242
-11.0554
-11.0413
-11.0326
-11.0271
-11.0219
-11.0104
-10.9894
-10.9621
-10.931
-10.8959
-10.8561
-10.8116
-10.763
-10.7131
-10.6677
-10.6287
-9.45092
-9.42519
-9.40775
-9.39634
-9.38691
-9.37187
-9.34854
-9.32021
-9.28848
-9.25283
-9.21259
-9.16754
-9.11839
-9.06795
-9.02211
-8.98285
-8.00776
-7.97397
-7.9499
-7.93359
-7.92007
-7.90138
-7.87574
-7.84642
-7.81428
-7.77856
-7.73857
-7.69413
-7.64591
-7.59666
-7.55193
-7.51341
-6.74063
-6.70284
-6.67539
-6.65619
-6.63929
-6.61731
-6.58996
-6.56018
-6.52808
-6.49276
-6.45361
-6.41047
-6.36402
-6.31685
-6.27406
-6.2368
-5.64267
-5.60315
-5.57417
-5.55277
-5.53173
-5.50608
-5.47746
-5.44758
-5.41579
-5.38118
-5.34324
-5.30187
-5.25772
-5.21322
-5.1729
-5.13723
-4.70016
-4.66078
-4.63179
-4.60901
-4.58483
-4.55692
-4.52784
-4.49807
-4.4667
-4.43293
-4.39634
-4.35687
-4.3152
-4.27358
-4.23604
-4.20231
-3.89286
-3.85441
-3.82568
-3.80193
-3.77628
-3.74769
-3.71863
-3.68914
-3.65832
-3.62551
-3.59038
-3.55291
-3.51379
-3.47516
-3.44051
-3.40875
-3.20305
-3.16639
-3.13814
-3.11257
-3.08502
-3.0563
-3.02785
-2.99908
-2.96917
-2.93759
-2.9041
-2.86872
-2.83214
-2.79635
-2.7644
-2.73441
-2.61046
-2.57614
-2.54852
-2.52119
-2.49218
-2.4636
-2.43567
-2.40753
-2.37848
-2.34809
-2.31617
-2.28276
-2.24853
-2.21534
-2.18583
-2.15739
-2.09925
-2.0668
-2.03975
-2.01233
-1.98353
-1.95544
-1.92799
-1.90042
-1.87216
-1.84286
-1.81236
-1.78074
-1.74864
-1.71779
-1.69052
-1.66347
-1.65742
-1.62644
-1.5988
-1.57069
-1.54238
-1.51507
-1.48834
-1.46153
-1.43417
-1.40601
-1.37693
-1.34701
-1.31687
-1.28815
-1.2629
-1.23706
-1.2731
-1.24355
-1.21518
-1.18629
-1.15846
-1.13184
-1.10579
-1.07971
-1.05325
-1.02617
-0.998398
-0.970022
-0.941625
-0.91476
-0.89128
-0.866462
-0.936119
-0.907477
-0.879318
-0.850803
-0.823553
-0.797465
-0.771922
-0.746447
-0.720731
-0.694591
-0.66796
-0.640933
-0.614056
-0.588799
-0.566877
-0.542925
-0.639908
-0.611623
-0.583594
-0.555652
-0.529019
-0.503454
-0.478424
-0.453532
-0.428524
-0.403248
-0.377656
-0.351843
-0.326319
-0.302481
-0.281949
-0.258746
-0.378625
-0.349974
-0.321618
-0.294302
-0.268385
-0.243424
-0.218964
-0.194689
-0.170386
-0.145938
-0.121312
-0.0965981
-0.0722788
-0.0497023
-0.0304695
-0.00771189
-0.146839
-0.118101
-0.0896316
-0.0627849
-0.0373808
-0.012885
0.0110964
0.0348306
0.0584994
0.0822021
0.105961
0.129693
0.152951
0.174428
0.192491
0.214909
0.0601942
0.0884512
0.116398
0.142762
0.167781
0.191922
0.215518
0.238802
0.261932
0.284991
0.307994
0.330869
0.353204
0.373749
0.390838
0.412791
0.245112
0.272986
0.300459
0.326405
0.351075
0.374881
0.398117
0.420984
0.44362
0.466095
0.488418
0.510525
0.53204
0.551769
0.568005
0.589544
0.41048
0.438556
0.465552
0.491
0.515273
0.538727
0.5616
0.584065
0.60624
0.628181
0.649889
0.671309
0.692099
0.711113
0.72658
0.747764
0.558804
0.587099
0.613759
0.638822
0.662758
0.685885
0.708411
0.730491
0.75223
0.773672
0.794817
0.815615
0.835756
0.854142
0.868915
0.889797
0.692094
0.719977
0.746251
0.771061
0.794787
0.817691
0.839958
0.861734
0.883112
0.904133
0.924791
0.945048
0.964625
0.982469
0.996621
1.01725
0.81299
0.840241
0.865958
0.890396
0.913816
0.936425
0.958388
0.979835
1.00085
1.02146
1.04165
1.06141
1.08047
1.09783
1.11142
1.13182
0.920923
0.947764
0.973138
0.997281
1.02043
1.04276
1.06445
1.0856
1.10628
1.12652
1.14631
1.16562
1.18423
1.20117
1.21425
1.23447
1.01645
1.04314
1.06837
1.09237
1.11535
1.13751
1.15899
1.1799
1.20031
1.22024
1.23967
1.25859
1.2768
1.29339
1.30602
1.32608
1.1013
1.12786
1.15298
1.17687
1.19974
1.22176
1.24307
1.26378
1.28395
1.3036
1.32271
1.34128
1.35914
1.37541
1.38763
1.40756
1.17656
1.20298
1.228
1.25179
1.27455
1.29644
1.3176
1.33813
1.35808
1.37748
1.3963
1.41455
1.43209
1.44808
1.45992
1.47973
1.24304
1.26935
1.29426
1.31795
1.34061
1.36239
1.38341
1.40377
1.42352
1.44268
1.46124
1.4792
1.49644
1.51219
1.52367
1.54339
1.30149
1.32768
1.3525
1.3761
1.39867
1.42033
1.44122
1.46142
1.48099
1.49994
1.51825
1.53594
1.55291
1.56844
1.57959
1.59922
1.35258
1.37867
1.4034
1.42691
1.44938
1.47094
1.49171
1.51176
1.53115
1.54989
1.56798
1.58542
1.60214
1.61747
1.62831
1.64786
1.39688
1.42288
1.44752
1.47096
1.49334
1.5148
1.53545
1.55536
1.57459
1.59314
1.61102
1.62822
1.64471
1.65987
1.67042
1.6899
1.43495
1.46086
1.48542
1.50878
1.53108
1.55245
1.57298
1.59277
1.61184
1.63023
1.6479
1.66489
1.68117
1.69617
1.70646
1.72588
1.46728
1.49311
1.5176
1.54089
1.56311
1.58439
1.60483
1.62449
1.64342
1.66165
1.67914
1.69593
1.71201
1.72688
1.73692
1.75629
1.49434
1.5201
1.54453
1.56775
1.58991
1.61111
1.63145
1.651
1.6698
1.68787
1.70521
1.72181
1.73771
1.75246
1.76227
1.78159
1.51657
1.54226
1.56662
1.58979
1.61188
1.63301
1.65326
1.6727
1.69139
1.70933
1.72651
1.74294
1.75867
1.77332
1.78292
1.8022
1.53436
1.55999
1.5843
1.60741
1.62944
1.65049
1.67066
1.69001
1.70859
1.7264
1.74344
1.75972
1.7753
1.78986
1.79926
1.81851
1.54808
1.57365
1.5979
1.62096
1.64293
1.66393
1.68402
1.70328
1.72176
1.73946
1.75637
1.77251
1.78795
1.80243
1.81165
1.83087
1.55802
1.58354
1.60775
1.63076
1.65268
1.67362
1.69365
1.71283
1.73121
1.74881
1.7656
1.78162
1.79693
1.81135
1.82041
1.83961
1.56452
1.59
1.61417
1.63714
1.65902
1.6799
1.69986
1.71897
1.73727
1.75477
1.77146
1.78736
1.80256
1.81692
1.82584
1.84502
1.56789
1.59332
1.61745
1.64039
1.66222
1.68306
1.70296
1.72201
1.74023
1.75764
1.77424
1.79004
1.80513
1.81944
1.82823
1.84739
1.56833
1.59372
1.61781
1.64071
1.6625
1.68329
1.70315
1.72213
1.74029
1.75763
1.77414
1.78985
1.80485
1.81912
1.8278
1.84694
1.5662
1.59153
1.61557
1.63842
1.66017
1.68092
1.70072
1.71965
1.73774
1.75502
1.77146
1.78708
1.802
1.81623
1.82482
1.84394
1.56157
1.58686
1.61087
1.63368
1.6554
1.6761
1.69587
1.71475
1.73279
1.75001
1.76638
1.78193
1.79679
1.81099
1.81951
1.83862
1.55464
1.5799
1.60388
1.62666
1.64835
1.66902
1.68875
1.70759
1.72559
1.74276
1.75908
1.77458
1.78937
1.80355
1.81201
1.83111
1.54569
1.57092
1.59487
1.61763
1.63929
1.65994
1.67964
1.69845
1.71641
1.73354
1.74983
1.76528
1.78003
1.79419
1.8026
1.82169
1.53484
1.56006
1.584
1.60675
1.6284
1.64903
1.66871
1.6875
1.70544
1.72255
1.73881
1.75422
1.76894
1.78308
1.79147
1.81054
1.52214
1.54736
1.5713
1.59405
1.6157
1.63633
1.656
1.67479
1.69271
1.7098
1.72604
1.74144
1.75612
1.77026
1.77862
1.79768
1.50771
1.53293
1.55688
1.57964
1.60129
1.62193
1.64161
1.66039
1.67831
1.6954
1.71162
1.727
1.74167
1.7558
1.76414
1.7832
1.49169
1.51693
1.54089
1.56366
1.58533
1.60597
1.62565
1.64444
1.66237
1.67945
1.69568
1.71104
1.7257
1.73982
1.74815
1.7672
1.4741
1.49936
1.52335
1.54615
1.56784
1.58851
1.60821
1.62701
1.64495
1.66204
1.67827
1.69364
1.70829
1.72241
1.73072
1.74977
1.45502
1.48034
1.50437
1.5272
1.54893
1.56962
1.58935
1.60818
1.62613
1.64324
1.65948
1.67486
1.6895
1.70362
1.71193
1.73096
1.43456
1.45993
1.48402
1.5069
1.52867
1.5494
1.56916
1.58801
1.60599
1.62312
1.63938
1.65475
1.66939
1.68352
1.69181
1.71084
1.41273
1.43818
1.46233
1.48527
1.50709
1.52787
1.54767
1.56656
1.58457
1.60172
1.618
1.63338
1.64802
1.66216
1.67042
1.68944
1.38959
1.41514
1.43937
1.46239
1.48427
1.5051
1.52495
1.54388
1.56193
1.57912
1.59541
1.61081
1.62544
1.63961
1.64783
1.66684
1.36518
1.39082
1.41514
1.43823
1.46017
1.48105
1.50095
1.51991
1.53798
1.55519
1.57149
1.58688
1.60149
1.61566
1.62382
1.64283
1.33955
1.36531
1.38973
1.4129
1.43491
1.45585
1.47579
1.49479
1.5129
1.53012
1.54643
1.5618
1.57638
1.59055
1.59865
1.61763
1.31278
1.33867
1.3632
1.38648
1.40858
1.4296
1.44961
1.46868
1.48684
1.5041
1.52044
1.53583
1.55041
1.56462
1.57265
1.59165
1.28477
1.31079
1.33543
1.35879
1.38097
1.40206
1.42212
1.44123
1.45942
1.4767
1.49304
1.50841
1.52295
1.53722
1.5451
1.56418
1.25556
1.28166
1.30636
1.32976
1.35198
1.37309
1.39318
1.41229
1.43048
1.44775
1.46406
1.47937
1.49384
1.50814
1.51583
1.53493
1.22544
1.25161
1.27637
1.29982
1.32206
1.34318
1.36325
1.38234
1.40048
1.41769
1.43394
1.44915
1.4635
1.47782
1.4853
1.50437
1.19425
1.22048
1.24528
1.26875
1.291
1.31211
1.33217
1.35124
1.36934
1.3865
1.40268
1.4178
1.43202
1.4464
1.45364
1.4727
1.16225
1.18852
1.21335
1.23683
1.25909
1.28019
1.30023
1.31926
1.33731
1.3544
1.37049
1.38551
1.39958
1.41401
1.421
1.44006
1.12951
1.15581
1.18065
1.20415
1.2264
1.24749
1.2675
1.28648
1.30447
1.3215
1.33751
1.35241
1.36631
1.38083
1.38755
1.40661
1.09615
1.12245
1.14729
1.17078
1.19301
1.21408
1.23405
1.25298
1.27091
1.28785
1.30377
1.31855
1.33224
1.34692
1.35325
1.37239
1.06217
1.08848
1.11332
1.13679
1.159
1.18002
1.19994
1.21881
1.23666
1.25351
1.26935
1.284
1.29739
1.31233
1.31822
1.33742
1.02782
1.05409
1.07889
1.10232
1.12448
1.14545
1.16531
1.18409
1.20184
1.21858
1.23432
1.24886
1.26182
1.27715
1.2826
1.30179
0.993004
1.01924
1.044
1.06739
1.0895
1.1104
1.13018
1.14886
1.16649
1.1831
1.19873
1.21322
1.22557
1.24133
1.24623
1.26549
0.958053
0.984222
1.00891
1.03221
1.05423
1.07503
1.09469
1.11326
1.13074
1.14716
1.16263
1.17729
1.18881
1.20517
1.20961
1.22894
0.922801
0.948917
0.97355
0.996802
1.01876
1.0395
1.05909
1.07756
1.09495
1.11122
1.12641
1.14105
1.15238
1.16818
1.17292
1.19211
0.887636
0.91364
0.938158
0.961291
0.983129
1.00374
1.02319
1.04151
1.05874
1.0749
1.08995
1.10389
1.11615
1.13108
1.1362
1.15518
0.852183
0.878095
0.902521
0.92556
0.947296
0.967799
0.987125
1.00531
1.02239
1.03837
1.05326
1.06713
1.0796
1.09393
1.09926
1.11809
0.816975
0.842745
0.867035
0.889938
0.911537
0.931897
0.951068
0.969085
0.985969
1.00175
1.01658
1.03034
1.04274
1.05674
1.06219
1.0809
0.781497
0.807146
0.831319
0.854105
0.87558
0.895806
0.91483
0.932683
0.949407
0.965176
0.979938
0.993505
1.00585
1.01961
1.02513
1.04375
0.746164
0.77165
0.795666
0.818296
0.839614
0.859677
0.878529
0.896234
0.912964
0.928654
0.943191
0.956588
0.968878
0.982457
0.987994
1.00656
0.710585
0.735933
0.759819
0.782321
0.803508
0.823445
0.842219
0.859969
0.876607
0.892067
0.90644
0.919723
0.931952
0.945389
0.950939
0.96947
0.675001
0.700194
0.723939
0.746308
0.767384
0.787278
0.806063
0.823657
0.840051
0.855352
0.869609
0.882785
0.894939
0.908284
0.91382
0.932327
0.639356
0.664392
0.688015
0.710306
0.731366
0.751203
0.769782
0.787156
0.80341
0.818599
0.832743
0.845814
0.85789
0.871175
0.876697
0.895199
0.603737
0.628641
0.652161
0.674354
0.695223
0.714812
0.733198
0.750433
0.766562
0.781626
0.795656
0.808631
0.820631
0.833903
0.839388
0.857916
0.567957
0.592739
0.616104
0.6381
0.658793
0.678244
0.696506
0.713616
0.729617
0.744559
0.758481
0.771365
0.783278
0.796581
0.802
0.820566
0.532017
0.556666
0.579861
0.601696
0.622242
0.641551
0.659668
0.676636
0.692503
0.707327
0.721155
0.733968
0.745805
0.759202
0.764588
0.783224
0.495812
0.520291
0.543347
0.565056
0.585474
0.604656
0.622648
0.639492
0.65524
0.669957
0.6837
0.696441
0.708159
0.721702
0.726942
0.745653
0.459534
0.483859
0.506767
0.528328
0.548601
0.567636
0.585481
0.602184
0.617799
0.632403
0.64607
0.658777
0.670414
0.684209
0.689367
0.708196
0.423151
0.447296
0.470032
0.491427
0.511541
0.530422
0.548118
0.564676
0.580159
0.594653
0.608247
0.620901
0.632329
0.646459
0.651396
0.670348
0.386747
0.410668
0.433201
0.454407
0.47434
0.493046
0.510573
0.526976
0.542322
0.556713
0.570271
0.582966
0.594178
0.608793
0.61345
0.632586
0.349929
0.373505
0.395707
0.416595
0.436218
0.454626
0.471872
0.48802
0.50315
0.517381
0.530878
0.543665
0.554468
0.569565
0.574111
0.593357
0.312813
0.335947
0.35776
0.3783
0.397618
0.415762
0.432784
0.448741
0.463695
0.477746
0.491124
0.504149
0.514362
0.530082
0.534383
0.553705
0.274026
0.296275
0.317245
0.336988
0.355558
0.373027
0.389496
0.405073
0.419837
0.433822
0.447097
0.460172
0.471044
0.48579
0.491081
0.510137
0.234658
0.2559
0.27603
0.295083
0.313072
0.330017
0.345964
0.361003
0.375263
0.388879
0.401945
0.414551
0.426013
0.439858
0.445442
0.464476
0.189861
0.208532
0.226218
0.24314
0.259464
0.275233
0.29048
0.305235
0.319531
0.333384
0.34662
0.358914
0.370321
0.383421
0.389611
0.408264
0.146203
0.162779
0.178705
0.193946
0.208541
0.222612
0.236247
0.249499
0.262383
0.274917
0.287215
0.299624
0.311977
0.325316
0.332017
0.350677
0.0909796
0.101991
0.112506
0.122649
0.132512
0.142196
0.151801
0.161419
0.171128
0.180982
0.191048
0.201191
0.211418
0.223176
0.229327
0.247779
0.0403008
0.0476151
0.0555283
0.0639503
0.0727858
0.081939
0.0913224
0.100859
0.110491
0.120172
0.12986
0.139502
0.149152
0.159167
0.168047
0.179647
)
;

boundaryField
{
    frontAndBack
    {
        type            empty;
    }
    inlet
    {
        type            zeroGradient;
    }
    outlet
    {
        type            fixedValue;
        value           uniform 0;
    }
    walls
    {
        type            zeroGradient;
    }
}


// ************************************************************************* //
