/*--------------------------------*- C++ -*----------------------------------*\
| =========                 |                                                 |
| \\      /  F ield         | OpenFOAM: The Open Source CFD Toolbox           |
|  \\    /   O peration     | Version:  v2012                                 |
|   \\  /    A nd           | Website:  www.openfoam.com                      |
|    \\/     M anipulation  |                                                 |
\*---------------------------------------------------------------------------*/
FoamFile
{
    version     2.0;
    format      ascii;
    class       vectorField;
    location    "0.077/lagrangian/kinematicCloud";
    object      U;
}
// * * * * * * * * * * * * * * * * * * * * * * * * * * * * * * * * * * * * * //


80
(
(6.16381 -0.106786 0)
(7.07819 -0.0242968 0)
(7.0598 -0.0168116 0)
(6.76605 -0.0364207 0)
(6.99265 -0.00758133 0)
(6.99329 -0.0116499 0)
(4.06709 0.08728 0)
(6.92175 -0.00421916 0)
(6.88452 -0.00396265 0)
(6.8746 -0.00818662 0)
(6.85553 -0.00864701 0)
(6.50053 -0.0263264 0)
(0.411125 -1.35682e-05 0)
(0.373425 3.22609e-06 0)
(3.26198 0.00848318 0)
(6.74914 0.0104758 0)
(5.39472 -0.00212238 0)
(6.33286 0.00415583 0)
(5.95234 0.0516954 0)
(6.53405 0.01123 0)
(6.46427 0.0235428 0)
(1.9721 0.000669227 0)
(6.24891 0.0334521 0)
(5.12226 0.132897 0)
(6.02889 0.130459 0)
(5.96291 0.0465366 0)
(4.99634 0.160113 0)
(5.80216 0.0405178 0)
(2.55669 0.0146321 0)
(5.62061 0.0308993 0)
(0.424661 1.12133e-05 0)
(3.99265 0.118123 0)
(1.51897 -3.06716e-05 0)
(4.90544 0.103006 0)
(4.67273 0.170662 0)
(4.76278 0.0678837 0)
(4.56389 0.124027 0)
(4.4277 0.11295 0)
(4.32667 0.0470642 0)
(1.10646 6.34226e-05 0)
(4.00801 0.0788879 0)
(3.95114 0.0298084 0)
(3.74719 0.0352586 0)
(3.68841 0.0316535 0)
(3.60935 0.0214048 0)
(3.53747 0.0111192 0)
(3.44812 0.00350581 0)
(3.34187 0.0068889 0)
(3.24573 0.00492677 0)
(3.16027 0.00173811 0)
(3.05324 0.00113801 0)
(2.96243 0.00173758 0)
(2.86995 0.000183088 0)
(0.918081 6.18764e-05 0)
(2.67801 0.000572086 0)
(2.58043 0.00047549 0)
(2.47849 -0.000134305 0)
(2.38597 0.000198166 0)
(2.28751 0.000153722 0)
(2.18826 6.01836e-05 0)
(2.08913 -0.000214362 0)
(1.98853 -1.72764e-05 0)
(1.88781 -2.323e-05 0)
(1.78841 -0.000143954 0)
(1.39009 -0.000119182 0)
(1.58525 -6.78149e-06 0)
(1.48258 2.02288e-05 0)
(1.10132 4.65976e-05 0)
(1.27595 4.39989e-06 0)
(1.17217 -2.07454e-05 0)
(1.06728 -4.16515e-05 0)
(0.961883 -4.39222e-05 0)
(0.856278 3.42256e-05 0)
(0.749905 -2.53585e-05 0)
(0.643138 -4.92997e-05 0)
(0.280397 -3.21464e-05 0)
(0.344983 -2.34091e-05 0)
(0.31866 2.54299e-07 0)
(0.171381 -2.47845e-05 0)
(0.0994404 -5.35196e-06 0)
)


// ************************************************************************* //
