/*--------------------------------*- C++ -*----------------------------------*\
| =========                 |                                                 |
| \\      /  F ield         | OpenFOAM: The Open Source CFD Toolbox           |
|  \\    /   O peration     | Version:  v2012                                 |
|   \\  /    A nd           | Website:  www.openfoam.com                      |
|    \\/     M anipulation  |                                                 |
\*---------------------------------------------------------------------------*/
FoamFile
{
    version     2.0;
    format      ascii;
    class       volScalarField;
    location    "0.118";
    object      p;
}
// * * * * * * * * * * * * * * * * * * * * * * * * * * * * * * * * * * * * * //

dimensions      [0 2 -2 0 0 0 0];


internalField   nonuniform List<scalar> 
1900
(
-299.623
-300.722
-301.622
-302.283
-302.96
-303.727
-304.532
-305.361
-305.973
-306.577
-300.077
-300.876
-301.704
-302.38
-303.06
-303.821
-304.632
-305.47
-306.23
-307.05
-300.363
-300.928
-301.696
-302.409
-303.106
-303.867
-304.693
-305.577
-306.47
-307.715
-300.547
-300.991
-301.726
-302.468
-303.178
-303.94
-304.784
-305.709
-306.721
-308.095
-300.645
-301.039
-301.753
-302.505
-303.221
-303.986
-304.847
-305.807
-306.888
-308.277
-300.662
-301.061
-301.78
-302.535
-303.254
-304.027
-304.904
-305.889
-307.004
-308.371
-300.596
-301.056
-301.807
-302.557
-303.277
-304.06
-304.951
-305.951
-307.078
-308.402
-300.445
-301.036
-301.83
-302.557
-303.269
-304.065
-304.969
-305.979
-307.109
-308.391
-300.188
-301.03
-301.891
-302.579
-303.277
-304.077
-304.985
-305.995
-307.118
-308.36
-299.754
-300.929
-301.881
-302.562
-303.259
-304.073
-304.992
-306.009
-307.135
-308.357
-305.92
-318.28
-337.562
-339.208
-320.079
-286.052
-243.019
-198.246
-157.32
-122.524
-94.1816
-71.7681
-54.298
-40.741
-30.1826
-21.8559
-15.2134
-9.86504
-5.50822
-1.90053
1.11737
3.6486
5.79114
7.63024
9.21971
10.5841
11.7519
12.774
13.6698
14.4488
15.1218
15.7008
16.2012
16.6317
16.9954
17.2996
17.5518
17.7583
17.9241
18.0518
18.1457
18.2086
18.2408
18.2455
18.2256
18.1824
18.1172
18.0318
17.9286
17.8094
17.6742
17.5224
17.3554
17.1751
16.9825
16.7785
16.5641
16.3385
16.1018
15.8549
15.5986
15.3339
15.0613
14.78
14.4898
14.1911
13.8847
13.571
13.2501
12.922
12.5866
12.2442
11.8949
11.5389
11.1763
10.8074
10.4319
10.0502
9.66214
9.26813
8.86804
8.46227
8.05056
7.63326
7.2102
6.78163
6.34749
5.90801
5.46324
5.01336
4.55846
4.09874
3.63405
3.16491
2.69006
2.21237
1.72478
1.24257
0.733512
0.279125
-309.337
-321.606
-333.412
-332.126
-313.079
-280.334
-239.751
-197.44
-158.321
-124.588
-96.6723
-74.2498
-56.5626
-42.6869
-31.7858
-23.1396
-16.2241
-10.6518
-6.11244
-2.3633
0.749422
3.34855
5.55228
7.44389
9.06839
10.4589
11.6495
12.6879
13.5931
14.378
15.0546
15.6355
16.1333
16.5609
16.9278
17.236
17.4916
17.702
17.8715
18.0027
18.1002
18.1661
18.1997
18.2054
18.1864
18.1438
18.0789
17.9941
17.8921
17.7741
17.6397
17.4881
17.3214
17.1416
16.9494
16.7458
16.532
16.307
16.0706
15.8238
15.5678
15.3035
15.0313
14.7501
14.46
14.1615
13.8553
13.5418
13.2211
12.893
12.5579
12.2155
11.8663
11.5103
11.1479
10.7789
10.4035
10.0217
9.63369
9.23963
8.83952
8.43369
8.02194
7.60457
7.18147
6.75287
6.31872
5.87925
5.43453
4.98474
4.52999
4.07048
3.60628
3.13758
2.66438
2.1873
1.70535
1.22174
0.729515
0.251796
-310.271
-317.92
-326.263
-324.072
-306.103
-275.371
-237.27
-197.13
-159.468
-126.589
-99.0079
-76.5687
-58.6814
-44.5278
-33.3303
-24.418
-17.2806
-11.5248
-6.83134
-2.95787
0.255685
2.94061
5.22256
7.18138
8.85484
10.2812
11.5089
12.5795
13.5061
14.304
14.9903
15.5796
16.0809
16.5092
16.8799
17.1914
17.4487
17.6602
17.8302
17.9617
18.0588
18.1228
18.1549
18.1609
18.1433
18.102
18.0383
17.9548
17.8542
17.7383
17.6058
17.4555
17.2899
17.1107
16.9191
16.7158
16.5016
16.2762
16.0398
15.7932
15.5373
15.2733
15.0015
14.7206
14.4306
14.1325
13.8267
13.5134
13.1929
12.8649
12.5299
12.1876
11.8385
11.4826
11.1201
10.7511
10.3757
9.99385
9.60583
9.21172
8.81155
8.40561
7.9938
7.57634
7.1532
6.72453
6.29037
5.85089
5.4062
4.95648
4.5019
4.04259
3.57887
3.11063
2.6391
2.16273
1.68638
1.2017
0.727059
0.223662
-310.492
-316.294
-321.939
-318.557
-301.089
-271.666
-235.202
-196.61
-160.105
-127.981
-100.756
-78.3724
-60.3641
-46.0072
-34.5793
-25.4527
-18.1318
-12.2193
-7.39411
-3.4195
-0.127206
2.62125
4.94962
6.94085
8.63857
10.0822
11.3251
12.4115
13.352
14.1594
14.8567
15.4631
15.9834
16.427
16.8095
17.1314
17.3992
17.6197
17.7957
17.931
18.0293
18.0922
18.1239
18.1308
18.1143
18.0734
18.0096
17.9256
17.8241
17.7066
17.5728
17.4227
17.258
17.0795
16.888
16.6849
16.4708
16.2455
16.0094
15.7633
15.5083
15.2445
14.972
14.6907
14.4009
14.1031
13.7977
13.4846
13.1643
12.8364
12.5015
12.1593
11.8102
11.4544
11.0919
10.7229
10.3474
9.96548
9.57735
9.18318
8.78291
8.37683
7.9649
7.54733
7.12414
6.6954
6.26125
5.82175
5.37713
4.92747
4.47308
4.01397
3.55077
3.083
2.61316
2.13753
1.66686
1.18087
0.723903
0.195889
-310.518
-314.805
-318.111
-313.455
-296.276
-267.995
-233.033
-195.922
-160.557
-129.162
-102.287
-79.9744
-61.8691
-47.3369
-35.7107
-26.3968
-18.9131
-12.8612
-7.91595
-3.84719
-0.484845
2.32438
4.70219
6.72942
8.45411
9.92141
11.1854
12.2886
13.2433
14.061
14.7634
15.3724
15.8987
16.3459
16.729
17.0517
17.3199
17.5425
17.7201
17.8581
17.9614
18.0311
18.0701
18.0828
18.0708
18.0342
17.9752
17.8959
17.7973
17.6804
17.5466
17.3971
17.2336
17.0561
16.8649
16.6616
16.4474
16.2221
15.9858
15.7395
15.4843
15.2199
14.946
14.6635
14.3732
14.0751
13.7693
13.4558
13.135
12.8066
12.4714
12.1288
11.7795
11.4235
11.0609
10.6917
10.316
9.93409
9.54591
9.15173
8.75159
8.34561
7.93374
7.51617
7.09305
6.66435
6.23031
5.79086
5.3464
4.89685
4.44272
3.98389
3.52122
3.05401
2.58578
2.11104
1.6456
1.15904
0.718274
0.17098
-310.4
-313.509
-315.041
-309.398
-292.508
-265.228
-231.494
-195.546
-161.047
-130.181
-103.561
-81.2927
-63.1037
-48.4238
-36.6335
-27.1702
-19.5523
-13.3827
-8.34321
-4.20021
-0.780077
2.07736
4.4969
6.55328
8.29764
9.78144
11.0648
12.1799
13.1423
13.9653
14.6731
15.2903
15.824
16.2776
16.6612
16.9858
17.2595
17.4881
17.6702
17.8085
17.9099
17.9804
18.0215
18.0351
18.022
17.9834
17.9228
17.8431
17.7452
17.6295
17.4972
17.3492
17.1868
17.011
16.8223
16.6213
16.4087
16.1848
15.95
15.705
15.4507
15.187
14.9138
14.6319
14.3419
14.0437
13.7377
13.4238
13.1026
12.7737
12.4381
12.0952
11.7456
11.3895
11.0267
10.6573
10.2816
9.89961
9.5116
9.11749
8.71747
8.31149
7.89973
7.48226
7.0593
6.63073
6.19688
5.75758
5.31331
4.86396
4.41013
3.95166
3.48954
3.02298
2.55619
2.08256
1.62135
1.13572
0.707644
0.152195
-310.21
-312.445
-312.667
-306.232
-289.501
-262.955
-230.134
-195.076
-161.265
-130.842
-104.47
-82.2776
-64.0483
-49.2746
-37.3708
-27.7975
-20.0799
-13.8145
-8.69752
-4.50376
-1.03834
1.86848
4.32301
6.39221
8.15184
9.65918
10.9613
12.0821
13.0451
13.8785
14.597
15.2211
15.757
16.2115
16.6009
16.9299
17.2068
17.4365
17.619
17.7594
17.8623
17.9347
17.9787
17.994
17.9811
17.9433
17.8843
17.8067
17.7103
17.595
17.4621
17.3133
17.1501
16.974
16.7847
16.5824
16.3684
16.1434
15.9077
15.662
15.4068
15.1425
14.8692
14.5872
14.2969
13.9988
13.6931
13.3797
13.0589
12.7306
12.3956
12.0534
11.7045
11.3488
10.9867
10.6177
10.2426
9.86098
9.47357
9.07985
8.68015
8.27441
7.863
7.44593
7.02333
6.59516
6.16165
5.7227
5.27873
4.82972
4.37623
3.91818
3.45663
2.99077
2.52512
2.05276
1.59423
1.11135
0.69014
0.1432
-310.014
-311.622
-310.914
-303.872
-287.218
-261.198
-229.052
-194.665
-161.386
-131.316
-105.162
-83.0506
-64.7992
-49.9592
-37.9805
-28.3235
-20.5155
-14.1772
-9.00982
-4.76579
-1.24646
1.69406
4.16259
6.25125
8.03746
9.56295
10.8661
11.9905
12.967
13.813
14.5347
15.1551
15.694
16.157
16.5516
16.8804
17.1546
17.3857
17.5731
17.7164
17.8188
17.8902
17.9349
17.952
17.9402
17.9023
17.8429
17.7649
17.6684
17.5532
17.4202
17.2713
17.1079
16.9317
16.7424
16.5401
16.326
16.1011
15.8655
15.6196
15.3639
15.0992
14.8256
14.5433
14.2525
13.9538
13.6477
13.3338
13.0125
12.6839
12.3487
12.006
11.6569
11.3011
10.9389
10.57
10.1948
9.8134
9.42624
9.03285
8.63348
8.22823
7.81738
7.40096
6.97899
6.55153
6.11869
5.68042
5.23704
4.78863
4.33569
3.87821
3.41732
2.95219
2.48741
2.0165
1.55905
1.08065
0.659821
0.138645
-309.856
-311.036
-309.717
-302.257
-285.628
-259.948
-228.241
-194.297
-161.364
-131.532
-105.533
-83.4768
-65.2209
-50.3523
-38.3272
-28.6169
-20.764
-14.3918
-9.19318
-4.91991
-1.37563
1.58197
4.06254
6.1636
7.95762
9.48679
10.7938
11.9238
12.9053
13.7529
14.4759
15.0983
15.6406
16.107
16.5022
16.8314
17.1071
17.3403
17.5296
17.6736
17.7763
17.8484
17.8947
17.9133
17.9022
17.8645
17.8054
17.7283
17.6329
17.5187
17.3864
17.2378
17.0748
16.8991
16.7104
16.5085
16.2946
16.0698
15.8345
15.5888
15.3333
15.0689
14.7959
14.5141
14.2237
13.9255
13.6201
13.3069
12.9864
12.6585
12.3243
11.9824
11.6336
11.2783
10.9167
10.5483
10.1736
9.79258
9.40574
9.0126
8.61337
8.20804
7.79711
7.3806
6.95861
6.5311
6.09826
5.65993
5.21652
4.76805
4.31511
3.85773
3.39699
2.93202
2.46722
1.99705
1.53909
1.06506
0.639169
0.149021
-309.799
-310.776
-309.167
-301.515
-284.923
-259.448
-228.001
-194.311
-161.572
-131.867
-105.939
-83.9009
-65.6286
-50.7252
-38.6588
-28.9101
-21.0232
-14.6202
-9.39526
-5.10183
-1.53874
1.44317
3.94029
6.04941
7.84873
9.38578
10.6995
11.8316
12.8147
13.6658
14.3928
15.0168
15.5598
16.0282
16.4258
16.7568
17.0335
17.2673
17.458
17.6034
17.7074
17.7801
17.8271
17.8467
17.8364
17.7995
17.7412
17.6646
17.5698
17.4561
17.3243
17.1762
17.0137
16.8384
16.6502
16.4489
16.2354
16.0111
15.7763
15.5311
15.276
15.0119
14.7393
14.4578
14.1677
13.8695
13.5642
13.2512
12.9307
12.6027
12.2683
11.9274
11.579
11.2238
10.8623
10.4941
10.1194
9.73873
9.35215
8.95926
8.56035
8.15564
7.74499
7.3287
6.90689
6.47953
6.04676
5.60849
5.16513
4.71665
4.2638
3.80643
3.3459
2.88128
2.41658
1.94742
1.48827
1.01941
0.590778
0.113105
-314.073
-315.342
-316.519
-316.763
-316.246
-314.976
-313.67
-313.762
-333.208
-334.724
-335.67
-336.006
-335.684
-334.97
-334.106
-333.757
-348.321
-351.157
-352.673
-353.239
-353.129
-352.819
-352.512
-352.172
-346.898
-350.263
-352.116
-352.862
-352.689
-352.174
-351.696
-351.058
-325.752
-328.652
-330.387
-330.946
-330.605
-329.869
-329.084
-328.157
-289.994
-292.05
-293.341
-293.795
-293.469
-292.521
-291.108
-289.508
-244.964
-246.036
-246.887
-247.288
-247.03
-246.002
-244.217
-242.158
-198.428
-198.459
-198.713
-198.927
-198.649
-197.568
-195.617
-193.373
-156.292
-155.596
-155.334
-155.238
-154.836
-153.72
-151.764
-149.558
-120.783
-119.661
-119.115
-118.843
-118.354
-117.251
-115.403
-113.36
-92.2207
-90.9943
-90.3472
-89.9531
-89.3919
-88.3479
-86.674
-84.8481
-69.8903
-68.737
-68.0993
-67.6343
-67.0331
-66.0732
-64.5989
-63.015
-52.6406
-51.6305
-51.0421
-50.5765
-49.996
-49.1318
-47.8534
-46.4916
-39.3645
-38.5282
-38.0247
-37.5946
-37.06
-36.3
-35.2111
-34.0572
-29.0834
-28.403
-27.9593
-27.5611
-27.0863
-26.431
-25.51
-24.5336
-21.0118
-20.4722
-20.069
-19.6894
-19.2728
-18.7136
-17.9349
-17.0927
-14.5784
-14.1539
-13.8028
-13.4599
-13.0954
-12.616
-11.9551
-11.198
-9.38965
-9.05548
-8.76016
-8.46386
-8.14574
-7.7328
-7.17042
-6.49209
-5.15071
-4.88573
-4.63895
-4.38518
-4.10788
-3.74929
-3.26649
-2.67794
-1.62787
-1.41717
-1.21125
-0.995369
-0.754392
-0.441326
-0.0218779
0.488821
1.33782
1.5101
1.68612
1.8679
2.07569
2.34928
2.71612
3.16237
3.83702
3.98301
4.13779
4.29421
4.47582
4.71717
5.0408
5.43425
5.95161
6.07535
6.21018
6.34861
6.51198
6.72897
7.01818
7.36887
7.7666
7.87245
7.98919
8.11225
8.26
8.45625
8.71646
9.03154
9.33771
9.42978
9.53305
9.64372
9.77794
9.95608
10.1912
10.476
10.6948
10.7817
10.8727
10.9724
11.0953
11.2583
11.4722
11.7312
11.8605
11.9478
12.0312
12.1221
12.235
12.3848
12.5804
12.8172
12.8719
12.9521
13.0286
13.1134
13.219
13.3582
13.5384
13.7564
13.757
13.8294
13.8995
13.9784
14.0771
14.2066
14.3731
14.5747
14.5266
14.5928
14.6583
14.7326
14.8255
14.9465
15.1009
15.2879
15.1919
15.2531
15.3145
15.3848
15.4727
15.5864
15.7302
15.9044
15.7644
15.8209
15.8788
15.9457
16.0292
16.1364
16.2707
16.4336
16.2605
16.3116
16.3656
16.4289
16.5082
16.6094
16.7352
16.8879
16.6876
16.7344
16.785
16.8449
16.9201
17.0158
17.1339
17.2776
17.0484
17.093
17.1414
17.1989
17.2709
17.3617
17.4729
17.6085
17.3503
17.3933
17.4402
17.4957
17.5648
17.6514
17.7564
17.8847
17.6004
17.6417
17.687
17.7405
17.807
17.8897
17.9892
18.1109
17.8046
17.8444
17.8881
17.9398
18.0038
18.0831
18.1774
18.2932
17.9684
18.0068
18.0491
18.0991
18.1608
18.2368
18.3265
18.4368
18.0944
18.1318
18.173
18.2215
18.2813
18.3543
18.4396
18.5451
18.1866
18.2228
18.2628
18.3099
18.3678
18.438
18.5195
18.6204
18.2476
18.2825
18.3213
18.3671
18.4231
18.4907
18.5685
18.6653
18.2785
18.3125
18.3503
18.3949
18.4493
18.5146
18.5891
18.6821
18.2821
18.3152
18.3522
18.3958
18.4487
18.5119
18.5834
18.673
18.2612
18.2936
18.3298
18.3723
18.4239
18.4851
18.5537
18.6402
18.2174
18.2491
18.2846
18.3263
18.3766
18.4359
18.5019
18.5854
18.1518
18.183
18.2178
18.2587
18.3078
18.3654
18.4289
18.5097
18.0658
18.0965
18.1308
18.171
18.2191
18.2751
18.3363
18.4147
17.9617
17.9919
18.0257
18.0651
18.1122
18.1667
18.2259
18.3019
17.8417
17.8713
17.9045
17.9431
17.9891
18.0422
18.0993
18.1732
17.7059
17.735
17.7676
17.8056
17.8506
17.9023
17.9575
18.0294
17.5539
17.5828
17.615
17.6524
17.6966
17.7471
17.8006
17.8706
17.3867
17.4153
17.4472
17.4841
17.5276
17.5769
17.6289
17.6971
17.206
17.2343
17.2658
17.3022
17.345
17.3932
17.4436
17.5102
17.013
17.0409
17.0721
17.108
17.15
17.1973
17.2462
17.3114
16.8087
16.8364
16.8672
16.9027
16.9439
16.9902
17.0378
17.1015
16.5937
16.621
16.6514
16.6864
16.727
16.7723
16.8186
16.881
16.3679
16.3949
16.425
16.4595
16.4994
16.5438
16.5889
16.65
16.131
16.1578
16.1876
16.2218
16.2611
16.3047
16.3486
16.4086
15.8838
15.9105
15.9401
15.9739
16.0127
16.0555
16.0983
16.1572
15.6273
15.6537
15.6831
15.7165
15.7548
15.7968
15.8387
15.8965
15.3624
15.3886
15.4177
15.4507
15.4884
15.5297
15.5705
15.6274
15.0894
15.1153
15.144
15.1766
15.2138
15.2544
15.2943
15.3503
14.8079
14.8336
14.862
14.8943
14.931
14.9709
15.0098
15.065
14.5175
14.543
14.5713
14.6032
14.6395
14.6788
14.7169
14.7713
14.2187
14.2441
14.2722
14.3038
14.3397
14.3784
14.4157
14.4693
13.9121
13.9373
13.9652
13.9966
14.032
14.0702
14.1068
14.1597
13.5983
13.6234
13.651
13.6821
13.7171
13.7547
13.7906
13.8428
13.2772
13.3021
13.3296
13.3604
13.395
13.4322
13.4674
13.519
12.949
12.9738
13.0011
13.0316
13.0659
13.1025
13.1371
13.188
12.6135
12.6382
12.6653
12.6957
12.7296
12.7658
12.7998
12.8502
12.2711
12.2956
12.3226
12.3527
12.3863
12.422
12.4554
12.5053
11.9216
11.9461
11.9729
12.0028
12.0361
12.0715
12.1043
12.1537
11.5655
11.5899
11.6166
11.6463
11.6793
11.7143
11.7465
11.7954
11.2029
11.2272
11.2538
11.2833
11.316
11.3507
11.3824
11.4309
10.8339
10.8581
10.8846
10.9139
10.9464
10.9806
11.0119
11.0599
10.4584
10.4826
10.509
10.5382
10.5704
10.6043
10.6351
10.6828
10.0767
10.1008
10.1271
10.1561
10.188
10.2215
10.2519
10.2991
9.68861
9.71273
9.73895
9.76781
9.79951
9.83278
9.86276
9.90964
9.29459
9.31866
9.34477
9.37346
9.4049
9.43782
9.46736
9.51387
8.89452
8.91857
8.94463
8.9732
9.00444
9.0371
9.06628
9.11246
8.48875
8.51276
8.53873
8.56713
8.59813
8.63047
8.65924
8.70508
8.07706
8.10107
8.12699
8.15528
8.1861
8.21822
8.24667
8.29224
7.65978
7.68377
7.70963
7.73779
7.7684
7.80025
7.82841
7.87376
7.23674
7.26072
7.28653
7.3146
7.34504
7.3767
7.40494
7.45074
6.80817
6.83211
6.85785
6.88579
6.91601
6.94735
6.97541
7.02131
6.37401
6.39792
6.42357
6.45139
6.48144
6.51253
6.54031
6.58597
5.93449
5.95834
5.9839
6.01157
6.04144
6.0723
6.0998
6.14521
5.48965
5.51341
5.53886
5.56636
5.59599
5.62661
5.65378
5.69886
5.03967
5.06334
5.08866
5.11601
5.14545
5.17587
5.2028
5.24767
4.58461
4.6081
4.63322
4.66032
4.68946
4.71955
4.74608
4.79052
4.1247
4.14804
4.17299
4.19991
4.22884
4.25874
4.28508
4.32944
3.65959
3.68256
3.70715
3.73369
3.76222
3.79174
3.81767
3.86162
3.19007
3.21273
3.23699
3.26317
3.29134
3.3205
3.34611
3.38982
2.71385
2.73543
2.75875
2.78412
2.81163
2.84032
2.86563
2.90921
2.23568
2.25684
2.27965
2.30443
2.33126
2.35927
2.38395
2.42686
1.74345
1.76112
1.78105
1.80362
1.82895
1.85619
1.88079
1.92471
1.26275
1.2812
1.3012
1.32311
1.34706
1.37231
1.3949
1.43521
0.739309
0.746885
0.757984
0.773191
0.792905
0.81601
0.834987
0.883427
0.302094
0.320163
0.336561
0.351701
0.366623
0.383688
0.400891
0.376771
)
;

boundaryField
{
    frontAndBack
    {
        type            empty;
    }
    inlet
    {
        type            zeroGradient;
    }
    outlet
    {
        type            fixedValue;
        value           uniform 0;
    }
    walls
    {
        type            zeroGradient;
    }
}


// ************************************************************************* //
