/*--------------------------------*- C++ -*----------------------------------*\
| =========                 |                                                 |
| \\      /  F ield         | OpenFOAM: The Open Source CFD Toolbox           |
|  \\    /   O peration     | Version:  v2012                                 |
|   \\  /    A nd           | Website:  www.openfoam.com                      |
|    \\/     M anipulation  |                                                 |
\*---------------------------------------------------------------------------*/
FoamFile
{
    version     2.0;
    format      ascii;
    class       volScalarField;
    location    "0.192";
    object      p;
}
// * * * * * * * * * * * * * * * * * * * * * * * * * * * * * * * * * * * * * //

dimensions      [0 2 -2 0 0 0 0];


internalField   nonuniform List<scalar> 
5600
(
-0.824435
-1.28254
-1.66281
-1.98137
-2.2926
-2.60255
-2.90415
-3.1855
-3.44875
-3.69938
-3.93495
-4.16063
-4.3743
-4.58092
-4.78131
-4.97631
-5.17021
-5.35798
-5.54658
-5.73096
-5.9137
-6.09479
-6.27096
-6.44901
-6.62218
-6.79653
-6.96917
-7.14006
-7.31149
-7.48063
-7.65189
-7.8188
-7.98816
-8.15584
-8.323
-8.49023
-8.65549
-8.82193
-8.98569
-9.15066
-9.31376
-9.4769
-9.63952
-9.80058
-9.9625
-10.1226
-10.2831
-10.4427
-10.602
-10.7611
-10.9192
-11.0772
-11.2341
-11.3914
-11.5473
-11.7035
-11.859
-12.0147
-12.1698
-12.324
-12.478
-12.6311
-12.7845
-12.9371
-13.0896
-13.2416
-13.3933
-13.5451
-13.6961
-13.8472
-13.9978
-14.1477
-14.2972
-14.4463
-14.5957
-14.7443
-14.8935
-15.0422
-15.1905
-15.3389
-15.4862
-15.6342
-15.7811
-15.9285
-16.0755
-16.2219
-16.3687
-16.5149
-16.6614
-16.8076
-16.9532
-17.0991
-17.2451
-17.3908
-17.5373
-17.6835
-17.8323
-17.9858
-18.142
-18.3777
-0.883472
-1.30273
-1.67939
-1.99921
-2.31058
-2.62087
-2.92243
-3.20399
-3.46766
-3.71829
-3.95409
-4.18007
-4.39408
-4.60107
-4.80183
-4.99711
-5.19136
-5.37932
-5.56811
-5.7526
-5.93548
-6.11675
-6.29292
-6.47114
-6.6444
-6.81886
-6.99167
-7.16256
-7.33416
-7.50333
-7.67472
-7.84167
-8.01106
-8.17882
-8.34592
-8.51328
-8.67849
-8.84502
-9.00878
-9.17379
-9.33693
-9.50007
-9.6628
-9.8238
-9.98581
-10.1458
-10.3064
-10.4661
-10.6253
-10.7845
-10.9425
-11.1006
-11.2574
-11.4147
-11.5707
-11.7268
-11.8823
-12.038
-12.1931
-12.3472
-12.5012
-12.6542
-12.8077
-12.9603
-13.1128
-13.2648
-13.4165
-13.5682
-13.7192
-13.8703
-14.0209
-14.1708
-14.3204
-14.4694
-14.6188
-14.7674
-14.9166
-15.0653
-15.2136
-15.362
-15.5093
-15.6573
-15.8042
-15.9515
-16.0986
-16.245
-16.3918
-16.5381
-16.6843
-16.8307
-16.9762
-17.1224
-17.268
-17.4143
-17.5597
-17.7076
-17.8535
-18.0109
-18.1619
-18.3904
-0.921716
-1.31537
-1.69211
-2.01261
-2.32179
-2.62958
-2.93006
-3.21118
-3.47472
-3.72483
-3.96059
-4.18649
-4.4006
-4.60759
-4.80821
-5.00385
-5.1977
-5.38604
-5.57461
-5.75918
-5.94214
-6.12327
-6.29977
-6.47787
-6.65126
-6.82553
-6.99835
-7.16921
-7.34068
-7.50986
-7.68115
-7.84806
-8.01747
-8.18532
-8.35231
-8.5197
-8.68485
-8.85136
-9.01511
-9.18
-9.34322
-9.50619
-9.6689
-9.82977
-9.99171
-10.1518
-10.3123
-10.4721
-10.6312
-10.7904
-10.9485
-11.1065
-11.2634
-11.4207
-11.5768
-11.733
-11.8885
-12.0442
-12.1994
-12.3537
-12.5077
-12.6608
-12.8143
-12.967
-13.1195
-13.2715
-13.4232
-13.575
-13.7261
-13.8772
-14.0279
-14.1778
-14.3275
-14.4765
-14.6259
-14.7745
-14.9237
-15.0725
-15.2207
-15.3692
-15.5166
-15.6645
-15.8115
-15.9588
-16.1059
-16.2523
-16.3991
-16.5454
-16.6917
-16.8381
-16.9836
-17.1298
-17.2754
-17.4217
-17.5671
-17.7151
-17.8614
-18.0191
-18.1694
-18.39
-0.970424
-1.33187
-1.70746
-2.02949
-2.33736
-2.64419
-2.9451
-3.22676
-3.49106
-3.74135
-3.97778
-4.20361
-4.41832
-4.62544
-4.82605
-5.02185
-5.21515
-5.40368
-5.59162
-5.776
-5.9589
-6.13971
-6.31656
-6.49441
-6.66818
-6.84264
-7.01575
-7.18702
-7.35868
-7.52814
-7.69951
-7.86675
-8.03599
-8.20402
-8.371
-8.53851
-8.70377
-8.87033
-9.03426
-9.1992
-9.36264
-9.52569
-9.68863
-9.8497
-10.0118
-10.1719
-10.3324
-10.4923
-10.6514
-10.8108
-10.9688
-11.127
-11.2839
-11.4412
-11.5972
-11.7533
-11.9089
-12.0645
-12.2196
-12.3736
-12.5277
-12.6806
-12.834
-12.9866
-13.1391
-13.2911
-13.4427
-13.5946
-13.7455
-13.8966
-14.0472
-14.1969
-14.3467
-14.4956
-14.645
-14.7937
-14.9427
-15.0916
-15.2398
-15.3882
-15.5356
-15.6834
-15.8305
-15.9777
-16.1249
-16.2713
-16.4179
-16.5643
-16.7105
-16.8569
-17.0025
-17.1485
-17.2943
-17.4403
-17.5861
-17.7333
-17.8803
-18.0359
-18.1907
-18.3907
-1.02003
-1.34901
-1.7232
-2.0477
-2.35394
-2.65995
-2.96057
-3.24202
-3.50637
-3.75644
-3.99311
-4.21867
-4.43362
-4.641
-4.84162
-5.03795
-5.231
-5.42003
-5.6079
-5.79236
-5.97542
-6.15595
-6.33326
-6.51038
-6.68446
-6.85846
-7.03134
-7.2026
-7.37375
-7.54358
-7.71439
-7.88195
-8.05105
-8.21925
-8.38622
-8.55369
-8.71905
-8.88544
-9.04962
-9.21419
-9.37786
-9.54064
-9.70345
-9.86451
-10.0264
-10.1867
-10.347
-10.5069
-10.6659
-10.8252
-10.9832
-11.1412
-11.2982
-11.4552
-11.6114
-11.7676
-11.9232
-12.0789
-12.2341
-12.3883
-12.5423
-12.6955
-12.849
-13.0017
-13.1543
-13.3064
-13.4581
-13.6099
-13.7609
-13.9121
-14.0628
-14.2126
-14.3624
-14.5115
-14.6608
-14.8096
-14.9586
-15.1075
-15.2557
-15.4042
-15.5517
-15.6994
-15.8467
-15.9938
-16.141
-16.2874
-16.4341
-16.5805
-16.7268
-16.873
-17.0188
-17.1647
-17.3106
-17.4566
-17.6024
-17.7496
-17.8963
-18.0516
-18.2036
-18.3962
-1.07004
-1.36834
-1.74051
-2.06797
-2.37254
-2.67763
-2.97783
-3.25937
-3.52388
-3.77414
-4.01111
-4.23696
-4.4522
-4.65991
-4.86061
-5.0572
-5.25018
-5.43941
-5.62719
-5.81167
-5.99471
-6.17491
-6.3528
-6.52939
-6.70399
-6.87778
-7.05064
-7.22227
-7.39284
-7.56346
-7.73343
-7.90155
-8.07019
-8.23834
-8.40541
-8.57243
-8.7382
-8.90405
-9.06867
-9.23284
-9.39667
-9.55963
-9.7224
-9.88377
-10.0455
-10.2061
-10.3663
-10.5263
-10.6854
-10.8448
-11.003
-11.1609
-11.3181
-11.4751
-11.6314
-11.7875
-11.9431
-12.0989
-12.254
-12.4082
-12.5623
-12.7152
-12.8686
-13.0213
-13.1738
-13.3259
-13.4776
-13.6294
-13.7803
-13.9314
-14.0821
-14.2319
-14.3817
-14.5307
-14.68
-14.8288
-14.9778
-15.1267
-15.275
-15.4233
-15.571
-15.7185
-15.8659
-16.013
-16.1601
-16.3067
-16.4532
-16.5997
-16.746
-16.8922
-17.038
-17.1839
-17.3298
-17.4757
-17.6214
-17.7685
-17.9151
-18.069
-18.2199
-18.4036
-1.11945
-1.39015
-1.75961
-2.09025
-2.39334
-2.69746
-2.99727
-3.279
-3.5436
-3.79399
-4.03118
-4.25713
-4.47254
-4.68038
-4.88123
-5.07789
-5.27089
-5.4603
-5.64796
-5.83252
-6.0156
-6.19571
-6.37382
-6.55023
-6.7251
-6.89879
-7.07156
-7.24347
-7.41371
-7.58484
-7.75413
-7.92288
-8.09117
-8.2593
-8.42666
-8.59323
-8.75959
-8.92481
-9.08987
-9.25383
-9.41742
-9.58067
-9.74312
-9.90478
-10.066
-10.2267
-10.3869
-10.5468
-10.7059
-10.865
-11.0234
-11.181
-11.3385
-11.4953
-11.6517
-11.8078
-11.9634
-12.1192
-12.2743
-12.4285
-12.5825
-12.7356
-12.889
-13.0419
-13.1943
-13.3465
-13.4982
-13.6499
-13.801
-13.9521
-14.1028
-14.2526
-14.4023
-14.5515
-14.7007
-14.8497
-14.9986
-15.1475
-15.2959
-15.4441
-15.5919
-15.7393
-15.8868
-16.0339
-16.1809
-16.3277
-16.4741
-16.6206
-16.7669
-16.9131
-17.059
-17.2049
-17.3507
-17.4967
-17.6423
-17.7891
-17.9356
-18.0878
-18.2372
-18.4115
-1.16643
-1.41462
-1.78106
-2.11471
-2.41656
-2.71977
-3.01927
-3.30119
-3.56581
-3.81628
-4.05369
-4.27969
-4.49532
-4.70326
-4.90435
-5.10106
-5.29413
-5.4837
-5.67126
-5.85594
-6.03895
-6.21908
-6.3972
-6.57362
-6.74856
-6.92224
-7.09496
-7.26694
-7.43723
-7.60833
-7.7775
-7.94648
-8.11466
-8.28274
-8.45026
-8.61661
-8.78328
-8.9482
-9.11337
-9.27746
-9.44085
-9.60427
-9.76647
-9.9285
-10.0894
-10.2501
-10.4104
-10.5703
-10.7295
-10.8883
-11.0468
-11.2043
-11.3619
-11.5186
-11.675
-11.8313
-11.9869
-12.1424
-12.2974
-12.4517
-12.6055
-12.7589
-12.9121
-13.065
-13.2173
-13.3694
-13.5213
-13.673
-13.8243
-13.9751
-14.1258
-14.2757
-14.4253
-14.5747
-14.7238
-14.8729
-15.0218
-15.1706
-15.3191
-15.4671
-15.6151
-15.7624
-15.91
-16.0571
-16.204
-16.3509
-16.4972
-16.6437
-16.7901
-16.9362
-17.0822
-17.228
-17.3738
-17.5198
-17.6653
-17.8118
-17.9579
-18.1083
-18.2555
-18.42
-1.20941
-1.44167
-1.80544
-2.14149
-2.44243
-2.74488
-3.04416
-3.3262
-3.59082
-3.84137
-4.07898
-4.30501
-4.52084
-4.72881
-4.93011
-5.12681
-5.31993
-5.50962
-5.69707
-5.88188
-6.06475
-6.24494
-6.42303
-6.59951
-6.77447
-6.94819
-7.12088
-7.29281
-7.46331
-7.63416
-7.80349
-7.97244
-8.14067
-8.30869
-8.47622
-8.64261
-8.80918
-8.97418
-9.13926
-9.30344
-9.46682
-9.63024
-9.79242
-9.95444
-10.1154
-10.2761
-10.4364
-10.5962
-10.7556
-10.9142
-11.0727
-11.2303
-11.3879
-11.5446
-11.701
-11.8572
-12.013
-12.1683
-12.3232
-12.4776
-12.6313
-12.7848
-12.9379
-13.0908
-13.2431
-13.3952
-13.5472
-13.6987
-13.8501
-14.0008
-14.1515
-14.3014
-14.4508
-14.6004
-14.7493
-14.8985
-15.0473
-15.196
-15.3447
-15.4925
-15.6406
-15.788
-15.9355
-16.0827
-16.2294
-16.3764
-16.5226
-16.6692
-16.8156
-16.9617
-17.1077
-17.2536
-17.3993
-17.5452
-17.6906
-17.8369
-17.9824
-18.1309
-18.2753
-18.429
-1.24659
-1.47085
-1.83331
-2.17076
-2.47115
-2.77321
-3.07238
-3.35446
-3.61907
-3.86968
-4.10743
-4.33344
-4.5494
-4.75736
-4.95881
-5.1555
-5.34863
-5.53844
-5.72579
-5.91072
-6.09347
-6.27372
-6.45178
-6.6283
-6.80328
-6.97701
-7.14969
-7.32154
-7.49225
-7.66286
-7.83236
-8.00124
-8.16956
-8.33752
-8.50501
-8.67152
-8.83789
-9.00308
-9.16801
-9.33229
-9.49574
-9.65901
-9.82128
-9.9832
-10.1442
-10.305
-10.4652
-10.625
-10.7844
-10.943
-11.1016
-11.2591
-11.4166
-11.5735
-11.7299
-11.886
-12.0418
-12.1971
-12.352
-12.5064
-12.6602
-12.8136
-12.9668
-13.1196
-13.272
-13.4241
-13.576
-13.7275
-13.8788
-14.0296
-14.1803
-14.3302
-14.4796
-14.6292
-14.778
-14.9275
-15.076
-15.2248
-15.3733
-15.5211
-15.6693
-15.8165
-15.9642
-16.1113
-16.2579
-16.405
-16.5511
-16.6977
-16.8441
-16.9901
-17.1362
-17.282
-17.4278
-17.5735
-17.7189
-17.8647
-18.0096
-18.1559
-18.297
-18.4397
-1.27394
-1.50013
-1.86375
-2.20111
-2.50136
-2.80362
-3.10282
-3.38481
-3.6494
-3.90004
-4.13785
-4.36377
-4.57977
-4.78767
-4.98918
-5.18585
-5.37894
-5.56885
-5.75612
-5.94114
-6.12377
-6.30405
-6.48209
-6.6586
-6.83362
-7.00733
-7.18
-7.35176
-7.52266
-7.6931
-7.86268
-8.03155
-8.19992
-8.36785
-8.53528
-8.70191
-8.86812
-9.03343
-9.19828
-9.36262
-9.52614
-9.68926
-9.85163
-10.0135
-10.1746
-10.3353
-10.4955
-10.6553
-10.8147
-10.9733
-11.1318
-11.2894
-11.4469
-11.6038
-11.7602
-11.9164
-12.072
-12.2275
-12.3823
-12.5367
-12.6905
-12.8439
-12.9971
-13.1499
-13.3023
-13.4545
-13.6063
-13.7579
-13.909
-14.0599
-14.2106
-14.3605
-14.5101
-14.6595
-14.8084
-14.9577
-15.1063
-15.2551
-15.4035
-15.5515
-15.6995
-15.8469
-15.9945
-16.1416
-16.2883
-16.4353
-16.5816
-16.7281
-16.8745
-17.0205
-17.1665
-17.3123
-17.4581
-17.6038
-17.749
-17.8944
-18.0386
-18.1827
-18.3205
-18.4538
-1.28873
-1.52678
-1.89382
-2.22958
-2.53012
-2.83317
-3.13252
-3.41431
-3.67887
-3.92951
-4.16729
-4.39305
-4.60903
-4.81679
-5.01828
-5.21493
-5.40794
-5.59792
-5.7851
-5.97019
-6.15274
-6.333
-6.51102
-6.68751
-6.86259
-7.03626
-7.20894
-7.3806
-7.55165
-7.722
-7.89157
-8.06048
-8.22885
-8.39679
-8.56415
-8.73088
-8.89699
-9.06234
-9.22717
-9.39153
-9.55511
-9.7181
-9.88057
-10.0423
-10.2035
-10.3643
-10.5244
-10.6842
-10.8436
-11.0023
-11.1608
-11.3183
-11.4758
-11.6328
-11.7891
-11.9453
-12.1009
-12.2564
-12.4112
-12.5656
-12.7194
-12.8728
-13.026
-13.1788
-13.3312
-13.4833
-13.6353
-13.7868
-13.9379
-14.0888
-14.2395
-14.3895
-14.5391
-14.6885
-14.8375
-14.9866
-15.1354
-15.2841
-15.4326
-15.5806
-15.7287
-15.8761
-16.0236
-16.1707
-16.3176
-16.4644
-16.6109
-16.7574
-16.9038
-17.0499
-17.1959
-17.3418
-17.4875
-17.6331
-17.7783
-17.9233
-18.0668
-18.209
-18.344
-18.4699
-1.29245
-1.55034
-1.92186
-2.25493
-2.55617
-2.86036
-3.15992
-3.44145
-3.70597
-3.95661
-4.1943
-4.41985
-4.63575
-4.84332
-5.04474
-5.24133
-5.43425
-5.62428
-5.81138
-5.99655
-6.179
-6.35923
-6.53725
-6.71367
-6.88881
-7.06242
-7.23511
-7.40667
-7.57783
-7.74814
-7.91766
-8.08663
-8.25499
-8.42293
-8.59026
-8.75704
-8.92312
-9.08845
-9.25331
-9.41771
-9.58129
-9.74423
-9.90672
-10.0685
-10.2296
-10.3904
-10.5505
-10.7103
-10.8697
-11.0284
-11.1868
-11.3444
-11.5019
-11.659
-11.8153
-11.9714
-12.1271
-12.2825
-12.4374
-12.5918
-12.7457
-12.8992
-13.0523
-13.2052
-13.3575
-13.5097
-13.6616
-13.8131
-13.9644
-14.1152
-14.266
-14.4161
-14.5656
-14.7152
-14.8641
-15.0133
-15.162
-15.3107
-15.4593
-15.6073
-15.7553
-15.9028
-16.0501
-16.1973
-16.3441
-16.4909
-16.6373
-16.7837
-16.93
-17.0761
-17.2222
-17.3681
-17.5139
-17.6595
-17.8046
-17.9493
-18.0921
-18.233
-18.3659
-18.4864
-1.28737
-1.57167
-1.94783
-2.27758
-2.57987
-2.88535
-3.18519
-3.46638
-3.73082
-3.98146
-4.21901
-4.44433
-4.66014
-4.8675
-5.0688
-5.26531
-5.45813
-5.64819
-5.83519
-6.02045
-6.20283
-6.38301
-6.56102
-6.73739
-6.91257
-7.08612
-7.25881
-7.43031
-7.60152
-7.77183
-7.94127
-8.11031
-8.27867
-8.44656
-8.61393
-8.78062
-8.94677
-9.11198
-9.27692
-9.44134
-9.60488
-9.7679
-9.93026
-10.0921
-10.2532
-10.414
-10.5743
-10.734
-10.8935
-11.0522
-11.2106
-11.3682
-11.5258
-11.6829
-11.8393
-11.9954
-12.1512
-12.3065
-12.4615
-12.6159
-12.7699
-12.9234
-13.0764
-13.2294
-13.3816
-13.5338
-13.6857
-13.8371
-13.9885
-14.1392
-14.29
-14.4401
-14.5897
-14.7392
-14.8881
-15.0372
-15.186
-15.3347
-15.4833
-15.6313
-15.7793
-15.9268
-16.0742
-16.2214
-16.3683
-16.5152
-16.6619
-16.8084
-16.9547
-17.1006
-17.2466
-17.3924
-17.5381
-17.6836
-17.8286
-17.9732
-18.1158
-18.2551
-18.3862
-18.5029
-1.27604
-1.59112
-1.97146
-2.29782
-2.6014
-2.90825
-3.20848
-3.48931
-3.75367
-4.00427
-4.24163
-4.46666
-4.68231
-4.88947
-5.09064
-5.28703
-5.47973
-5.6698
-5.85671
-6.04201
-6.22432
-6.40441
-6.58241
-6.75873
-6.93394
-7.10748
-7.28005
-7.45165
-7.62279
-7.79316
-7.96249
-8.13162
-8.29998
-8.46785
-8.63533
-8.80189
-8.96823
-9.13337
-9.29848
-9.46284
-9.62638
-9.78955
-9.95184
-10.1139
-10.275
-10.4359
-10.5962
-10.7559
-10.9155
-11.0741
-11.2325
-11.3901
-11.5476
-11.7047
-11.8611
-12.0172
-12.1729
-12.3283
-12.4833
-12.6376
-12.7916
-12.9451
-13.0981
-13.2511
-13.4033
-13.5555
-13.7073
-13.8588
-14.0101
-14.1608
-14.3116
-14.4617
-14.6113
-14.7607
-14.9096
-15.0588
-15.2075
-15.3562
-15.5047
-15.6527
-15.8006
-15.9481
-16.0954
-16.2425
-16.3893
-16.536
-16.6823
-16.8287
-16.975
-17.1211
-17.2672
-17.4131
-17.5589
-17.7044
-17.8494
-17.9937
-18.1358
-18.275
-18.4051
-18.5191
-1.2605
-1.6091
-1.9927
-2.31599
-2.62095
-2.92902
-3.22973
-3.51023
-3.77457
-4.02512
-4.26237
-4.48715
-4.7025
-4.90945
-5.11052
-5.30682
-5.49948
-5.68945
-5.87646
-6.06176
-6.24408
-6.42403
-6.60203
-6.77823
-6.95343
-7.12693
-7.29942
-7.47119
-7.64221
-7.81274
-7.98199
-8.15124
-8.31968
-8.48764
-8.65529
-8.82181
-8.98838
-9.1535
-9.31867
-9.48295
-9.64642
-9.80961
-9.97182
-10.1339
-10.295
-10.4558
-10.6161
-10.7758
-10.9354
-11.094
-11.2524
-11.4101
-11.5675
-11.7246
-11.881
-12.0372
-12.1929
-12.3482
-12.5032
-12.6575
-12.8115
-12.965
-13.1181
-13.271
-13.4233
-13.5755
-13.7273
-13.8789
-14.0302
-14.1809
-14.3317
-14.4818
-14.6315
-14.7809
-14.9299
-15.079
-15.2277
-15.3765
-15.525
-15.6731
-15.8211
-15.9686
-16.116
-16.2633
-16.4102
-16.5572
-16.7038
-16.8502
-16.9965
-17.1426
-17.2885
-17.4344
-17.58
-17.7255
-17.8704
-18.0147
-18.1566
-18.2938
-18.4228
-18.5347
-1.24177
-1.62579
-2.01175
-2.33284
-2.63913
-2.94809
-3.24904
-3.52903
-3.79335
-4.04369
-4.28059
-4.50565
-4.72051
-4.92711
-5.12793
-5.32406
-5.51656
-5.70638
-5.89346
-6.0786
-6.26097
-6.44092
-6.61914
-6.79542
-6.97085
-7.14443
-7.31708
-7.48906
-7.66003
-7.83073
-7.99987
-8.16904
-8.33739
-8.50527
-8.6729
-8.83929
-9.00586
-9.17086
-9.33601
-9.50022
-9.66369
-9.82686
-9.98895
-10.151
-10.312
-10.4729
-10.6331
-10.7928
-10.9523
-11.1109
-11.2693
-11.4268
-11.5843
-11.7413
-11.8977
-12.0537
-12.2094
-12.3647
-12.5197
-12.6739
-12.8279
-12.9813
-13.1343
-13.2872
-13.4394
-13.5916
-13.7433
-13.8948
-14.0461
-14.1967
-14.3475
-14.4975
-14.6471
-14.7964
-14.9453
-15.0944
-15.2431
-15.3917
-15.5402
-15.6882
-15.8361
-15.9835
-16.1308
-16.2779
-16.4247
-16.5714
-16.7178
-16.8641
-17.0104
-17.1565
-17.3025
-17.4483
-17.594
-17.7396
-17.8844
-18.0286
-18.1706
-18.3092
-18.438
-18.5493
-1.22091
-1.64013
-2.02735
-2.34779
-2.65601
-2.96657
-3.26786
-3.54737
-3.81171
-4.06192
-4.29857
-4.5239
-4.73841
-4.9449
-5.14569
-5.34199
-5.53462
-5.72483
-5.91221
-6.09759
-6.28018
-6.46014
-6.6385
-6.81472
-6.99011
-7.16345
-7.33588
-7.50779
-7.67863
-7.84936
-8.01847
-8.18768
-8.35606
-8.52396
-8.69161
-8.85802
-9.02463
-9.18965
-9.35484
-9.51905
-9.68256
-9.84573
-10.0078
-10.1699
-10.3309
-10.4918
-10.652
-10.8117
-10.9712
-11.1299
-11.2883
-11.4459
-11.6034
-11.7604
-11.9168
-12.073
-12.2287
-12.384
-12.539
-12.6933
-12.8473
-13.0008
-13.1539
-13.3068
-13.4591
-13.6113
-13.763
-13.9146
-14.0659
-14.2166
-14.3674
-14.5175
-14.6671
-14.8166
-14.9655
-15.1146
-15.2634
-15.412
-15.5606
-15.7086
-15.8566
-16.0041
-16.1515
-16.2987
-16.4456
-16.5924
-16.739
-16.8854
-17.0317
-17.1778
-17.3238
-17.4696
-17.6153
-17.7608
-17.9056
-18.0497
-18.1913
-18.3283
-18.4556
-18.5654
-1.20631
-1.6547
-2.03959
-2.35733
-2.66637
-2.9787
-3.28053
-3.55948
-3.82401
-4.07419
-4.31073
-4.53568
-4.75001
-4.9564
-5.15705
-5.35326
-5.54577
-5.73586
-5.92311
-6.10832
-6.2906
-6.47014
-6.64831
-6.82432
-6.99959
-7.1728
-7.34504
-7.51684
-7.68758
-7.85825
-8.02727
-8.1964
-8.36469
-8.53251
-8.70008
-8.86641
-9.03295
-9.19791
-9.36303
-9.52717
-9.69062
-9.85373
-10.0158
-10.1778
-10.3387
-10.4996
-10.6597
-10.8194
-10.9789
-11.1375
-11.2959
-11.4535
-11.6109
-11.7679
-11.9242
-12.0803
-12.236
-12.3913
-12.5462
-12.7005
-12.8544
-13.0079
-13.1609
-13.3138
-13.466
-13.6182
-13.7699
-13.9214
-14.0727
-14.2233
-14.3741
-14.5241
-14.6737
-14.8231
-14.972
-15.121
-15.2698
-15.4184
-15.5669
-15.7149
-15.8629
-16.0103
-16.1576
-16.3048
-16.4516
-16.5984
-16.7449
-16.8912
-17.0375
-17.1836
-17.3295
-17.4754
-17.6211
-17.7666
-17.9114
-18.0555
-18.1973
-18.3352
-18.4629
-18.5733
-1.17583
-1.66953
-2.0632
-2.38149
-2.69071
-3.00355
-3.30614
-3.58413
-3.84897
-4.09928
-4.33571
-4.56048
-4.77458
-4.98069
-5.18107
-5.37706
-5.56937
-5.75932
-5.94647
-6.1316
-6.31393
-6.4935
-6.67167
-6.84764
-7.02287
-7.19606
-7.3683
-7.54007
-7.71075
-7.88138
-8.0504
-8.21949
-8.38779
-8.5556
-8.72316
-8.8895
-9.05601
-9.221
-9.3861
-9.55026
-9.71372
-9.87682
-10.0389
-10.2009
-10.3619
-10.5227
-10.6829
-10.8426
-11.002
-11.1606
-11.319
-11.4766
-11.634
-11.791
-11.9474
-12.1035
-12.2592
-12.4145
-12.5694
-12.7237
-12.8777
-13.0311
-13.1841
-13.337
-13.4893
-13.6414
-13.7932
-13.9447
-14.096
-14.2466
-14.3974
-14.5475
-14.697
-14.8464
-14.9954
-15.1444
-15.2931
-15.4418
-15.5903
-15.7383
-15.8863
-16.0337
-16.181
-16.3282
-16.4751
-16.6218
-16.7684
-16.9147
-17.061
-17.2071
-17.353
-17.4989
-17.6445
-17.79
-17.9349
-18.079
-18.2207
-18.3581
-18.4856
-18.5955
-18.3614
-18.666
-19.3803
-19.5061
-18.9597
-17.8755
-16.41
-14.7015
-12.9341
-11.2074
-9.60998
-8.17216
-6.90813
-5.80866
-4.86523
-4.06006
-3.37111
-2.77839
-2.26676
-1.82139
-1.43278
-1.0874
-0.779882
-0.503898
-0.258365
-0.0472634
0.139593
0.300379
0.424893
0.519968
0.590857
0.644899
0.691749
0.73528
0.776437
0.815921
0.852028
0.879048
0.889179
0.892419
0.889357
0.876395
0.885523
0.917587
0.995232
1.07916
1.10056
1.07921
1.05781
1.05513
1.05676
1.06021
1.06678
1.08405
1.0985
1.11071
1.11145
1.09591
1.06625
1.03724
1.00891
0.991516
0.984698
0.986338
0.993679
1.00362
1.01159
1.01334
1.0076
0.99571
0.978754
0.958109
0.934947
0.909843
0.883179
0.855225
0.826281
0.796539
0.765943
0.734264
0.701628
0.66863
0.635575
0.60223
0.568822
0.53613
0.504081
0.471772
0.438868
0.406298
0.373651
0.340803
0.307665
0.27427
0.239833
0.204235
0.166322
0.126132
0.0787545
0.0327256
-18.4066
-18.5916
-19.2742
-19.4158
-18.8821
-17.8182
-16.3747
-14.6857
-12.934
-11.2187
-9.62948
-8.1963
-6.93442
-5.83536
-4.89122
-4.08453
-3.39368
-2.79888
-2.28538
-1.83733
-1.44732
-1.10105
-0.793406
-0.51861
-0.275319
-0.0664134
0.118173
0.275756
0.398192
0.492428
0.563267
0.618788
0.668091
0.713704
0.756094
0.796154
0.831204
0.854601
0.859537
0.858955
0.854259
0.839499
0.848891
0.88446
0.972859
1.06985
1.09891
1.0838
1.06174
1.05884
1.05627
1.05631
1.0599
1.07359
1.08487
1.0948
1.09301
1.0766
1.04671
1.01848
0.991206
0.975779
0.969928
0.972416
0.980362
0.990637
0.998686
1.00028
0.99436
0.982409
0.965529
0.94502
0.921974
0.896957
0.870338
0.84239
0.81345
0.783695
0.753011
0.7213
0.688691
0.655769
0.622738
0.589449
0.556162
0.523424
0.491322
0.459076
0.426226
0.39366
0.361064
0.328283
0.295268
0.262067
0.228013
0.19304
0.15622
0.117562
0.0731279
0.0296025
-18.4005
-18.5962
-19.2004
-19.3237
-18.7951
-17.7484
-16.3276
-14.6605
-12.928
-11.2283
-9.64946
-8.22307
-6.96501
-5.8669
-4.92176
-4.11283
-3.41936
-2.82177
-2.30612
-1.85587
-1.46334
-1.11605
-0.808222
-0.534712
-0.293933
-0.0879894
0.0931527
0.246516
0.36647
0.459912
0.531309
0.588944
0.641211
0.689427
0.733544
0.774288
0.808029
0.827296
0.826224
0.821276
0.814663
0.797552
0.807316
0.847412
0.947528
1.06014
1.09799
1.09062
1.06775
1.06458
1.05692
1.05252
1.05277
1.06253
1.07005
1.07702
1.07219
1.05468
1.0249
0.997563
0.971651
0.958344
0.953649
0.957121
0.965867
0.976425
0.984558
0.985897
0.979757
0.967743
0.950943
0.930573
0.907648
0.882722
0.856146
0.828198
0.79926
0.76949
0.738757
0.706987
0.674377
0.641483
0.608473
0.57531
0.542193
0.509453
0.477189
0.444909
0.412233
0.379677
0.347119
0.314424
0.281546
0.248552
0.214935
0.180663
0.145058
0.108115
0.0669363
0.0262046
-18.4283
-18.6131
-19.1391
-19.2395
-18.7064
-17.6724
-16.2723
-14.6301
-12.9185
-11.2369
-9.67016
-8.25247
-6.9994
-5.90268
-4.95653
-4.14506
-3.44827
-2.84726
-2.3284
-1.8764
-1.47996
-1.13186
-0.823837
-0.551912
-0.314278
-0.11207
0.0644947
0.212368
0.329469
0.422096
0.494662
0.555044
0.611028
0.662688
0.709234
0.750832
0.782673
0.796937
0.789004
0.779273
0.77051
0.750282
0.759953
0.806058
0.917947
1.0503
1.09827
1.09978
1.077
1.07274
1.05908
1.04899
1.04521
1.05081
1.05424
1.05718
1.04877
1.02965
1.00064
0.974326
0.950057
0.939075
0.935749
0.940388
0.950106
0.960948
0.969153
0.970114
0.963699
0.951606
0.934875
0.914637
0.891832
0.866995
0.840459
0.812506
0.783564
0.753776
0.723003
0.691183
0.658564
0.625666
0.592647
0.559636
0.526716
0.494038
0.46162
0.429135
0.396716
0.364224
0.331669
0.299074
0.266353
0.233585
0.200462
0.166973
0.132719
0.097693
0.0601114
0.0225049
-18.4488
-18.6208
-19.0772
-19.1537
-18.619
-17.5962
-16.2142
-14.5986
-12.9094
-11.2476
-9.69462
-8.28668
-7.03872
-5.94352
-4.99649
-4.18222
-3.48124
-2.87624
-2.3532
-1.89793
-1.49713
-1.14799
-0.83981
-0.570065
-0.336786
-0.139068
0.0321558
0.173428
0.287211
0.378861
0.45355
0.517603
0.578231
0.633901
0.68263
0.724849
0.754742
0.763743
0.748198
0.732999
0.722056
0.69824
0.706983
0.762127
0.882308
1.03899
1.10041
1.11196
1.0907
1.08368
1.06311
1.04583
1.03716
1.03806
1.03769
1.03521
1.02247
1.00109
0.973744
0.948626
0.926331
0.917798
0.916168
0.922201
0.93301
0.944267
0.952423
0.952873
0.946093
0.933884
0.917189
0.897061
0.874364
0.849613
0.823116
0.795151
0.7662
0.736391
0.705579
0.673713
0.641083
0.608183
0.575146
0.542233
0.509548
0.476922
0.444333
0.41177
0.379557
0.347101
0.31458
0.282088
0.249534
0.217011
0.184444
0.151827
0.119071
0.0861818
0.0525731
0.0184613
-18.4671
-18.6259
-19.0114
-19.0589
-18.5245
-17.5136
-16.1543
-14.5681
-12.9031
-11.2628
-9.72493
-8.32776
-7.08536
-5.99188
-5.04375
-4.22601
-3.51945
-2.90928
-2.38081
-1.92025
-1.51589
-1.16419
-0.855314
-0.588358
-0.360933
-0.167664
-0.00344133
0.131145
0.241254
0.33143
0.40757
0.47585
0.541885
0.602281
0.653631
0.696261
0.723785
0.727829
0.704709
0.68324
0.669236
0.64256
0.650225
0.71803
0.845312
1.02081
1.10287
1.12787
1.11022
1.09757
1.06922
1.04312
1.02856
1.02378
1.02028
1.01151
0.993156
0.96897
0.944
0.920361
0.900486
0.894321
0.89489
0.902588
0.914626
0.926432
0.934346
0.934146
0.926861
0.914465
0.897744
0.877686
0.855077
0.830404
0.803939
0.77595
0.746987
0.717153
0.686301
0.654392
0.621753
0.588856
0.555815
0.522931
0.490499
0.457854
0.425179
0.392673
0.360538
0.328123
0.29568
0.263294
0.230919
0.198661
0.166707
0.135056
0.103959
0.0734425
0.044225
0.0140113
-18.4837
-18.6273
-18.9412
-18.9548
-18.4202
-17.4221
-16.0874
-14.5333
-12.897
-11.2812
-9.76109
-8.37627
-7.14017
-6.04829
-5.09846
-4.27627
-3.56266
-2.94559
-2.41005
-1.94264
-1.53449
-1.17945
-0.868789
-0.604521
-0.38316
-0.19591
-0.0417774
0.0844236
0.190062
0.279161
0.35763
0.430808
0.501595
0.566604
0.621768
0.664681
0.689159
0.688344
0.659076
0.630852
0.611577
0.584266
0.59197
0.671504
0.813135
0.996217
1.10573
1.14699
1.13657
1.1144
1.07738
1.04088
1.01949
1.00845
1.00209
0.985416
0.960671
0.933471
0.911214
0.889485
0.872598
0.868516
0.871877
0.881536
0.894943
0.907353
0.914902
0.913861
0.905888
0.893199
0.87637
0.856322
0.83377
0.809165
0.782725
0.754698
0.72572
0.69586
0.66497
0.633019
0.600375
0.567494
0.534475
0.501601
0.469335
0.436696
0.404035
0.371537
0.339433
0.307129
0.274753
0.242489
0.210316
0.178357
0.147062
0.116475
0.0872075
0.0593101
0.0349537
0.00906394
-18.4986
-18.6243
-18.8676
-18.8431
-18.308
-17.324
-16.0147
-14.4935
-12.888
-11.2984
-9.79828
-8.42731
-7.19858
-6.1073
-5.15524
-4.32809
-3.60707
-2.98192
-2.43772
-1.96252
-1.54942
-1.191
-0.880745
-0.620985
-0.406351
-0.227971
-0.0837325
0.0345069
0.134679
0.222051
0.303549
0.382381
0.458044
0.527873
0.586836
0.629613
0.650914
0.645191
0.611628
0.576749
0.549497
0.523239
0.53313
0.62054
0.782294
0.973342
1.11117
1.16925
1.16894
1.13397
1.08721
1.03909
1.01003
0.99317
0.981846
0.95587
0.925052
0.895424
0.875273
0.856005
0.842858
0.840558
0.846903
0.85907
0.873919
0.886927
0.894059
0.891942
0.883065
0.869924
0.852886
0.832781
0.810236
0.785674
0.759245
0.731167
0.702168
0.672281
0.641359
0.609367
0.576712
0.543851
0.510866
0.478035
0.445795
0.413262
0.380622
0.348106
0.316049
0.283861
0.251546
0.21942
0.187478
0.155876
0.125283
0.0958561
0.0686008
0.0435735
0.0246147
0.0034781
-18.5126
-18.6181
-18.792
-18.7254
-18.1885
-17.2198
-15.9374
-14.4478
-12.8729
-11.3098
-9.83102
-8.47534
-7.2551
-6.16775
-5.2149
-4.38263
-3.65397
-3.0195
-2.46534
-1.9818
-1.56327
-1.20221
-0.89384
-0.638442
-0.431787
-0.264504
-0.13019
-0.0189384
0.0765288
0.163062
0.247057
0.330655
0.411522
0.486688
0.548691
0.591257
0.610331
0.600134
0.5627
0.522359
0.485827
0.461288
0.475467
0.568305
0.749318
0.95429
1.11821
1.19454
1.20396
1.1562
1.09829
1.03744
1.00064
0.978555
0.957303
0.923134
0.886698
0.855861
0.836419
0.820238
0.811355
0.811127
0.819519
0.834969
0.851415
0.864781
0.871445
0.868223
0.858311
0.844523
0.827139
0.806893
0.784298
0.759718
0.733243
0.705085
0.676099
0.64619
0.615245
0.583232
0.550597
0.517783
0.484845
0.452069
0.419702
0.387323
0.354735
0.322212
0.290194
0.258108
0.225864
0.193885
0.16218
0.130998
0.101146
0.0729624
0.0479052
0.0259871
0.0130497
-0.00294684
-18.5258
-18.6095
-18.7164
-18.604
-18.0626
-17.1095
-15.8539
-14.3993
-12.8587
-11.3245
-9.86771
-8.52737
-7.31511
-6.23318
-5.27928
-4.44098
-3.70427
-3.05976
-2.49527
-2.00358
-1.57961
-1.21608
-0.908767
-0.657854
-0.45971
-0.303648
-0.179358
-0.075411
0.016175
0.102923
0.189806
0.277288
0.362805
0.442604
0.506686
0.549069
0.566373
0.552472
0.511909
0.467942
0.42409
0.403036
0.424218
0.522759
0.715526
0.936449
1.1246
1.22083
1.23696
1.17994
1.10965
1.03567
0.992018
0.96151
0.928406
0.888097
0.846698
0.814883
0.795541
0.782812
0.778019
0.780686
0.790446
0.80849
0.827268
0.840709
0.846479
0.842158
0.831243
0.816714
0.798923
0.778451
0.75573
0.73106
0.704527
0.67625
0.647187
0.617243
0.586278
0.554178
0.521517
0.488784
0.45592
0.423287
0.390694
0.35849
0.325999
0.293483
0.261488
0.229476
0.197328
0.165372
0.134083
0.103409
0.0743361
0.0474637
0.0247919
0.0061854
1.61725e-05
-0.0105703
-18.5383
-18.6009
-18.6498
-18.4939
-17.9468
-17.0087
-15.7781
-14.3583
-12.8509
-11.3441
-9.90786
-8.58142
-7.37658
-6.29737
-5.34088
-4.49634
-3.75195
-3.09808
-2.52433
-2.0257
-1.59713
-1.23155
-0.925558
-0.679685
-0.489971
-0.343965
-0.228398
-0.130924
-0.0421047
0.0453133
0.134954
0.225587
0.314681
0.397427
0.462589
0.504034
0.519297
0.502854
0.460272
0.414259
0.369953
0.354245
0.384324
0.49108
0.688724
0.92162
1.12569
1.24222
1.26278
1.2009
1.11849
1.03336
0.982049
0.940241
0.897965
0.852651
0.807921
0.774662
0.755825
0.746318
0.745194
0.751317
0.763603
0.782209
0.801222
0.815045
0.819912
0.814291
0.802624
0.787548
0.769452
0.748645
0.725794
0.701012
0.674472
0.646285
0.617042
0.586978
0.556043
0.52404
0.491482
0.458698
0.425886
0.39319
0.360512
0.32836
0.295965
0.263461
0.23148
0.199494
0.167401
0.135582
0.104503
0.0743893
0.0460935
0.0204926
0.000240046
-0.0151263
-0.0140427
-0.0194317
-18.5507
-18.596
-18.601
-18.41
-17.8573
-16.9319
-15.7223
-14.3284
-12.8463
-11.361
-9.94161
-8.62693
-7.42868
-6.35206
-5.39404
-4.5447
-3.794
-3.13234
-2.55107
-2.04693
-1.61504
-1.24854
-0.944129
-0.702651
-0.519763
-0.38157
-0.272524
-0.17969
-0.0923522
-0.00422144
0.0870914
0.179841
0.271088
0.354588
0.41956
0.45986
0.473574
0.457187
0.41613
0.367765
0.327552
0.317613
0.355705
0.469853
0.671735
0.911685
1.122
1.25343
1.27928
1.21434
1.12192
1.02978
0.968795
0.917651
0.868955
0.81952
0.773257
0.739292
0.721647
0.714951
0.716869
0.725237
0.739077
0.757767
0.775911
0.78986
0.793952
0.787642
0.775339
0.759634
0.741131
0.720104
0.697225
0.672465
0.645906
0.617868
0.588406
0.558153
0.526952
0.494866
0.462282
0.42959
0.39682
0.364087
0.331551
0.299367
0.267063
0.234614
0.202585
0.170741
0.138725
0.107129
0.0762089
0.0466194
0.0190242
-0.00548407
-0.0235548
-0.0361732
-0.0281798
-0.029137
-18.5632
-18.5954
-18.5693
-18.3518
-17.7942
-16.8779
-15.6836
-14.3086
-12.8456
-11.3772
-9.97089
-8.66528
-7.47223
-6.39763
-5.43853
-4.58556
-3.82997
-3.16234
-2.57546
-2.0673
-1.63313
-1.26623
-0.963184
-0.725232
-0.547735
-0.415441
-0.31111
-0.221252
-0.134754
-0.0456644
0.0467389
0.140665
0.232983
0.316236
0.379963
0.420803
0.435003
0.419335
0.379724
0.330723
0.294226
0.289613
0.334467
0.454533
0.660588
0.904124
1.11805
1.25808
1.2881
1.2203
1.12012
1.02461
0.953547
0.895365
0.841875
0.789681
0.743038
0.709767
0.693672
0.68906
0.692666
0.701351
0.715976
0.735033
0.753132
0.766522
0.769885
0.763279
0.750378
0.734176
0.715427
0.694445
0.671569
0.646923
0.620435
0.592493
0.563158
0.53308
0.502005
0.470019
0.437287
0.404371
0.371472
0.338671
0.306023
0.273773
0.241383
0.20905
0.17678
0.14497
0.112904
0.0814606
0.0506981
0.0214372
-0.00558898
-0.0292464
-0.0455091
-0.0560785
-0.0420006
-0.039423
-18.5762
-18.5987
-18.5505
-18.3138
-17.7521
-16.8426
-15.6596
-14.2984
-12.8496
-11.3939
-9.99737
-8.6984
-7.5093
-6.43621
-5.47627
-4.62051
-3.86119
-3.18917
-2.59824
-2.08724
-1.65166
-1.28469
-0.982782
-0.747681
-0.574406
-0.446473
-0.345524
-0.257245
-0.171123
-0.0812204
0.0122962
0.106914
0.199433
0.282908
0.346806
0.388179
0.403119
0.38765
0.348619
0.300302
0.2669
0.266958
0.317749
0.443461
0.653304
0.899587
1.11653
1.2605
1.2921
1.22116
1.11451
1.0178
0.937367
0.873318
0.81612
0.762495
0.716275
0.684577
0.669829
0.666567
0.670675
0.679426
0.694997
0.714053
0.731873
0.744732
0.747747
0.740854
0.727645
0.711225
0.692368
0.671339
0.648331
0.623519
0.596818
0.568623
0.539031
0.508637
0.477336
0.44517
0.412487
0.379694
0.346891
0.314135
0.281568
0.249409
0.217133
0.184753
0.152832
0.121131
0.0892392
0.0579339
0.0274267
-0.00157214
-0.0280917
-0.0510716
-0.0658429
-0.0750642
-0.0556618
-0.0502408
-18.5896
-18.6051
-18.5415
-18.291
-17.7265
-16.822
-15.6473
-14.2964
-12.8581
-11.4117
-10.0224
-8.72811
-7.54186
-6.46979
-5.50915
-4.65121
-3.889
-3.21377
-2.6199
-2.10688
-1.67044
-1.30359
-1.00264
-0.769871
-0.599874
-0.475286
-0.37659
-0.288819
-0.202464
-0.112073
-0.0174154
0.078316
0.17121
0.25515
0.319636
0.36105
0.376266
0.360798
0.321976
0.274848
0.244026
0.248118
0.304243
0.435472
0.649368
0.898907
1.11797
1.26293
1.29396
1.21907
1.1065
1.00943
0.92061
0.851575
0.79166
0.737626
0.692302
0.662137
0.648511
0.646713
0.650217
0.65982
0.675856
0.694762
0.712434
0.724879
0.727514
0.720397
0.70712
0.690706
0.672022
0.651254
0.628553
0.603996
0.577644
0.549525
0.520103
0.489751
0.458513
0.426357
0.393552
0.360541
0.327547
0.294729
0.261982
0.229734
0.197207
0.16472
0.132614
0.100696
0.0687916
0.0373936
0.0068997
-0.0220352
-0.0483333
-0.0709286
-0.0845964
-0.0931318
-0.0691993
-0.06147
-18.6032
-18.614
-18.5399
-18.2799
-17.7136
-16.813
-15.6446
-14.3011
-12.8703
-11.4306
-10.0466
-8.75554
-7.57108
-6.49953
-5.53831
-4.67866
-3.9142
-3.23669
-2.64074
-2.12631
-1.68942
-1.32286
-1.02287
-0.792011
-0.624565
-0.502442
-0.40503
-0.316775
-0.229449
-0.138243
-0.0425802
0.054364
0.148085
0.231914
0.29708
0.33849
0.353678
0.338131
0.299274
0.253165
0.224574
0.232196
0.293253
0.430067
0.648666
0.901782
1.12278
1.267
1.29519
1.21494
1.09771
0.998815
0.903023
0.830306
0.768805
0.715035
0.670912
0.642021
0.628964
0.628506
0.631495
0.642412
0.658718
0.677584
0.69503
0.70701
0.709173
0.701646
0.687935
0.670926
0.651781
0.630507
0.607325
0.582391
0.555562
0.527347
0.497743
0.467223
0.43588
0.403679
0.370973
0.338088
0.305244
0.272523
0.240014
0.207877
0.175682
0.14341
0.111501
0.0797587
0.0481286
0.016895
-0.0133199
-0.0419077
-0.0676922
-0.0897663
-0.102323
-0.1104
-0.0826872
-0.0729921
-18.6167
-18.6244
-18.5436
-18.2776
-17.7105
-16.813
-15.6491
-14.3109
-12.8854
-11.4504
-10.07
-8.78124
-7.59783
-6.52649
-5.5648
-4.70379
-3.93753
-3.25842
-2.66105
-2.14569
-1.70875
-1.34281
-1.04387
-0.814614
-0.649046
-0.528095
-0.430863
-0.341748
-0.253089
-0.160429
-0.0632018
0.034428
0.128353
0.212465
0.278164
0.319656
0.334504
0.318684
0.279703
0.234387
0.207764
0.218629
0.284452
0.427103
0.651191
0.908402
1.13115
1.27254
1.29502
1.2083
1.0896
0.984611
0.884578
0.809617
0.747623
0.69456
0.651747
0.624246
0.613993
0.612924
0.615749
0.627245
0.643707
0.662577
0.679856
0.691629
0.693897
0.686807
0.673607
0.657174
0.638451
0.617563
0.594797
0.569953
0.543339
0.515112
0.485552
0.45506
0.423721
0.391484
0.358635
0.325635
0.292639
0.259809
0.227092
0.194761
0.162316
0.12982
0.0977769
0.0658105
0.0340569
0.00266695
-0.0277549
-0.0565288
-0.0825794
-0.104777
-0.117267
-0.125589
-0.0954351
-0.08456
-18.6315
-18.637
-18.5516
-18.2819
-17.7145
-16.8194
-15.6587
-14.324
-12.9019
-11.47
-10.092
-8.80465
-7.62179
-6.55047
-5.58844
-4.72631
-3.95865
-3.2785
-2.68018
-2.16425
-1.72758
-1.36252
-1.06455
-0.836515
-0.671988
-0.551193
-0.453496
-0.363677
-0.274314
-0.18176
-0.0842705
0.0161847
0.111031
0.196163
0.262148
0.303498
0.317784
0.301454
0.262291
0.21787
0.193389
0.207463
0.277843
0.426297
0.656265
0.917727
1.14125
1.27772
1.29142
1.19841
1.08092
0.968506
0.866326
0.790213
0.728137
0.675596
0.633208
0.605644
0.593865
0.593347
0.598367
0.610462
0.62703
0.645616
0.662352
0.673388
0.674854
0.666647
0.652826
0.635673
0.616536
0.595345
0.572325
0.547392
0.520686
0.492407
0.46281
0.432262
0.400896
0.36869
0.335962
0.303028
0.270167
0.23741
0.204872
0.172651
0.1404
0.108089
0.0761346
0.0443274
0.0127531
-0.0184767
-0.0486048
-0.0770853
-0.102526
-0.124293
-0.135627
-0.143651
-0.110757
-0.0984843
-18.6397
-18.645
-18.5584
-18.2879
-17.7216
-16.8287
-15.6705
-14.3382
-12.9182
-11.4881
-10.1114
-8.82431
-7.64118
-6.5693
-5.60653
-4.74318
-3.97437
-3.29367
-2.69505
-2.17922
-1.74332
-1.37925
-1.08192
-0.854087
-0.689256
-0.56749
-0.468367
-0.376807
-0.285497
-0.190392
-0.091504
0.00764497
0.102966
0.188014
0.253852
0.294928
0.308767
0.29217
0.252926
0.208753
0.184941
0.200619
0.273964
0.426803
0.661642
0.926397
1.14944
1.28129
1.28895
1.19227
1.07221
0.956123
0.853297
0.777674
0.71675
0.665469
0.624329
0.598022
0.590293
0.587872
0.592556
0.604349
0.620737
0.639239
0.655986
0.667048
0.668781
0.661392
0.647559
0.630731
0.611711
0.590594
0.567642
0.54271
0.516022
0.487754
0.458156
0.427616
0.396246
0.364007
0.331205
0.298219
0.265289
0.232471
0.199859
0.167551
0.135219
0.102787
0.070802
0.0388908
0.00723463
-0.0240873
-0.0543673
-0.0830096
-0.108742
-0.130737
-0.142513
-0.15098
-0.117975
-0.102817
-18.6618
-18.6667
-18.5794
-18.309
-17.7441
-16.8532
-15.6968
-14.3661
-12.9471
-11.5177
-10.1413
-8.85381
-7.67009
-6.59757
-5.63414
-4.76991
-4.00052
-3.31976
-2.72119
-2.20572
-1.7704
-1.40683
-1.10963
-0.881227
-0.715472
-0.592795
-0.492761
-0.400462
-0.308543
-0.213713
-0.114598
-0.0140341
0.0817457
0.167077
0.232921
0.27378
0.28726
0.270294
0.230878
0.18708
0.164515
0.182301
0.258698
0.415451
0.653764
0.919621
1.14015
1.26686
1.26625
1.17083
1.04853
0.931787
0.828897
0.753862
0.693439
0.642514
0.601705
0.575686
0.565838
0.564739
0.56965
0.581788
0.598267
0.616707
0.633232
0.644125
0.64562
0.637825
0.623947
0.60698
0.587907
0.566768
0.543783
0.518843
0.492131
0.463852
0.434248
0.403697
0.372317
0.340077
0.307296
0.27432
0.241411
0.208611
0.17602
0.143734
0.111417
0.0790495
0.047051
0.0151745
-0.0164372
-0.0477349
-0.0779397
-0.106522
-0.132099
-0.154046
-0.165504
-0.173942
-0.140249
-0.13104
-18.6061
-18.6022
-18.6426
-18.631
-18.6119
-18.5867
-18.5566
-18.5244
-18.4934
-18.465
-18.44
-18.419
-18.4024
-18.3932
-18.3929
-18.3855
-19.1314
-19.1098
-19.1148
-19.1257
-19.1167
-19.0924
-19.0622
-19.0303
-18.9993
-18.9709
-18.9463
-18.9263
-18.9109
-18.8994
-18.8918
-18.8768
-19.5608
-19.6281
-19.7147
-19.7466
-19.7449
-19.7246
-19.6953
-19.6638
-19.6342
-19.6083
-19.5869
-19.5707
-19.5603
-19.5549
-19.55
-19.5381
-19.6317
-19.7228
-19.7712
-19.7946
-19.8007
-19.788
-19.7625
-19.7328
-19.7043
-19.6796
-19.6596
-19.6443
-19.6339
-19.6278
-19.623
-19.6102
-19.0581
-19.1186
-19.1536
-19.181
-19.1904
-19.1819
-19.1618
-19.1354
-19.1086
-19.0826
-19.0584
-19.0367
-19.018
-19.0032
-18.9922
-18.9734
-17.9429
-17.9883
-18.023
-18.0492
-18.0593
-18.0537
-18.0355
-18.01
-17.9822
-17.954
-17.9263
-17.8996
-17.8743
-17.8518
-17.8335
-17.8092
-16.4492
-16.4799
-16.5058
-16.5251
-16.5333
-16.5285
-16.5115
-16.4868
-16.4586
-16.4282
-16.396
-16.3622
-16.3273
-16.2933
-16.263
-16.2325
-14.7173
-14.7341
-14.749
-14.7595
-14.7632
-14.7572
-14.7399
-14.715
-14.6858
-14.6532
-14.6174
-14.5783
-14.5366
-14.4947
-14.4569
-14.4225
-12.9317
-12.9323
-12.9348
-12.9367
-12.9362
-12.9286
-12.9106
-12.8848
-12.8546
-12.8205
-12.7822
-12.7395
-12.6931
-12.6457
-12.6027
-12.5652
-11.1915
-11.1776
-11.1686
-11.1627
-11.1573
-11.1461
-11.1254
-11.0982
-11.0671
-11.032
-10.9923
-10.9477
-10.8991
-10.8492
-10.8038
-10.7648
-9.58369
-9.55828
-9.54065
-9.52884
-9.51922
-9.50432
-9.48113
-9.45279
-9.42106
-9.38542
-9.34519
-9.30014
-9.25097
-9.20051
-9.15466
-9.11543
-8.13959
-8.10607
-8.08184
-8.06518
-8.0515
-8.03291
-8.00733
-7.97793
-7.94572
-7.90995
-7.86992
-7.82544
-7.77716
-7.72786
-7.68312
-7.64461
-6.87281
-6.83548
-6.80787
-6.78837
-6.77167
-6.75008
-6.72272
-6.69272
-6.6604
-6.62489
-6.58556
-6.54224
-6.49563
-6.44833
-6.40547
-6.36817
-5.77277
-5.73421
-5.70526
-5.68382
-5.66331
-5.63809
-5.60939
-5.57931
-5.5473
-5.51247
-5.47428
-5.43264
-5.38824
-5.34351
-5.30303
-5.26728
-4.8299
-4.79179
-4.76307
-4.74045
-4.71658
-4.68879
-4.65957
-4.62959
-4.59798
-4.56393
-4.52702
-4.48722
-4.44522
-4.4033
-4.36553
-4.33166
-4.02616
-3.98914
-3.96079
-3.93732
-3.91194
-3.8833
-3.85393
-3.82404
-3.7928
-3.75953
-3.72391
-3.68595
-3.64635
-3.60726
-3.57224
-3.54027
-3.33971
-3.30523
-3.27783
-3.25312
-3.22612
-3.19709
-3.16798
-3.1385
-3.10787
-3.07555
-3.0413
-3.00518
-2.96787
-2.93141
-2.8989
-2.86857
-2.74987
-2.7184
-2.69211
-2.66603
-2.63765
-2.60866
-2.57996
-2.55094
-2.52093
-2.48953
-2.45655
-2.42209
-2.3868
-2.35259
-2.32222
-2.29326
-2.2413
-2.21255
-2.18723
-2.16069
-2.13192
-2.10306
-2.07452
-2.04572
-2.01611
-1.9854
-1.95343
-1.9203
-1.88664
-1.85424
-1.82557
-1.79768
-1.79911
-1.77252
-1.74765
-1.72089
-1.69208
-1.66327
-1.63476
-1.60606
-1.57674
-1.54654
-1.51535
-1.48323
-1.4508
-1.41974
-1.39236
-1.36525
-1.41209
-1.38632
-1.36114
-1.3338
-1.30482
-1.27602
-1.2475
-1.21883
-1.18966
-1.15978
-1.12907
-1.0976
-1.06594
-1.03574
-1.00918
-0.982566
-1.06794
-1.04263
-1.01666
-0.988392
-0.959065
-0.930095
-0.901389
-0.872575
-0.843366
-0.813561
-0.783044
-0.751862
-0.720563
-0.690774
-0.664656
-0.638304
-0.760543
-0.734357
-0.70672
-0.677048
-0.646884
-0.617212
-0.58791
-0.558654
-0.529159
-0.499199
-0.468624
-0.437452
-0.406216
-0.376564
-0.350677
-0.324134
-0.482838
-0.454157
-0.424458
-0.393349
-0.362148
-0.331694
-0.301814
-0.272148
-0.242375
-0.212234
-0.181539
-0.150281
-0.118987
-0.0893495
-0.0635875
-0.0367284
-0.234287
-0.202369
-0.170478
-0.137969
-0.105786
-0.0746101
-0.0442094
-0.0141849
0.0158213
0.0461071
0.0768868
0.108193
0.139504
0.169106
0.194742
0.221564
-0.0203712
0.0148749
0.0493113
0.0836906
0.117335
0.149639
0.180872
0.21148
0.241872
0.272395
0.303304
0.33466
0.365952
0.395453
0.420891
0.44755
0.169396
0.207932
0.244832
0.280891
0.315552
0.348399
0.379852
0.410468
0.440739
0.471069
0.501744
0.532836
0.563826
0.592963
0.617956
0.644304
0.334276
0.376446
0.415759
0.45324
0.488426
0.521297
0.552497
0.582692
0.612438
0.64217
0.672187
0.702554
0.732744
0.761001
0.78507
0.810823
0.461396
0.506301
0.547929
0.587029
0.623057
0.656315
0.687586
0.717592
0.746923
0.776032
0.805221
0.834558
0.863533
0.890448
0.913144
0.938063
0.557459
0.603335
0.645986
0.685586
0.721642
0.754705
0.785597
0.815039
0.843616
0.871776
0.899806
0.927773
0.955196
0.980471
1.00153
1.02552
0.629384
0.676585
0.719314
0.757958
0.792862
0.824835
0.854674
0.883042
0.91048
0.937393
0.964031
0.990448
1.0162
1.03978
1.05919
1.08231
0.682198
0.728802
0.770422
0.807595
0.841166
0.871981
0.900747
0.92806
0.954405
0.980142
1.00548
1.03048
1.05471
1.07681
1.09475
1.11715
0.725795
0.769006
0.808059
0.843348
0.875496
0.905141
0.93287
0.959204
0.98457
1.00927
1.03348
1.05723
1.08016
1.10098
1.11771
1.13954
0.766415
0.806278
0.842684
0.87593
0.906491
0.934877
0.961569
0.986989
1.01148
1.03527
1.0585
1.08119
1.10302
1.12284
1.13866
1.16008
0.80568
0.843173
0.877723
0.909589
0.93912
0.966705
0.992719
1.01751
1.04135
1.06448
1.08701
1.10901
1.1302
1.14948
1.16482
1.18607
0.844227
0.880974
0.91514
0.94677
0.976115
1.00352
1.02935
1.05395
1.07762
1.10059
1.12301
1.14493
1.16611
1.1854
1.20047
1.22154
0.882133
0.921213
0.957185
0.990182
1.02062
1.04897
1.07566
1.10109
1.12556
1.1493
1.1724
1.19488
1.21644
1.23582
1.25003
1.27052
0.91419
0.958943
0.999372
1.03594
1.06935
1.10026
1.12917
1.15649
1.18254
1.20749
1.23141
1.25421
1.27572
1.29525
1.30577
1.32679
0.931597
0.984727
1.032
1.0741
1.11181
1.14593
1.17723
1.20629
1.23353
1.25922
1.28345
1.30599
1.32614
1.34246
1.3543
1.37162
0.940319
1.00004
1.05277
1.09903
1.13964
1.17572
1.2082
1.23785
1.26524
1.29059
1.31373
1.33446
1.35397
1.3718
1.38351
1.39811
0.93956
1.00134
1.05515
1.10242
1.14433
1.18142
1.21446
1.24424
1.27131
1.29629
1.32081
1.34401
1.36256
1.37562
1.38317
1.39633
0.92896
0.99235
1.04675
1.09373
1.13525
1.17298
1.20787
1.24034
1.27029
1.29699
1.3185
1.33493
1.34738
1.35596
1.36079
1.37314
0.937713
1.0004
1.05458
1.1017
1.14308
1.17971
1.21206
1.24019
1.26403
1.28351
1.29866
1.31003
1.31857
1.32462
1.32805
1.34073
0.964874
1.02132
1.07022
1.11262
1.14926
1.18057
1.20684
1.22833
1.24541
1.2586
1.26852
1.27587
1.28172
1.28687
1.29055
1.30485
1.02743
1.06664
1.10117
1.13115
1.15672
1.17806
1.19547
1.20934
1.21997
1.22788
1.23394
1.23925
1.24466
1.25055
1.2551
1.27105
1.09316
1.11166
1.12912
1.145
1.15886
1.1704
1.17964
1.18716
1.19373
1.19967
1.20513
1.21064
1.21714
1.22492
1.22985
1.24698
1.10387
1.10977
1.1164
1.12326
1.13046
1.138
1.14555
1.15264
1.15927
1.16589
1.17282
1.18018
1.18845
1.19855
1.20351
1.22191
1.07489
1.07408
1.07747
1.08337
1.09031
1.09774
1.10565
1.11411
1.12294
1.13204
1.14137
1.15076
1.16011
1.17276
1.17681
1.1962
1.05362
1.0518
1.0538
1.0589
1.06633
1.07532
1.08529
1.09584
1.10676
1.11794
1.12936
1.14099
1.15279
1.16495
1.17157
1.19044
1.05174
1.05208
1.05664
1.06425
1.07393
1.085
1.09697
1.10948
1.12224
1.13481
1.14659
1.15798
1.16967
1.18212
1.19044
1.2094
1.05895
1.0653
1.07429
1.08508
1.09686
1.10888
1.1208
1.13295
1.14555
1.15868
1.1726
1.18689
1.20102
1.21481
1.22409
1.24326
1.06653
1.07679
1.08869
1.10206
1.11657
1.13209
1.14843
1.16492
1.18118
1.19726
1.2132
1.22893
1.24436
1.25905
1.26902
1.28831
1.07783
1.09495
1.11313
1.13174
1.15048
1.16922
1.18786
1.20627
1.22441
1.24224
1.25972
1.27676
1.29326
1.30868
1.31898
1.33834
1.09989
1.12215
1.14437
1.16629
1.18775
1.20874
1.22921
1.24918
1.26866
1.28765
1.30611
1.32395
1.34104
1.35687
1.36715
1.38651
1.11859
1.14536
1.17097
1.19551
1.21911
1.2418
1.26363
1.2847
1.30509
1.32484
1.34391
1.36217
1.37948
1.39548
1.40545
1.42495
1.13384
1.16405
1.1923
1.21885
1.24395
1.26775
1.29039
1.31202
1.33277
1.35271
1.37177
1.38984
1.40684
1.42269
1.432
1.45157
1.13788
1.17152
1.20232
1.23068
1.25698
1.28151
1.30456
1.32635
1.34705
1.36673
1.38536
1.40279
1.41909
1.43464
1.44304
1.46247
1.12377
1.15943
1.19191
1.22155
1.24869
1.27371
1.29694
1.31865
1.33907
1.3583
1.37632
1.39299
1.40843
1.4239
1.4312
1.45059
1.09462
1.13088
1.16387
1.19385
1.22122
1.24633
1.26953
1.29109
1.31119
1.32998
1.34744
1.36343
1.37795
1.39365
1.39982
1.41935
1.06453
1.0996
1.13168
1.16089
1.18751
1.21197
1.23462
1.25566
1.27523
1.29345
1.31036
1.32582
1.3394
1.35545
1.36086
1.38039
1.03494
1.06905
1.10071
1.12955
1.15547
1.17902
1.20088
1.22126
1.24017
1.25774
1.27406
1.28906
1.30198
1.31794
1.323
1.34266
1.01457
1.04457
1.07272
1.09961
1.12531
1.1492
1.1709
1.19073
1.20911
1.22624
1.24223
1.25699
1.26989
1.2854
1.29082
1.31026
1.00645
1.03495
1.06168
1.08677
1.1104
1.13248
1.15302
1.17223
1.19026
1.20716
1.22296
1.23757
1.25069
1.26562
1.27156
1.29084
1.00689
1.034
1.05985
1.08461
1.10781
1.1292
1.14922
1.16805
1.18576
1.20239
1.21795
1.23239
1.24558
1.26008
1.2664
1.28549
1.01351
1.03996
1.06528
1.0892
1.11148
1.1324
1.15217
1.17078
1.1883
1.20478
1.22023
1.23458
1.24777
1.26208
1.26858
1.28757
1.02287
1.04858
1.07331
1.09641
1.11799
1.13868
1.15819
1.17655
1.19386
1.21016
1.22545
1.23966
1.25275
1.26696
1.27348
1.2924
1.03067
1.05605
1.07979
1.10226
1.12388
1.14432
1.16358
1.18177
1.19895
1.21514
1.23033
1.24443
1.25736
1.27154
1.27795
1.29683
1.03256
1.05777
1.08163
1.10425
1.12564
1.14576
1.1648
1.18285
1.19993
1.21602
1.23112
1.2451
1.25782
1.27205
1.27827
1.29714
1.02707
1.05272
1.07682
1.09942
1.12067
1.14073
1.1597
1.17767
1.19464
1.21062
1.22558
1.23945
1.25193
1.26627
1.27226
1.29114
1.01526
1.04098
1.06509
1.08772
1.10901
1.12909
1.14806
1.16598
1.18287
1.19873
1.2136
1.2274
1.23966
1.25417
1.25991
1.27883
0.998213
1.02382
1.04785
1.07044
1.09172
1.11181
1.13079
1.1487
1.16554
1.18132
1.19609
1.20986
1.22186
1.23658
1.24208
1.26104
0.977367
1.00285
1.02682
1.0493
1.07049
1.09054
1.10949
1.12737
1.14416
1.15985
1.17454
1.18834
1.20008
1.21503
1.2203
1.23932
0.954029
0.979234
1.00306
1.02551
1.04666
1.06665
1.08555
1.10336
1.12006
1.13565
1.15023
1.16406
1.17552
1.1907
1.19574
1.21484
0.928799
0.953783
0.977448
0.999854
1.02101
1.04094
1.05974
1.07745
1.09405
1.10956
1.12406
1.13796
1.14916
1.16456
1.16942
1.18855
0.902064
0.92695
0.950498
0.972814
0.993944
1.01384
1.03255
1.05016
1.06669
1.08211
1.0965
1.11052
1.12141
1.13706
1.14176
1.16094
0.874077
0.898933
0.922435
0.944659
0.965695
0.985541
1.00419
1.02172
1.03819
1.05357
1.06782
1.08204
1.09259
1.10852
1.11301
1.13225
0.845144
0.869991
0.893438
0.915559
0.936448
0.95618
0.97478
0.992269
1.00869
1.02408
1.0381
1.05262
1.06274
1.07906
1.08331
1.10264
0.81547
0.840367
0.863791
0.885891
0.906726
0.926346
0.944838
0.962237
0.978571
0.994047
1.00766
1.0227
1.03231
1.04889
1.05302
1.0724
0.784969
0.809874
0.833318
0.855397
0.876191
0.895757
0.914198
0.931553
0.947716
0.96335
0.976458
0.991757
1.00126
1.01789
1.02199
1.04138
0.753286
0.778189
0.801623
0.82366
0.8444
0.863882
0.882243
0.899564
0.915721
0.931041
0.94485
0.959632
0.96938
0.985906
0.990033
1.00942
0.720604
0.745418
0.768755
0.790754
0.811466
0.830949
0.849307
0.866581
0.882754
0.898029
0.911923
0.926613
0.936438
0.952928
0.957074
0.97645
0.687438
0.71216
0.735476
0.757407
0.77804
0.797458
0.815765
0.832994
0.849232
0.864568
0.878406
0.893104
0.902897
0.919417
0.923554
0.94296
0.654387
0.679123
0.702368
0.724195
0.744749
0.764137
0.782405
0.799641
0.815878
0.831167
0.844919
0.859672
0.869429
0.885917
0.890095
0.90948
0.621023
0.645832
0.669175
0.690993
0.711426
0.730686
0.74893
0.766158
0.782333
0.79764
0.8113
0.826148
0.83597
0.852337
0.856618
0.875983
0.587457
0.611969
0.635146
0.657127
0.677864
0.697349
0.715645
0.732826
0.748953
0.76426
0.777926
0.792549
0.802662
0.818776
0.82318
0.842511
0.554814
0.579317
0.602355
0.624045
0.644546
0.66391
0.682152
0.699308
0.715409
0.730694
0.744535
0.758864
0.769364
0.785216
0.789801
0.809073
0.52272
0.547221
0.570257
0.591903
0.612312
0.631593
0.649758
0.666856
0.682907
0.698048
0.712034
0.726097
0.736802
0.752458
0.757145
0.776388
0.490403
0.514892
0.537913
0.559571
0.579986
0.599255
0.617371
0.634407
0.650465
0.665588
0.679649
0.693608
0.704452
0.719971
0.724754
0.743936
0.457468
0.481893
0.504854
0.526475
0.54688
0.566175
0.584346
0.60141
0.617455
0.632542
0.646612
0.660515
0.671408
0.686897
0.691698
0.710889
0.424829
0.449146
0.472047
0.493622
0.513958
0.533144
0.551214
0.568241
0.584295
0.599404
0.613532
0.627403
0.638388
0.653794
0.65864
0.677818
0.392121
0.416395
0.439249
0.460772
0.48107
0.500244
0.518302
0.535276
0.551242
0.566256
0.580323
0.594084
0.605109
0.62042
0.625331
0.644475
0.359183
0.383351
0.406115
0.427556
0.447752
0.466784
0.484714
0.501607
0.517526
0.532516
0.546593
0.560294
0.571399
0.586619
0.591586
0.610713
0.325864
0.349798
0.37236
0.393634
0.413694
0.432594
0.450387
0.467156
0.482976
0.49789
0.511926
0.525518
0.536706
0.551757
0.55682
0.575894
0.292173
0.315681
0.337817
0.358682
0.378368
0.396975
0.414561
0.431165
0.446841
0.461634
0.47559
0.489045
0.500337
0.515207
0.520383
0.539417
0.257191
0.280025
0.301554
0.321865
0.341045
0.359191
0.376364
0.392615
0.408003
0.422568
0.436362
0.449585
0.460995
0.475475
0.480868
0.49978
0.220688
0.242386
0.262906
0.282329
0.300736
0.318212
0.33482
0.350611
0.365632
0.379914
0.393505
0.406512
0.418012
0.432236
0.437813
0.456689
0.181183
0.200819
0.219438
0.237114
0.253924
0.269962
0.285292
0.299961
0.314016
0.327492
0.340429
0.352861
0.36427
0.377762
0.383668
0.402309
0.138768
0.155601
0.171726
0.18722
0.202161
0.216648
0.230756
0.244555
0.258077
0.271281
0.28412
0.296526
0.308217
0.321499
0.327807
0.346374
0.087067
0.0981366
0.108738
0.118926
0.128802
0.138556
0.148308
0.158096
0.167957
0.177897
0.187933
0.19806
0.208132
0.219973
0.225931
0.244236
0.0373921
0.043986
0.050773
0.0578169
0.0651681
0.0728947
0.0810091
0.0894765
0.0982492
0.107255
0.116453
0.125808
0.135273
0.145299
0.153781
0.166224
)
;

boundaryField
{
    frontAndBack
    {
        type            empty;
    }
    inlet
    {
        type            zeroGradient;
    }
    outlet
    {
        type            fixedValue;
        value           uniform 0;
    }
    walls
    {
        type            zeroGradient;
    }
}


// ************************************************************************* //
