/*--------------------------------*- C++ -*----------------------------------*\
| =========                 |                                                 |
| \\      /  F ield         | OpenFOAM: The Open Source CFD Toolbox           |
|  \\    /   O peration     | Version:  v2012                                 |
|   \\  /    A nd           | Website:  www.openfoam.com                      |
|    \\/     M anipulation  |                                                 |
\*---------------------------------------------------------------------------*/
FoamFile
{
    version     2.0;
    format      ascii;
    class       volScalarField;
    location    "0.133";
    object      p;
}
// * * * * * * * * * * * * * * * * * * * * * * * * * * * * * * * * * * * * * //

dimensions      [0 2 -2 0 0 0 0];


internalField   nonuniform List<scalar> 
5600
(
-12.0652
-13.0307
-13.984
-14.9751
-16.034
-17.1349
-18.2386
-19.3083
-20.3261
-21.2878
-22.2012
-23.0589
-23.8635
-24.6195
-25.3353
-26.0235
-26.688
-27.3394
-27.9791
-28.6179
-29.2513
-29.8843
-30.5142
-31.1412
-31.7649
-32.3831
-32.9989
-33.6125
-34.2235
-34.832
-35.4402
-36.0484
-36.6553
-37.2624
-37.8698
-38.4748
-39.0785
-39.6809
-40.2827
-40.8828
-41.4816
-42.0785
-42.674
-43.2676
-43.859
-44.4493
-45.0387
-45.6258
-46.2113
-46.7953
-47.3781
-47.9592
-48.5391
-49.1173
-49.6943
-50.2697
-50.8437
-51.4162
-51.9873
-52.5572
-53.1262
-53.693
-54.2586
-54.8226
-55.3855
-55.947
-56.5075
-57.0664
-57.6243
-58.1811
-58.7368
-59.291
-59.8441
-60.3965
-60.9478
-61.4983
-62.0475
-62.5962
-63.1436
-63.6909
-64.2363
-64.7818
-65.3257
-65.8694
-66.4108
-66.9525
-67.4917
-68.0314
-68.5692
-69.1069
-69.6453
-70.1804
-70.717
-71.2516
-71.7898
-72.3279
-72.8732
-73.4331
-73.9952
-74.8546
-12.1637
-13.0545
-14.0017
-14.9881
-16.0439
-17.1442
-18.2477
-19.3169
-20.3356
-21.2981
-22.2106
-23.0675
-23.8722
-24.6286
-25.3455
-26.0352
-26.7013
-27.3542
-27.995
-28.6344
-29.2689
-29.9024
-30.5329
-31.1602
-31.7843
-32.4024
-33.0186
-33.6325
-34.2436
-34.8522
-35.4606
-36.069
-36.6761
-37.2835
-37.8911
-38.4962
-39.1
-39.7025
-40.3045
-40.9046
-41.5035
-42.1004
-42.6961
-43.2897
-43.8811
-44.4714
-45.0608
-45.648
-46.2335
-46.8175
-47.4004
-47.9815
-48.5615
-49.1397
-49.7168
-50.2921
-50.8661
-51.4386
-52.0096
-52.5796
-53.1486
-53.7153
-54.2809
-54.8448
-55.4078
-55.9692
-56.5298
-57.0886
-57.6466
-58.2033
-58.759
-59.3132
-59.8663
-60.4187
-60.97
-61.5204
-62.0697
-62.6183
-63.1658
-63.7131
-64.2586
-64.804
-65.348
-65.8916
-66.433
-66.9748
-67.5139
-68.0538
-68.5912
-69.1295
-69.6669
-70.2032
-70.7382
-71.2754
-71.8097
-72.3541
-72.8889
-73.464
-74.0054
-74.852
-12.2453
-13.0755
-14.0299
-15.0165
-16.0663
-17.1608
-18.2593
-19.3256
-20.34
-21.3016
-22.2123
-23.0683
-23.8726
-24.6291
-25.3461
-26.0361
-26.7029
-27.3556
-27.9969
-28.6368
-29.2717
-29.9057
-30.5362
-31.1638
-31.7885
-32.4077
-33.024
-33.6385
-34.2499
-34.8591
-35.4678
-36.0763
-36.6834
-37.2908
-37.8984
-38.5034
-39.1073
-39.7098
-40.3118
-40.9119
-41.5108
-42.1077
-42.7033
-43.297
-43.8883
-44.4786
-45.0681
-45.6553
-46.2407
-46.8248
-47.4077
-47.9888
-48.5688
-49.147
-49.724
-50.2993
-50.8734
-51.446
-52.0171
-52.5871
-53.1563
-53.7232
-54.2889
-54.8529
-55.4161
-55.9776
-56.5382
-57.0972
-57.6552
-58.212
-58.7678
-59.3221
-59.8753
-60.4276
-60.9791
-61.5295
-62.0789
-62.6275
-63.175
-63.7223
-64.2679
-64.8134
-65.3574
-65.901
-66.4426
-66.9842
-67.5235
-68.0633
-68.6009
-69.139
-69.6766
-70.2128
-70.7479
-71.285
-71.8195
-72.3634
-72.8993
-73.475
-74.0197
-74.825
-12.3365
-13.1057
-14.0583
-15.0435
-16.0858
-17.175
-18.2708
-19.3372
-20.3491
-21.3118
-22.2236
-23.0807
-23.8865
-24.644
-25.3627
-26.0522
-26.7201
-27.3726
-28.0138
-28.6526
-29.2865
-29.919
-30.5481
-31.1747
-31.799
-32.4182
-33.0342
-33.649
-34.261
-34.8714
-35.4807
-36.0898
-36.6973
-37.3053
-37.9131
-38.5184
-39.1222
-39.725
-40.327
-40.9273
-41.5262
-42.1233
-42.7191
-43.3129
-43.9045
-44.4951
-45.0847
-45.672
-46.2576
-46.8418
-47.4248
-48.006
-48.5861
-49.1645
-49.7417
-50.3172
-50.8913
-51.4638
-52.035
-52.605
-53.174
-53.7408
-54.3065
-54.8704
-55.4335
-55.9948
-56.5553
-57.1142
-57.6722
-58.229
-58.7847
-59.3389
-59.8922
-60.4444
-60.9959
-61.5462
-62.0956
-62.6442
-63.1918
-63.739
-64.2846
-64.83
-65.3742
-65.9176
-66.4594
-67.0008
-67.5403
-68.0798
-68.6178
-69.1555
-69.6935
-70.2292
-70.765
-71.301
-71.8368
-72.3786
-72.9168
-73.4881
-74.0422
-74.7843
-12.4287
-13.1366
-14.084
-15.0708
-16.1072
-17.1914
-18.2848
-19.3495
-20.3608
-21.3234
-22.2351
-23.092
-23.8981
-24.656
-25.3762
-26.0651
-26.7342
-27.3874
-28.0297
-28.6688
-29.3033
-29.9361
-30.5656
-31.1923
-31.8164
-32.4353
-33.0508
-33.665
-34.2763
-34.8864
-35.4948
-36.1031
-36.71
-37.3176
-37.9254
-38.5312
-39.1352
-39.7384
-40.3406
-40.9412
-41.5403
-42.1376
-42.7334
-43.3276
-43.9193
-44.5102
-45.0997
-45.6871
-46.2726
-46.8569
-47.4399
-48.0211
-48.6012
-49.1795
-49.7567
-50.3321
-50.9062
-51.4787
-52.0498
-52.6199
-53.189
-53.7559
-54.3215
-54.8855
-55.4489
-56.0104
-56.5711
-57.1301
-57.6882
-58.245
-58.8008
-59.3551
-59.9084
-60.4607
-61.0123
-61.5627
-62.1122
-62.6607
-63.2085
-63.7555
-64.3014
-64.8466
-65.3909
-65.9343
-66.4762
-67.0176
-67.5572
-68.0966
-68.6348
-69.1723
-69.7105
-70.246
-70.7821
-71.3178
-71.8539
-72.3949
-72.9332
-73.5011
-74.0516
-74.7554
-12.5196
-13.1695
-14.1103
-15.1006
-16.1314
-17.21
-18.3008
-19.3636
-20.3745
-21.3366
-22.2482
-23.1053
-23.912
-24.6708
-25.392
-26.0819
-26.752
-27.4059
-28.0488
-28.6878
-29.3226
-29.9552
-30.5847
-31.2113
-31.835
-32.454
-33.0697
-33.6841
-34.2957
-34.9059
-35.5144
-36.1227
-36.7295
-37.3366
-37.9443
-38.5498
-39.1534
-39.7562
-40.3578
-40.9579
-41.5565
-42.1535
-42.749
-43.3431
-43.9344
-44.526
-45.1157
-45.7033
-46.2889
-46.8734
-47.4565
-48.038
-48.6181
-49.1966
-49.7738
-50.3494
-50.9236
-51.4962
-52.0672
-52.6375
-53.2065
-53.7734
-54.3391
-54.9032
-55.4666
-56.028
-56.5887
-57.1477
-57.7058
-58.2626
-58.8184
-59.3728
-59.9262
-60.4785
-61.0302
-61.5806
-62.1301
-62.6786
-63.2265
-63.7735
-64.3196
-64.8647
-65.4091
-65.9524
-66.4945
-67.0357
-67.5755
-68.1148
-68.6531
-69.1907
-69.7286
-70.2644
-70.8003
-71.3362
-71.872
-72.4127
-72.9506
-73.5139
-74.0621
-74.7304
-12.606
-13.2045
-14.1375
-15.1319
-16.1574
-17.2305
-18.319
-19.3801
-20.3907
-21.3524
-22.2638
-23.1213
-23.9285
-24.6881
-25.41
-26.1008
-26.7714
-27.4257
-28.0692
-28.7081
-29.3432
-29.9757
-30.6053
-31.2319
-31.8555
-32.4747
-33.0906
-33.7049
-34.3166
-34.9267
-35.5354
-36.1435
-36.7508
-37.3577
-37.9655
-38.5709
-39.1747
-39.7774
-40.3792
-40.9792
-41.5779
-42.1747
-42.77
-43.3641
-43.9551
-44.5465
-45.1361
-45.7233
-46.3087
-46.8928
-47.4756
-48.0568
-48.6366
-49.215
-49.792
-50.3675
-50.9415
-51.5145
-52.0857
-52.6562
-53.2254
-53.7924
-54.3582
-54.9223
-55.4859
-56.0473
-56.6081
-57.1672
-57.7253
-58.2822
-58.838
-59.3925
-59.9459
-60.4981
-61.0497
-61.6001
-62.1496
-62.6981
-63.2461
-63.7931
-64.3392
-64.8843
-65.4288
-65.972
-66.5143
-67.0554
-67.5952
-68.1345
-68.6728
-69.2106
-69.7483
-70.2844
-70.82
-71.3561
-71.8917
-72.4318
-72.9692
-73.5269
-74.0713
-74.7077
-12.6839
-13.2412
-14.1659
-15.1642
-16.1852
-17.2532
-18.34
-19.3997
-20.4099
-21.3713
-22.2825
-23.1404
-23.9479
-24.7081
-25.4306
-26.1224
-26.7932
-27.448
-28.0921
-28.7311
-29.3664
-29.999
-30.6286
-31.2551
-31.8786
-32.4979
-33.1139
-33.728
-34.3399
-34.9499
-35.5587
-36.1668
-36.7742
-37.3811
-37.9887
-38.5941
-39.198
-39.8006
-40.4024
-41.0024
-41.6011
-42.1979
-42.7933
-43.3873
-43.9789
-44.5697
-45.1595
-45.7466
-46.3322
-46.9162
-47.4991
-48.0802
-48.6601
-49.2383
-49.8151
-50.3905
-50.9643
-51.5373
-52.1083
-52.6789
-53.2475
-53.8145
-54.38
-54.944
-55.5072
-56.0686
-56.6291
-57.1881
-57.7462
-58.3029
-58.8588
-59.4131
-59.9668
-60.5193
-61.0711
-61.6215
-62.1712
-62.7197
-63.2678
-63.8149
-64.3611
-64.9062
-65.4507
-65.994
-66.5363
-67.0775
-67.6173
-68.1566
-68.6949
-69.2327
-69.7702
-70.3065
-70.8419
-71.3778
-71.9134
-72.4526
-72.9888
-73.5415
-74.0788
-74.685
-12.7497
-13.2779
-14.1955
-15.1969
-16.2147
-17.2787
-18.3641
-19.4228
-20.4327
-21.3938
-22.3049
-23.1631
-23.9706
-24.7315
-25.4544
-26.1469
-26.818
-27.4732
-28.1177
-28.7568
-29.3922
-30.0247
-30.6543
-31.2808
-31.9042
-32.5236
-33.1397
-33.7537
-34.3656
-34.9757
-35.5846
-36.1926
-36.8
-37.4072
-38.0145
-38.6199
-39.2238
-39.8265
-40.4283
-41.0282
-41.6269
-42.2238
-42.8191
-43.413
-44.0048
-44.5955
-45.1852
-45.7723
-46.358
-46.942
-47.5248
-48.106
-48.6858
-49.264
-49.841
-50.4163
-50.9903
-51.5633
-52.1343
-52.705
-53.2734
-53.8403
-54.4059
-54.97
-55.5331
-56.0945
-56.6549
-57.2139
-57.7718
-58.3283
-58.884
-59.4383
-59.9918
-60.5445
-61.096
-61.6464
-62.1957
-62.7444
-63.2919
-63.839
-64.385
-64.93
-65.4744
-66.0176
-66.5597
-67.1006
-67.641
-68.1801
-68.7183
-69.2562
-69.7936
-70.3301
-70.8657
-71.4015
-71.9371
-72.4753
-73.01
-73.5574
-74.085
-74.6575
-12.7989
-13.3125
-14.2265
-15.2295
-16.2454
-17.3072
-18.3918
-19.45
-20.4597
-21.4207
-22.3316
-23.19
-23.9976
-24.7589
-25.4819
-26.175
-26.8461
-27.5014
-28.1462
-28.7854
-29.4209
-30.0535
-30.6831
-31.3095
-31.9328
-32.5523
-33.1684
-33.7824
-34.3944
-35.0045
-35.6133
-36.2214
-36.8288
-37.4361
-38.0432
-38.6486
-39.2526
-39.8553
-40.457
-41.057
-41.6556
-42.2525
-42.8478
-43.4417
-44.0336
-44.6244
-45.2139
-45.8011
-46.3867
-46.9708
-47.5536
-48.1347
-48.7146
-49.2928
-49.8697
-50.445
-51.019
-51.5919
-52.163
-52.7335
-53.3019
-53.8689
-54.4345
-54.9986
-55.5616
-56.1231
-56.6835
-57.2425
-57.8004
-58.357
-58.9127
-59.4671
-60.0206
-60.5733
-61.1247
-61.6752
-62.2244
-62.7734
-63.3206
-63.8676
-64.4136
-64.9587
-65.5029
-66.0462
-66.5883
-67.1293
-67.6694
-68.2084
-68.7465
-69.2841
-69.8214
-70.3576
-70.8934
-71.4287
-71.9638
-72.5007
-73.0335
-73.5735
-74.0912
-74.6263
-12.8238
-13.3408
-14.257
-15.2598
-16.2755
-17.3374
-18.4223
-19.4805
-20.4903
-21.4512
-22.3621
-23.2206
-24.028
-24.7893
-25.5121
-26.2054
-26.8765
-27.5317
-28.1766
-28.8157
-29.4513
-30.0839
-30.7134
-31.3399
-31.9632
-32.5826
-33.1987
-33.8127
-34.4247
-35.0348
-35.6436
-36.2517
-36.8591
-37.4666
-38.0735
-38.6788
-39.2828
-39.8856
-40.4873
-41.0874
-41.6859
-42.2829
-42.8781
-43.4719
-44.064
-44.6548
-45.2441
-45.8314
-46.417
-47.0011
-47.5839
-48.1651
-48.7449
-49.3231
-49.9
-50.4754
-51.0494
-51.6222
-52.1933
-52.7638
-53.3323
-53.8993
-54.4649
-55.029
-55.5919
-56.1535
-56.7138
-57.2729
-57.8307
-58.3874
-58.9431
-59.4976
-60.0511
-60.6037
-61.155
-61.7056
-62.2549
-62.8036
-63.3509
-63.8979
-64.4439
-64.9889
-65.5331
-66.0764
-66.6185
-67.1595
-67.6996
-68.2386
-68.7768
-69.3144
-69.8517
-70.3879
-70.9237
-71.4589
-71.9936
-72.529
-73.0599
-73.592
-74.1003
-74.6013
-12.8217
-13.3603
-14.2841
-15.2848
-16.3019
-17.3665
-18.4525
-19.5112
-20.5214
-21.4825
-22.3934
-23.2518
-24.0588
-24.8198
-25.5422
-26.2353
-26.906
-27.5609
-28.2057
-28.8448
-29.4804
-30.113
-30.7426
-31.369
-31.9923
-32.6116
-33.2277
-33.8417
-34.4536
-35.0637
-35.6726
-36.2806
-36.888
-37.4958
-38.1025
-38.7078
-39.3119
-39.9147
-40.5163
-41.1164
-41.715
-42.3119
-42.9072
-43.5009
-44.0931
-44.6839
-45.2731
-45.8604
-46.446
-47.0301
-47.6129
-48.1941
-48.7739
-49.3521
-49.929
-50.5044
-51.0784
-51.6514
-52.2226
-52.793
-53.3614
-53.9284
-54.494
-55.0581
-55.621
-56.1826
-56.7429
-57.302
-57.8597
-58.4164
-58.9719
-59.5264
-60.0799
-60.6325
-61.1838
-61.7343
-62.2841
-62.8327
-63.38
-63.9269
-64.473
-65.0181
-65.5625
-66.1059
-66.6481
-67.1893
-67.7295
-68.2688
-68.807
-69.3445
-69.8817
-70.418
-70.9538
-71.489
-72.0236
-72.5578
-73.0867
-73.6126
-74.1123
-74.5872
-12.7979
-13.3727
-14.307
-15.3041
-16.3241
-17.3929
-18.4809
-19.5404
-20.5512
-21.5125
-22.4235
-23.2817
-24.0883
-24.8488
-25.5703
-26.2631
-26.9333
-27.5877
-28.2323
-28.8712
-29.5068
-30.1395
-30.769
-31.3954
-32.0188
-32.638
-33.2541
-33.868
-34.4799
-35.09
-35.6988
-36.3068
-36.9141
-37.5222
-38.1288
-38.734
-39.3381
-39.941
-40.5426
-41.1427
-41.7412
-42.3382
-42.9334
-43.5272
-44.1196
-44.7103
-45.2994
-45.8868
-46.4724
-47.0565
-47.6393
-48.2205
-48.8002
-49.3785
-49.9553
-50.5306
-51.1045
-51.6772
-52.2489
-52.8192
-53.3876
-53.9545
-54.5201
-55.0843
-55.6473
-56.209
-56.7693
-57.3286
-57.8865
-58.4433
-58.999
-59.5535
-60.107
-60.6597
-61.2112
-61.7619
-62.312
-62.8607
-63.4082
-63.9551
-64.5013
-65.0465
-65.591
-66.1345
-66.6768
-67.218
-67.7582
-68.2975
-68.8357
-69.373
-69.9098
-70.446
-70.9818
-71.5168
-72.051
-72.5841
-73.1115
-73.6324
-74.1253
-74.5812
-12.7575
-13.3809
-14.3262
-15.3188
-16.343
-17.4171
-18.5074
-19.568
-20.5795
-21.5409
-22.452
-23.3101
-24.1161
-24.8759
-25.5966
-26.289
-26.9585
-27.6122
-28.2566
-28.8953
-29.5309
-30.1636
-30.7931
-31.4194
-32.0429
-32.662
-33.2781
-33.892
-34.5038
-35.1138
-35.7226
-36.3306
-36.9378
-37.5462
-38.1527
-38.7578
-39.362
-39.9649
-40.5665
-41.1667
-41.7652
-42.3621
-42.9571
-43.5506
-44.1434
-44.7341
-45.3231
-45.9104
-46.496
-47.0801
-47.6629
-48.2441
-48.824
-49.4024
-49.9794
-50.5549
-51.1289
-51.7016
-52.2737
-52.8442
-53.4128
-53.9799
-54.5457
-55.1102
-55.6733
-56.2351
-56.7956
-57.3549
-57.913
-58.4698
-59.0254
-59.5796
-60.1329
-60.6854
-61.2368
-61.7875
-62.3374
-62.886
-63.4335
-63.9804
-64.5265
-65.0717
-65.6161
-66.1595
-66.7019
-67.243
-67.7832
-68.3226
-68.8607
-69.3981
-69.9349
-70.4711
-71.0069
-71.5419
-72.0759
-72.6083
-73.1343
-73.6515
-74.1391
-74.5813
-12.7048
-13.3865
-14.342
-15.3299
-16.3591
-17.439
-18.5321
-19.594
-20.6063
-21.568
-22.4792
-23.3369
-24.1423
-24.9013
-25.6209
-26.3127
-26.9815
-27.6346
-28.2787
-28.9172
-29.5528
-30.1854
-30.8149
-31.4412
-32.0648
-32.6836
-33.2996
-33.9135
-34.5254
-35.1354
-35.7442
-36.352
-36.9591
-37.5677
-38.1741
-38.7791
-39.3832
-39.9861
-40.5877
-41.1879
-41.7864
-42.3835
-42.9788
-43.5725
-44.1655
-44.7563
-45.3455
-45.9332
-46.5192
-47.1037
-47.6867
-48.2683
-48.8483
-49.4269
-50.004
-50.5795
-51.1533
-51.7257
-52.2976
-52.8678
-53.4364
-54.0034
-54.5692
-55.1335
-55.6965
-56.2583
-56.8188
-57.378
-57.936
-58.4928
-59.0483
-59.6026
-60.1559
-60.7085
-61.2599
-61.8106
-62.3604
-62.909
-63.4565
-64.0033
-64.5494
-65.0946
-65.6389
-66.1822
-66.7245
-67.2658
-67.8059
-68.3453
-68.8834
-69.4209
-69.9576
-70.4938
-71.0294
-71.5644
-72.0982
-72.63
-73.1551
-73.6693
-74.1532
-74.5857
-12.6445
-13.3903
-14.3544
-15.3383
-16.373
-17.4585
-18.5547
-19.6184
-20.6315
-21.5936
-22.505
-23.3625
-24.1671
-24.9253
-25.6436
-26.3347
-27.0025
-27.655
-28.2986
-28.9369
-29.5725
-30.2052
-30.8345
-31.4612
-32.0848
-32.7034
-33.3191
-33.9328
-34.5444
-35.1543
-35.7631
-36.3708
-36.9786
-37.5872
-38.1938
-38.7991
-39.4038
-40.0073
-40.6093
-41.21
-41.809
-42.4063
-43.0018
-43.5956
-44.1882
-44.7788
-45.3679
-45.9553
-46.5412
-47.1255
-47.7084
-48.2898
-48.8698
-49.4482
-50.0252
-50.6006
-51.1744
-51.7468
-52.3187
-52.8889
-53.4574
-54.0245
-54.5902
-55.1545
-55.7174
-56.2791
-56.8396
-57.3988
-57.9568
-58.5135
-59.069
-59.6232
-60.1765
-60.729
-61.2805
-61.8311
-62.381
-62.9296
-63.4771
-64.0239
-64.57
-65.1154
-65.6598
-66.2032
-66.7453
-67.2863
-67.8263
-68.3656
-68.9036
-69.4411
-69.9777
-70.5139
-71.0495
-71.5844
-72.118
-72.6495
-73.1742
-73.6862
-74.1671
-74.593
-12.5799
-13.3927
-14.3634
-15.3456
-16.3866
-17.4766
-18.5752
-19.6404
-20.6542
-21.6163
-22.5282
-23.3852
-24.1898
-24.9465
-25.6649
-26.355
-27.0218
-27.6735
-28.3164
-28.9542
-29.5895
-30.2221
-30.851
-31.4781
-32.1016
-32.7208
-33.3372
-33.9515
-34.5638
-35.1744
-35.784
-36.3925
-37.0007
-37.6093
-38.2157
-38.8207
-39.4251
-40.0283
-40.6301
-41.2305
-41.8293
-42.4265
-43.0218
-43.6153
-44.2076
-44.7981
-45.3872
-45.9745
-46.5603
-47.1446
-47.7274
-48.3088
-48.8887
-49.4671
-50.044
-50.6194
-51.1931
-51.7656
-52.3373
-52.9075
-53.476
-54.043
-54.6086
-55.1728
-55.7357
-56.2974
-56.8578
-57.4169
-57.9748
-58.5315
-59.0868
-59.641
-60.1941
-60.7465
-61.2979
-61.8484
-62.3981
-62.9466
-63.4939
-64.0406
-64.5866
-65.1316
-65.6758
-66.2192
-66.7614
-67.3027
-67.8429
-68.3822
-68.9203
-69.4578
-69.9944
-70.5306
-71.0662
-71.6011
-72.1346
-72.6657
-73.1899
-73.7013
-74.1803
-74.6023
-12.5133
-13.3928
-14.3661
-15.3494
-16.3996
-17.4953
-18.5964
-19.6633
-20.6775
-21.639
-22.5505
-23.4063
-24.21
-24.9651
-25.6834
-26.3724
-27.0388
-27.6904
-28.3338
-28.9723
-29.6088
-30.2427
-30.8731
-31.501
-32.1246
-32.7442
-33.3607
-33.9745
-34.5855
-35.1953
-35.8043
-36.4124
-37.0202
-37.6285
-38.2348
-38.8397
-39.444
-40.0471
-40.6489
-41.2492
-41.848
-42.4451
-43.0404
-43.6337
-44.2258
-44.8163
-45.4052
-45.9925
-46.5783
-47.1625
-47.7453
-48.3267
-48.9066
-49.485
-50.0619
-50.6373
-51.211
-51.7835
-52.3552
-52.9254
-53.4939
-54.0609
-54.6266
-55.1908
-55.7538
-56.3154
-56.8759
-57.435
-57.993
-58.5497
-59.1051
-59.6593
-60.2126
-60.7651
-61.3165
-61.8671
-62.4169
-62.9655
-63.513
-64.0598
-64.6059
-65.1511
-65.6954
-66.2388
-66.7809
-67.322
-67.8621
-68.4013
-68.9393
-69.4768
-70.0134
-70.5494
-71.085
-71.6198
-72.1533
-72.6845
-73.2084
-73.7181
-74.1943
-74.6135
-12.4541
-13.3989
-14.3651
-15.3442
-16.4003
-17.501
-18.6073
-19.6793
-20.6947
-21.6581
-22.571
-23.4273
-24.2309
-24.9858
-25.7035
-26.3917
-27.0575
-27.7088
-28.3518
-28.9901
-29.6263
-30.2601
-30.8903
-31.5175
-32.1398
-32.7587
-33.3745
-33.9878
-34.5983
-35.2077
-35.8165
-36.4244
-37.0321
-37.6403
-38.2465
-38.8513
-39.4554
-40.0585
-40.6601
-41.2603
-41.859
-42.456
-43.0512
-43.6445
-44.2365
-44.8269
-45.4158
-46.003
-46.5887
-47.1728
-47.7556
-48.3368
-48.9167
-49.495
-50.0718
-50.6471
-51.2208
-51.7932
-52.3648
-52.9349
-53.5034
-54.0703
-54.6359
-55.2001
-55.7629
-56.3245
-56.8849
-57.4439
-58.0018
-58.5584
-59.1138
-59.6679
-60.221
-60.7734
-61.3248
-61.8752
-62.4249
-62.9735
-63.5208
-64.0675
-64.6135
-65.1587
-65.7029
-66.2463
-66.7884
-67.3295
-67.8696
-68.4088
-68.9469
-69.4843
-70.0209
-70.557
-71.0926
-71.6274
-72.1609
-72.6919
-73.2157
-73.7264
-74.2028
-74.6219
-12.3781
-13.4054
-14.3851
-15.3719
-16.4319
-17.5325
-18.6396
-19.7125
-20.7259
-21.69
-22.6044
-23.4615
-24.2651
-25.0197
-25.7364
-26.4235
-27.088
-27.738
-28.3796
-29.0168
-29.6521
-30.2852
-30.9149
-31.542
-32.1643
-32.783
-33.3988
-34.0119
-34.6223
-35.2315
-35.8401
-36.4478
-37.0554
-37.6633
-38.2695
-38.8742
-39.4782
-40.0812
-40.6828
-41.283
-41.8816
-42.4786
-43.0738
-43.6671
-44.2591
-44.8495
-45.4383
-46.0255
-46.6112
-47.1953
-47.7781
-48.3593
-48.9391
-49.5175
-50.0943
-50.6696
-51.2433
-51.8157
-52.3873
-52.9574
-53.5259
-54.0928
-54.6584
-55.2226
-55.7854
-56.347
-56.9074
-57.4665
-58.0244
-58.581
-59.1363
-59.6905
-60.2436
-60.796
-61.3474
-61.8979
-62.4476
-62.9961
-63.5435
-64.0902
-64.6362
-65.1814
-65.7257
-66.269
-66.8111
-67.3522
-67.8923
-68.4315
-68.9695
-69.5069
-70.0435
-70.5796
-71.1151
-71.65
-72.1834
-72.7144
-73.2382
-73.7484
-74.2239
-74.6423
-74.6812
-76.283
-78.9621
-79.434
-77.193
-72.852
-67.016
-60.2747
-53.3341
-46.5719
-40.3231
-34.6918
-29.7348
-25.4248
-21.7103
-18.5124
-15.7629
-13.385
-11.3209
-9.52202
-7.94173
-6.54339
-5.29964
-4.1929
-3.20215
-2.31166
-1.50916
-0.785717
-0.132717
0.459508
0.99723
1.48861
1.93642
2.33893
2.70177
3.03226
3.33324
3.6073
3.85714
4.08221
4.28414
4.46353
4.62022
4.75354
4.86225
4.94484
4.99837
5.02753
5.03102
5.00778
4.96116
4.89658
4.82059
4.7393
4.65846
4.58165
4.51021
4.4429
4.37805
4.31442
4.24801
4.17651
4.10391
4.03372
3.96628
3.90612
3.84933
3.80564
3.77006
3.70302
3.59905
3.47417
3.34467
3.23076
3.11888
3.01727
2.9143
2.80917
2.7079
2.6087
2.50998
2.40032
2.27895
2.14017
1.99863
1.85522
1.70865
1.55958
1.41273
1.26709
1.12575
0.989935
0.860043
0.737381
0.618971
0.501856
0.385509
0.272265
0.160225
0.0503213
-74.7966
-75.8744
-78.5027
-79.0362
-76.8528
-72.5922
-66.8443
-60.1803
-53.3009
-46.5815
-40.3657
-34.7513
-29.8027
-25.4956
-21.7799
-18.5778
-15.8222
-13.4373
-11.3668
-9.56223
-7.97667
-6.57375
-5.32644
-4.21579
-3.22167
-2.3287
-1.52455
-0.799728
-0.145603
0.447212
0.985115
1.47449
1.921
2.32383
2.6873
3.01817
3.32005
3.59467
3.84497
4.07035
4.27246
4.45174
4.60795
4.74043
4.84787
4.92876
4.98034
5.00757
5.00873
4.98348
4.93552
4.87044
4.79475
4.71442
4.63496
4.55948
4.48889
4.42208
4.35763
4.29283
4.2245
4.1512
4.0777
4.00707
3.93937
3.88061
3.82847
3.78779
3.7595
3.70023
3.601
3.48072
3.34909
3.23475
3.11878
3.01352
2.90783
2.80088
2.6962
2.5931
2.49267
2.38144
2.25908
2.12059
1.97983
1.83799
1.69319
1.54481
1.39847
1.25323
1.1125
0.97695
0.847317
0.724313
0.605801
0.48932
0.374066
0.261786
0.154245
0.0434094
-74.7743
-75.8543
-78.1803
-78.631
-76.4743
-72.2814
-66.625
-60.0475
-53.2426
-46.5816
-40.407
-34.8178
-29.8849
-25.5828
-21.8649
-18.6574
-15.8943
-13.5017
-11.4239
-9.61274
-8.02109
-6.6127
-5.36088
-4.24574
-3.24749
-2.3511
-1.54452
-0.817598
-0.161164
0.433501
0.973642
1.46187
1.90497
2.3071
2.6713
3.00261
3.30542
3.58143
3.83211
4.05794
4.26024
4.43943
4.59511
4.72659
4.83253
4.91138
4.96053
4.98541
4.98379
4.95611
4.90648
4.84077
4.7655
4.68633
4.60844
4.53454
4.46535
4.39963
4.3352
4.26899
4.19851
4.12323
4.04872
3.97755
3.90951
3.85232
3.80616
3.76904
3.74608
3.69757
3.60368
3.4884
3.35554
3.23968
3.11937
3.0098
2.90071
2.79122
2.68404
2.57602
2.47342
2.36041
2.23663
2.09897
1.95891
1.81882
1.67617
1.52862
1.38283
1.23817
1.09809
0.962867
0.833433
0.710179
0.591495
0.47572
0.361841
0.250395
0.147689
0.0363074
-74.8555
-75.8549
-77.8987
-78.2554
-76.0867
-71.9436
-66.3721
-59.8922
-53.1687
-46.5758
-40.4471
-34.8904
-29.9779
-25.6826
-21.9628
-18.7496
-15.9799
-13.5811
-11.4947
-9.67511
-8.07576
-6.66057
-5.40292
-4.28252
-3.27958
-2.37918
-1.5695
-0.839876
-0.180698
0.416285
0.95887
1.44747
1.88723
2.28826
2.65358
2.98594
3.28964
3.56709
3.81865
4.04544
4.2478
4.42686
4.58188
4.71216
4.81631
4.89274
4.93883
4.96083
4.95582
4.92516
4.87338
4.80693
4.73237
4.65481
4.57883
4.5072
4.44
4.37526
4.31042
4.24267
4.16985
4.0924
4.01678
3.94502
3.8765
3.82133
3.78203
3.75003
3.72982
3.69399
3.60722
3.4973
3.36453
3.24534
3.12065
3.00605
2.89285
2.78004
2.67074
2.55782
2.45204
2.33696
2.2115
2.07494
1.93573
1.79751
1.65746
1.51093
1.36573
1.22187
1.0825
0.947656
0.818371
0.694935
0.576026
0.460994
0.348729
0.238216
0.140509
0.0292753
-74.9133
-75.8192
-77.6067
-77.8677
-75.7002
-71.6044
-66.1064
-59.7301
-53.0924
-46.5745
-40.4978
-34.9775
-30.0849
-25.7978
-22.0776
-18.8591
-16.0822
-13.6762
-11.5798
-9.74996
-8.14142
-6.71828
-5.45378
-4.32757
-3.31999
-2.41548
-1.60199
-0.868884
-0.206725
0.392248
0.936177
1.42609
1.86541
2.26701
2.63395
2.96786
3.27288
3.55149
3.80438
4.03239
4.23551
4.4145
4.56846
4.69721
4.79914
4.8726
4.9153
4.93347
4.92413
4.89004
4.83598
4.76872
4.69493
4.61968
4.54627
4.47728
4.41213
4.34835
4.28309
4.21374
4.1384
4.05855
3.98172
3.90939
3.84026
3.78763
3.75562
3.73107
3.71431
3.68673
3.61078
3.50764
3.37659
3.25162
3.12258
3.00225
2.88413
2.7673
2.65535
2.5389
2.42839
2.3108
2.18358
2.04799
1.91019
1.77385
1.63684
1.49167
1.34713
1.20432
1.0657
0.931316
0.802158
0.678582
0.559436
0.445116
0.334544
0.225541
0.132674
0.0226578
-74.9548
-75.7681
-77.2921
-77.4398
-75.2797
-71.2361
-65.8306
-59.5696
-53.0247
-46.5878
-40.5681
-35.0889
-30.2179
-25.9396
-22.2191
-18.9951
-16.207
-13.7897
-11.6816
-9.8403
-8.22151
-6.78942
-5.51724
-4.38458
-3.37173
-2.46252
-1.64457
-0.907425
-0.24203
0.359269
0.9046
1.39707
1.83912
2.24293
2.61195
2.94797
3.25489
3.5351
3.78941
4.01858
4.22293
4.40197
4.55493
4.6818
4.78085
4.85035
4.89066
4.90314
4.88862
4.85051
4.79439
4.72634
4.65308
4.5801
4.51003
4.4441
4.38114
4.31853
4.25309
4.18209
4.10399
4.02182
3.94336
3.87035
3.80083
3.75096
3.72669
3.71081
3.7019
3.67593
3.61399
3.51901
3.39168
3.25873
3.12504
2.9983
2.87438
2.75294
2.63719
2.51902
2.40281
2.28168
2.15255
2.01788
1.88222
1.74762
1.61402
1.47074
1.32705
1.18553
1.04768
0.913868
0.78483
0.661175
0.541799
0.428147
0.319132
0.212644
0.124193
0.0168597
-74.9791
-75.6976
-76.9537
-76.9717
-74.8168
-70.8288
-65.5239
-59.3866
-52.9526
-46.6108
-40.6592
-35.23
-30.3855
-26.1175
-22.3949
-19.1625
-16.3605
-13.9276
-11.8048
-9.94955
-8.31851
-6.87588
-5.59474
-4.45435
-3.43493
-2.51994
-1.69705
-0.955418
-0.286263
0.318576
0.866702
1.36257
1.80857
2.21543
2.58716
2.92597
3.23546
3.51789
3.77403
4.00461
4.20993
4.38908
4.54131
4.66621
4.76205
4.82698
4.86339
4.8698
4.8499
4.80693
4.74743
4.67835
4.60633
4.53599
4.46961
4.40714
4.34673
4.28556
4.22015
4.1475
4.06666
3.98227
3.90181
3.82753
3.7582
3.7111
3.69453
3.68853
3.68838
3.66656
3.61848
3.53142
3.4088
3.26725
3.12799
2.99407
2.86348
2.73687
2.61622
2.49663
2.37621
2.24967
2.11809
1.98464
1.85168
1.7187
1.58855
1.44803
1.30556
1.16545
1.02845
0.89538
0.766418
0.642825
0.523196
0.410261
0.302608
0.19953
0.115137
0.0121948
-74.9855
-75.6041
-76.5938
-76.4691
-74.3178
-70.3909
-65.1905
-59.1822
-52.8666
-46.6271
-40.7523
-35.3808
-30.5691
-26.3167
-22.59
-19.3485
-16.5336
-14.085
-11.9463
-10.0748
-8.42907
-6.97373
-5.68183
-4.53211
-3.50638
-2.58548
-1.75727
-1.01066
-0.337181
0.271751
0.823481
1.32312
1.77368
2.18448
2.55979
2.90213
3.21487
3.50014
3.75858
3.99092
4.19732
4.37661
4.52774
4.65133
4.74386
4.80386
4.83305
4.83205
4.8057
4.758
4.69492
4.62475
4.55437
4.48736
4.42485
4.36602
4.30844
4.24904
4.18392
4.1097
4.02635
3.93974
3.85734
3.7811
3.71246
3.66869
3.65861
3.66386
3.6722
3.66123
3.62433
3.54499
3.42676
3.27721
3.1316
2.98949
2.85146
2.71906
2.59306
2.47257
2.3468
2.21447
2.08009
1.94872
1.81823
1.68703
1.56
1.4235
1.28257
1.14396
1.00792
0.8759
0.746919
0.623589
0.503704
0.391631
0.285414
0.185936
0.10584
0.00893152
-74.9775
-75.4925
-76.2174
-75.9354
-73.7831
-69.9228
-64.8318
-58.9578
-52.7584
-46.6198
-40.8238
-35.5135
-30.7394
-26.5062
-22.7853
-19.5405
-16.7152
-14.2523
-12.0985
-10.2117
-8.55199
-7.0845
-5.78226
-4.62298
-3.5892
-2.66106
-1.82607
-1.07321
-0.39421
0.219502
0.77567
1.27973
1.73555
2.15121
2.53096
2.87745
3.194
3.48272
3.74409
3.97865
4.18635
4.36581
4.5154
4.6355
4.72273
4.77661
4.79881
4.79014
4.75674
4.70369
4.63728
4.56644
4.49775
4.43404
4.37546
4.32038
4.2659
4.20869
4.14407
4.06846
3.98282
3.89416
3.81006
3.73118
3.66466
3.62501
3.62069
3.63695
3.65596
3.65779
3.63031
3.55892
3.44389
3.2887
3.13579
2.98445
2.83841
2.69963
2.56968
2.44748
2.31266
2.1755
2.03877
1.91015
1.78159
1.65274
1.52807
1.39705
1.25791
1.12099
0.986055
0.855365
0.726363
0.603322
0.483389
0.372028
0.267952
0.171525
0.0968258
0.00706537
-74.9576
-75.3661
-75.8291
-75.3735
-73.209
-69.4156
-64.4341
-58.6985
-52.6338
-46.61
-40.9027
-35.6561
-30.9192
-26.7032
-22.992
-19.7432
-16.9052
-14.426
-12.2557
-10.3527
-8.67856
-7.1987
-5.88622
-4.71822
-3.67562
-2.74053
-1.89963
-1.14144
-0.457233
0.161112
0.721736
1.23042
1.69173
2.11271
2.49748
2.84869
3.16955
3.46222
3.72712
3.96448
4.17389
4.3536
4.50176
4.61737
4.69889
4.7458
4.76044
4.74429
4.70371
4.64487
4.57518
4.50366
4.43671
4.37628
4.32165
4.27033
4.21915
4.16436
4.1003
4.02345
3.93589
3.84577
3.75989
3.67852
3.61618
3.58145
3.58336
3.60967
3.64061
3.65452
3.63584
3.57273
3.45866
3.30143
3.13993
2.9787
2.82448
2.6798
2.54842
2.41725
2.27432
2.13295
1.99516
1.86811
1.74187
1.61612
1.49314
1.3684
1.23149
1.09649
0.962803
0.833464
0.704756
0.581585
0.462455
0.350939
0.249626
0.156427
0.0878041
0.00606472
-74.9311
-75.2393
-75.4712
-74.8491
-72.6667
-68.9374
-64.0598
-58.453
-52.5232
-46.61
-40.9863
-35.7993
-31.0963
-26.8964
-23.1879
-19.9317
-17.0811
-14.5871
-12.4021
-10.4847
-8.79733
-7.30611
-5.98377
-4.80717
-3.75724
-2.81628
-1.97037
-1.20808
-0.51947
0.103618
0.66854
1.18116
1.64703
2.07249
2.46167
2.81737
3.14251
3.43913
3.70748
3.94745
4.15831
4.33811
4.48474
4.59682
4.67303
4.71321
4.72003
4.69622
4.64862
4.58425
4.51187
4.44035
4.37531
4.31807
4.26701
4.21913
4.17104
4.11841
4.05467
3.97691
3.88829
3.79741
3.70865
3.62871
3.57089
3.54175
3.5503
3.5859
3.62765
3.65194
3.64118
3.58524
3.47202
3.31343
3.14286
2.97216
2.81073
2.6647
2.52601
2.38231
2.23432
2.08897
1.9516
1.82459
1.7016
1.57937
1.45812
1.3381
1.20472
1.07168
0.939392
0.810913
0.683034
0.558892
0.44171
0.330981
0.232348
0.141773
0.0784065
0.00441754
-74.9054
-75.1333
-75.1898
-74.4331
-72.2327
-68.5572
-63.7655
-58.2626
-52.4336
-46.6041
-41.0455
-35.9062
-31.232
-27.0467
-23.3419
-20.0821
-17.2235
-14.7189
-12.5228
-10.5941
-8.89643
-7.3963
-6.06622
-4.88297
-3.82745
-2.88198
-2.03212
-1.26668
-0.574839
0.0522068
0.620806
1.13657
1.60623
2.03543
2.42807
2.78791
3.11747
3.41778
3.68897
3.93076
4.14228
4.32158
4.46633
4.57492
4.64606
4.68013
4.6801
4.64971
4.59619
4.52815
4.45446
4.38354
4.32036
4.26583
4.21771
4.17268
4.12699
4.0758
4.01224
3.93419
3.84545
3.75292
3.6633
3.58739
3.53365
3.51013
3.52508
3.56872
3.61931
3.6518
3.6477
3.59609
3.48452
3.32309
3.14393
2.96498
2.80071
2.65268
2.50026
2.34809
2.19606
2.0478
1.91062
1.78467
1.66491
1.54608
1.42689
1.30934
1.18008
1.04874
0.917747
0.789513
0.663056
0.539175
0.424002
0.313731
0.21718
0.127068
0.0672492
0.000142725
-74.8855
-75.0543
-74.9864
-74.1292
-71.9116
-68.274
-63.5438
-58.1151
-52.3597
-46.5947
-41.0877
-35.9866
-31.336
-27.163
-23.4618
-20.1998
-17.3352
-14.8226
-12.6178
-10.6807
-8.97526
-7.46833
-6.1323
-4.94392
-3.88397
-2.93485
-2.08175
-1.31342
-0.619133
0.00993635
0.580406
1.09796
1.57
2.00181
2.3968
2.75948
3.09233
3.39543
3.66886
3.91237
4.12461
4.30335
4.4463
4.55178
4.61861
4.64758
4.64229
4.60688
4.54903
4.47867
4.40498
4.33523
4.27392
4.22171
4.17603
4.13324
4.08925
4.03911
3.97561
3.8979
3.80817
3.71504
3.6274
3.55472
3.50489
3.48684
3.5078
3.5584
3.61632
3.65518
3.65665
3.60732
3.49593
3.33042
3.14306
2.95767
2.79549
2.63708
2.47397
2.31593
2.1602
2.01097
1.87397
1.75004
1.63307
1.51732
1.40036
1.28366
1.15827
1.0284
0.898529
0.770995
0.64642
0.522563
0.407953
0.296473
0.200081
0.110887
0.0548536
-0.00665859
-74.8729
-74.999
-74.8433
-73.9126
-71.6808
-68.0707
-63.3856
-58.0113
-52.3107
-46.5944
-41.1262
-36.0531
-31.4202
-27.2562
-23.5577
-20.2939
-17.4246
-14.9057
-12.6944
-10.751
-9.03952
-7.52751
-6.18698
-4.99471
-3.93136
-2.97935
-2.12371
-1.35298
-0.65657
-0.0257853
0.546299
1.06552
1.53945
1.97318
2.36995
2.73423
3.06857
3.37314
3.64805
3.89276
4.10535
4.28336
4.42453
4.52717
4.59025
4.61497
4.60556
4.56641
4.50618
4.4352
4.36219
4.29394
4.23454
4.1845
4.141
4.10011
4.05734
4.00813
3.94485
3.86655
3.77644
3.68461
3.59909
3.52908
3.48326
3.47055
3.49734
3.55444
3.61887
3.66312
3.66895
3.62031
3.50671
3.33576
3.13984
2.95382
2.78797
2.61747
2.44755
2.28478
2.12679
1.9775
1.84171
1.71987
1.60533
1.49227
1.37738
1.26108
1.13861
1.01003
0.882032
0.754885
0.630959
0.505992
0.390299
0.278469
0.182322
0.0943102
0.0421874
-0.0153259
-74.8671
-74.9628
-74.7456
-73.7626
-71.5207
-67.9314
-63.2799
-57.9458
-52.2855
-46.6054
-41.1658
-36.1127
-31.4923
-27.3343
-23.637
-20.3712
-17.4979
-14.9741
-12.7576
-10.8092
-9.09314
-7.57724
-6.23326
-5.03803
-3.97207
-3.01782
-2.16024
-1.38768
-0.689383
-0.0568013
0.516802
1.03755
1.51294
1.94808
2.34623
2.71171
3.04703
3.35248
3.62811
3.87306
4.08521
4.26212
4.40136
4.50127
4.56098
4.58223
4.56945
4.52801
4.46721
4.39698
4.32517
4.25857
4.20111
4.15312
4.11177
4.07263
4.03097
3.98163
3.91923
3.84026
3.75115
3.66053
3.57678
3.50954
3.46776
3.46031
3.49295
3.55643
3.62701
3.67615
3.68477
3.63479
3.51648
3.33835
3.13403
2.95242
2.77452
2.59568
2.42095
2.25462
2.09594
1.94757
1.81347
1.69357
1.58115
1.47024
1.35704
1.24145
1.12073
0.993068
0.866658
0.739444
0.614633
0.488851
0.37248
0.260943
0.165096
0.0778459
0.0293545
-0.0250997
-74.867
-74.9418
-74.6828
-73.6641
-71.416
-67.8427
-63.2162
-57.9113
-52.2799
-46.6258
-41.2067
-36.1674
-31.5555
-27.4009
-23.7036
-20.4357
-17.5589
-15.031
-12.8105
-10.8582
-9.13863
-7.6195
-6.27244
-5.07468
-4.0066
-3.05047
-2.1913
-1.41723
-0.71741
-0.0833626
0.491447
1.01334
1.48968
1.92572
2.32483
2.6911
3.02701
3.33287
3.60857
3.85313
4.06441
4.23993
4.37708
4.47435
4.5312
4.54974
4.53478
4.49245
4.43218
4.36321
4.29303
4.22834
4.17299
4.12705
4.08773
4.04953
4.0091
3.9598
3.89816
3.81964
3.7312
3.64156
3.55962
3.49521
3.45744
3.4552
3.49376
3.56366
3.64003
3.69347
3.70261
3.64884
3.52369
3.33669
3.13035
2.94448
2.75675
2.57263
2.39429
2.22627
2.06799
1.92119
1.78884
1.67072
1.56011
1.45079
1.33889
1.22416
1.10423
0.977165
0.851038
0.723522
0.598274
0.472291
0.355526
0.24435
0.148801
0.0618914
0.0162691
-0.0353459
-74.8716
-74.9328
-74.6464
-73.6046
-71.3537
-67.7927
-63.1841
-57.8997
-52.2882
-46.6523
-41.2473
-36.2171
-31.6107
-27.458
-23.7599
-20.4899
-17.61
-15.0788
-12.8549
-10.8994
-9.1768
-7.65503
-6.30534
-5.1054
-4.03554
-3.0778
-2.2173
-1.4419
-0.74098
-0.105923
0.46977
0.992426
1.46928
1.90584
2.30552
2.67215
3.00824
3.31407
3.58941
3.83319
4.04331
4.21721
4.35224
4.44722
4.50194
4.5186
4.50271
4.46062
4.40134
4.33385
4.26543
4.20262
4.14935
4.10655
4.06746
4.03035
3.99111
3.94272
3.8814
3.80331
3.71541
3.6268
3.54672
3.4851
3.45122
3.45405
3.49843
3.57447
3.65587
3.71227
3.71924
3.65899
3.52602
3.32966
3.1277
2.92938
2.73633
2.54894
2.36858
2.20036
2.04328
1.89807
1.76736
1.65076
1.54156
1.4334
1.32244
1.20828
1.08868
0.961802
0.835542
0.707781
0.582427
0.45657
0.339638
0.228758
0.133484
0.0466719
0.00298358
-0.046131
-74.8797
-74.9326
-74.6296
-73.5745
-71.3236
-67.7721
-63.1762
-57.9056
-52.3071
-46.6831
-41.2874
-36.2623
-31.6586
-27.5065
-23.8071
-20.5347
-17.6518
-15.1174
-12.8905
-10.9322
-9.20714
-7.68336
-6.33183
-5.13033
-4.05933
-3.10064
-2.23956
-1.4637
-0.762303
-0.126724
0.449828
0.973419
1.45099
1.88821
2.28838
2.65518
2.99117
3.29664
3.57131
3.81409
4.02289
4.19518
4.32839
4.42177
4.47525
4.49114
4.4753
4.43393
4.37576
4.30968
4.24276
4.18125
4.12857
4.08755
4.05027
4.01513
3.97707
3.92939
3.86832
3.79059
3.70325
3.61567
3.53734
3.47828
3.44791
3.45528
3.50483
3.58607
3.67103
3.72804
3.73084
3.66237
3.52097
3.32234
3.11809
2.91143
2.71554
2.52631
2.34551
2.17804
2.02219
1.87824
1.74872
1.63305
1.52465
1.41713
1.30667
1.19267
1.07315
0.946239
0.819808
0.691766
0.566167
0.440297
0.323107
0.212306
0.117305
0.0304937
-0.0106148
-0.0642699
-74.8874
-74.937
-74.6266
-73.5671
-71.3198
-67.7768
-63.1906
-57.9295
-52.3388
-46.7219
-41.3308
-36.307
-31.703
-27.5493
-23.8471
-20.5714
-17.685
-15.1471
-12.9169
-10.9558
-9.22811
-7.70214
-6.34853
-5.14511
-4.07279
-3.11274
-2.25034
-1.4733
-0.771591
-0.13562
0.441118
0.964211
1.44095
1.87754
2.27702
2.64299
2.97804
3.28242
3.55583
3.79719
4.00447
4.17526
4.30714
4.39972
4.45303
4.46945
4.45463
4.41449
4.35779
4.29342
4.22835
4.16898
4.12038
4.07807
4.04133
4.00675
3.96896
3.92142
3.86033
3.78272
3.69567
3.60875
3.53164
3.47444
3.44666
3.45742
3.51076
3.59537
3.68191
3.73746
3.73686
3.668
3.51538
3.31422
3.10341
2.89396
2.69709
2.50779
2.32802
2.16199
2.0076
1.86509
1.73689
1.62231
1.51474
1.40776
1.29759
1.18374
1.06424
0.937324
0.810901
0.682861
0.557285
0.431554
0.3144
0.203728
0.108736
0.0217997
-0.0203767
-0.0484781
-74.9077
-74.9563
-74.6443
-73.5861
-71.3446
-67.8094
-63.2304
-57.9752
-52.3885
-46.7745
-41.3842
-36.3587
-31.7522
-27.5953
-23.8896
-20.6103
-17.7206
-15.1798
-12.9472
-10.9841
-9.25479
-7.72765
-6.37318
-5.16903
-4.09593
-3.13549
-2.27286
-1.49583
-0.794016
-0.158056
0.418646
0.941661
1.419
1.85536
2.25465
2.62018
2.95453
3.25802
3.53038
3.77061
3.97681
4.14672
4.27798
4.37036
4.42418
4.44158
4.42779
4.3886
4.33286
4.2694
4.2051
4.14653
4.09732
4.05569
4.02094
3.98731
3.95028
3.90327
3.84252
3.76528
3.67876
3.59269
3.51683
3.46129
3.43563
3.44885
3.5043
3.59
3.67568
3.72817
3.72053
3.64883
3.49542
3.29006
3.07719
2.86674
2.66971
2.48113
2.30232
2.13713
1.98353
1.84172
1.71409
1.59991
1.4926
1.38575
1.27565
1.16174
1.04217
0.915159
0.788585
0.660484
0.534787
0.409102
0.29188
0.181262
0.0864319
-0.000508936
-0.0413197
-0.119025
-75.5965
-75.7658
-75.9926
-76.0473
-76.0467
-76.009
-75.9408
-75.8548
-75.7646
-75.6769
-75.5968
-75.5298
-75.4772
-75.4438
-75.4466
-75.4843
-78.1097
-78.1914
-78.2808
-78.3914
-78.4165
-78.3753
-78.3071
-78.2299
-78.1537
-78.0851
-78.0286
-77.9877
-77.9653
-77.9596
-77.9608
-77.9638
-79.7424
-80.1181
-80.5147
-80.7036
-80.7536
-80.7289
-80.6665
-80.5956
-80.5316
-80.4816
-80.4494
-80.4369
-80.4451
-80.4711
-80.5021
-80.5204
-79.9926
-80.4368
-80.7054
-80.8671
-80.9539
-80.9612
-80.9135
-80.846
-80.7807
-80.7279
-80.6917
-80.6729
-80.6712
-80.6842
-80.7021
-80.7065
-77.6332
-77.9514
-78.164
-78.3414
-78.4422
-78.4668
-78.4412
-78.3895
-78.3312
-78.2735
-78.2201
-78.174
-78.1379
-78.1128
-78.0959
-78.0729
-73.1674
-73.4204
-73.6275
-73.798
-73.9014
-73.938
-73.9211
-73.8717
-73.8097
-73.7431
-73.6756
-73.609
-73.5452
-73.4871
-73.4376
-73.3898
-67.2202
-67.4098
-67.5786
-67.7189
-67.8125
-67.8527
-67.8411
-67.7951
-67.7323
-67.658
-67.5734
-67.4795
-67.3781
-67.2748
-67.1811
-67.1029
-60.3856
-60.5178
-60.641
-60.7454
-60.8211
-60.8548
-60.8402
-60.7922
-60.7252
-60.6423
-60.5437
-60.4296
-60.3019
-60.1681
-60.0459
-59.9522
-53.3733
-53.443
-53.5187
-53.5906
-53.6489
-53.6735
-53.6535
-53.6022
-53.5319
-53.4436
-53.336
-53.209
-53.0643
-52.91
-52.7681
-52.6638
-46.5594
-46.5717
-46.6028
-46.6443
-46.6836
-46.6943
-46.665
-46.6089
-46.5353
-46.4432
-46.3308
-46.1975
-46.0451
-45.8822
-45.732
-45.6222
-40.2709
-40.2413
-40.241
-40.2607
-40.2839
-40.2814
-40.2436
-40.1839
-40.1083
-40.0148
-39.9011
-39.7667
-39.6131
-39.4489
-39.2974
-39.1867
-34.6172
-34.5582
-34.5334
-34.535
-34.543
-34.5269
-34.4807
-34.4176
-34.3408
-34.2475
-34.1354
-34.0039
-33.8545
-33.6955
-33.5488
-33.4411
-29.6501
-29.5777
-29.5413
-29.5323
-29.5266
-29.4972
-29.4447
-29.3804
-29.3042
-29.2128
-29.1044
-28.9783
-28.8362
-28.6857
-28.5467
-28.444
-25.3361
-25.2589
-25.2179
-25.2007
-25.1789
-25.1358
-25.079
-25.0144
-24.9394
-24.851
-24.7474
-24.6283
-24.4954
-24.3554
-24.2263
-24.13
-21.6225
-21.5464
-21.5055
-21.4833
-21.451
-21.4005
-21.3422
-21.2781
-21.2048
-21.1195
-21.0211
-20.9093
-20.7858
-20.657
-20.5388
-20.4505
-18.4294
-18.3573
-18.3173
-18.2908
-18.2525
-18.1995
-18.1415
-18.0786
-18.0075
-17.9261
-17.8332
-17.7291
-17.6154
-17.4979
-17.3911
-17.3107
-15.6875
-15.6224
-15.584
-15.5502
-15.5046
-15.4511
-15.3952
-15.3348
-15.2671
-15.1902
-15.1035
-15.0072
-14.903
-14.7963
-14.6997
-14.6265
-13.3187
-13.262
-13.2255
-13.1854
-13.1346
-13.0815
-13.0274
-12.9691
-12.9045
-12.8319
-12.751
-12.662
-12.5665
-12.4696
-12.3823
-12.3155
-11.2628
-11.2126
-11.1776
-11.1367
-11.0864
-11.0349
-10.9824
-10.9262
-10.8643
-10.7957
-10.72
-10.6376
-10.5501
-10.4619
-10.383
-10.3219
-9.47167
-9.42622
-9.38884
-9.34511
-9.29623
-9.2473
-9.19716
-9.14354
-9.08489
-9.02039
-8.9498
-8.87357
-8.79322
-8.71295
-8.6414
-8.58529
-7.89882
-7.85826
-7.81795
-7.77114
-7.72382
-7.67734
-7.62956
-7.57853
-7.52302
-7.46239
-7.39651
-7.32585
-7.25193
-7.17871
-7.11367
-7.06075
-6.50632
-6.46873
-6.42858
-6.38266
-6.33737
-6.29279
-6.24688
-6.19803
-6.14527
-6.08807
-6.02638
-5.96067
-5.89246
-5.82548
-5.76608
-5.71546
-5.26713
-5.23213
-5.19321
-5.14901
-5.10558
-5.06268
-5.0185
-4.9717
-4.92146
-4.86738
-4.80946
-4.74818
-4.685
-4.62338
-4.56881
-4.52128
-4.16453
-4.12811
-4.08799
-4.04602
-4.00516
-3.9644
-3.9222
-3.87755
-3.82982
-3.77869
-3.72423
-3.66694
-3.60821
-3.55126
-3.50086
-3.45642
-3.17745
-3.13911
-3.09709
-3.05672
-3.01799
-2.97914
-2.93886
-2.89633
-2.85101
-2.80267
-2.7514
-2.69772
-2.64297
-2.59011
-2.54337
-2.50162
-2.28947
-2.25248
-2.21193
-2.17308
-2.13555
-2.0978
-2.05876
-2.01773
-1.97427
-1.92818
-1.87957
-1.82896
-1.7776
-1.72828
-1.68472
-1.64531
-1.48855
-1.45299
-1.414
-1.37656
-1.34022
-1.30362
-1.26585
-1.2263
-1.1846
-1.14059
-1.09443
-1.04659
-0.998291
-0.952143
-0.911432
-0.874072
-0.766047
-0.731314
-0.69371
-0.657597
-0.622386
-0.58687
-0.55026
-0.512049
-0.471923
-0.429787
-0.385789
-0.340404
-0.294801
-0.25144
-0.213246
-0.177683
-0.112363
-0.07664
-0.0404392
-0.00587136
0.0281102
0.0625221
0.0979859
0.134917
0.173568
0.213996
0.256032
0.299214
0.342413
0.383297
0.41925
0.453229
0.480702
0.5172
0.552245
0.585539
0.618438
0.651816
0.686186
0.721905
0.759182
0.798043
0.838308
0.879522
0.920597
0.959309
0.993297
1.0259
1.01924
1.05457
1.08837
1.12086
1.15312
1.18582
1.2194
1.25419
1.29036
1.32792
1.36668
1.4062
1.44545
1.48228
1.51456
1.54597
1.51185
1.54513
1.57721
1.60856
1.63991
1.67175
1.70445
1.73828
1.77338
1.80972
1.84711
1.88513
1.92275
1.95793
1.98871
2.0191
1.95934
1.99075
2.02136
2.0516
2.08201
2.11298
2.14483
2.17776
2.21189
2.24715
2.28335
2.32007
2.3563
2.39009
2.41959
2.44911
2.36111
2.39155
2.4215
2.45123
2.48116
2.51163
2.54293
2.57525
2.60865
2.64307
2.67833
2.71399
2.74909
2.78172
2.81017
2.83896
2.72312
2.75276
2.7822
2.81161
2.84127
2.87146
2.90243
2.93433
2.96722
3.00104
3.03557
3.07042
3.10464
3.13637
3.16399
3.19222
3.05279
3.08141
3.11008
3.1389
3.1681
3.19791
3.22851
3.26003
3.29251
3.32584
3.35983
3.39408
3.42766
3.45873
3.48574
3.51356
3.35293
3.38082
3.40897
3.43739
3.46625
3.49575
3.52607
3.5573
3.58946
3.62245
3.65607
3.68992
3.72307
3.7537
3.78029
3.80783
3.62648
3.65389
3.68175
3.71
3.73877
3.7682
3.79844
3.82958
3.86162
3.89446
3.9279
3.96153
3.99444
4.02481
4.05114
4.0785
3.87568
3.90251
3.93004
3.95813
3.98684
4.01628
4.04656
4.07774
4.10981
4.14266
4.17609
4.20968
4.24252
4.27278
4.29898
4.32625
4.10037
4.12691
4.15433
4.18244
4.21125
4.24083
4.27128
4.30263
4.33487
4.36789
4.40146
4.43518
4.46811
4.49843
4.52464
4.5519
4.30212
4.32864
4.35619
4.38452
4.41361
4.4435
4.47427
4.50595
4.53851
4.57185
4.60573
4.63974
4.67294
4.70347
4.72981
4.75715
4.48172
4.50863
4.53662
4.56541
4.59497
4.62534
4.65657
4.68872
4.72176
4.75556
4.78991
4.82438
4.85801
4.88889
4.91547
4.94295
4.63908
4.66686
4.69565
4.7252
4.75546
4.7865
4.81838
4.85115
4.88481
4.91922
4.95418
4.98925
5.02341
5.05473
5.08161
5.10926
4.77357
4.80275
4.83278
4.86341
4.89463
4.92655
4.95924
4.99278
5.02716
5.06228
5.09793
5.13364
5.16838
5.20016
5.22732
5.25514
4.884
4.91521
4.94692
4.97896
5.01139
5.04434
5.07795
5.11231
5.14745
5.18329
5.21959
5.25591
5.29117
5.32331
5.35067
5.37856
4.96888
5.00271
5.03653
5.07027
5.10409
5.13819
5.17276
5.20794
5.24379
5.28025
5.3171
5.35388
5.38949
5.42181
5.44916
5.477
5.025
5.06178
5.09796
5.1336
5.16893
5.20425
5.23981
5.27579
5.31228
5.34925
5.3865
5.42357
5.45932
5.49161
5.51871
5.54631
5.05673
5.09631
5.13463
5.17189
5.20847
5.24474
5.28101
5.31752
5.3544
5.39163
5.429
5.46603
5.50156
5.53343
5.55993
5.58706
5.06335
5.10629
5.14712
5.18622
5.22411
5.26128
5.29813
5.33494
5.37189
5.40899
5.44602
5.48251
5.51731
5.54827
5.57375
5.60017
5.04286
5.08888
5.13211
5.173
5.21215
5.25012
5.28737
5.32425
5.36095
5.39749
5.43371
5.46913
5.50268
5.53227
5.55633
5.58184
4.99805
5.04607
5.0908
5.13274
5.17253
5.21078
5.24796
5.28443
5.32041
5.35593
5.39084
5.42472
5.45655
5.48439
5.50674
5.53118
4.93417
4.98294
5.02816
5.07032
5.11006
5.14795
5.18448
5.22
5.25474
5.28875
5.3219
5.35383
5.38361
5.40949
5.42998
5.45339
4.85778
4.90605
4.95075
4.99229
5.03127
5.06822
5.1036
5.13777
5.17094
5.20317
5.23434
5.26414
5.29178
5.31568
5.33439
5.35687
4.77523
4.82199
4.86535
4.90562
4.94332
4.97896
5.01296
5.04561
5.07712
5.10752
5.13672
5.16445
5.19005
5.21214
5.22924
5.25095
4.69249
4.737
4.77842
4.817
4.85316
4.88731
4.91981
4.9509
4.98075
5.00938
5.03672
5.06257
5.0864
5.107
5.12282
5.14393
4.6137
4.65578
4.69512
4.73191
4.76647
4.7991
4.83008
4.8596
4.88782
4.9148
4.94052
4.96483
4.98734
5.00692
5.0218
5.04249
4.54093
4.58112
4.6188
4.65415
4.68739
4.71876
4.74849
4.77681
4.80387
4.82977
4.85449
4.87794
4.89973
4.91874
4.93277
4.9531
4.4734
4.51297
4.54996
4.58465
4.61731
4.64818
4.67753
4.70559
4.7325
4.75832
4.78299
4.80632
4.82792
4.84662
4.8594
4.8789
4.4083
4.44856
4.4863
4.52166
4.55498
4.58657
4.61668
4.64551
4.67317
4.69963
4.72468
4.74802
4.76942
4.78856
4.79843
4.81847
4.3461
4.38807
4.4276
4.46479
4.49984
4.53298
4.56441
4.59429
4.62267
4.64948
4.67449
4.6973
4.71785
4.73424
4.74622
4.76379
4.28252
4.3281
4.37086
4.41079
4.44796
4.48263
4.5151
4.54553
4.574
4.60044
4.62457
4.64592
4.664
4.68006
4.69217
4.70743
4.21365
4.2625
4.30807
4.35025
4.38905
4.42477
4.45773
4.48816
4.51613
4.54148
4.56419
4.58561
4.6058
4.62138
4.63069
4.64377
4.14233
4.19242
4.23867
4.28142
4.32105
4.35752
4.39085
4.4213
4.44925
4.47572
4.50103
4.52283
4.53964
4.55129
4.5578
4.56891
4.0727
4.12308
4.16927
4.21148
4.2504
4.28681
4.32103
4.35346
4.38386
4.41082
4.43308
4.45037
4.46303
4.47116
4.47494
4.48458
4.00552
4.05602
4.10242
4.14507
4.18439
4.2208
4.25455
4.28513
4.31185
4.33412
4.35151
4.36419
4.37271
4.37764
4.37952
4.38857
3.94323
3.99111
4.03548
4.07649
4.11418
4.14837
4.17868
4.20458
4.22568
4.24187
4.2534
4.26097
4.26563
4.26821
4.26925
4.27898
3.88107
3.92384
3.96375
4.00011
4.0326
4.06077
4.08425
4.10286
4.11672
4.12627
4.13224
4.13551
4.13735
4.1389
4.14034
4.15174
3.83185
3.86483
3.89472
3.92142
3.94434
3.96308
3.97755
3.98798
3.99484
3.99857
4.00007
4.00074
4.00184
4.00406
4.00681
4.02006
3.78438
3.80278
3.81985
3.83473
3.84686
3.85606
3.86234
3.86573
3.86697
3.86723
3.86723
3.8678
3.87005
3.87416
3.87815
3.89297
3.70737
3.71376
3.71991
3.72517
3.72878
3.73054
3.73118
3.73152
3.73151
3.73154
3.73239
3.73472
3.73914
3.74563
3.75048
3.76753
3.59652
3.59385
3.59146
3.58963
3.58907
3.58933
3.58955
3.58986
3.591
3.59322
3.59666
3.60148
3.60815
3.61721
3.62156
3.64002
3.4656
3.45756
3.4538
3.45208
3.45109
3.45112
3.45257
3.45529
3.45918
3.46424
3.47058
3.47834
3.48766
3.49842
3.50603
3.52407
3.33956
3.3335
3.32934
3.32779
3.32866
3.33151
3.33595
3.34177
3.34892
3.35741
3.36727
3.37829
3.38896
3.39899
3.4078
3.42664
3.2261
3.22253
3.22226
3.22479
3.22954
3.23612
3.2443
3.25391
3.26452
3.27474
3.28398
3.29342
3.30488
3.31753
3.32821
3.34751
3.12015
3.12378
3.12958
3.13726
3.1464
3.15631
3.16576
3.17407
3.18269
3.19351
3.20671
3.22108
3.23579
3.24999
3.26168
3.28127
3.02346
3.03266
3.04232
3.0515
3.05975
3.06861
3.07988
3.09388
3.10932
3.12533
3.14188
3.15868
3.17535
3.19089
3.20331
3.22303
2.92375
2.93507
2.94595
2.95863
2.97394
2.99075
3.00815
3.02618
3.04469
3.06354
3.08256
3.10146
3.11974
3.13629
3.14909
3.16892
2.82132
2.8391
2.85848
2.87853
2.89882
2.91928
2.93993
2.96083
2.98192
3.00306
3.02398
3.04433
3.06358
3.08067
3.09343
3.11327
2.72618
2.75157
2.77632
2.80042
2.8241
2.84756
2.8709
2.89414
2.91723
2.94
2.96219
2.98342
3.00314
3.0203
3.03253
3.05218
2.63169
2.66191
2.69064
2.7182
2.74487
2.77086
2.79633
2.8214
2.84602
2.86995
2.89279
2.91416
2.93364
2.95044
2.96151
2.98073
2.5353
2.56849
2.59981
2.62962
2.65831
2.68612
2.7131
2.73921
2.76438
2.78842
2.81095
2.83156
2.85012
2.86637
2.87602
2.89527
2.42792
2.4641
2.49808
2.52993
2.55995
2.58851
2.61585
2.64197
2.66671
2.68987
2.71119
2.73037
2.74748
2.76349
2.7695
2.78927
2.30755
2.34441
2.37873
2.41105
2.44156
2.47028
2.49725
2.52252
2.54605
2.56778
2.58753
2.60516
2.62058
2.63444
2.6429
2.66128
2.16891
2.20653
2.24141
2.27366
2.30353
2.33128
2.35707
2.38097
2.403
2.42309
2.44112
2.45708
2.47193
2.48595
2.49442
2.51185
2.02599
2.0616
2.09465
2.12536
2.15387
2.18032
2.20475
2.22719
2.24762
2.26607
2.28287
2.29889
2.31346
2.32595
2.33376
2.35097
1.88035
1.91323
1.94385
1.97232
1.99873
2.02318
2.04571
2.06644
2.08574
2.10436
2.12193
2.13727
2.1506
2.16249
2.17013
2.18721
1.73143
1.76173
1.79035
1.8172
1.8422
1.86541
1.88736
1.90861
1.92858
1.94617
1.9616
1.97558
1.98846
2.00027
2.00777
2.02494
1.58138
1.61026
1.63736
1.66269
1.68697
1.71064
1.73281
1.7526
1.77037
1.78666
1.80159
1.81533
1.82812
1.84007
1.84755
1.86496
1.43378
1.46169
1.48809
1.51386
1.53847
1.56072
1.58096
1.59969
1.61704
1.63307
1.64784
1.66147
1.67428
1.68648
1.69382
1.71147
1.2878
1.31572
1.34256
1.36743
1.3901
1.41119
1.43095
1.4494
1.46666
1.48281
1.49784
1.51178
1.52492
1.53766
1.54485
1.56305
1.14549
1.17214
1.19776
1.22204
1.24489
1.26639
1.28656
1.30537
1.32288
1.33918
1.35435
1.36842
1.38165
1.39484
1.40185
1.42013
1.00932
1.03549
1.06051
1.08433
1.10709
1.12875
1.14921
1.16845
1.18647
1.20329
1.21893
1.23331
1.24663
1.26052
1.26719
1.2858
0.879014
0.904982
0.930499
0.95511
0.978318
1.00003
1.02037
1.03945
1.05735
1.07413
1.08982
1.10427
1.11726
1.13179
1.1377
1.15666
0.756918
0.782969
0.807636
0.83108
0.853514
0.875115
0.895961
0.915841
0.934448
0.951609
0.967431
0.982196
0.993876
1.00993
1.01483
1.03427
0.638619
0.66498
0.690124
0.713906
0.736314
0.757593
0.777874
0.796981
0.81481
0.831317
0.846552
0.860705
0.873479
0.887774
0.894098
0.912983
0.520586
0.545848
0.570212
0.593665
0.616436
0.638396
0.659044
0.67823
0.696056
0.712605
0.727913
0.742023
0.754922
0.76853
0.775115
0.793835
0.402826
0.42612
0.448387
0.470016
0.49124
0.511537
0.530535
0.548357
0.565126
0.580871
0.595584
0.609269
0.622002
0.63536
0.642178
0.660791
0.287877
0.308978
0.329761
0.350598
0.370893
0.389936
0.407855
0.424858
0.440988
0.456212
0.470485
0.483815
0.496363
0.509109
0.51636
0.534497
0.16912
0.181157
0.193552
0.206291
0.218959
0.23174
0.244745
0.257812
0.270689
0.283184
0.295215
0.306789
0.318123
0.330914
0.335716
0.355736
0.0609171
0.0754993
0.0898026
0.103238
0.115397
0.126436
0.13657
0.146025
0.155023
0.163782
0.172503
0.1812
0.189683
0.1987
0.216568
0.197856
)
;

boundaryField
{
    frontAndBack
    {
        type            empty;
    }
    inlet
    {
        type            zeroGradient;
    }
    outlet
    {
        type            fixedValue;
        value           uniform 0;
    }
    walls
    {
        type            zeroGradient;
    }
}


// ************************************************************************* //
