/*--------------------------------*- C++ -*----------------------------------*\
| =========                 |                                                 |
| \\      /  F ield         | OpenFOAM: The Open Source CFD Toolbox           |
|  \\    /   O peration     | Version:  v2012                                 |
|   \\  /    A nd           | Website:  www.openfoam.com                      |
|    \\/     M anipulation  |                                                 |
\*---------------------------------------------------------------------------*/
FoamFile
{
    version     2.0;
    format      ascii;
    class       volScalarField;
    location    "0.342";
    object      p;
}
// * * * * * * * * * * * * * * * * * * * * * * * * * * * * * * * * * * * * * //

dimensions      [0 2 -2 0 0 0 0];


internalField   nonuniform List<scalar> 
1900
(
-299.623
-300.723
-301.622
-302.283
-302.96
-303.727
-304.533
-305.361
-305.974
-306.578
-300.077
-300.876
-301.704
-302.38
-303.061
-303.821
-304.632
-305.47
-306.23
-307.05
-300.363
-300.928
-301.696
-302.409
-303.106
-303.867
-304.693
-305.577
-306.47
-307.715
-300.547
-300.991
-301.726
-302.468
-303.178
-303.94
-304.784
-305.709
-306.722
-308.095
-300.645
-301.039
-301.754
-302.506
-303.221
-303.987
-304.848
-305.807
-306.888
-308.277
-300.662
-301.061
-301.781
-302.535
-303.254
-304.027
-304.904
-305.889
-307.004
-308.372
-300.597
-301.056
-301.807
-302.557
-303.277
-304.061
-304.951
-305.952
-307.079
-308.403
-300.445
-301.036
-301.83
-302.557
-303.27
-304.065
-304.969
-305.979
-307.11
-308.391
-300.189
-301.03
-301.891
-302.58
-303.277
-304.077
-304.985
-305.995
-307.118
-308.36
-299.754
-300.929
-301.881
-302.562
-303.26
-304.073
-304.992
-306.009
-307.135
-308.357
-305.92
-318.28
-337.562
-339.208
-320.079
-286.053
-243.018
-198.247
-157.32
-122.522
-94.1845
-71.7725
-54.2923
-40.734
-30.1894
-21.8656
-15.2084
-9.85227
-5.50758
-1.91346
1.11103
3.65839
5.80315
7.6276
9.20797
10.5815
11.7617
12.7829
13.6694
14.4433
15.1189
15.704
16.2071
16.6347
16.9936
17.2967
17.5517
17.7611
17.9274
18.0538
18.1457
18.2075
18.2408
18.2475
18.2279
18.1833
18.1168
18.0315
17.9294
17.811
17.6755
17.523
17.3556
17.1752
16.9828
16.7795
16.5652
16.3393
16.1021
15.855
15.5989
15.3344
15.0618
14.7803
14.4901
14.1913
13.8848
13.5711
13.2502
12.922
12.5867
12.2442
11.8949
11.5388
11.1762
10.8072
10.4318
10.05
9.662
9.26799
8.86789
8.46214
8.05045
7.63319
7.21015
6.78159
6.34748
5.90803
5.46329
5.01343
4.55855
4.09882
3.63413
3.16498
2.69014
2.21244
1.72483
1.24263
0.733533
0.279207
-309.337
-321.606
-333.413
-332.126
-313.079
-280.334
-239.751
-197.442
-158.32
-124.585
-96.6762
-74.2527
-56.5564
-42.6823
-31.7933
-23.1462
-16.2175
-10.6419
-6.11476
-2.37486
0.746691
3.35847
5.56131
7.43983
9.05851
10.4584
11.6587
12.695
13.5923
14.3733
15.0524
15.639
16.1393
16.5634
16.9252
17.233
17.492
17.7052
17.8749
18.0045
18.0998
18.1649
18.2001
18.2076
18.1887
18.1445
18.0783
17.9939
17.8932
17.7758
17.6408
17.4886
17.3217
17.1417
16.9498
16.7469
16.5332
16.3076
16.0708
15.824
15.5681
15.304
15.0317
14.7504
14.4602
14.1617
13.8555
13.5419
13.2212
12.8931
12.5579
12.2155
11.8663
11.5103
11.1477
10.7787
10.4033
10.0216
9.63356
9.23949
8.83938
8.43356
8.02184
7.6045
7.18142
6.75283
6.31871
5.87927
5.43458
4.98481
4.53008
4.07058
3.60637
3.13768
2.6645
2.18741
1.70545
1.22185
0.729548
0.25189
-310.271
-317.92
-326.263
-324.072
-306.103
-275.372
-237.27
-197.131
-159.467
-126.587
-99.0123
-76.5698
-58.6748
-44.5261
-33.3382
-24.4207
-17.2729
-11.5184
-6.83671
-2.96729
0.258057
2.95156
5.22558
7.17273
8.84882
10.2873
11.5177
12.5813
13.5035
14.3019
14.9899
15.5822
16.0863
16.5121
16.8773
17.1882
17.449
17.6633
17.8336
17.9638
18.0584
18.1214
18.1556
18.1635
18.1453
18.1022
18.0375
17.9548
17.8557
17.7402
17.6067
17.4558
17.2901
17.1109
16.9197
16.717
16.5027
16.2767
16.0399
15.7934
15.5378
15.2738
15.0019
14.7209
14.4309
14.1327
13.8269
13.5136
13.193
12.865
12.53
12.1876
11.8384
11.4825
11.12
10.751
10.3755
9.99373
9.6057
9.21158
8.81142
8.40549
7.9937
7.57626
7.15313
6.72448
6.29036
5.85091
5.40627
4.95656
4.502
4.0427
3.57898
3.11075
2.63926
2.16289
1.68653
1.20185
0.727115
0.223765
-310.492
-316.294
-321.939
-318.557
-301.089
-271.666
-235.203
-196.611
-160.103
-127.981
-100.76
-78.3713
-60.3576
-46.0084
-34.5871
-25.4524
-18.1236
-12.2161
-7.40122
-3.42579
-0.122278
2.63064
4.95014
6.93149
8.63398
10.0906
11.3342
12.4093
13.3472
14.1608
14.8616
15.4652
15.9832
16.4276
16.8086
17.1312
17.4007
17.622
17.7977
17.932
18.0286
18.0913
18.1255
18.1341
18.1161
18.0729
18.0083
17.9258
17.8259
17.7087
17.5739
17.423
17.258
17.0793
16.8888
16.6866
16.4719
16.2457
16.0094
15.7636
15.5088
15.2451
14.9724
14.691
14.4011
14.1033
13.7979
13.4848
13.1644
12.8365
12.5016
12.1593
11.8102
11.4543
11.0918
10.7228
10.3472
9.96536
9.57722
9.18304
8.78279
8.37672
7.96482
7.54725
7.12407
6.69535
6.26124
5.82177
5.3772
4.92756
4.47319
4.0141
3.55089
3.08315
2.61336
2.13775
1.66708
1.18108
0.723993
0.196
-310.518
-314.805
-318.112
-313.455
-296.276
-267.995
-233.033
-195.923
-160.556
-129.164
-102.291
-79.971
-61.8639
-47.3407
-35.7174
-26.3939
-18.9047
-12.8608
-7.92539
-3.85033
-0.4758
2.33119
4.69829
6.72017
8.45346
9.93193
11.1936
12.284
13.2355
14.0617
14.7713
15.379
15.8973
16.3438
16.7277
17.0519
17.3217
17.5441
17.7224
17.8599
17.9613
18.0305
18.0708
18.0847
18.0722
18.0346
17.9751
17.8963
17.7984
17.6816
17.5475
17.398
17.234
17.0557
16.8655
16.6634
16.4485
16.2222
15.9858
15.7398
15.4849
15.2205
14.9463
14.6637
14.3734
14.0753
13.7695
13.4559
13.1351
12.8067
12.4714
12.1288
11.7795
11.4235
11.0608
10.6916
10.3159
9.93397
9.54577
9.15159
8.75148
8.34551
7.93366
7.5161
7.09298
6.66429
6.23028
5.79088
5.34647
4.89696
4.44286
3.98405
3.52137
3.05419
2.58602
2.11131
1.6459
1.15931
0.718405
0.171098
-310.4
-313.509
-315.041
-309.398
-292.508
-265.228
-231.494
-195.546
-161.047
-130.184
-103.562
-81.2871
-63.1017
-48.4302
-36.6367
-27.1638
-19.5467
-13.3868
-8.35094
-4.1991
-0.770517
2.08053
4.49021
6.54635
8.30023
9.79291
11.0688
12.1737
13.1353
13.9687
14.6836
15.2953
15.8193
16.2721
16.6619
16.9916
17.2644
17.4869
17.6669
17.8078
17.9128
17.9842
18.0236
18.0347
18.0208
17.983
17.9238
17.845
17.7468
17.6303
17.4974
17.3494
17.1873
17.0114
16.8231
16.6226
16.4096
16.1851
15.9501
15.7054
15.4512
15.1875
14.9142
14.6322
14.3421
14.0439
13.7378
13.4239
13.1028
12.7738
12.4382
12.0952
11.7456
11.3894
11.0265
10.6572
10.2815
9.89949
9.51142
9.11733
8.71736
8.31142
7.89967
7.48219
7.05922
6.63067
6.19683
5.75758
5.31339
4.86409
4.4103
3.95185
3.48971
3.02319
2.55647
2.08289
1.62172
1.13606
0.707814
0.152308
-310.21
-312.446
-312.668
-306.232
-289.501
-262.955
-230.135
-195.076
-161.266
-130.844
-104.469
-82.2732
-64.0496
-49.2807
-37.3701
-27.7899
-20.0781
-13.8222
-8.70196
-4.49635
-1.03043
1.86281
4.31465
6.39543
8.15866
9.66341
10.9581
12.0779
13.0469
13.8826
14.6024
15.2224
15.7536
16.2104
16.6027
16.9335
17.2094
17.4353
17.6168
17.7592
17.8663
17.9391
17.9797
17.9919
17.9795
17.944
17.8869
17.809
17.7111
17.5948
17.4619
17.3139
17.1514
16.9748
16.7852
16.5832
16.3692
16.1439
15.9079
15.6623
15.4073
15.1431
14.8696
14.5874
14.2972
13.999
13.6932
13.3798
13.0591
12.7307
12.3957
12.0534
11.7044
11.3487
10.9865
10.6176
10.2426
9.86089
9.47337
9.07966
8.68003
8.27435
7.86296
7.44586
7.02324
6.59508
6.16158
5.72269
5.27881
4.82988
4.37645
3.91841
3.45683
2.99099
2.52543
2.05316
1.59469
1.11177
0.69037
0.143276
-310.014
-311.622
-310.914
-303.872
-287.218
-261.199
-229.052
-194.665
-161.388
-131.317
-105.159
-83.0498
-64.8034
-49.9604
-37.9758
-28.3209
-20.5198
-14.1801
-9.0058
-4.76196
-1.24929
1.68991
4.1663
6.25639
8.03355
9.55938
10.8715
11.997
12.9659
13.8068
14.5363
15.1639
15.6978
16.1536
16.5465
16.8815
17.1616
17.3892
17.5703
17.7123
17.8207
17.896
17.9382
17.9505
17.9377
17.9024
17.8453
17.7674
17.6693
17.553
17.4201
17.272
17.1093
16.9326
16.7427
16.5407
16.3269
16.1019
15.8658
15.6197
15.3643
15.0997
14.826
14.5435
14.2528
13.9541
13.6478
13.3339
13.0127
12.684
12.3487
12.006
11.6568
11.301
10.9388
10.5699
10.1949
9.81333
9.42601
9.03263
8.63336
8.2282
7.81737
7.40092
6.97891
6.55143
6.11859
5.68038
5.23712
4.78881
4.33595
3.87849
3.41754
2.95242
2.48775
2.01696
1.55963
1.08118
0.660172
0.13864
-309.857
-311.036
-309.718
-302.257
-285.629
-259.948
-228.241
-194.298
-161.364
-131.531
-105.533
-83.4786
-65.2209
-50.3504
-38.3263
-28.618
-20.7654
-14.3912
-9.19079
-4.91965
-1.37843
1.58167
4.06716
6.16524
7.95207
9.4855
10.8016
11.9294
12.9015
13.7462
14.4791
15.1088
15.644
16.1014
16.4964
16.8338
17.1153
17.3437
17.5255
17.6688
17.7787
17.8553
17.8983
17.911
17.8988
17.8645
17.8085
17.7313
17.6338
17.5181
17.386
17.2385
17.0764
16.9002
16.7106
16.5089
16.2955
16.0707
15.8348
15.5889
15.3337
15.0696
14.7963
14.5143
14.224
13.9258
13.6202
13.307
12.9865
12.6587
12.3244
11.9824
11.6336
11.2782
10.9165
10.5482
10.1736
9.79255
9.4055
9.01236
8.61321
8.20799
7.79711
7.38058
6.95854
6.53099
6.09814
5.65988
5.21661
4.76827
4.31543
3.85807
3.39726
2.93226
2.46759
1.99757
1.53981
1.06572
0.639701
0.148963
-309.799
-310.776
-309.167
-301.515
-284.923
-259.448
-228.001
-194.311
-161.573
-131.867
-105.939
-83.9015
-65.6293
-50.7246
-38.6576
-28.9096
-21.0244
-14.6212
-9.39354
-5.09986
-1.54024
1.44116
3.94298
6.05266
7.84563
9.38306
10.7047
11.8381
12.8133
13.6593
14.394
15.0264
15.5644
16.0237
16.4197
16.7584
17.0414
17.2714
17.4544
17.5986
17.7093
17.7869
17.831
17.8446
17.8331
17.7995
17.7442
17.6675
17.5706
17.4555
17.3239
17.1769
17.0153
16.8395
16.6505
16.4492
16.2363
16.012
15.7767
15.5311
15.2764
15.0125
14.7397
14.458
14.1679
13.8699
13.5644
13.2513
12.9309
12.6029
12.2684
11.9273
11.5789
11.2237
10.8621
10.494
10.1195
9.73876
9.3519
8.95901
8.56023
8.1556
7.74499
7.32868
6.90682
6.47941
6.04664
5.60843
5.16522
4.71687
4.26412
3.80677
3.34618
2.88158
2.41694
1.94791
1.48892
1.0201
0.59136
0.112923
-314.074
-315.343
-316.519
-316.764
-316.246
-314.976
-313.67
-313.762
-333.208
-334.725
-335.671
-336.006
-335.684
-334.97
-334.106
-333.758
-348.321
-351.158
-352.673
-353.24
-353.129
-352.819
-352.512
-352.172
-346.898
-350.263
-352.116
-352.862
-352.69
-352.175
-351.696
-351.058
-325.752
-328.652
-330.388
-330.946
-330.606
-329.869
-329.085
-328.157
-289.994
-292.05
-293.342
-293.795
-293.469
-292.521
-291.108
-289.508
-244.963
-246.036
-246.887
-247.288
-247.03
-246.002
-244.217
-242.159
-198.429
-198.46
-198.714
-198.929
-198.65
-197.569
-195.618
-193.374
-156.292
-155.596
-155.334
-155.239
-154.836
-153.72
-151.764
-149.558
-120.78
-119.658
-119.113
-118.841
-118.352
-117.249
-115.402
-113.359
-92.223
-90.9964
-90.3489
-89.9546
-89.3933
-88.3492
-86.6754
-84.8495
-69.8953
-68.7417
-68.1036
-67.6383
-67.0366
-66.0762
-64.6015
-63.0173
-52.6349
-51.6252
-51.0377
-50.5728
-49.9926
-49.1287
-47.8504
-46.4887
-39.3574
-38.5216
-38.0184
-37.5886
-37.0544
-36.2949
-35.2066
-34.053
-29.0897
-28.4086
-27.9638
-27.5649
-27.0895
-26.434
-25.5129
-24.5365
-21.0219
-20.4815
-20.0777
-19.6977
-19.2805
-18.7208
-17.9415
-17.099
-14.5744
-14.1506
-13.8005
-13.4585
-13.0944
-12.6151
-11.9542
-11.1969
-9.37679
-9.04371
-8.7494
-8.45378
-8.13631
-7.72401
-7.16212
-6.48412
-5.14897
-4.88342
-4.63583
-4.38146
-4.10399
-3.74552
-3.26298
-2.67474
-1.64017
-1.42802
-1.22075
-1.00393
-0.762191
-0.448516
-0.0286966
0.48217
1.33062
1.50269
1.6783
1.85987
2.06782
2.34176
2.70902
3.15565
3.84575
3.99024
4.14359
4.299
4.47993
4.72085
5.04431
5.43779
5.9636
6.0869
6.22156
6.35974
6.52266
6.73913
7.02788
7.37824
7.76512
7.8723
7.99038
8.1143
8.2625
8.45892
8.71907
9.03396
9.32663
9.41965
9.52367
9.63497
9.76982
9.94852
10.184
10.469
10.6914
10.7776
10.8676
10.9668
11.0896
11.2527
11.4668
11.726
11.8694
11.9556
12.038
12.1281
12.2405
12.3898
12.5853
12.822
12.881
12.9612
13.0381
13.123
13.2285
13.3674
13.5474
13.7652
13.7572
13.8304
13.9013
13.9807
14.0798
14.2094
14.376
14.5774
14.5215
14.588
14.6536
14.728
14.8211
14.9423
15.0969
15.284
15.1889
15.2499
15.3109
15.381
15.4688
15.5825
15.7264
15.9008
15.767
15.8229
15.8806
15.9472
16.0306
16.1377
16.2721
16.435
16.2662
16.3173
16.3712
16.4344
16.5135
16.6145
16.7402
16.8929
16.6911
16.7382
16.789
16.849
16.9242
17.0198
17.1378
17.2814
17.047
17.0919
17.1407
17.1984
17.2705
17.3614
17.4726
17.6082
17.3472
17.3902
17.4371
17.4926
17.5618
17.6486
17.7537
17.8821
17.5998
17.6409
17.6859
17.7393
17.8057
17.8885
17.988
18.1098
17.8072
17.8468
17.8904
17.942
18.0059
18.0851
18.1794
18.2952
17.9719
18.0104
18.0527
18.1026
18.1644
18.2403
18.3299
18.4402
18.0966
18.1341
18.1753
18.2239
18.2837
18.3567
18.442
18.5474
18.1867
18.223
18.2631
18.3103
18.3682
18.4385
18.5199
18.6208
18.2465
18.2815
18.3204
18.3662
18.4223
18.49
18.5679
18.6647
18.2784
18.3122
18.3499
18.3945
18.4489
18.5143
18.5888
18.6819
18.2839
18.3168
18.3536
18.3971
18.45
18.5131
18.5845
18.6742
18.2636
18.2959
18.3321
18.3747
18.4262
18.4873
18.5559
18.6423
18.2185
18.2504
18.286
18.3278
18.3782
18.4375
18.5034
18.5869
18.1515
18.1828
18.2177
18.2587
18.3079
18.3655
18.4291
18.5099
18.0655
18.0961
18.1303
18.1705
18.2186
18.2746
18.3359
18.4142
17.9624
17.9924
18.0261
18.0655
18.1125
18.167
18.2262
18.3022
17.8433
17.8729
17.906
17.9446
17.9906
18.0436
18.1007
18.1746
17.7074
17.7366
17.7692
17.8072
17.8522
17.9039
17.9592
18.031
17.5547
17.5836
17.6159
17.6533
17.6976
17.748
17.8016
17.8715
17.3869
17.4155
17.4474
17.4844
17.5278
17.5772
17.6291
17.6973
17.2061
17.2343
17.2659
17.3023
17.345
17.3933
17.4437
17.5103
17.0133
17.0413
17.0724
17.1084
17.1504
17.1976
17.2466
17.3118
16.8096
16.8373
16.8681
16.9035
16.9448
16.991
17.0386
17.1023
16.5949
16.6222
16.6526
16.6875
16.7281
16.7734
16.8197
16.882
16.3687
16.3957
16.4259
16.4604
16.5003
16.5447
16.5897
16.6509
16.1313
16.1581
16.188
16.2222
16.2615
16.3051
16.349
16.409
15.8839
15.9106
15.9402
15.974
16.0128
16.0556
16.0984
16.1573
15.6275
15.6539
15.6833
15.7167
15.755
15.797
15.8388
15.8967
15.3629
15.3891
15.4181
15.4511
15.4888
15.5301
15.571
15.6279
15.0899
15.1158
15.1445
15.1772
15.2144
15.255
15.2948
15.3508
14.8083
14.834
14.8625
14.8947
14.9314
14.9713
15.0103
15.0654
14.5178
14.5433
14.5715
14.6035
14.6397
14.679
14.7172
14.7715
14.2189
14.2443
14.2724
14.304
14.3398
14.3785
14.4159
14.4694
13.9123
13.9375
13.9654
13.9967
14.0322
14.0703
14.107
14.1598
13.5984
13.6235
13.6512
13.6823
13.7173
13.7549
13.7908
13.843
13.2773
13.3023
13.3297
13.3605
13.3952
13.4323
13.4676
13.5191
12.9491
12.9739
13.0012
13.0317
13.066
13.1026
13.1372
13.1881
12.6136
12.6383
12.6654
12.6957
12.7296
12.7659
12.7998
12.8502
12.2711
12.2956
12.3226
12.3527
12.3863
12.422
12.4554
12.5053
11.9216
11.946
11.9729
12.0028
12.0361
12.0715
12.1043
12.1537
11.5655
11.5898
11.6165
11.6462
11.6792
11.7142
11.7465
11.7953
11.2028
11.2271
11.2537
11.2832
11.3159
11.3505
11.3823
11.4308
10.8338
10.858
10.8845
10.9138
10.9462
10.9804
11.0117
11.0597
10.4583
10.4825
10.5089
10.5381
10.5702
10.6041
10.635
10.6826
10.0765
10.1007
10.127
10.156
10.1879
10.2214
10.2518
10.299
9.68848
9.7126
9.73881
9.76767
9.79937
9.83263
9.86261
9.90949
9.29445
9.31851
9.34462
9.37331
9.40474
9.43767
9.46721
9.51371
8.89437
8.91842
8.94447
8.97304
9.00428
9.03694
9.06611
9.1123
8.48861
8.51263
8.53859
8.56699
8.59799
8.63033
8.6591
8.70494
8.07695
8.10096
8.12688
8.15518
8.18599
8.21811
8.24656
8.29214
7.65971
7.6837
7.70956
7.73772
7.76833
7.80019
7.82835
7.87369
7.23669
7.26067
7.28649
7.31456
7.345
7.37666
7.4049
7.4507
6.80813
6.83208
6.85782
6.88576
6.91598
6.94732
6.97538
7.02128
6.374
6.3979
6.42356
6.45137
6.48142
6.51252
6.5403
6.58596
5.9345
5.95835
5.98391
6.01158
6.04145
6.07232
6.09981
6.14522
5.4897
5.51346
5.5389
5.56641
5.59604
5.62666
5.65383
5.69891
5.03974
5.06341
5.08873
5.11609
5.14553
5.17595
5.20287
5.24774
4.58469
4.60819
4.63331
4.66042
4.68956
4.71965
4.74618
4.79063
4.12478
4.14811
4.17307
4.19998
4.22891
4.25881
4.28515
4.32951
3.65965
3.68262
3.7072
3.73373
3.76226
3.79177
3.81769
3.86164
3.19012
3.21277
3.23702
3.26319
3.29135
3.32051
3.3461
3.38981
2.7139
2.73547
2.75877
2.78413
2.81163
2.84031
2.8656
2.90919
2.23573
2.25686
2.27965
2.30443
2.33125
2.35925
2.38391
2.42682
1.74348
1.76112
1.78103
1.8036
1.82891
1.85614
1.88072
1.92464
1.26279
1.28123
1.3012
1.32309
1.34703
1.37227
1.39484
1.43516
0.739323
0.746893
0.757984
0.773178
0.792874
0.815956
0.834902
0.883321
0.302163
0.32022
0.336607
0.351739
0.36666
0.383731
0.400923
0.376905
)
;

boundaryField
{
    frontAndBack
    {
        type            empty;
    }
    inlet
    {
        type            zeroGradient;
    }
    outlet
    {
        type            fixedValue;
        value           uniform 0;
    }
    walls
    {
        type            zeroGradient;
    }
}


// ************************************************************************* //
