/*--------------------------------*- C++ -*----------------------------------*\
| =========                 |                                                 |
| \\      /  F ield         | OpenFOAM: The Open Source CFD Toolbox           |
|  \\    /   O peration     | Version:  v2012                                 |
|   \\  /    A nd           | Website:  www.openfoam.com                      |
|    \\/     M anipulation  |                                                 |
\*---------------------------------------------------------------------------*/
FoamFile
{
    version     2.0;
    format      ascii;
    class       Cloud<basicKinematicParcel>;
    location    "0.036/lagrangian/kinematicCloud";
    object      coordinates;
}
// * * * * * * * * * * * * * * * * * * * * * * * * * * * * * * * * * * * * * //

39
(
(0.103937 0.448031 0.269901 0.178131) 324 449 1
(0.661493 0.0937566 0.075497 0.169254) 823 1646 1
(0.193886 0.403057 0.201222 0.201835) 1123 2244 2
(0.149236 0.425382 0.156269 0.269113) 522 1045 1
(0.374603 0.213252 0.0994466 0.312698) 1421 2643 2
(0.143698 0.428151 0.399893 0.0282581) 1120 2240 2
(0.599119 0.166521 0.0339193 0.200441) 18 36 1
(0.680199 0.157656 0.00224491 0.1599) 1619 3039 2
(0.304669 0.116497 0.231169 0.347666) 1618 3037 2
(0.0913138 0.454343 0.0624602 0.391883) 718 1434 2
(0.238837 0.0310318 0.34955 0.380581) 817 1634 1
(0.0365054 0.481747 0.295745 0.186002) 417 835 1
(0.206023 0.396988 0.311944 0.0850447) 1816 3633 1
(0.122542 0.438729 0.337902 0.100826) 115 31 1
(0.308235 0.318971 0.026911 0.345882) 1814 3628 1
(0.396947 0.190356 0.301526 0.111171) 914 1826 1
(0.00839716 0.444104 0.0516978 0.495801) 313 427 2
(0.185177 0.166665 0.240747 0.407411) 1812 3425 2
(0.0421103 0.478945 0.203501 0.275444) 512 1022 2
(0.00718815 0.496406 0.208872 0.287534) 1611 3222 2
(0.457285 0.271358 0.199361 0.0719971) 1311 2620 2
(0.692491 0.13531 0.153755 0.0184447) 1710 3421 2
(0.567028 0.0679614 0.148525 0.216486) 1309 2618 1
(0.20031 0.399845 0.215755 0.18409) 408 816 2
(0.435111 0.0181489 0.264295 0.282444) 808 1417 2
(0.138781 0.43061 0.146106 0.284503) 1308 2614 2
(0.652894 0.173553 0.0500787 0.123474) 307 612 2
(0.266532 0.366734 0.166817 0.199917) 1407 2815 1
(0.623173 0.188414 0.128408 0.0600057) 106 212 2
(0.65719 0.11642 0.0549853 0.171405) 1506 2813 2
(0.130754 0.434623 0.426941 0.00768211) 5 22225 2
(0.10796 0.44602 0.260167 0.185853) 205 408 2
(0.464803 0.267599 0.217077 0.0505213) 1904 3803 2
(0.80617 0.0969152 0.00151507 0.0954002) 1003 2007 1
(0.310352 0.344824 0.0726845 0.272139) 503 1007 1
(0.210051 0.0101889 0.394974 0.384785) 1202 2405 2
(0.208451 0.395775 0.314581 0.0811934) 702 1402 2
(0.355442 0.294681 0.0275975 0.322279) 801 1403 2
(0.059297 0.215335 0.470351 0.255017) 1200 2401 2
)


// ************************************************************************* //
