/*--------------------------------*- C++ -*----------------------------------*\
| =========                 |                                                 |
| \\      /  F ield         | OpenFOAM: The Open Source CFD Toolbox           |
|  \\    /   O peration     | Version:  v2012                                 |
|   \\  /    A nd           | Website:  www.openfoam.com                      |
|    \\/     M anipulation  |                                                 |
\*---------------------------------------------------------------------------*/
FoamFile
{
    version     2.0;
    format      ascii;
    class       volScalarField;
    location    "0.138";
    object      p;
}
// * * * * * * * * * * * * * * * * * * * * * * * * * * * * * * * * * * * * * //

dimensions      [0 2 -2 0 0 0 0];


internalField   nonuniform List<scalar> 
5600
(
-0.982007
-1.44014
-1.82051
-2.1391
-2.45001
-2.76026
-3.06158
-3.34327
-3.60642
-3.85652
-4.09312
-4.31777
-4.53225
-4.73853
-4.93872
-5.13464
-5.32673
-5.51673
-5.70361
-5.88885
-6.07135
-6.25181
-6.42954
-6.60577
-6.78085
-6.95423
-7.12656
-7.29782
-7.46872
-7.63883
-7.80901
-7.97686
-8.14622
-8.3128
-8.4808
-8.64744
-8.81331
-8.97941
-9.14296
-9.3088
-9.47059
-9.63544
-9.79719
-9.95951
-10.1213
-10.2807
-10.4428
-10.5995
-10.761
-10.9179
-11.0776
-11.2355
-11.3917
-11.5511
-11.7042
-11.864
-12.0166
-12.1744
-12.3283
-12.4818
-12.6376
-12.7885
-12.9454
-13.0938
-13.2497
-13.3997
-13.5527
-13.7045
-13.8537
-14.0073
-14.1546
-14.3076
-14.4562
-14.6076
-14.7583
-14.9077
-15.0602
-15.2086
-15.3616
-15.5106
-15.6618
-15.8128
-15.9615
-16.1127
-16.2611
-16.4113
-16.5591
-16.7092
-16.8574
-17.0067
-17.1547
-17.3037
-17.452
-17.6001
-17.75
-17.8984
-18.051
-18.2063
-18.3658
-18.5899
-1.04104
-1.46032
-1.83713
-2.15692
-2.468
-2.77859
-3.07984
-3.36178
-3.62529
-3.87544
-4.11227
-4.33722
-4.55203
-4.75868
-4.95923
-5.15547
-5.34785
-5.5381
-5.72515
-5.91046
-6.09317
-6.27374
-6.45153
-6.62786
-6.8031
-6.97658
-7.14903
-7.32035
-7.49138
-7.66154
-7.83183
-7.99974
-8.16914
-8.33573
-8.50376
-8.67048
-8.83632
-9.00252
-9.16603
-9.33197
-9.49374
-9.65862
-9.82047
-9.98268
-10.1447
-10.3039
-10.4661
-10.6228
-10.7843
-10.9413
-11.1008
-11.259
-11.4149
-11.5746
-11.7274
-11.8873
-12.0399
-12.1975
-12.3518
-12.5048
-12.6611
-12.8115
-12.9688
-13.1171
-13.2727
-13.4233
-13.5754
-13.728
-13.8766
-14.0306
-14.1778
-14.3305
-14.4797
-14.6304
-14.7817
-14.9309
-15.0833
-15.232
-15.3845
-15.5342
-15.6848
-15.8363
-15.9848
-16.1358
-16.2847
-16.4342
-16.5827
-16.7323
-16.8807
-17.0301
-17.1778
-17.327
-17.4752
-17.6235
-17.7729
-17.9224
-18.0726
-18.2312
-18.3855
-18.606
-1.07929
-1.47295
-1.84987
-2.17028
-2.47921
-2.78731
-3.08746
-3.36901
-3.63227
-3.8821
-4.11866
-4.34369
-4.55854
-4.76515
-4.96576
-5.162
-5.3544
-5.54466
-5.73171
-5.91706
-6.09974
-6.28038
-6.45828
-6.63473
-6.80982
-6.98332
-7.15568
-7.32701
-7.49791
-7.66808
-7.83827
-8.0061
-8.17557
-8.34219
-8.51017
-8.67691
-8.84267
-9.00889
-9.17231
-9.33822
-9.49999
-9.66472
-9.82667
-9.98861
-10.1507
-10.3098
-10.4721
-10.6287
-10.7902
-10.9473
-11.1067
-11.265
-11.4209
-11.5805
-11.7336
-11.8934
-12.0462
-12.2037
-12.3581
-12.5112
-12.6675
-12.8181
-12.9752
-13.1238
-13.2792
-13.43
-13.5821
-13.7348
-13.8835
-14.0374
-14.1848
-14.3373
-14.4866
-14.6372
-14.7885
-14.9376
-15.09
-15.2386
-15.391
-15.5408
-15.6912
-15.8428
-15.9912
-16.1424
-16.2913
-16.4408
-16.5894
-16.7389
-16.8874
-17.0367
-17.1845
-17.3337
-17.4819
-17.6302
-17.7797
-17.9293
-18.0795
-18.239
-18.3923
-18.608
-1.12801
-1.48943
-1.86525
-2.18714
-2.49478
-2.80194
-3.10246
-3.38464
-3.64853
-3.8987
-4.13582
-4.36086
-4.5762
-4.783
-4.98367
-5.1798
-5.37212
-5.56206
-5.74888
-5.93385
-6.11643
-6.29695
-6.47487
-6.65145
-6.82659
-7.00046
-7.1731
-7.34483
-7.51593
-7.68635
-7.85668
-8.0247
-8.19412
-8.3609
-8.52886
-8.69575
-8.86155
-9.02789
-9.19143
-9.35742
-9.51943
-9.68418
-9.84644
-10.0084
-10.1707
-10.3299
-10.4922
-10.649
-10.8104
-10.9678
-11.1269
-11.2856
-11.4413
-11.6012
-11.7539
-11.9138
-12.0668
-12.2237
-12.3787
-12.5308
-12.6878
-12.8379
-12.9949
-13.1438
-13.2985
-13.4503
-13.6012
-13.7546
-13.9028
-14.0566
-14.2046
-14.3562
-14.5066
-14.6562
-14.8082
-14.9574
-15.1094
-15.259
-15.4105
-15.5612
-15.7111
-15.8628
-16.0116
-16.1619
-16.3117
-16.4603
-16.6095
-16.7587
-16.9072
-17.0566
-17.2043
-17.3534
-17.5019
-17.6497
-17.7994
-17.9486
-18.099
-18.2563
-18.4126
-18.6118
-1.17763
-1.50656
-1.88099
-2.20533
-2.51137
-2.81771
-3.11792
-3.39992
-3.66383
-3.9138
-4.15115
-4.37594
-4.59149
-4.7985
-4.99939
-5.19566
-5.38821
-5.57822
-5.76524
-5.95024
-6.13288
-6.31333
-6.49132
-6.66768
-6.84269
-7.01634
-7.18878
-7.36034
-7.53113
-7.70162
-7.87163
-8.03986
-8.20915
-8.37622
-8.54404
-8.71099
-8.87678
-9.04309
-9.20665
-9.37243
-9.53479
-9.69897
-9.86151
-10.0231
-10.1854
-10.3446
-10.5066
-10.6639
-10.8247
-10.9826
-11.1411
-11.3
-11.4554
-11.615
-11.7683
-11.9278
-12.0814
-12.2378
-12.3933
-12.5454
-12.7024
-12.8528
-13.0095
-13.1592
-13.3132
-13.4658
-13.6163
-13.77
-13.9183
-14.0718
-14.2205
-14.3713
-14.5224
-14.6715
-14.8237
-14.9729
-15.1244
-15.2744
-15.4254
-15.5765
-15.7262
-15.8779
-16.0269
-16.177
-16.3272
-16.4756
-16.625
-16.7741
-16.9228
-17.072
-17.2199
-17.3689
-17.5175
-17.6653
-17.8148
-17.9645
-18.1143
-18.2718
-18.4261
-18.6184
-1.22766
-1.52589
-1.89827
-2.22559
-2.52999
-2.83537
-3.13521
-3.41722
-3.68138
-3.93152
-4.16912
-4.39425
-4.61008
-4.81735
-5.01845
-5.21483
-5.4075
-5.59748
-5.78461
-5.96957
-6.1521
-6.33246
-6.5106
-6.68691
-6.86206
-7.03569
-7.2082
-7.37985
-7.55049
-7.72115
-7.89085
-8.05947
-8.22821
-8.39559
-8.563
-8.72992
-8.89576
-9.06167
-9.22581
-9.39095
-9.55389
-9.71772
-9.88064
-10.0422
-10.2045
-10.3641
-10.5256
-10.6838
-10.8439
-11.0024
-11.1605
-11.3198
-11.4753
-11.6347
-11.7888
-11.9473
-12.1019
-12.2573
-12.4136
-12.5652
-12.7222
-12.8731
-13.0285
-13.1798
-13.3321
-13.4859
-13.6355
-13.7894
-13.9382
-14.0905
-14.2407
-14.39
-14.5422
-14.6908
-14.8429
-14.9931
-15.1434
-15.2949
-15.445
-15.5967
-15.7465
-15.8975
-16.0474
-16.1966
-16.3473
-16.4954
-16.6449
-16.794
-16.9426
-17.0917
-17.2398
-17.3886
-17.5372
-17.6852
-17.8342
-17.9842
-18.1337
-18.2897
-18.4439
-18.6274
-1.27707
-1.54771
-1.91735
-2.24788
-2.55081
-2.85516
-3.1547
-3.43679
-3.70114
-3.95139
-4.18911
-4.41449
-4.63039
-4.83783
-5.03904
-5.23552
-5.42828
-5.61826
-5.80546
-5.99039
-6.17296
-6.35333
-6.53155
-6.70788
-6.88305
-7.05668
-7.22922
-7.4009
-7.57155
-7.74227
-7.91172
-8.08081
-8.24905
-8.41685
-8.58399
-8.75091
-8.91702
-9.08231
-9.24744
-9.41148
-9.57513
-9.73835
-9.90153
-10.063
-10.2247
-10.3853
-10.5456
-10.705
-10.8637
-11.0228
-11.1808
-11.3396
-11.4959
-11.6544
-11.81
-11.9669
-12.1228
-12.2772
-12.4338
-12.5857
-12.7419
-12.8946
-13.048
-13.2011
-13.352
-13.5066
-13.6562
-13.8094
-13.9599
-14.1104
-14.2621
-14.4101
-14.5629
-14.7117
-14.8631
-15.0143
-15.1635
-15.3159
-15.4654
-15.6173
-15.7675
-15.918
-16.0686
-16.2174
-16.3684
-16.5166
-16.6659
-16.815
-16.9639
-17.1127
-17.261
-17.4097
-17.5582
-17.7066
-17.8549
-18.0053
-18.1543
-18.309
-18.462
-18.6375
-1.32405
-1.57219
-1.93878
-2.27234
-2.57407
-2.87742
-3.17675
-3.45891
-3.72337
-3.97373
-4.21153
-4.43713
-4.65311
-4.86075
-5.06211
-5.25871
-5.45157
-5.64157
-5.82882
-6.01376
-6.19634
-6.3767
-6.55492
-6.73131
-6.90645
-7.08012
-7.25267
-7.42436
-7.59507
-7.76575
-7.93518
-8.10436
-8.27247
-8.44043
-8.60748
-8.77434
-8.94065
-9.1056
-9.27134
-9.43473
-9.59899
-9.76168
-9.92497
-10.0867
-10.2477
-10.4095
-10.5684
-10.7292
-10.8868
-11.0462
-11.2044
-11.3624
-11.5203
-11.6768
-11.8345
-11.9894
-12.1464
-12.3003
-12.4564
-12.6098
-12.7641
-12.9193
-13.07
-13.2246
-13.3747
-13.5292
-13.68
-13.8317
-13.9841
-14.1326
-14.2857
-14.4332
-14.5857
-14.7356
-14.8857
-15.0381
-15.1864
-15.3393
-15.4893
-15.6406
-15.7914
-15.9414
-16.0923
-16.241
-16.3917
-16.5404
-16.6895
-16.8384
-16.9877
-17.1362
-17.2846
-17.4333
-17.5817
-17.7303
-17.8781
-18.0286
-18.1773
-18.3302
-18.4814
-18.6484
-1.36703
-1.59926
-1.96312
-2.29912
-2.59996
-2.90249
-3.20169
-3.48387
-3.7484
-3.99887
-4.23674
-4.46253
-4.67856
-4.88636
-5.08782
-5.28449
-5.47742
-5.66741
-5.85469
-6.03963
-6.22221
-6.40254
-6.58076
-6.75721
-6.93232
-7.10604
-7.27858
-7.45029
-7.62107
-7.79167
-7.96116
-8.13027
-8.29847
-8.46639
-8.63349
-8.80028
-8.96661
-9.13161
-9.29722
-9.46073
-9.62498
-9.78766
-9.95081
-10.1127
-10.2736
-10.4356
-10.5943
-10.7552
-10.9128
-11.0723
-11.2305
-11.3881
-11.5468
-11.7022
-11.8611
-12.015
-12.1725
-12.3263
-12.4819
-12.6365
-12.7886
-12.9456
-13.0955
-13.2507
-13.401
-13.5545
-13.7064
-13.8566
-14.0102
-14.1581
-14.311
-14.4595
-14.6108
-14.7614
-14.9109
-15.0632
-15.2122
-15.3645
-15.5151
-15.6658
-15.8172
-15.9671
-16.1179
-16.2674
-16.4174
-16.5666
-16.7156
-16.8643
-17.0139
-17.1622
-17.3108
-17.4593
-17.6076
-17.7565
-17.904
-18.054
-18.2026
-18.3537
-18.5023
-18.6601
-1.40421
-1.62845
-1.99098
-2.32839
-2.6287
-2.93079
-3.22995
-3.5121
-3.77666
-4.02722
-4.26513
-4.49102
-4.70708
-4.91495
-5.11647
-5.31319
-5.50616
-5.69616
-5.88346
-6.06842
-6.251
-6.4313
-6.60952
-6.78601
-6.9611
-7.13484
-7.30738
-7.47908
-7.64995
-7.82045
-7.99
-8.15903
-8.32734
-8.4952
-8.66237
-8.8291
-8.99539
-9.16054
-9.32586
-9.48974
-9.65372
-9.81663
-9.97955
-10.1415
-10.3025
-10.4642
-10.6233
-10.7837
-10.9419
-11.101
-11.2594
-11.417
-11.5755
-11.7313
-11.8896
-12.0442
-12.201
-12.3555
-12.5105
-12.6655
-12.8175
-12.974
-13.1248
-13.2791
-13.4304
-13.583
-13.7356
-13.8855
-14.0387
-14.1875
-14.3391
-14.489
-14.6393
-14.7902
-14.9399
-15.0916
-15.2414
-15.393
-15.5443
-15.6943
-15.8463
-15.9959
-16.1464
-16.2963
-16.4461
-16.5956
-16.7445
-16.8932
-17.0426
-17.1911
-17.3396
-17.4881
-17.6365
-17.7851
-17.9329
-18.082
-18.2304
-18.3797
-18.5251
-18.6732
-1.43156
-1.65774
-2.02141
-2.35874
-2.65893
-2.96117
-3.26042
-3.54243
-3.80698
-4.05761
-4.2955
-4.52139
-4.73742
-4.94529
-5.14681
-5.34354
-5.53652
-5.72652
-5.91382
-6.0988
-6.28136
-6.46161
-6.63982
-6.81633
-6.99141
-7.16515
-7.33768
-7.50936
-7.68031
-7.85074
-8.02032
-8.18931
-8.35767
-8.52552
-8.69271
-8.85943
-9.02567
-9.19092
-9.35604
-9.52019
-9.68399
-9.84704
-10.0098
-10.1718
-10.3329
-10.4942
-10.6538
-10.8138
-10.9724
-11.1313
-11.2897
-11.4474
-11.6056
-11.7619
-11.9196
-12.0748
-12.231
-12.3861
-12.5407
-12.6957
-12.8484
-13.0038
-13.1555
-13.309
-13.461
-13.6133
-13.7658
-13.9161
-14.0685
-14.2181
-14.3692
-14.5196
-14.6696
-14.8203
-14.9704
-15.1217
-15.2719
-15.4233
-15.5744
-15.7248
-15.8762
-16.0263
-16.1767
-16.3265
-16.4765
-16.6258
-16.7748
-16.9236
-17.0729
-17.2214
-17.3699
-17.5185
-17.6668
-17.8153
-17.963
-18.1118
-18.2594
-18.4068
-18.549
-18.6879
-1.44635
-1.68439
-2.05147
-2.3872
-2.68771
-2.9907
-3.29013
-3.57193
-3.83644
-4.08712
-4.3249
-4.55071
-4.76665
-4.97444
-5.1759
-5.3726
-5.56556
-5.75555
-5.94282
-6.12783
-6.31036
-6.49055
-6.66874
-6.84527
-7.02035
-7.19407
-7.3666
-7.53824
-7.70927
-7.87965
-8.04924
-8.21822
-8.38659
-8.55446
-8.72163
-8.88836
-9.05456
-9.21987
-9.38487
-9.54918
-9.71289
-9.87597
-10.0387
-10.2006
-10.3619
-10.523
-10.6828
-10.8426
-11.0014
-11.1602
-11.3186
-11.4765
-11.6344
-11.791
-11.9483
-12.1039
-12.2599
-12.415
-12.5696
-12.7244
-12.8776
-13.0322
-13.1846
-13.3377
-13.49
-13.6423
-13.7945
-13.9453
-14.0971
-14.2472
-14.3979
-14.5486
-14.6985
-14.8492
-14.9996
-15.1505
-15.3013
-15.4522
-15.6035
-15.7541
-15.9051
-16.0556
-16.2055
-16.3557
-16.5052
-16.6547
-16.8036
-16.9523
-17.1018
-17.2501
-17.3989
-17.5471
-17.6957
-17.844
-17.9916
-18.1405
-18.2868
-18.4331
-18.5721
-18.7038
-1.45006
-1.70795
-2.07951
-2.41255
-2.71377
-3.01787
-3.31755
-3.59908
-3.86353
-4.11423
-4.35189
-4.57753
-4.79335
-5.00099
-5.20235
-5.39898
-5.59191
-5.78188
-5.96911
-6.15416
-6.33666
-6.51679
-6.69495
-6.87147
-7.04653
-7.22023
-7.39276
-7.56433
-7.73544
-7.90578
-8.07536
-8.24434
-8.41272
-8.5806
-8.74776
-8.91451
-9.08069
-9.24602
-9.41098
-9.57538
-9.73905
-9.90215
-10.0648
-10.2267
-10.3881
-10.5491
-10.7089
-10.8687
-11.0276
-11.1863
-11.3447
-11.5026
-11.6605
-11.8172
-11.9742
-12.1301
-12.286
-12.4412
-12.5959
-12.7506
-12.904
-13.0582
-13.2111
-13.364
-13.5165
-13.6687
-13.8208
-13.9718
-14.1233
-14.2739
-14.4243
-14.5752
-14.7249
-14.8759
-15.0262
-15.1771
-15.3281
-15.4785
-15.6301
-15.7805
-15.9316
-16.0819
-16.2316
-16.382
-16.5311
-16.6808
-16.8295
-16.9785
-17.1277
-17.2762
-17.425
-17.5729
-17.7218
-17.8697
-18.0178
-18.1659
-18.3121
-18.4571
-18.5934
-18.72
-1.44499
-1.72928
-2.10548
-2.43521
-2.73747
-3.04285
-3.34282
-3.624
-3.88838
-4.13909
-4.37658
-4.60202
-4.81772
-5.02519
-5.2264
-5.42295
-5.61581
-5.80576
-5.99294
-6.17804
-6.3605
-6.54057
-6.7187
-6.89522
-7.07027
-7.24394
-7.41645
-7.58798
-7.75915
-7.92944
-8.09902
-8.26799
-8.43639
-8.60424
-8.77143
-8.93811
-9.10432
-9.26956
-9.43458
-9.59901
-9.76267
-9.9258
-10.0884
-10.2504
-10.4117
-10.5727
-10.7326
-10.8923
-11.0515
-11.21
-11.3686
-11.5263
-11.6843
-11.8412
-11.9981
-12.1542
-12.3099
-12.4653
-12.6199
-12.7747
-12.9282
-13.0823
-13.2353
-13.3882
-13.5407
-13.6926
-13.8449
-13.9958
-14.1474
-14.2979
-14.4483
-14.5993
-14.7488
-14.9
-15.05
-15.2011
-15.352
-15.5023
-15.6539
-15.8042
-15.9553
-16.1054
-16.2553
-16.4054
-16.5546
-16.7044
-16.853
-17.0022
-17.1511
-17.2998
-17.4484
-17.5965
-17.7453
-17.8931
-18.0414
-18.1889
-18.3354
-18.4787
-18.6135
-18.7362
-1.43365
-1.74873
-2.12911
-2.45543
-2.75901
-3.06574
-3.36612
-3.64693
-3.91123
-4.1619
-4.3992
-4.62436
-4.83988
-5.04716
-5.24824
-5.44466
-5.63744
-5.82735
-6.01447
-6.1996
-6.38199
-6.56199
-6.74006
-6.91659
-7.09162
-7.2653
-7.43771
-7.60928
-7.78047
-7.95073
-8.12027
-8.28927
-8.45771
-8.62554
-8.7928
-8.95943
-9.12575
-9.29097
-9.45614
-9.6205
-9.7842
-9.94743
-10.11
-10.2722
-10.4334
-10.5946
-10.7545
-10.9142
-11.0735
-11.232
-11.3906
-11.5481
-11.7062
-11.863
-12.0199
-12.176
-12.3317
-12.4871
-12.6416
-12.7965
-12.9499
-13.104
-13.257
-13.4098
-13.5624
-13.7143
-13.8666
-14.0174
-14.1691
-14.3195
-14.47
-14.6209
-14.7705
-14.9217
-15.0715
-15.2228
-15.3733
-15.524
-15.6753
-15.8256
-15.9767
-16.1266
-16.2766
-16.4265
-16.5759
-16.7255
-16.8742
-17.0234
-17.1722
-17.321
-17.4695
-17.6178
-17.7663
-17.9143
-18.0625
-18.2097
-18.3561
-18.4985
-18.6324
-18.752
-1.41812
-1.76671
-2.15035
-2.47361
-2.77855
-3.08652
-3.38737
-3.66785
-3.93214
-4.18276
-4.41994
-4.64484
-4.86008
-5.06714
-5.26813
-5.46444
-5.6572
-5.847
-6.03421
-6.21936
-6.40173
-6.58165
-6.75964
-6.93612
-7.11108
-7.28474
-7.4571
-7.62878
-7.79995
-7.97026
-8.13982
-8.30885
-8.4774
-8.64534
-8.81274
-8.97941
-9.14585
-9.31112
-9.47633
-9.64061
-9.80425
-9.96748
-10.1299
-10.2923
-10.4533
-10.6146
-10.7744
-10.9342
-11.0934
-11.2519
-11.4105
-11.568
-11.7262
-11.8829
-12.0398
-12.1959
-12.3516
-12.507
-12.6615
-12.8165
-12.9699
-13.124
-13.2769
-13.4299
-13.5824
-13.7343
-13.8866
-14.0374
-14.1892
-14.3395
-14.4902
-14.6409
-14.7907
-14.9416
-15.0915
-15.2427
-15.393
-15.5438
-15.6948
-15.8453
-15.9963
-16.1462
-16.2963
-16.446
-16.5956
-16.745
-16.8939
-17.043
-17.1918
-17.3407
-17.4891
-17.6375
-17.7859
-17.9341
-18.082
-18.2292
-18.3753
-18.517
-18.6501
-18.7674
-1.39938
-1.78341
-2.1694
-2.49046
-2.79673
-3.10561
-3.40667
-3.68665
-3.95092
-4.20133
-4.43817
-4.66333
-4.8781
-5.08479
-5.28555
-5.48165
-5.67429
-5.86394
-6.0512
-6.23621
-6.41859
-6.59858
-6.7767
-6.95335
-7.12848
-7.30224
-7.47478
-7.6466
-7.81783
-7.9882
-8.15772
-8.32664
-8.49512
-8.66298
-8.83033
-8.99691
-9.1633
-9.3285
-9.49365
-9.6579
-9.82152
-9.98472
-10.1471
-10.3094
-10.4703
-10.6316
-10.7914
-10.9511
-11.1103
-11.2688
-11.4274
-11.5848
-11.7429
-11.8996
-12.0565
-12.2125
-12.3682
-12.5235
-12.678
-12.8329
-12.9862
-13.1403
-13.2931
-13.4461
-13.5985
-13.7504
-13.9026
-14.0533
-14.205
-14.3553
-14.506
-14.6566
-14.8065
-14.9574
-15.1074
-15.2587
-15.409
-15.5599
-15.7108
-15.8614
-16.0122
-16.1622
-16.3122
-16.4618
-16.6115
-16.7607
-16.9097
-17.0587
-17.2076
-17.3564
-17.5048
-17.6533
-17.8015
-17.9498
-18.0976
-18.2451
-18.3909
-18.5327
-18.6655
-18.7818
-1.37853
-1.79774
-2.18499
-2.50541
-2.81361
-3.12409
-3.42549
-3.70499
-3.96928
-4.21956
-4.45615
-4.68157
-4.89601
-5.10256
-5.30333
-5.49955
-5.69238
-5.88237
-6.06995
-6.25521
-6.43779
-6.61783
-6.79604
-6.97268
-7.14772
-7.32126
-7.49359
-7.66531
-7.83646
-8.0068
-8.17633
-8.34529
-8.51378
-8.68167
-8.84904
-9.01564
-9.18207
-9.34731
-9.51247
-9.67674
-9.84039
-10.0036
-10.1659
-10.3282
-10.4892
-10.6505
-10.8103
-10.9701
-11.1293
-11.2878
-11.4464
-11.6039
-11.762
-11.9187
-12.0757
-12.2317
-12.3875
-12.5428
-12.6974
-12.8523
-13.0057
-13.1598
-13.3126
-13.4657
-13.6181
-13.7701
-13.9223
-14.0732
-14.2249
-14.3752
-14.526
-14.6764
-14.8265
-14.9771
-15.1272
-15.2782
-15.4285
-15.5794
-15.7301
-15.8809
-16.0315
-16.1817
-16.3317
-16.4813
-16.631
-16.7802
-16.9293
-17.0782
-17.2272
-17.3759
-17.5244
-17.6729
-17.8211
-17.9695
-18.117
-18.2646
-18.4099
-18.5512
-18.6831
-18.7978
-1.36392
-1.81232
-2.19723
-2.51496
-2.82396
-3.13622
-3.43814
-3.7171
-3.98156
-4.23183
-4.46831
-4.69335
-4.90761
-5.11405
-5.31471
-5.51082
-5.70353
-5.8934
-6.08085
-6.26593
-6.44821
-6.62784
-6.80584
-6.98228
-7.15719
-7.33062
-7.50275
-7.67435
-7.84542
-8.01568
-8.18514
-8.35401
-8.52241
-8.69022
-8.85751
-9.02404
-9.19039
-9.35556
-9.52065
-9.68487
-9.84845
-10.0116
-10.1739
-10.3361
-10.4971
-10.6583
-10.818
-10.9778
-11.137
-11.2954
-11.454
-11.6115
-11.7695
-11.9261
-12.0831
-12.239
-12.3948
-12.5501
-12.7046
-12.8594
-13.0128
-13.1669
-13.3196
-13.4727
-13.625
-13.777
-13.9292
-14.0799
-14.2316
-14.3818
-14.5327
-14.6831
-14.8332
-14.9839
-15.134
-15.2851
-15.4354
-15.5864
-15.7371
-15.8879
-16.0385
-16.1887
-16.3386
-16.4882
-16.6379
-16.7871
-16.9362
-17.085
-17.2341
-17.3827
-17.5312
-17.6796
-17.8279
-17.9763
-18.1238
-18.2715
-18.4169
-18.5586
-18.6907
-18.8058
-1.33345
-1.82715
-2.22084
-2.53911
-2.84831
-3.16108
-3.46376
-3.74176
-4.00653
-4.25692
-4.49329
-4.71814
-4.93219
-5.13834
-5.33873
-5.53461
-5.72713
-5.91686
-6.10422
-6.28922
-6.47153
-6.65122
-6.82919
-7.00561
-7.18047
-7.35388
-7.52602
-7.69758
-7.86859
-8.03882
-8.20825
-8.37711
-8.5455
-8.7133
-8.88059
-9.04712
-9.21346
-9.37865
-9.54373
-9.70795
-9.87154
-10.0347
-10.197
-10.3592
-10.5202
-10.6814
-10.8412
-11.0009
-11.1601
-11.3186
-11.4771
-11.6346
-11.7926
-11.9493
-12.1062
-12.2622
-12.418
-12.5732
-12.7278
-12.8826
-13.036
-13.1901
-13.3429
-13.4959
-13.6483
-13.8003
-13.9524
-14.1033
-14.2549
-14.4052
-14.556
-14.7063
-14.8566
-15.0071
-15.1574
-15.3083
-15.4587
-15.6096
-15.7603
-15.9111
-16.0616
-16.2119
-16.3618
-16.5114
-16.6611
-16.8103
-16.9594
-17.1082
-17.2573
-17.4059
-17.5545
-17.7028
-17.8511
-17.9995
-18.1471
-18.2947
-18.4399
-18.5815
-18.7133
-18.8281
-18.5916
-19.0629
-19.6231
-19.6059
-19.0251
-18.0752
-16.9197
-15.5135
-13.8528
-11.98
-10.0021
-8.11576
-6.47274
-5.17564
-4.21937
-3.51534
-2.9572
-2.50206
-2.15047
-1.88068
-1.67854
-1.56083
-1.61554
-1.8102
-2.02083
-2.15963
-2.07805
-1.6986
-1.07937
-0.546857
-0.273726
-0.111057
0.0319467
0.181716
0.344353
0.5073
0.688716
0.889258
1.087
1.26462
1.41739
1.52804
1.6016
1.651
1.68367
1.70441
1.71505
1.71696
1.71132
1.69944
1.68242
1.66136
1.63712
1.61061
1.58246
1.55274
1.52084
1.4873
1.45346
1.4188
1.38424
1.35131
1.31915
1.28712
1.2533
1.21996
1.18694
1.15367
1.12036
1.087
1.05359
1.02013
0.986647
0.953145
0.919631
0.88611
0.852584
0.819056
0.785527
0.751998
0.71847
0.684943
0.651413
0.617881
0.584346
0.550805
0.517256
0.483692
0.4501
0.416457
0.38273
0.348862
0.314746
0.280228
0.244974
0.208633
0.170036
0.129055
0.0810339
0.0334625
-18.6579
-18.983
-19.5191
-19.5205
-18.9535
-18.0194
-16.8792
-15.4868
-13.8384
-11.9763
-10.0111
-8.13519
-6.49439
-5.19868
-4.23973
-3.532
-2.97201
-2.51927
-2.17346
-1.91077
-1.72221
-1.62604
-1.71917
-1.94949
-2.18181
-2.33137
-2.24456
-1.83168
-1.14557
-0.557317
-0.25646
-0.079497
0.0649084
0.205705
0.356932
0.509671
0.682117
0.876434
1.07041
1.24447
1.39664
1.50799
1.58383
1.63523
1.66958
1.69116
1.70206
1.70399
1.69833
1.68648
1.66951
1.64847
1.62423
1.59773
1.56961
1.53977
1.5078
1.47428
1.4405
1.40597
1.37171
1.3388
1.3064
1.27418
1.2406
1.20729
1.17423
1.14095
1.10763
1.07425
1.04083
1.00737
0.973878
0.940373
0.906859
0.873337
0.839811
0.806282
0.772753
0.739225
0.705697
0.67217
0.638641
0.60511
0.571576
0.538038
0.504494
0.470938
0.43736
0.403742
0.370056
0.33626
0.302267
0.267956
0.23306
0.197301
0.159741
0.120266
0.0751383
0.0302465
-18.639
-18.9737
-19.45
-19.4367
-18.8749
-17.9536
-16.8252
-15.4433
-13.8132
-11.9663
-10.0164
-8.15512
-6.51733
-5.22429
-4.26022
-3.5454
-2.98438
-2.53564
-2.19479
-1.94412
-1.76659
-1.7016
-1.83007
-2.10098
-2.35902
-2.52021
-2.42677
-1.987
-1.2211
-0.56544
-0.233538
-0.0385091
0.107464
0.23696
0.374008
0.514425
0.675922
0.863129
1.05226
1.22155
1.37277
1.48527
1.56418
1.61784
1.65414
1.67662
1.68779
1.68971
1.68401
1.67216
1.65525
1.63423
1.60999
1.58351
1.5554
1.52547
1.49339
1.4599
1.42611
1.39173
1.35784
1.325
1.29246
1.25971
1.22649
1.19331
1.16013
1.12686
1.09352
1.06014
1.0267
0.993231
0.959739
0.926233
0.892717
0.859195
0.825668
0.79214
0.758611
0.725082
0.691555
0.658028
0.6245
0.59097
0.557438
0.523903
0.490365
0.456818
0.423255
0.389664
0.356025
0.322309
0.288454
0.254374
0.219879
0.18477
0.148368
0.110577
0.0686584
0.02674
-18.6828
-18.9723
-19.3928
-19.3634
-18.7975
-17.8852
-16.7613
-15.3886
-13.777
-11.9492
-10.0176
-8.1739
-6.54333
-5.25338
-4.28185
-3.55588
-2.99458
-2.55063
-2.21433
-1.97887
-1.81073
-1.78395
-1.94701
-2.26353
-2.54941
-2.72242
-2.61802
-2.16374
-1.31516
-0.568785
-0.201971
0.0135363
0.162157
0.277342
0.396458
0.521957
0.670065
0.851264
1.03086
1.19518
1.34569
1.4601
1.54238
1.59876
1.63719
1.66065
1.6721
1.67398
1.6682
1.65634
1.63949
1.61849
1.59424
1.56778
1.53969
1.50968
1.47751
1.44402
1.41016
1.3759
1.34244
1.30973
1.27697
1.24378
1.21091
1.17784
1.14453
1.11126
1.07791
1.0445
1.01105
0.977581
0.944085
0.910576
0.87706
0.843537
0.81001
0.776482
0.742953
0.709424
0.675897
0.64237
0.608843
0.575315
0.541785
0.508253
0.474721
0.441184
0.407638
0.374078
0.340492
0.306865
0.273163
0.239341
0.205293
0.170911
0.135796
0.0998874
0.0615213
0.0229142
-18.7017
-18.9631
-19.333
-19.2893
-18.7241
-17.8192
-16.6914
-15.3278
-13.7298
-11.9221
-10.0172
-8.18831
-6.57256
-5.28524
-4.30663
-3.5652
-3.00104
-2.5614
-2.23033
-2.00515
-1.86181
-1.87081
-2.07143
-2.43488
-2.74862
-2.93357
-2.82317
-2.32714
-1.44677
-0.573054
-0.154857
0.0796127
0.23141
0.329261
0.425614
0.532545
0.665622
0.840612
1.00552
1.16531
1.31526
1.43265
1.51808
1.57784
1.61857
1.64309
1.65483
1.65664
1.65076
1.63887
1.62207
1.60111
1.57684
1.55039
1.52231
1.49224
1.45999
1.42648
1.39256
1.35832
1.32535
1.29273
1.25969
1.22633
1.19371
1.16063
1.1273
1.09401
1.06062
1.0272
0.993741
0.960256
0.926754
0.893243
0.859725
0.826201
0.792675
0.759146
0.725617
0.692089
0.658562
0.625036
0.591509
0.557982
0.524454
0.490927
0.457401
0.423875
0.390349
0.356822
0.323294
0.289767
0.256236
0.222701
0.189149
0.155575
0.121891
0.0880783
0.0536406
0.018726
-18.7209
-18.9535
-19.2682
-19.2065
-18.6449
-17.7463
-16.6166
-15.2601
-13.6719
-11.8849
-10.0096
-8.19753
-6.60126
-5.3174
-4.33056
-3.57243
-2.99757
-2.56129
-2.24376
-2.03007
-1.92233
-1.96206
-2.20077
-2.61061
-2.95189
-3.14691
-3.03872
-2.46806
-1.57307
-0.60392
-0.0954655
0.168595
0.31664
0.394987
0.463304
0.547565
0.667321
0.827051
0.976607
1.13284
1.28208
1.40276
1.49119
1.55483
1.59802
1.62374
1.6358
1.63753
1.63151
1.61957
1.60283
1.58189
1.5576
1.53116
1.50308
1.47295
1.44063
1.4071
1.37314
1.33889
1.30632
1.27377
1.24055
1.20717
1.17462
1.14156
1.10825
1.07491
1.04149
1.00804
0.974538
0.941067
0.907561
0.874048
0.840529
0.807005
0.773478
0.739949
0.706421
0.672893
0.639366
0.60584
0.572315
0.538789
0.505264
0.471741
0.438222
0.404709
0.371204
0.337714
0.304251
0.270833
0.237492
0.204275
0.171271
0.138594
0.106491
0.0750056
0.0449087
0.0141111
-18.7373
-18.94
-19.1974
-19.1144
-18.5567
-17.6621
-16.5314
-15.1789
-13.601
-11.8359
-9.99033
-8.20384
-6.62449
-5.34474
-4.34835
-3.57393
-2.98942
-2.55757
-2.25454
-2.06557
-1.98681
-2.05356
-2.33008
-2.78159
-3.15394
-3.35798
-3.2475
-2.62044
-1.65398
-0.646881
-0.0297996
0.284985
0.421934
0.475676
0.51083
0.571495
0.676901
0.810027
0.94497
1.09621
1.24546
1.36933
1.46169
1.52946
1.57533
1.6024
1.61482
1.61646
1.61028
1.59828
1.58158
1.56065
1.53631
1.50986
1.4818
1.45161
1.41923
1.38569
1.35172
1.31748
1.2851
1.2527
1.2194
1.186
1.15345
1.12047
1.08716
1.05378
1.02032
0.986856
0.953421
0.919843
0.886326
0.852808
0.819287
0.785761
0.752234
0.718705
0.685176
0.651648
0.618122
0.584597
0.551072
0.517548
0.484026
0.450508
0.416997
0.383498
0.350016
0.316567
0.283175
0.249877
0.216743
0.183875
0.151475
0.119783
0.0894236
0.0605039
0.0352016
0.00898173
-18.7512
-18.923
-19.1223
-19.0144
-18.4598
-17.5679
-16.4358
-15.0848
-13.5157
-11.7734
-9.96179
-8.20295
-6.63961
-5.36392
-4.36067
-3.57261
-2.98138
-2.55256
-2.26571
-2.10228
-2.05148
-2.14448
-2.45576
-2.93856
-3.34818
-3.56055
-3.44052
-2.7823
-1.72125
-0.663336
0.0547138
0.424565
0.551564
0.571013
0.569709
0.607701
0.685446
0.788521
0.910214
1.05493
1.20522
1.33219
1.42961
1.50159
1.55033
1.57889
1.59173
1.59327
1.58691
1.57481
1.55812
1.53716
1.51275
1.48629
1.45823
1.428
1.39557
1.36204
1.32807
1.29388
1.26147
1.22936
1.19599
1.16256
1.12998
1.0971
1.06377
1.03034
0.996823
0.963334
0.929773
0.896301
0.862782
0.829262
0.79574
0.762214
0.728687
0.695157
0.661629
0.628101
0.594575
0.56105
0.527527
0.494005
0.460486
0.426973
0.393471
0.359987
0.326531
0.293127
0.259813
0.226648
0.193741
0.161256
0.129516
0.0989014
0.070454
0.0443434
0.0243424
0.00318938
-18.7636
-18.9043
-19.0444
-18.9075
-18.354
-17.464
-16.3304
-14.9766
-13.4133
-11.6942
-9.91734
-8.19283
-6.65219
-5.3794
-4.36793
-3.56708
-2.96977
-2.54715
-2.27871
-2.14167
-2.11852
-2.23416
-2.57213
-3.07673
-3.5236
-3.74422
-3.61015
-2.92662
-1.78443
-0.657642
0.160711
0.581235
0.699497
0.680934
0.643107
0.648692
0.689314
0.765219
0.872493
1.01201
1.16227
1.29267
1.39507
1.47121
1.5229
1.55306
1.56636
1.56779
1.56122
1.54897
1.53222
1.51116
1.48663
1.46018
1.43215
1.40189
1.3694
1.33589
1.30197
1.26788
1.23531
1.20347
1.1701
1.13663
1.10403
1.07127
1.03794
1.00447
0.970919
0.937414
0.903912
0.870323
0.83679
0.803263
0.769737
0.736208
0.702679
0.669149
0.63562
0.602092
0.568567
0.535042
0.50152
0.468
0.434484
0.400977
0.367484
0.334016
0.300585
0.267229
0.233996
0.200971
0.168306
0.136228
0.105199
0.0757439
0.0493768
0.0263025
0.012171
-0.00344177
-18.7748
-18.8843
-18.9655
-18.7959
-18.2405
-17.351
-16.2145
-14.8596
-13.3062
-11.6129
-9.87124
-8.18466
-6.66428
-5.39139
-4.36839
-3.55761
-2.95723
-2.54459
-2.29758
-2.18816
-2.19022
-2.32138
-2.67094
-3.19262
-3.67063
-3.8997
-3.74576
-3.03238
-1.83622
-0.637672
0.266777
0.73806
0.850473
0.79841
0.722066
0.679719
0.688108
0.7417
0.834489
0.969216
1.11825
1.2513
1.35805
1.43859
1.49327
1.52485
1.53854
1.53983
1.53303
1.52057
1.50364
1.48239
1.45778
1.43128
1.40324
1.37298
1.34042
1.30693
1.27307
1.23911
1.20647
1.17456
1.14139
1.10789
1.0752
1.04249
1.00914
0.97561
0.941997
0.90842
0.874928
0.841395
0.807865
0.774337
0.740811
0.707282
0.673754
0.640224
0.606695
0.573168
0.539643
0.506119
0.472598
0.43908
0.405568
0.372068
0.338586
0.305137
0.271736
0.238434
0.205294
0.172426
0.140028
0.108394
0.0781322
0.0499173
0.0258052
0.0059679
-0.00163064
-0.0112778
-18.7851
-18.8659
-18.8953
-18.6935
-18.1335
-17.245
-16.1049
-14.7512
-13.2099
-11.5409
-9.83415
-8.17854
-6.67089
-5.39332
-4.36154
-3.5496
-2.94988
-2.54909
-2.32602
-2.24345
-2.26298
-2.40134
-2.75009
-3.28283
-3.77884
-4.00864
-3.83103
-3.09003
-1.86279
-0.608563
0.353356
0.859856
0.972556
0.897488
0.784474
0.694591
0.6817
0.717172
0.798409
0.928597
1.0767
1.21147
1.32045
1.40469
1.46277
1.49594
1.50975
1.51079
1.50366
1.49086
1.47361
1.45218
1.42745
1.4009
1.37283
1.34262
1.31013
1.27661
1.24287
1.20907
1.17632
1.14427
1.11133
1.07791
1.0452
1.01253
0.979214
0.945667
0.912028
0.878486
0.844812
0.811256
0.777713
0.744175
0.710645
0.677112
0.643582
0.610051
0.576522
0.542995
0.50947
0.475947
0.442426
0.40891
0.375401
0.341905
0.308432
0.274998
0.241621
0.208364
0.175303
0.142572
0.110419
0.0792027
0.0496871
0.022682
0.000847153
-0.0158187
-0.0164957
-0.0202825
-18.7952
-18.8533
-18.8429
-18.6138
-18.0487
-17.1611
-16.0185
-14.6641
-13.1308
-11.4805
-9.80199
-8.17128
-6.67121
-5.38718
-4.35401
-3.54659
-2.9476
-2.55935
-2.3595
-2.29844
-2.33018
-2.47291
-2.81849
-3.34472
-3.8443
-4.06497
-3.86562
-3.10431
-1.86222
-0.578985
0.409227
0.932342
1.04609
0.959064
0.824545
0.700353
0.671774
0.69485
0.76852
0.895944
1.04169
1.17524
1.28692
1.37363
1.43382
1.46823
1.48233
1.48332
1.47591
1.46277
1.4452
1.42369
1.39897
1.3721
1.34381
1.3136
1.28116
1.2476
1.21391
1.18033
1.14731
1.11529
1.08244
1.04902
1.01619
0.983442
0.950123
0.916513
0.882967
0.849298
0.815735
0.782194
0.748662
0.715127
0.681599
0.648067
0.614537
0.581007
0.547478
0.513952
0.480428
0.446905
0.413386
0.379873
0.346367
0.31288
0.279415
0.246003
0.212654
0.179453
0.146483
0.113904
0.0820032
0.0511873
0.0223622
-0.00356472
-0.023309
-0.0372371
-0.031245
-0.030047
-18.8057
-18.8475
-18.8081
-18.5581
-17.9882
-17.1006
-15.956
-14.6003
-13.0727
-11.4371
-9.77978
-8.16797
-6.66874
-5.37795
-4.34955
-3.54639
-2.94969
-2.57578
-2.39564
-2.35039
-2.3925
-2.53735
-2.87606
-3.38791
-3.88064
-4.089
-3.86942
-3.09332
-1.84611
-0.555213
0.438821
0.966749
1.08024
0.988739
0.844572
0.70293
0.660286
0.675775
0.745147
0.870208
1.01154
1.14456
1.25887
1.34695
1.40794
1.44299
1.45737
1.45831
1.45069
1.4373
1.41952
1.39803
1.37346
1.34647
1.31807
1.28783
1.25543
1.22196
1.18833
1.1548
1.12165
1.0896
1.05692
1.02365
0.990814
0.958
0.924826
0.890993
0.857372
0.823677
0.790061
0.756484
0.722927
0.689389
0.65585
0.622322
0.588786
0.555257
0.521727
0.488201
0.454676
0.421154
0.387636
0.354121
0.32062
0.287129
0.253674
0.220261
0.186927
0.153746
0.120811
0.0883045
0.0565507
0.0260027
-0.00230435
-0.0273972
-0.0453902
-0.0571774
-0.0451691
-0.0401142
-18.8171
-18.8472
-18.787
-18.5217
-17.9476
-17.0598
-15.9136
-14.5569
-13.0335
-11.4086
-9.7675
-8.16845
-6.6667
-5.37162
-4.34852
-3.54891
-2.958
-2.59901
-2.43511
-2.4019
-2.44937
-2.59558
-2.92452
-3.42232
-3.90387
-4.10201
-3.86033
-3.07194
-1.8256
-0.538494
0.450757
0.977798
1.09125
0.998756
0.850667
0.704083
0.647903
0.658274
0.725524
0.846723
0.985468
1.11987
1.23473
1.32315
1.38458
1.42011
1.43468
1.43557
1.42779
1.41427
1.39642
1.37488
1.35024
1.32322
1.29468
1.2643
1.2318
1.19815
1.16436
1.13081
1.09771
1.06548
1.03273
0.999395
0.966451
0.933481
0.900251
0.866804
0.833214
0.799575
0.765979
0.732438
0.698882
0.665362
0.631818
0.598295
0.564758
0.531232
0.4977
0.464177
0.430651
0.397131
0.363613
0.330101
0.296604
0.263118
0.22968
0.196277
0.16299
0.129848
0.0970099
0.0646397
0.0331009
0.0028685
-0.0249297
-0.0493036
-0.0657896
-0.0760629
-0.0586363
-0.0506171
-18.8295
-18.8511
-18.7764
-18.5
-17.9226
-17.0348
-15.8875
-14.5301
-13.0097
-11.3928
-9.76427
-8.1737
-6.66879
-5.3698
-4.35014
-3.55612
-2.97351
-2.62812
-2.47708
-2.44984
-2.4998
-2.64475
-2.96607
-3.45364
-3.92342
-4.11084
-3.84877
-3.04969
-1.80533
-0.525889
0.454488
0.979257
1.09394
1.00038
0.848871
0.702576
0.63472
0.641363
0.70767
0.82511
0.964006
1.09859
1.21327
1.30197
1.36369
1.39936
1.41402
1.4149
1.40711
1.39365
1.37595
1.35464
1.33019
1.30329
1.27476
1.24444
1.21207
1.17849
1.14466
1.11102
1.07782
1.04553
1.01291
0.979711
0.946666
0.913941
0.880344
0.846729
0.813001
0.779329
0.745687
0.712134
0.678562
0.645039
0.611492
0.577968
0.54443
0.510903
0.477371
0.443848
0.410321
0.376802
0.343282
0.30977
0.27627
0.242784
0.209339
0.175929
0.142635
0.109469
0.0766279
0.0442302
0.0126882
-0.017488
-0.0450984
-0.0690841
-0.0844645
-0.0939541
-0.0718012
-0.0615838
-18.8425
-18.8581
-18.7736
-18.4895
-17.9101
-17.0225
-15.8745
-14.5168
-12.9987
-11.3877
-9.76881
-8.1838
-6.67549
-5.37156
-4.35487
-3.56938
-2.99552
-2.66169
-2.51825
-2.49243
-2.54171
-2.68487
-3.00313
-3.48427
-3.94306
-4.1184
-3.83923
-3.02869
-1.78365
-0.511636
0.460404
0.982222
1.0961
0.999207
0.843127
0.697893
0.621121
0.62527
0.689463
0.805822
0.945387
1.07995
1.1946
1.28347
1.34525
1.38089
1.39556
1.39632
1.38833
1.3746
1.35653
1.33475
1.30993
1.28274
1.25395
1.22336
1.19072
1.15693
1.12299
1.08933
1.05616
1.0238
0.991092
0.957843
0.924911
0.892172
0.858966
0.825508
0.791912
0.758278
0.724676
0.691126
0.657571
0.624046
0.590507
0.556981
0.523445
0.489919
0.456387
0.422865
0.389338
0.355821
0.322302
0.288795
0.255296
0.221822
0.188384
0.155009
0.121737
0.0886463
0.055895
0.023661
-0.00763752
-0.0374703
-0.064567
-0.0879887
-0.102187
-0.11115
-0.0849636
-0.072932
-18.8555
-18.8674
-18.7767
-18.4877
-17.9073
-17.0202
-15.872
-14.5145
-12.9981
-11.3915
-9.77983
-8.19891
-6.68643
-5.3765
-4.3643
-3.5886
-3.02259
-2.69717
-2.55614
-2.52827
-2.57533
-2.71824
-3.03692
-3.51427
-3.96388
-4.12678
-3.83244
-3.00742
-1.75823
-0.490468
0.474699
0.99066
1.09933
0.996325
0.835623
0.690605
0.607284
0.610096
0.680606
0.789703
0.929152
1.06369
1.1784
1.26734
1.32916
1.36492
1.37985
1.38091
1.37335
1.3601
1.34255
1.32141
1.29677
1.2697
1.24091
1.21035
1.1778
1.14407
1.11012
1.07643
1.0432
1.01084
0.978163
0.944818
0.91169
0.878809
0.845321
0.811717
0.778017
0.744344
0.71072
0.677157
0.643597
0.610068
0.576527
0.543001
0.509464
0.475937
0.442405
0.408882
0.375355
0.341837
0.308317
0.274808
0.241304
0.207829
0.174375
0.140994
0.107678
0.0745723
0.0417282
0.0094216
-0.0220471
-0.0520383
-0.0793854
-0.102896
-0.117013
-0.126161
-0.0973358
-0.0843286
-18.8702
-18.8792
-18.7845
-18.4923
-17.9116
-17.0252
-15.8772
-14.5201
-13.0049
-11.4014
-9.79531
-8.21754
-6.70041
-5.38507
-4.3792
-3.61248
-3.05189
-2.72981
-2.58778
-2.55665
-2.6019
-2.74599
-3.06666
-3.54233
-3.98482
-4.13773
-3.82708
-2.98505
-1.72793
-0.460768
0.497479
1.00402
1.10371
0.992035
0.824013
0.680802
0.592747
0.593906
0.655379
0.772922
0.912815
1.04764
1.1623
1.25095
1.31229
1.34742
1.3617
1.36202
1.35366
1.33967
1.32157
1.29967
1.27498
1.24773
1.21883
1.18817
1.15553
1.12173
1.08775
1.05405
1.02085
0.988447
0.955805
0.922678
0.8897
0.85691
0.823678
0.790153
0.756561
0.722895
0.689301
0.655736
0.622184
0.588654
0.555117
0.521588
0.488054
0.454526
0.420997
0.387471
0.353948
0.320427
0.286912
0.253401
0.219906
0.186431
0.152996
0.119623
0.086352
0.0532833
0.020542
-0.0116375
-0.0428705
-0.0725642
-0.0993518
-0.122394
-0.135323
-0.144157
-0.112381
-0.0983681
-18.8783
-18.887
-18.7913
-18.4985
-17.9187
-17.0336
-15.8867
-14.5308
-13.0172
-11.4163
-9.81414
-8.2378
-6.71614
-5.3983
-4.40012
-3.64003
-3.0791
-2.75438
-2.60825
-2.57372
-2.61822
-2.76567
-3.09031
-3.56647
-4.00373
-4.13849
-3.82228
-2.96461
-1.69755
-0.429188
0.521909
1.01774
1.10824
0.991178
0.820029
0.673692
0.584226
0.585767
0.653201
0.766668
0.905772
1.04045
1.15509
1.24376
1.30516
1.34061
1.35522
1.3559
1.34795
1.3344
1.31644
1.29484
1.27012
1.24288
1.21396
1.18329
1.15066
1.11687
1.08288
1.04918
1.01596
0.983575
0.950863
0.917601
0.884527
0.851677
0.818305
0.784732
0.75108
0.717406
0.6838
0.650233
0.616678
0.583149
0.54961
0.516083
0.482547
0.44902
0.415489
0.381965
0.34844
0.31492
0.281403
0.247892
0.214394
0.180917
0.147472
0.114097
0.0808015
0.0477138
0.0149217
-0.0173302
-0.048677
-0.078529
-0.105581
-0.128844
-0.142211
-0.151461
-0.119594
-0.102368
-18.9003
-18.9085
-18.8122
-18.5197
-17.9413
-17.0577
-15.9125
-14.5581
-13.0463
-11.447
-9.84694
-8.27068
-6.74638
-5.42914
-4.43592
-3.67856
-3.11329
-2.78313
-2.63416
-2.59876
-2.64396
-2.79307
-3.11934
-3.59536
-4.02888
-4.16262
-3.82986
-2.95909
-1.68438
-0.414623
0.530444
1.01531
1.09615
0.969305
0.799612
0.651675
0.562158
0.563614
0.628225
0.7439
0.884086
1.01895
1.13355
1.222
1.28312
1.31823
1.33241
1.33284
1.32463
1.31086
1.2928
1.27108
1.24634
1.21909
1.19015
1.15946
1.12682
1.09302
1.05903
1.02532
0.992115
0.959695
0.927
0.893787
0.860743
0.827891
0.79458
0.761012
0.727391
0.693717
0.660116
0.62655
0.592996
0.559466
0.525928
0.4924
0.458866
0.425338
0.391808
0.358282
0.324759
0.291237
0.257723
0.22421
0.190716
0.157235
0.1238
0.0904185
0.0571415
0.0240535
-0.00870984
-0.0409362
-0.072229
-0.102015
-0.128922
-0.152125
-0.165152
-0.174409
-0.141769
-0.131101
-18.836
-18.8233
-18.8755
-18.8741
-18.8595
-18.8366
-18.8066
-18.7717
-18.7365
-18.7045
-18.6762
-18.6518
-18.632
-18.6201
-18.6188
-18.6175
-19.5136
-19.4872
-19.5011
-19.5116
-19.5001
-19.4739
-19.442
-19.4087
-19.3763
-19.3467
-19.3213
-19.3008
-19.2851
-19.2735
-19.2662
-19.2522
-19.7998
-19.872
-19.9466
-19.9701
-19.9637
-19.942
-19.9128
-19.8825
-19.8545
-19.8303
-19.8108
-19.7964
-19.7875
-19.7835
-19.78
-19.7686
-19.7273
-19.8131
-19.8568
-19.8781
-19.8847
-19.8744
-19.8525
-19.8269
-19.8023
-19.7807
-19.7629
-19.749
-19.7393
-19.7334
-19.729
-19.7158
-19.1175
-19.1736
-19.2077
-19.2371
-19.2503
-19.247
-19.2333
-19.2143
-19.1942
-19.1743
-19.1556
-19.1388
-19.124
-19.1118
-19.1027
-19.0851
-18.1392
-18.1821
-18.2186
-18.248
-18.2608
-18.2585
-18.2451
-18.2253
-18.2034
-18.1811
-18.1594
-18.1384
-18.1186
-18.101
-18.0877
-18.0655
-16.9643
-16.9981
-17.0239
-17.0393
-17.0415
-17.0312
-17.011
-16.985
-16.957
-16.928
-16.8985
-16.8684
-16.8384
-16.8098
-16.7845
-16.7571
-15.54
-15.5601
-15.569
-15.5673
-15.5561
-15.5358
-15.5069
-15.4729
-15.437
-15.4001
-15.362
-15.3226
-15.2821
-15.2424
-15.207
-15.1739
-13.8658
-13.8711
-13.8647
-13.8496
-13.8294
-13.8034
-13.7692
-13.7293
-13.6874
-13.6439
-13.5983
-13.5501
-13.4996
-13.4493
-13.4043
-13.3654
-11.9793
-11.9669
-11.9458
-11.9215
-11.8974
-11.8698
-11.8339
-11.7923
-11.7484
-11.7019
-11.6521
-11.5983
-11.5409
-11.4828
-11.4307
-11.3872
-9.98526
-9.95729
-9.92858
-9.90438
-9.88465
-9.86165
-9.82983
-9.79208
-9.75105
-9.70609
-9.65619
-9.60092
-9.54093
-9.4795
-9.424
-9.37831
-8.08654
-8.04964
-8.02021
-8.00085
-7.98756
-7.96983
-7.94282
-7.90983
-7.87268
-7.83056
-7.78266
-7.7288
-7.66987
-7.60923
-7.55419
-7.50875
-6.44085
-6.40465
-6.37938
-6.36526
-6.35594
-6.3407
-6.31642
-6.28665
-6.25254
-6.21327
-6.16825
-6.11749
-6.06195
-6.00481
-5.95274
-5.90911
-5.14333
-5.10814
-5.08371
-5.06935
-5.05811
-5.04031
-5.01483
-4.98531
-4.9522
-4.91457
-4.8719
-4.82421
-4.7724
-4.71935
-4.67096
-4.62971
-4.18923
-4.15447
-4.12837
-4.11031
-4.09273
-4.06836
-4.03884
-4.00718
-3.97289
-3.93496
-3.89292
-3.84676
-3.7973
-3.74719
-3.70173
-3.66256
-3.48796
-3.4535
-3.42487
-3.40171
-3.37711
-3.34677
-3.31318
-3.27815
-3.24107
-3.20113
-3.15794
-3.11146
-3.0624
-3.01324
-2.96895
-2.93058
-2.93276
-2.8985
-2.86667
-2.83844
-2.80885
-2.77432
-2.73674
-2.69788
-2.6574
-2.61464
-2.56925
-2.52114
-2.4709
-2.42094
-2.37618
-2.33751
-2.4751
-2.43604
-2.3987
-2.36456
-2.32907
-2.28861
-2.24513
-2.20095
-2.15596
-2.10956
-2.06127
-2.01082
-1.95861
-1.90693
-1.86081
-1.82124
-2.11282
-2.05976
-2.00974
-1.964
-1.91799
-1.86802
-1.81663
-1.76642
-1.71704
-1.6675
-1.61692
-1.56467
-1.51084
-1.45761
-1.41017
-1.36938
-1.83323
-1.76234
-1.69384
-1.63244
-1.5749
-1.51692
-1.45985
-1.40557
-1.35332
-1.3018
-1.24987
-1.19657
-1.14177
-1.08758
-1.03928
-0.996998
-1.61504
-1.53361
-1.45593
-1.38386
-1.31643
-1.25151
-1.18991
-1.13215
-1.07733
-1.02419
-0.971303
-0.917388
-0.861996
-0.807097
-0.757924
-0.714275
-1.4717
-1.36153
-1.26142
-1.17431
-1.10026
-1.03562
-0.975431
-0.918001
-0.863804
-0.811631
-0.759707
-0.706403
-0.650998
-0.595357
-0.544956
-0.500095
-1.46548
-1.28785
-1.14436
-1.03157
-0.94501
-0.876096
-0.814798
-0.757953
-0.705664
-0.656114
-0.607021
-0.556388
-0.503316
-0.449738
-0.401395
-0.358612
-1.60929
-1.36672
-1.16674
-1.01284
-0.899148
-0.811983
-0.738873
-0.67564
-0.62073
-0.57127
-0.524369
-0.477851
-0.431013
-0.385966
-0.347362
-0.312768
-1.78907
-1.50669
-1.27309
-1.08934
-0.950891
-0.844276
-0.757865
-0.687183
-0.628689
-0.578638
-0.534067
-0.493053
-0.455193
-0.422816
-0.401392
-0.374065
-1.91169
-1.62121
-1.39137
-1.21186
-1.07662
-0.959669
-0.863259
-0.78603
-0.723353
-0.671359
-0.627482
-0.590015
-0.557262
-0.527969
-0.50572
-0.489245
-1.84198
-1.57563
-1.37143
-1.21568
-1.09265
-0.992612
-0.909213
-0.837615
-0.775268
-0.720731
-0.67336
-0.63342
-0.602509
-0.582959
-0.572309
-0.560988
-1.51355
-1.31172
-1.15432
-1.03102
-0.931277
-0.850261
-0.784525
-0.730851
-0.68721
-0.652359
-0.625393
-0.605497
-0.592044
-0.584508
-0.581189
-0.572434
-0.986947
-0.88638
-0.804272
-0.737001
-0.681201
-0.635537
-0.598643
-0.569446
-0.547133
-0.531075
-0.520568
-0.514609
-0.511777
-0.510739
-0.510225
-0.500124
-0.529683
-0.50611
-0.482
-0.460015
-0.440705
-0.424397
-0.411369
-0.401783
-0.39537
-0.391463
-0.389324
-0.388135
-0.387093
-0.385721
-0.384137
-0.370526
-0.29413
-0.30981
-0.315602
-0.31518
-0.311347
-0.306104
-0.300621
-0.295523
-0.291251
-0.287919
-0.285207
-0.282434
-0.278707
-0.273865
-0.270032
-0.254219
-0.150316
-0.186135
-0.207196
-0.217795
-0.221227
-0.220094
-0.216302
-0.211057
-0.205022
-0.198609
-0.192026
-0.18519
-0.17758
-0.168878
-0.16377
-0.14563
-0.00943541
-0.0474175
-0.0699847
-0.0814154
-0.0850594
-0.0834252
-0.0783419
-0.0711067
-0.0625973
-0.0533536
-0.0436531
-0.0335898
-0.0229867
-0.00962907
-0.00391836
0.0149761
0.152082
0.126392
0.112823
0.108145
0.109752
0.115543
0.123995
0.134218
0.145626
0.157531
0.169102
0.180026
0.191082
0.202685
0.211643
0.231232
0.329735
0.319912
0.317995
0.321676
0.329134
0.338707
0.349474
0.361138
0.373497
0.386524
0.400522
0.415655
0.431238
0.446234
0.457681
0.477696
0.506117
0.510449
0.519916
0.533365
0.549379
0.566907
0.584865
0.602593
0.620169
0.637697
0.655239
0.672864
0.690435
0.707135
0.719897
0.740196
0.699949
0.718619
0.739314
0.761256
0.783599
0.805592
0.826878
0.847582
0.867928
0.887937
0.90762
0.927056
0.94611
0.963836
0.977059
0.997388
0.908526
0.935893
0.963488
0.990478
1.01639
1.04082
1.0638
1.08584
1.10732
1.12826
1.1487
1.16873
1.18816
1.20604
1.21901
1.23919
1.11164
1.14439
1.17566
1.20498
1.23219
1.25723
1.28047
1.3027
1.32434
1.34537
1.36582
1.38571
1.40481
1.42227
1.43457
1.45459
1.29396
1.33136
1.3648
1.395
1.42226
1.44693
1.46971
1.4915
1.51265
1.53306
1.55279
1.57181
1.58995
1.60658
1.61789
1.63762
1.44678
1.48407
1.51735
1.547
1.57365
1.59773
1.61998
1.6412
1.66158
1.68106
1.69972
1.71755
1.73446
1.75018
1.76037
1.77973
1.55641
1.59223
1.62431
1.65245
1.67793
1.70118
1.72289
1.74355
1.76318
1.78182
1.79957
1.8164
1.83232
1.84739
1.8566
1.87572
1.62739
1.66033
1.6904
1.71751
1.74224
1.76501
1.78635
1.80653
1.82554
1.84351
1.86053
1.87656
1.89166
1.90632
1.91472
1.93372
1.67405
1.70368
1.73142
1.7574
1.78127
1.80342
1.82423
1.84379
1.86217
1.87954
1.89596
1.91137
1.92584
1.94025
1.94806
1.967
1.70454
1.73223
1.75833
1.78299
1.80594
1.82732
1.84741
1.86629
1.88411
1.90097
1.91691
1.93184
1.94583
1.96009
1.9675
1.98639
1.72401
1.75025
1.77536
1.79906
1.82116
1.84186
1.86137
1.87977
1.89717
1.91365
1.92923
1.94382
1.95747
1.97164
1.97876
1.99761
1.73423
1.75977
1.78429
1.80737
1.82889
1.84919
1.86837
1.88647
1.9036
1.91981
1.93515
1.94952
1.96291
1.97706
1.98394
2.00276
1.7361
1.76142
1.78562
1.80844
1.82981
1.84997
1.86896
1.88686
1.9038
1.91987
1.93509
1.94934
1.96253
1.9767
1.98333
2.00213
1.73047
1.75573
1.77971
1.8024
1.82381
1.84393
1.86283
1.88065
1.89756
1.91365
1.92892
1.94314
1.95611
1.97037
1.97671
1.99551
1.71854
1.74373
1.76745
1.78996
1.81138
1.83148
1.85037
1.86824
1.88526
1.90144
1.91672
1.93091
1.94361
1.95802
1.96405
1.98288
1.70141
1.72649
1.75025
1.77282
1.79414
1.81418
1.8331
1.85106
1.86812
1.88425
1.89943
1.91353
1.92591
1.94053
1.94624
1.96513
1.68033
1.7053
1.72914
1.7517
1.77286
1.79289
1.8119
1.82991
1.84692
1.86296
1.87803
1.8921
1.90409
1.91902
1.92436
1.94334
1.6561
1.68106
1.70476
1.72714
1.74824
1.76826
1.78727
1.80527
1.82225
1.83819
1.85315
1.86726
1.87878
1.89409
1.89906
1.91814
1.62954
1.65444
1.67806
1.70035
1.72138
1.74128
1.76012
1.77799
1.79488
1.81072
1.82549
1.83981
1.85067
1.86661
1.87115
1.89041
1.60135
1.62641
1.65005
1.67222
1.69312
1.71289
1.73159
1.74926
1.76599
1.78173
1.79616
1.81086
1.821
1.83747
1.8417
1.86103
1.57184
1.59696
1.62049
1.64266
1.66355
1.68322
1.70179
1.7193
1.73586
1.75158
1.76546
1.78069
1.79031
1.80698
1.81107
1.83044
1.53998
1.56506
1.5887
1.61087
1.63167
1.65132
1.66985
1.68727
1.70369
1.71931
1.73325
1.74781
1.75811
1.77437
1.77859
1.79793
1.50645
1.53153
1.5549
1.57688
1.59768
1.61727
1.63571
1.65309
1.66951
1.68492
1.69915
1.71359
1.72393
1.7401
1.74438
1.76369
1.4724
1.49717
1.52054
1.54259
1.56328
1.58272
1.60105
1.61834
1.63465
1.65004
1.6643
1.67861
1.68898
1.70514
1.70943
1.72875
1.43761
1.46244
1.48594
1.50833
1.52901
1.54832
1.56648
1.58364
1.5999
1.61527
1.62938
1.64379
1.654
1.67026
1.67453
1.69386
1.40274
1.42734
1.45059
1.47263
1.49354
1.51325
1.53172
1.54902
1.56527
1.58058
1.59451
1.60914
1.619
1.63547
1.63961
1.65901
1.36982
1.39437
1.41741
1.4391
1.45949
1.47873
1.49694
1.51415
1.53038
1.54578
1.55952
1.57438
1.58409
1.60065
1.60487
1.62428
1.33799
1.36253
1.3856
1.40731
1.42767
1.44679
1.46484
1.48191
1.49795
1.51328
1.52699
1.54153
1.55185
1.56778
1.57233
1.59161
1.30584
1.33027
1.35333
1.375
1.39535
1.4145
1.43255
1.44964
1.46566
1.48089
1.49475
1.509
1.51956
1.53527
1.53996
1.55918
1.27188
1.29638
1.31946
1.34113
1.36151
1.38069
1.39879
1.41591
1.43199
1.44726
1.4612
1.47539
1.48606
1.50173
1.50645
1.52566
1.2386
1.26305
1.286
1.30761
1.32796
1.34713
1.3652
1.38229
1.39836
1.41352
1.42754
1.44162
1.45241
1.46798
1.47276
1.49196
1.20556
1.22998
1.25297
1.27461
1.29498
1.31415
1.33222
1.34927
1.36533
1.38045
1.3945
1.40847
1.41935
1.43482
1.43966
1.45883
1.17232
1.19681
1.21987
1.24156
1.26197
1.28119
1.29928
1.31633
1.33237
1.34748
1.36154
1.37549
1.38641
1.40185
1.40671
1.42587
1.13905
1.16359
1.18668
1.20841
1.22885
1.24809
1.26621
1.28327
1.29933
1.31444
1.32851
1.34244
1.35336
1.36879
1.37366
1.39282
1.10571
1.13028
1.1534
1.17515
1.19562
1.21488
1.233
1.25006
1.2661
1.28122
1.29528
1.30922
1.32014
1.33557
1.34044
1.3596
1.07231
1.0969
1.12004
1.1418
1.16228
1.18155
1.19968
1.21674
1.2328
1.24792
1.26198
1.27592
1.28684
1.30227
1.30713
1.32629
1.03887
1.06347
1.08661
1.10839
1.12887
1.14814
1.16627
1.18333
1.19938
1.2145
1.22857
1.24251
1.25343
1.26887
1.27373
1.29289
1.00539
1.03
1.05315
1.07493
1.09542
1.11469
1.13283
1.14989
1.16594
1.18106
1.19512
1.20907
1.21998
1.23542
1.24028
1.25944
0.971887
0.996499
1.01965
1.04143
1.06193
1.0812
1.09934
1.1164
1.13245
1.14757
1.16163
1.17558
1.18649
1.20194
1.20679
1.22595
0.938376
0.962989
0.986145
1.00793
1.02842
1.0477
1.06584
1.0829
1.09895
1.11407
1.12813
1.14208
1.15298
1.16843
1.17328
1.19245
0.904855
0.92947
0.952626
0.974411
0.994904
1.01418
1.03232
1.04938
1.06543
1.08055
1.09461
1.10857
1.11947
1.13492
1.13977
1.15893
0.87133
0.895945
0.919102
0.940886
0.96138
0.980659
0.998796
1.01586
1.03191
1.04703
1.06109
1.07504
1.08595
1.1014
1.10625
1.12541
0.837801
0.862417
0.885574
0.907359
0.927853
0.947133
0.96527
0.982332
0.998382
1.0135
1.02756
1.04152
1.05242
1.06787
1.07272
1.09188
0.804272
0.828888
0.852045
0.87383
0.894324
0.913603
0.93174
0.948803
0.964854
0.979976
0.994034
1.00799
1.01889
1.03434
1.03919
1.05835
0.770744
0.795359
0.818516
0.840301
0.860795
0.880075
0.898212
0.915273
0.931324
0.946444
0.960502
0.974456
0.985357
1.00081
1.00566
1.02482
0.737215
0.76183
0.784987
0.806771
0.827265
0.846544
0.86468
0.881742
0.897793
0.912915
0.926974
0.940928
0.951829
0.967281
0.97213
0.991293
0.703687
0.728301
0.751457
0.773241
0.793734
0.813013
0.83115
0.848212
0.864261
0.879381
0.893438
0.907392
0.918293
0.933745
0.938595
0.957759
0.670157
0.69477
0.717925
0.739708
0.7602
0.779477
0.797612
0.814673
0.830724
0.845845
0.859904
0.873858
0.88476
0.90021
0.90506
0.924223
0.636624
0.661235
0.684388
0.70617
0.72666
0.745937
0.764073
0.781133
0.797182
0.8123
0.826356
0.840308
0.851211
0.866661
0.871512
0.890675
0.603085
0.627694
0.650844
0.672623
0.693112
0.712386
0.730518
0.747576
0.763625
0.778745
0.792805
0.806756
0.817661
0.833108
0.83796
0.857122
0.569541
0.594144
0.617289
0.639064
0.659549
0.67882
0.696952
0.71401
0.730057
0.745171
0.759226
0.773173
0.784079
0.799524
0.804378
0.823541
0.535985
0.560579
0.583717
0.605485
0.625963
0.645229
0.663353
0.680403
0.696445
0.71156
0.725622
0.739566
0.750478
0.765914
0.770773
0.789931
0.502409
0.526988
0.550111
0.571866
0.592334
0.61159
0.629709
0.646759
0.662801
0.677907
0.691957
0.705888
0.716805
0.732236
0.737098
0.756257
0.468797
0.493351
0.516452
0.538188
0.558638
0.577879
0.595979
0.613007
0.62903
0.644128
0.65819
0.672114
0.683047
0.698451
0.703326
0.722477
0.435119
0.459627
0.482688
0.504386
0.524803
0.544015
0.562092
0.57911
0.595126
0.610208
0.624252
0.638139
0.649087
0.664467
0.669361
0.688507
0.401331
0.425762
0.448754
0.47039
0.490752
0.509916
0.527951
0.544922
0.560895
0.575949
0.589995
0.60385
0.614835
0.630154
0.635078
0.654207
0.367358
0.391658
0.41453
0.436059
0.456326
0.475406
0.49337
0.510282
0.526207
0.541216
0.555242
0.569022
0.580053
0.595302
0.600274
0.619387
0.333064
0.357136
0.379802
0.401147
0.421249
0.440183
0.45802
0.474825
0.490663
0.505599
0.519595
0.533276
0.544383
0.559481
0.564534
0.583604
0.298246
0.321937
0.34426
0.365298
0.385128
0.403822
0.421449
0.438076
0.453762
0.468568
0.482488
0.496015
0.507213
0.522132
0.527296
0.54632
0.262472
0.2855
0.307221
0.327717
0.347062
0.365325
0.382572
0.398871
0.414285
0.428869
0.442644
0.455937
0.467261
0.481808
0.487175
0.506086
0.225287
0.247246
0.268006
0.287645
0.306234
0.323836
0.340512
0.356331
0.37135
0.385619
0.399171
0.412205
0.4236
0.43786
0.443405
0.462269
0.18518
0.205191
0.224163
0.242164
0.259256
0.275494
0.290936
0.30565
0.319698
0.333141
0.346024
0.358443
0.369757
0.383249
0.389144
0.407754
0.142013
0.159268
0.175782
0.19162
0.206837
0.221481
0.2356
0.249304
0.262692
0.275766
0.288495
0.300836
0.312392
0.325692
0.33196
0.350527
0.0897567
0.10142
0.112639
0.123456
0.133905
0.14403
0.153888
0.163586
0.173223
0.182885
0.192659
0.202555
0.212382
0.224125
0.230013
0.248265
0.0382575
0.0449768
0.0518215
0.0588505
0.0661259
0.0736982
0.0815866
0.0898049
0.0983342
0.107159
0.116251
0.125539
0.134943
0.144974
0.153544
0.1656
)
;

boundaryField
{
    frontAndBack
    {
        type            empty;
    }
    inlet
    {
        type            zeroGradient;
    }
    outlet
    {
        type            fixedValue;
        value           uniform 0;
    }
    walls
    {
        type            zeroGradient;
    }
}


// ************************************************************************* //
