/*--------------------------------*- C++ -*----------------------------------*\
| =========                 |                                                 |
| \\      /  F ield         | OpenFOAM: The Open Source CFD Toolbox           |
|  \\    /   O peration     | Version:  v2012                                 |
|   \\  /    A nd           | Website:  www.openfoam.com                      |
|    \\/     M anipulation  |                                                 |
\*---------------------------------------------------------------------------*/
FoamFile
{
    version     2.0;
    format      ascii;
    class       volScalarField;
    location    "0.276";
    object      p;
}
// * * * * * * * * * * * * * * * * * * * * * * * * * * * * * * * * * * * * * //

dimensions      [0 2 -2 0 0 0 0];


internalField   nonuniform List<scalar> 
1900
(
-299.623
-300.722
-301.622
-302.283
-302.96
-303.727
-304.532
-305.361
-305.974
-306.577
-300.077
-300.876
-301.704
-302.38
-303.06
-303.821
-304.632
-305.47
-306.23
-307.05
-300.363
-300.928
-301.696
-302.409
-303.106
-303.867
-304.693
-305.577
-306.47
-307.715
-300.547
-300.991
-301.726
-302.468
-303.178
-303.94
-304.784
-305.709
-306.721
-308.095
-300.645
-301.039
-301.753
-302.505
-303.221
-303.986
-304.847
-305.807
-306.888
-308.277
-300.662
-301.061
-301.78
-302.535
-303.254
-304.027
-304.904
-305.889
-307.004
-308.371
-300.596
-301.056
-301.807
-302.557
-303.277
-304.06
-304.951
-305.951
-307.078
-308.402
-300.445
-301.036
-301.83
-302.557
-303.269
-304.065
-304.969
-305.979
-307.109
-308.391
-300.188
-301.03
-301.891
-302.579
-303.277
-304.077
-304.985
-305.995
-307.118
-308.36
-299.754
-300.929
-301.881
-302.562
-303.26
-304.073
-304.992
-306.009
-307.135
-308.357
-305.92
-318.28
-337.562
-339.208
-320.079
-286.053
-243.018
-198.246
-157.325
-122.521
-94.1757
-71.7759
-54.3064
-40.7301
-30.1707
-21.8666
-15.2294
-9.85745
-5.488
-1.90094
1.09835
3.6419
5.80574
7.64141
9.21179
10.5725
11.7532
12.784
13.6758
14.4475
15.1178
15.6997
16.2045
16.6355
16.9963
17.2987
17.5514
17.7588
17.9256
18.0541
18.1476
18.209
18.2404
18.2455
18.2264
18.1837
18.1184
18.0328
17.9292
17.8097
17.6744
17.5229
17.3564
17.1763
16.9833
16.7791
16.5644
16.3389
16.1024
15.8557
15.5994
15.3344
15.0614
14.7801
14.49
14.1915
13.8851
13.5713
13.2502
12.922
12.5866
12.2443
11.895
11.5389
11.1763
10.8072
10.4317
10.05
9.66203
9.26801
8.8679
8.4621
8.0504
7.63315
7.21012
6.78157
6.34745
5.90798
5.46324
5.01339
4.55851
4.09879
3.6341
3.16495
2.69012
2.21242
1.72482
1.24262
0.733528
0.279205
-309.337
-321.606
-333.412
-332.126
-313.079
-280.334
-239.749
-197.441
-158.325
-124.583
-96.6679
-74.258
-56.568
-42.676
-31.779
-23.1511
-16.2341
-10.6415
-6.09773
-2.36837
0.734436
3.34678
5.56483
7.45061
9.06073
10.4508
11.6517
12.6961
13.5979
14.3773
15.0513
15.6345
16.1369
16.5647
16.9281
17.2348
17.4914
17.7027
17.8731
18.0051
18.102
18.1664
18.1993
18.2056
18.1872
18.145
18.0801
17.9951
17.8927
17.7744
17.6398
17.4887
17.3225
17.1428
16.9502
16.7463
16.5323
16.3073
16.0712
15.8247
15.5686
15.3039
15.0313
14.7501
14.4602
14.1619
13.8558
13.5421
13.2212
12.893
12.5579
12.2156
11.8664
11.5104
11.1478
10.7787
10.4033
10.0216
9.63358
9.23951
8.83938
8.43353
8.02179
7.60446
7.18139
6.7528
6.31867
5.87923
5.43454
4.98477
4.53005
4.07055
3.60634
3.13765
2.66448
2.1874
1.70543
1.22184
0.729543
0.251888
-310.271
-317.92
-326.263
-324.072
-306.102
-275.372
-237.268
-197.132
-159.471
-126.583
-99.0058
-76.5772
-58.6828
-44.5177
-33.3289
-24.4285
-17.284
-11.5137
-6.82364
-2.96745
0.24656
2.9485
5.23223
7.17637
8.845
10.2823
11.5159
12.5832
13.5068
14.3046
14.9892
15.578
16.0835
16.5134
16.8808
17.1903
17.4481
17.6606
17.8317
17.9644
18.0609
18.1229
18.1544
18.1613
18.1442
18.103
18.0394
17.9558
17.8549
17.7387
17.6059
17.456
17.291
17.112
16.9199
16.7163
16.5018
16.2765
16.0404
15.7941
15.5382
15.2737
15.0015
14.7206
14.4309
14.133
13.8272
13.5137
13.193
12.8649
12.5299
12.1877
11.8386
11.4826
11.12
10.751
10.3755
9.99375
9.60573
9.21159
8.81141
8.40546
7.99366
7.57623
7.15311
6.72445
6.29032
5.85087
5.40622
4.95652
4.50196
4.04267
3.57895
3.11073
2.63924
2.16287
1.68651
1.20184
0.727109
0.223763
-310.492
-316.294
-321.939
-318.557
-301.089
-271.666
-235.201
-196.613
-160.107
-127.975
-100.757
-78.3807
-60.362
-45.9981
-34.5815
-25.4617
-18.1309
-12.2099
-7.39167
-3.42746
-0.131382
2.62905
4.95669
6.93479
8.62899
10.0855
11.3335
12.4113
13.3489
14.1621
14.8616
15.4638
15.9821
16.427
16.8101
17.1328
17.4005
17.62
17.7966
17.9328
18.0308
18.0923
18.1238
18.1318
18.1154
18.0742
18.0103
17.9264
17.8248
17.707
17.5731
17.4233
17.2592
17.0805
16.8888
16.6856
16.471
16.2457
16.0101
15.7644
15.5091
15.2449
14.972
14.6907
14.4012
14.1036
13.7982
13.4849
13.1644
12.8364
12.5016
12.1594
11.8103
11.4544
11.0918
10.7228
10.3472
9.96539
9.57725
9.18304
8.78277
8.37669
7.96478
7.54722
7.12404
6.69532
6.2612
5.82173
5.37716
4.92752
4.47316
4.01407
3.55086
3.08313
2.61334
2.13773
1.66707
1.18107
0.723987
0.195998
-310.518
-314.805
-318.111
-313.455
-296.275
-267.995
-233.032
-195.926
-160.557
-129.157
-102.292
-79.9805
-61.864
-47.3298
-35.7151
-26.4053
-18.9097
-12.8512
-7.91808
-3.85608
-0.483762
2.33252
4.7056
6.72223
8.44614
9.92633
11.1949
12.2886
13.2378
14.0601
14.7686
15.3765
15.8991
16.3458
16.7285
17.0523
17.3214
17.5418
17.7208
17.8612
17.9635
18.031
18.0695
18.0832
18.0717
18.0355
17.9765
17.8968
17.7977
17.6804
17.5468
17.3981
17.2351
17.057
16.8654
16.6622
16.4477
16.2223
15.9865
15.7406
15.4851
15.2202
14.9459
14.6635
14.3735
14.0756
13.7698
13.456
13.135
12.8066
12.4715
12.129
11.7796
11.4235
11.0608
10.6916
10.316
9.934
9.54579
9.15159
8.75145
8.34548
7.93363
7.51607
7.09295
6.66425
6.23024
5.79084
5.34643
4.89693
4.44283
3.98402
3.52134
3.05416
2.586
2.1113
1.64589
1.15931
0.718399
0.171096
-310.4
-313.509
-315.041
-309.398
-292.508
-265.228
-231.493
-195.549
-161.045
-130.178
-103.568
-81.2942
-63.095
-48.4224
-36.6408
-27.1733
-19.5465
-13.3759
-8.34792
-4.20881
-0.776155
2.08682
4.49723
6.54463
8.29172
9.78858
11.0725
12.1783
13.1365
13.9654
14.6803
15.2951
15.8228
16.274
16.6605
16.9891
17.2638
17.4884
17.6679
17.8086
17.9126
17.9825
18.0222
18.0349
18.0216
17.9841
17.9246
17.8447
17.7457
17.6292
17.497
17.35
17.1884
17.0123
16.8229
16.6216
16.4088
16.1851
15.9508
15.7061
15.4515
15.1872
14.9137
14.632
14.3423
14.0443
13.7381
13.424
13.1026
12.7737
12.4382
12.0953
11.7457
11.3894
11.0265
10.6572
10.2816
9.89953
9.51144
9.11732
8.71733
8.31139
7.89965
7.48216
7.05918
6.63062
6.19679
5.75755
5.31335
4.86406
4.41027
3.95182
3.48968
3.02316
2.55645
2.08287
1.62171
1.13605
0.707809
0.152307
-310.21
-312.445
-312.667
-306.232
-289.501
-262.955
-230.134
-195.077
-161.264
-130.843
-104.474
-82.2754
-64.0412
-49.2772
-37.3799
-27.7954
-20.0692
-13.8148
-8.70845
-4.50401
-1.02644
1.86999
4.31321
6.39001
8.15646
9.66371
10.9597
12.079
13.0463
13.8817
14.6016
15.2215
15.7558
16.2121
16.601
16.9324
17.2089
17.4361
17.6181
17.7599
17.8652
17.9375
17.979
17.9926
17.9803
17.9445
17.8869
17.8085
17.7104
17.5943
17.4618
17.3143
17.1521
16.9754
16.7851
16.5824
16.3685
16.1439
15.9087
15.663
15.4075
15.1427
14.8691
14.5873
14.2974
13.9994
13.6934
13.3798
13.0589
12.7307
12.3958
12.0535
11.7045
11.3488
10.9865
10.6176
10.2426
9.86094
9.47338
9.07963
8.67999
8.27432
7.86295
7.44584
7.0232
6.59503
6.16154
5.72266
5.27878
4.82985
4.37641
3.91838
3.4568
2.99097
2.52541
2.05314
1.59468
1.11176
0.690364
0.143275
-310.014
-311.622
-310.914
-303.872
-287.218
-261.198
-229.052
-194.665
-161.386
-131.32
-105.162
-83.044
-64.8
-49.9657
-37.9798
-28.3172
-20.5159
-14.1826
-9.00845
-4.75986
-1.24732
1.68774
4.16449
6.25899
8.03442
9.55471
10.8675
11.9996
12.9711
13.807
14.532
15.16
15.7001
16.1585
16.5468
16.8787
17.1588
17.3895
17.573
17.7145
17.8198
17.8932
17.9366
17.9513
17.9391
17.903
17.8453
17.767
17.6687
17.5524
17.4199
17.2723
17.1099
16.9333
16.7428
16.5401
16.3261
16.1016
15.8663
15.6205
15.3646
15.0995
14.8255
14.5433
14.253
13.9544
13.648
13.3339
13.0126
12.684
12.3488
12.0062
11.6569
11.301
10.9387
10.5699
10.1949
9.8134
9.42603
9.0326
8.63331
8.22817
7.81736
7.4009
6.97886
6.55138
6.11855
5.68035
5.23709
4.78878
4.33592
3.87845
3.41751
2.95239
2.48773
2.01694
1.55962
1.08117
0.660167
0.138638
-309.856
-311.036
-309.717
-302.257
-285.628
-259.948
-228.241
-194.297
-161.366
-131.532
-105.531
-83.4783
-65.2232
-50.3506
-38.3251
-28.6178
-20.766
-14.3917
-9.18981
-4.91832
-1.37944
1.57949
4.06785
6.16813
7.95133
9.48002
10.7985
11.9332
12.9064
13.7454
14.4743
15.1056
15.6472
16.1064
16.4962
16.8302
17.1127
17.3446
17.5287
17.6708
17.7772
17.8523
17.8971
17.9124
17.9004
17.8649
17.8081
17.7307
17.6334
17.5178
17.3859
17.2388
17.0769
16.9007
16.7107
16.5084
16.2947
16.0704
15.8354
15.5897
15.3341
15.0692
14.7958
14.5141
14.2242
13.9262
13.6204
13.307
12.9864
12.6586
12.3245
11.9825
11.6337
11.2782
10.9165
10.5482
10.1737
9.79263
9.40552
9.01232
8.61316
8.20796
7.79711
7.38056
6.9585
6.53094
6.0981
5.65985
5.21659
4.76824
4.31539
3.85803
3.39723
2.93223
2.46756
1.99755
1.53979
1.06572
0.639696
0.148961
-309.799
-310.776
-309.167
-301.515
-284.923
-259.447
-228.001
-194.311
-161.573
-131.867
-105.939
-83.9008
-65.6283
-50.7252
-38.6595
-28.9095
-21.0221
-14.6209
-9.39529
-5.09982
-1.53881
1.44068
3.9417
6.05369
7.8462
9.37952
10.7012
11.8402
12.818
13.6596
14.3899
15.0228
15.5668
16.0285
16.42
16.7551
17.0387
17.2719
17.4574
17.6007
17.708
17.784
17.8297
17.8459
17.8347
17.7999
17.7438
17.667
17.5703
17.4552
17.3238
17.1771
17.0157
16.84
16.6506
16.4487
16.2356
16.0117
15.7772
15.5319
15.2767
15.0122
14.7392
14.4578
14.1682
13.8703
13.5646
13.2512
12.9307
12.6029
12.2685
11.9275
11.579
11.2237
10.8621
10.494
10.1196
9.73883
9.35191
8.95898
8.56018
8.15557
7.74498
7.32866
6.90678
6.47935
6.04659
5.60841
5.16519
4.71684
4.26408
3.80673
3.34615
2.88155
2.41691
1.94789
1.48891
1.02009
0.591355
0.112922
-314.073
-315.342
-316.519
-316.763
-316.246
-314.976
-313.67
-313.762
-333.208
-334.724
-335.67
-336.006
-335.684
-334.97
-334.106
-333.757
-348.321
-351.157
-352.673
-353.239
-353.129
-352.819
-352.512
-352.172
-346.898
-350.263
-352.116
-352.862
-352.689
-352.174
-351.695
-351.058
-325.752
-328.651
-330.387
-330.946
-330.605
-329.869
-329.084
-328.157
-289.994
-292.05
-293.342
-293.795
-293.469
-292.521
-291.108
-289.508
-244.963
-246.036
-246.886
-247.287
-247.029
-246.001
-244.216
-242.158
-198.427
-198.459
-198.713
-198.927
-198.649
-197.568
-195.617
-193.373
-156.296
-155.6
-155.338
-155.242
-154.839
-153.722
-151.767
-149.56
-120.781
-119.66
-119.114
-118.843
-118.353
-117.25
-115.402
-113.359
-92.214
-90.9876
-90.341
-89.9476
-89.387
-88.3436
-86.6702
-84.8447
-69.898
-68.7439
-68.1049
-67.6391
-67.0374
-66.0772
-64.603
-63.0191
-52.6491
-51.6385
-51.05
-50.5841
-50.003
-49.1381
-47.859
-46.4967
-39.3538
-38.5186
-38.0168
-37.5879
-37.0541
-36.2945
-35.2058
-34.0518
-29.071
-28.3915
-27.9482
-27.5504
-27.0762
-26.4217
-25.5014
-24.5256
-21.0216
-20.4807
-20.0756
-19.6945
-19.2771
-18.7175
-17.9388
-17.0967
-14.5951
-14.1691
-13.8168
-13.4733
-13.108
-12.6278
-11.9662
-11.2085
-9.38371
-9.051
-8.75759
-8.46271
-8.14526
-7.73249
-7.16991
-6.49123
-5.13052
-4.86765
-4.62261
-4.36989
-4.09357
-3.7359
-3.25375
-2.66563
-1.62641
-1.41445
-1.20688
-0.989877
-0.74853
-0.435558
-0.0164936
0.493712
1.31969
1.49434
1.6723
1.85534
2.06415
2.33854
2.70582
3.15225
3.82911
3.97437
4.12802
4.28381
4.4654
4.70707
5.03116
5.42511
5.96459
6.08604
6.21893
6.35606
6.51851
6.7349
7.0239
7.37465
7.77814
7.88408
8.00138
8.12466
8.2722
8.46805
8.72786
9.04258
9.33144
9.4255
9.53063
9.64249
9.77744
9.95596
10.1911
10.4757
10.6835
10.7708
10.8618
10.9617
11.085
11.2484
11.4626
11.7217
11.8609
11.947
12.0291
12.1191
12.2316
12.3812
12.5769
12.8139
12.8814
12.9609
13.037
13.1214
13.2267
13.3655
13.5457
13.7637
13.7631
13.8359
13.9067
13.986
14.085
14.2144
14.3808
14.5822
14.5256
14.5922
14.6581
14.7326
14.8257
14.9468
15.1012
15.2881
15.1882
15.2495
15.3106
15.3808
15.4687
15.5824
15.7262
15.9004
15.7631
15.8193
15.877
15.9438
16.0273
16.1345
16.269
16.4319
16.2635
16.3145
16.3684
16.4316
16.5108
16.6119
16.7377
16.8905
16.6916
16.7386
16.7892
16.8491
16.9243
17.0199
17.1379
17.2816
17.0497
17.0945
17.1432
17.2007
17.2727
17.3636
17.4748
17.6103
17.3495
17.3925
17.4394
17.4949
17.5641
17.6507
17.7557
17.884
17.5996
17.6408
17.686
17.7395
17.8059
17.8887
17.9882
18.1099
17.805
17.8447
17.8884
17.9401
18.0041
18.0834
18.1777
18.2936
17.9699
18.0084
18.0507
18.1007
18.1625
18.2385
18.3282
18.4386
18.0967
18.1341
18.1752
18.2238
18.2835
18.3565
18.4418
18.5473
18.1885
18.2246
18.2646
18.3117
18.3695
18.4397
18.5211
18.6221
18.2481
18.2831
18.3219
18.3677
18.4238
18.4914
18.5692
18.666
18.2782
18.3122
18.35
18.3947
18.4491
18.5145
18.589
18.682
18.2821
18.3152
18.3521
18.3957
18.4487
18.5119
18.5833
18.673
18.2621
18.2944
18.3305
18.373
18.4246
18.4858
18.5544
18.6409
18.2187
18.2504
18.2859
18.3276
18.3779
18.4372
18.5031
18.5867
18.153
18.1842
18.219
18.2599
18.3091
18.3667
18.4302
18.511
18.0668
18.0974
18.1317
18.1719
18.2199
18.2759
18.3372
18.4155
17.9623
17.9925
18.0262
18.0657
18.1127
18.1672
18.2263
18.3023
17.842
17.8717
17.9048
17.9435
17.9895
18.0426
18.0997
18.1736
17.7062
17.7354
17.768
17.806
17.851
17.9027
17.958
18.0299
17.5545
17.5834
17.6156
17.653
17.6972
17.7477
17.8012
17.8712
17.3877
17.4162
17.4481
17.485
17.5285
17.5778
17.6297
17.698
17.2071
17.2354
17.2669
17.3033
17.346
17.3942
17.4446
17.5112
17.0138
17.0418
17.073
17.1089
17.1509
17.1981
17.2471
17.3122
16.8092
16.8369
16.8678
16.9033
16.9445
16.9908
17.0384
17.1021
16.5941
16.6214
16.6518
16.6868
16.7274
16.7727
16.819
16.8814
16.3682
16.3952
16.4253
16.4599
16.4998
16.5442
16.5893
16.6504
16.1315
16.1583
16.1881
16.2223
16.2616
16.3052
16.3491
16.4091
15.8846
15.9112
15.9408
15.9746
16.0134
16.0561
16.099
16.1578
15.6281
15.6545
15.6838
15.7172
15.7555
15.7976
15.8394
15.8972
15.3629
15.3891
15.4182
15.4512
15.489
15.5303
15.5711
15.628
15.0896
15.1155
15.1442
15.1769
15.2141
15.2547
15.2946
15.3506
14.808
14.8337
14.8621
14.8944
14.9311
14.971
15.01
15.0651
14.5177
14.5432
14.5714
14.6034
14.6396
14.6789
14.7171
14.7714
14.2191
14.2445
14.2725
14.3042
14.34
14.3787
14.4161
14.4696
13.9126
13.9378
13.9656
13.997
14.0324
14.0706
14.1072
14.1601
13.5986
13.6237
13.6514
13.6825
13.7175
13.7551
13.791
13.8432
13.2773
13.3023
13.3297
13.3606
13.3952
13.4324
13.4676
13.5191
12.949
12.9738
13.0011
13.0317
13.0659
13.1026
13.1371
13.1881
12.6135
12.6382
12.6653
12.6957
12.7296
12.7658
12.7998
12.8502
12.2711
12.2957
12.3227
12.3527
12.3863
12.4221
12.4554
12.5053
11.9217
11.9462
11.973
12.0029
12.0362
12.0716
12.1044
12.1538
11.5656
11.59
11.6167
11.6464
11.6794
11.7143
11.7466
11.7955
11.2028
11.2272
11.2538
11.2833
11.316
11.3506
11.3824
11.4309
10.8338
10.858
10.8845
10.9138
10.9462
10.9804
11.0117
11.0597
10.4582
10.4824
10.5088
10.538
10.5702
10.6041
10.635
10.6826
10.0765
10.1007
10.1269
10.1559
10.1878
10.2214
10.2518
10.299
9.6885
9.71262
9.73884
9.7677
9.7994
9.83266
9.86264
9.90952
9.29448
9.31854
9.34466
9.37334
9.40478
9.4377
9.46724
9.51375
8.89437
8.91842
8.94448
8.97305
9.00429
9.03695
9.06612
9.11231
8.48858
8.51259
8.53856
8.56696
8.59796
8.6303
8.65907
8.70491
8.0769
8.10091
8.12683
8.15512
8.18594
8.21806
8.24651
8.29208
7.65967
7.68366
7.70951
7.73768
7.76829
7.80014
7.8283
7.87364
7.23666
7.26065
7.28646
7.31453
7.34497
7.37663
7.40488
7.45067
6.80811
6.83206
6.85779
6.88574
6.91596
6.9473
6.97536
7.02126
6.37397
6.39787
6.42353
6.45134
6.48139
6.51249
6.54027
6.58593
5.93446
5.9583
5.98387
6.01154
6.0414
6.07227
6.09976
6.14518
5.48965
5.51341
5.53885
5.56635
5.59599
5.6266
5.65378
5.69886
5.0397
5.06336
5.08869
5.11604
5.14549
5.1759
5.20283
5.2477
4.58465
4.60815
4.63328
4.66038
4.68952
4.71961
4.74614
4.79059
4.12475
4.14809
4.17304
4.19995
4.22889
4.25878
4.28512
4.32948
3.65962
3.68259
3.70718
3.73371
3.76224
3.79175
3.81767
3.86162
3.1901
3.21274
3.23699
3.26317
3.29133
3.32048
3.34608
3.38979
2.71388
2.73544
2.75874
2.78411
2.8116
2.84029
2.86558
2.90917
2.23571
2.25684
2.27964
2.30441
2.33123
2.35923
2.38389
2.4268
1.74346
1.7611
1.78102
1.80358
1.82889
1.85613
1.8807
1.92463
1.26278
1.28122
1.3012
1.32309
1.34702
1.37226
1.39483
1.43515
0.739319
0.746888
0.757979
0.773173
0.79287
0.815951
0.834897
0.883317
0.302161
0.320218
0.336605
0.351737
0.366658
0.383729
0.400921
0.376902
)
;

boundaryField
{
    frontAndBack
    {
        type            empty;
    }
    inlet
    {
        type            zeroGradient;
    }
    outlet
    {
        type            fixedValue;
        value           uniform 0;
    }
    walls
    {
        type            zeroGradient;
    }
}


// ************************************************************************* //
