/*--------------------------------*- C++ -*----------------------------------*\
| =========                 |                                                 |
| \\      /  F ield         | OpenFOAM: The Open Source CFD Toolbox           |
|  \\    /   O peration     | Version:  v2012                                 |
|   \\  /    A nd           | Website:  www.openfoam.com                      |
|    \\/     M anipulation  |                                                 |
\*---------------------------------------------------------------------------*/
FoamFile
{
    version     2.0;
    format      ascii;
    class       volScalarField;
    location    "0.097";
    object      p;
}
// * * * * * * * * * * * * * * * * * * * * * * * * * * * * * * * * * * * * * //

dimensions      [0 2 -2 0 0 0 0];


internalField   nonuniform List<scalar> 
5600
(
-13.3227
-14.2886
-15.2419
-16.2331
-17.2916
-18.3924
-19.4969
-20.5656
-21.5845
-22.5454
-23.4587
-24.3184
-25.12
-25.8782
-26.5922
-27.2815
-27.947
-28.5951
-29.2401
-29.8717
-30.5108
-31.142
-31.7714
-32.4014
-33.0192
-33.6432
-34.2551
-34.8691
-35.4826
-36.0888
-36.6993
-37.3019
-37.9166
-38.5193
-39.1279
-39.7351
-40.3368
-40.9411
-41.5388
-42.1433
-42.7371
-43.336
-43.9317
-44.5245
-45.1205
-45.7058
-46.2969
-46.8811
-47.4686
-48.0539
-48.6346
-49.217
-49.7936
-50.3736
-50.9495
-51.5263
-52.1007
-52.6737
-53.2447
-53.8157
-54.3832
-54.9515
-55.5164
-56.0814
-56.6442
-57.2024
-57.7618
-58.3177
-58.8766
-59.4333
-59.9906
-60.548
-61.0992
-61.6518
-62.2008
-62.7499
-63.2987
-63.8469
-64.3961
-64.9427
-65.4875
-66.0326
-66.5733
-67.1167
-67.6565
-68.197
-68.7386
-69.278
-69.8179
-70.3578
-70.8969
-71.4358
-71.972
-72.509
-73.0476
-73.5842
-74.1301
-74.692
-75.254
-76.0849
-13.4213
-14.3124
-15.2596
-16.2461
-17.3016
-18.4017
-19.506
-20.5742
-21.5941
-22.5556
-23.4681
-24.327
-25.1286
-25.8874
-26.6024
-27.2933
-27.9602
-28.6099
-29.2561
-29.8882
-30.5283
-31.1602
-31.7899
-32.4206
-33.0383
-33.6627
-34.2746
-34.889
-35.5028
-36.109
-36.7197
-37.3225
-37.9374
-38.5404
-39.1492
-39.7566
-40.3581
-40.963
-41.5603
-42.1652
-42.759
-43.358
-43.9539
-44.5465
-45.1427
-45.7279
-46.3191
-46.9033
-47.4907
-48.0763
-48.6567
-49.2394
-49.8159
-50.396
-50.9719
-51.5487
-52.1232
-52.6961
-53.2671
-53.8381
-54.4054
-54.9738
-55.5387
-56.1035
-56.6666
-57.2244
-57.7841
-58.3398
-58.8989
-59.4556
-60.0127
-60.5704
-61.1213
-61.674
-62.2231
-62.7719
-63.3212
-63.869
-64.4183
-64.965
-65.5096
-66.055
-66.5954
-67.1388
-67.6789
-68.219
-68.7608
-69.3004
-69.8398
-70.3807
-70.9184
-71.4585
-71.9936
-72.5324
-73.0678
-73.6103
-74.1455
-74.7235
-75.2636
-76.0866
-13.5029
-14.3334
-15.2877
-16.2745
-17.3239
-18.4183
-19.5177
-20.5828
-21.5986
-22.5589
-23.47
-24.3275
-25.1293
-25.8878
-26.6029
-27.2944
-27.9615
-28.612
-29.2574
-29.891
-30.5311
-31.1634
-31.7934
-32.4239
-33.0429
-33.6677
-34.2802
-34.895
-35.5091
-36.1159
-36.7269
-37.3298
-37.9447
-38.5477
-39.1563
-39.764
-40.3652
-40.9703
-41.5676
-42.1725
-42.7663
-43.365
-43.9614
-44.5536
-45.1501
-45.7351
-46.3263
-46.9107
-47.4979
-48.0837
-48.6639
-49.2467
-49.8231
-50.4032
-50.9792
-51.5558
-52.1305
-52.7034
-53.2745
-53.8456
-54.4132
-54.9817
-55.5468
-56.1117
-56.675
-57.233
-57.7928
-58.3485
-58.9075
-59.4642
-60.0214
-60.5792
-61.1301
-61.683
-62.2323
-62.7809
-63.3305
-63.8781
-64.4276
-64.9744
-65.5188
-66.0644
-66.6049
-67.1481
-67.6885
-68.2283
-68.7703
-69.3099
-69.8492
-70.3902
-70.9281
-71.4678
-72.0035
-72.5417
-73.0776
-73.6197
-74.1554
-74.7343
-75.2773
-76.0661
-13.594
-14.3636
-15.3162
-16.3015
-17.3435
-18.4325
-19.5292
-20.5942
-21.6078
-22.5691
-23.4814
-24.3398
-25.1432
-25.9029
-26.6195
-27.3106
-27.9783
-28.6295
-29.2736
-29.9076
-30.5454
-31.1767
-31.8057
-32.4342
-33.0541
-33.6776
-34.2906
-34.9056
-35.52
-36.1284
-36.7396
-37.3436
-37.9584
-38.5623
-39.1711
-39.7789
-40.3803
-40.9853
-41.5829
-42.1877
-42.782
-43.3804
-43.9773
-44.5695
-45.1662
-45.7515
-46.3428
-46.9276
-47.5146
-48.1008
-48.681
-49.264
-49.8406
-50.4207
-50.9969
-51.5736
-52.1486
-52.7213
-53.2924
-53.8635
-54.4308
-54.9993
-55.5644
-56.1289
-56.6922
-57.2498
-57.8099
-58.3654
-58.9245
-59.4814
-60.0383
-60.5962
-61.1469
-61.6996
-62.2492
-62.7972
-63.3474
-63.8949
-64.4442
-64.9913
-65.5353
-66.081
-66.6218
-67.1644
-67.7056
-68.2449
-68.7871
-69.3267
-69.866
-70.4068
-70.9451
-71.4838
-72.021
-72.5576
-73.0949
-73.6353
-74.1729
-74.7474
-75.2976
-76.0311
-13.6863
-14.3945
-15.3419
-16.3287
-17.3648
-18.4489
-19.5433
-20.6066
-21.6194
-22.5808
-23.4929
-24.3511
-25.1548
-25.9149
-26.6329
-27.3236
-27.992
-28.6449
-29.2889
-29.9244
-30.5618
-31.1937
-31.8237
-32.451
-33.0724
-33.6941
-34.3076
-34.9216
-35.5349
-36.1438
-36.7528
-37.3581
-37.9703
-38.5747
-39.1837
-39.7913
-40.3935
-40.9983
-41.597
-42.2011
-42.7966
-43.3943
-43.9918
-44.5843
-45.1809
-45.7668
-46.3574
-46.943
-47.5295
-48.1159
-48.696
-49.2789
-49.8558
-50.4356
-51.0122
-51.5883
-52.1636
-52.7362
-53.3073
-53.8785
-54.4458
-55.0144
-55.5795
-56.1443
-56.7079
-57.2654
-57.8258
-58.3814
-58.9403
-59.4976
-60.0542
-60.6124
-61.1632
-61.7157
-62.2658
-62.8134
-63.3641
-63.9115
-64.4606
-65.008
-65.552
-66.0974
-66.6388
-67.1808
-67.7227
-68.2618
-68.8039
-69.3437
-69.8828
-70.4236
-70.9622
-71.5003
-72.0382
-72.5744
-73.1117
-73.652
-74.1893
-74.7602
-75.3083
-76.0062
-13.7773
-14.4273
-15.3682
-16.3585
-17.3891
-18.4675
-19.5592
-20.6208
-21.633
-22.5942
-23.5058
-24.3643
-25.1688
-25.9297
-26.6488
-27.3404
-28.0097
-28.6635
-29.3076
-29.9439
-30.5808
-31.2127
-31.8432
-32.4695
-33.0917
-33.7121
-34.327
-34.9408
-35.5537
-36.1641
-36.7713
-37.3793
-37.9888
-38.5942
-39.2026
-39.8094
-40.4123
-41.015
-41.6155
-42.2169
-42.8135
-43.41
-44.007
-44.6002
-45.1958
-45.7835
-46.3731
-46.9594
-47.5456
-48.132
-48.7127
-49.2952
-49.873
-50.4523
-51.0297
-51.6054
-52.181
-52.7538
-53.3247
-53.8961
-54.4634
-55.0318
-55.5973
-56.1617
-56.7255
-57.2827
-57.8432
-58.3993
-58.9577
-59.5156
-60.0717
-60.6299
-61.1812
-61.7332
-62.2837
-62.8311
-63.3821
-63.9299
-64.4785
-65.0262
-65.5702
-66.1151
-66.6572
-67.1986
-67.741
-68.2802
-68.8219
-69.3622
-69.9012
-70.4417
-70.9808
-71.5184
-72.0566
-72.593
-73.1294
-73.6702
-74.2069
-74.7728
-75.3197
-75.9847
-13.8636
-14.4623
-15.3954
-16.3898
-17.4152
-18.488
-19.5773
-20.6376
-21.649
-22.6101
-23.5214
-24.3801
-25.1855
-25.9467
-26.6669
-27.3593
-28.0291
-28.6833
-29.3277
-29.9646
-30.6012
-31.2334
-31.8638
-32.4898
-33.1125
-33.7325
-34.348
-34.9617
-35.5742
-36.1853
-36.7919
-37.4011
-38.0091
-38.6159
-39.2235
-39.83
-40.4339
-41.0352
-41.6388
-42.2368
-42.8348
-43.4321
-44.0276
-44.6221
-45.2141
-45.8041
-46.3926
-46.9797
-47.5657
-48.151
-48.7324
-49.3133
-49.8924
-50.4708
-51.0485
-51.6237
-52.1991
-52.7724
-53.3433
-53.9148
-54.4826
-55.0506
-55.6166
-56.1805
-56.7444
-57.3019
-57.8621
-58.4193
-58.9769
-59.5355
-60.0914
-60.6491
-61.2014
-61.7522
-62.3031
-62.8506
-63.4013
-63.95
-64.4977
-65.0457
-65.59
-66.1341
-66.6772
-67.218
-67.7605
-68.3005
-68.8412
-69.3824
-69.9211
-70.4613
-71.0011
-71.538
-72.0764
-72.6133
-73.1487
-73.6897
-74.2258
-74.7858
-75.3299
-75.9654
-13.9415
-14.499
-15.4237
-16.422
-17.443
-18.5109
-19.598
-20.6574
-21.668
-22.6291
-23.5403
-24.3989
-25.2051
-25.9666
-26.6878
-27.3806
-28.0511
-28.7057
-29.3504
-29.988
-30.6242
-31.2568
-31.8869
-32.513
-33.1357
-33.7556
-34.3713
-34.9851
-35.5974
-36.2084
-36.8154
-37.4245
-38.0321
-38.6396
-39.2467
-39.8531
-40.4573
-41.0583
-41.6623
-42.2595
-42.8582
-43.4557
-44.0501
-44.6466
-45.2362
-45.828
-46.4158
-47.0032
-47.5893
-48.1738
-48.7565
-49.336
-49.916
-50.4942
-51.0721
-51.647
-52.2216
-52.7949
-53.366
-53.9367
-54.5053
-55.0722
-55.6387
-56.2022
-56.7648
-57.3234
-57.8824
-58.441
-58.9978
-59.5564
-60.1132
-60.669
-61.2226
-61.7729
-62.3241
-62.8724
-63.4225
-63.9724
-64.5192
-65.0672
-65.6122
-66.1554
-66.6993
-67.24
-67.7822
-68.3232
-68.863
-69.4046
-69.9436
-70.483
-71.0235
-71.56
-72.0982
-72.6354
-73.1702
-73.7105
-74.246
-74.8004
-75.3383
-75.9459
-14.0074
-14.5357
-15.4534
-16.4547
-17.4725
-18.5364
-19.622
-20.6806
-21.6906
-22.6516
-23.5627
-24.4214
-25.2282
-25.9897
-26.7118
-27.405
-28.0759
-28.7308
-29.3758
-30.0139
-30.6498
-31.2826
-31.9125
-32.5387
-33.1614
-33.7812
-34.3971
-35.0109
-35.6231
-36.2339
-36.8416
-37.4502
-38.058
-38.6656
-39.2726
-39.8787
-40.483
-41.0844
-41.6877
-42.2856
-42.8841
-43.4814
-44.0762
-44.6724
-45.262
-45.8539
-46.4415
-47.0289
-47.615
-48.1994
-48.7822
-49.3618
-49.942
-50.5202
-51.0975
-51.6728
-52.2475
-52.8207
-53.3925
-53.9623
-54.5315
-55.0977
-55.6644
-56.2282
-56.7898
-57.3504
-57.9078
-58.4674
-59.0235
-59.5808
-60.1392
-60.693
-61.2476
-61.7979
-62.3482
-62.898
-63.4468
-63.9974
-64.5437
-65.0907
-65.6368
-66.179
-66.7232
-67.2638
-67.805
-68.3473
-68.8863
-69.4282
-69.9678
-70.5067
-71.0476
-71.5841
-72.1221
-72.6596
-73.1937
-73.7334
-74.2678
-74.8164
-75.3455
-75.9215
-14.0566
-14.5703
-15.4843
-16.4874
-17.5032
-18.5649
-19.6497
-20.7079
-21.7176
-22.6785
-23.5895
-24.4482
-25.2553
-26.0169
-26.7395
-27.4329
-28.1041
-28.7591
-29.4042
-30.0428
-30.6784
-31.3114
-31.9411
-32.5674
-33.1902
-33.8098
-34.4259
-35.0397
-35.6519
-36.2624
-36.8707
-37.4789
-38.0868
-38.6944
-39.3015
-39.9074
-40.5116
-41.1135
-41.716
-42.3147
-42.9127
-43.5101
-44.1054
-44.7005
-45.2911
-45.8823
-46.4704
-47.0577
-47.6438
-48.2281
-48.8109
-49.3909
-49.9709
-50.5489
-51.1261
-51.7017
-52.2762
-52.8494
-53.4211
-53.9908
-54.56
-55.126
-55.6928
-56.2567
-56.8183
-57.3795
-57.9366
-58.4962
-59.0521
-59.6091
-60.1678
-60.7214
-61.2765
-61.8269
-62.3768
-62.9273
-63.4753
-64.0263
-64.5723
-65.1185
-65.6657
-66.2072
-66.7519
-67.2925
-67.8331
-68.3759
-68.9143
-69.4562
-69.9959
-70.5342
-71.0755
-71.6117
-72.1496
-72.6872
-73.2209
-73.7589
-74.2919
-74.8328
-75.3527
-75.8927
-14.0815
-14.5986
-15.5148
-16.5177
-17.5332
-18.5952
-19.6801
-20.7384
-21.7481
-22.7091
-23.6201
-24.4786
-25.2859
-26.0472
-26.7699
-27.4632
-28.1344
-28.7894
-29.4344
-30.0732
-30.7088
-31.3418
-31.9714
-32.5978
-33.2206
-33.84
-34.4563
-35.07
-35.6822
-36.2925
-36.9012
-37.5093
-38.117
-38.7249
-39.3318
-39.9376
-40.5417
-41.144
-41.746
-42.3451
-42.9431
-43.5404
-44.136
-44.7303
-45.3217
-45.9125
-46.5009
-47.0882
-47.674
-48.2583
-48.8411
-49.4215
-50.0013
-50.5791
-51.1564
-51.732
-52.3064
-52.8798
-53.4511
-54.0214
-54.5901
-55.1563
-55.7231
-56.2869
-56.8488
-57.4097
-57.9675
-58.5265
-59.0826
-59.6395
-60.1976
-60.7519
-61.3065
-61.8573
-62.4075
-62.9574
-63.5058
-64.0564
-64.6024
-65.1489
-65.6958
-66.2378
-66.7823
-67.323
-67.8639
-68.406
-68.9448
-69.4863
-70.0258
-70.5648
-71.1053
-71.6422
-72.1797
-72.717
-73.2514
-73.7871
-74.3185
-74.8516
-75.3624
-75.8691
-14.0794
-14.6181
-15.5419
-16.5426
-17.5597
-18.6242
-19.7104
-20.7692
-21.7793
-22.7403
-23.6513
-24.5097
-25.3168
-26.0777
-26.8
-27.4931
-28.1639
-28.8187
-29.4635
-30.1025
-30.7379
-31.371
-32.0005
-32.6268
-33.2498
-33.869
-34.4853
-35.099
-35.7112
-36.3214
-36.9302
-37.5383
-38.1458
-38.7541
-39.3608
-39.9666
-40.5706
-41.1732
-41.7749
-42.3741
-42.9722
-43.5694
-44.1653
-44.7591
-45.3508
-45.9415
-46.5298
-47.1172
-47.7029
-48.2873
-48.8699
-49.4506
-50.0304
-50.608
-51.1855
-51.761
-52.3355
-52.9091
-53.4801
-54.0507
-54.6191
-55.1855
-55.752
-56.3159
-56.8781
-57.4386
-57.9973
-58.5553
-59.1118
-59.6684
-60.2258
-60.781
-61.3348
-61.8867
-62.4365
-62.9863
-63.5352
-64.0849
-64.6317
-65.1779
-65.7246
-66.2676
-66.8114
-67.3529
-67.8938
-68.4354
-68.9751
-69.5159
-70.0559
-70.5951
-71.1348
-71.6725
-72.2096
-72.7468
-73.2818
-73.816
-74.3458
-74.8724
-75.3749
-75.8559
-14.0557
-14.6305
-15.5648
-16.5619
-17.5819
-18.6507
-19.7387
-20.7984
-21.809
-22.7703
-23.6814
-24.5396
-25.3463
-26.1066
-26.8282
-27.5209
-28.1912
-28.8455
-29.49
-30.129
-30.7643
-31.3974
-32.0269
-32.6533
-33.2763
-33.8954
-34.5118
-35.1253
-35.7376
-36.3475
-36.9565
-37.5646
-38.1718
-38.7806
-39.3871
-39.9929
-40.5968
-41.1995
-41.8012
-42.4003
-42.9985
-43.5956
-44.1917
-44.7852
-45.3772
-45.968
-46.5562
-47.1436
-47.7293
-48.3138
-48.8962
-49.4772
-50.0567
-50.6344
-51.2116
-51.7872
-52.3617
-52.9349
-53.5064
-54.0767
-54.6453
-55.2117
-55.778
-56.3423
-56.9044
-57.4651
-58.0239
-58.5818
-59.1388
-59.6953
-60.2527
-60.8081
-61.3618
-61.9141
-62.4637
-63.0141
-63.5632
-64.1125
-64.6599
-65.206
-65.7528
-66.2964
-66.8398
-67.3818
-67.9226
-68.464
-69.004
-69.5445
-70.0847
-70.6237
-71.1628
-71.7006
-72.2375
-72.7748
-73.3093
-73.8425
-74.3707
-74.8925
-75.3883
-75.8504
-14.0153
-14.6387
-15.584
-16.5766
-17.6007
-18.6749
-19.7651
-20.826
-21.8372
-22.7988
-23.71
-24.5679
-25.3742
-26.1337
-26.8546
-27.5468
-28.2164
-28.8702
-29.5142
-30.1532
-30.7884
-31.4215
-32.0509
-32.6773
-33.3004
-33.9193
-34.5359
-35.1491
-35.7616
-36.3712
-36.9804
-37.5884
-38.1954
-38.8046
-39.4109
-40.0167
-40.6206
-41.2234
-41.8252
-42.4241
-43.0224
-43.6197
-44.2153
-44.8088
-45.4009
-45.9919
-46.5799
-47.1671
-47.7531
-48.3371
-48.9201
-49.5007
-50.0804
-50.6586
-51.2355
-51.8118
-52.3859
-52.9592
-53.5313
-54.1014
-54.6705
-55.2371
-55.8036
-56.3681
-56.9303
-57.4915
-58.0501
-58.6083
-59.1652
-59.7217
-60.2789
-60.8341
-61.3877
-61.9398
-62.4896
-63.0397
-63.5887
-64.1377
-64.6852
-65.2314
-65.7779
-66.3216
-66.865
-67.407
-67.9478
-68.489
-69.029
-69.5695
-70.1095
-70.6488
-71.1879
-71.7258
-72.2627
-72.7998
-73.3342
-73.8667
-74.3936
-74.9117
-75.4024
-75.8509
-13.9626
-14.6442
-15.5998
-16.5877
-17.6169
-18.6968
-19.7898
-20.8521
-21.864
-22.8259
-23.7372
-24.5947
-25.4004
-26.159
-26.8789
-27.5705
-28.2393
-28.8926
-29.5361
-30.1751
-30.8102
-31.4433
-32.0727
-32.6991
-33.3223
-33.9409
-34.5575
-35.1706
-35.7831
-36.3928
-37.0018
-37.6099
-38.2167
-38.8262
-39.4323
-40.0378
-40.6422
-41.2442
-41.8466
-42.4452
-43.0437
-43.6413
-44.2366
-44.831
-45.4227
-46.0142
-46.6023
-47.1899
-47.7764
-48.3603
-48.9442
-49.5246
-50.1048
-50.6832
-51.2599
-51.8365
-52.4101
-52.9834
-53.5551
-54.1251
-54.6942
-55.2605
-55.8271
-56.3913
-56.9536
-57.5147
-58.0733
-58.6314
-59.1882
-59.7448
-60.3017
-60.857
-61.4107
-61.9628
-62.5129
-63.0627
-63.6117
-64.1607
-64.7081
-65.2544
-65.8007
-66.3446
-66.8877
-67.4297
-67.9706
-68.5118
-69.0518
-69.5922
-70.1322
-70.6714
-71.2106
-71.7484
-72.2853
-72.8222
-73.3565
-73.8886
-74.4145
-74.9296
-75.4166
-75.8554
-13.9023
-14.6481
-15.6121
-16.5961
-17.6308
-18.7164
-19.8124
-20.8764
-21.8892
-22.8515
-23.763
-24.6203
-25.4252
-26.183
-26.9016
-27.5924
-28.2603
-28.913
-29.556
-30.1949
-30.8299
-31.4631
-32.0925
-32.719
-33.3425
-33.9605
-34.5771
-35.1899
-35.802
-36.4119
-37.0205
-37.629
-38.2359
-38.8458
-39.452
-40.0576
-40.663
-41.265
-41.8685
-42.4672
-43.0662
-43.6643
-44.2595
-44.8544
-45.4453
-46.0369
-46.6245
-47.2121
-47.7984
-48.382
-48.966
-49.5461
-50.1264
-50.7045
-51.2811
-51.8577
-52.4311
-53.0046
-53.5761
-54.1462
-54.7152
-55.2816
-55.8481
-56.4121
-56.9746
-57.5356
-58.0942
-58.6523
-59.209
-59.7657
-60.3223
-60.8776
-61.4312
-61.9833
-62.5336
-63.0832
-63.6323
-64.1811
-64.7287
-65.275
-65.8213
-66.3655
-66.9088
-67.4503
-67.9911
-68.5322
-69.0722
-69.6125
-70.1525
-70.6916
-71.2307
-71.7685
-72.3054
-72.8422
-73.3763
-73.9081
-74.4336
-74.9467
-75.4305
-75.8628
-13.8377
-14.6505
-15.6211
-16.6034
-17.6444
-18.7345
-19.833
-20.8984
-21.9119
-22.8742
-23.7862
-24.643
-25.4478
-26.2042
-26.9229
-27.6129
-28.2796
-28.9315
-29.5737
-30.2123
-30.847
-31.4798
-32.1091
-32.7356
-33.3595
-33.9777
-34.5954
-35.2087
-35.8212
-36.4322
-37.0412
-37.6509
-38.2579
-38.8681
-39.474
-40.0791
-40.6844
-41.2859
-41.8894
-42.4877
-43.0866
-43.6845
-44.2793
-44.8742
-45.4646
-46.0562
-46.6438
-47.2313
-47.8176
-48.4011
-48.9851
-49.565
-50.1454
-50.7234
-51.3
-51.8765
-52.4499
-53.0234
-53.5947
-54.1649
-54.7337
-55.3001
-55.8665
-56.4304
-56.993
-57.5538
-58.1124
-58.6704
-59.227
-59.7837
-60.3401
-60.8954
-61.4489
-62.0008
-62.551
-63.1005
-63.6494
-64.1982
-64.7456
-65.2918
-65.8378
-66.3815
-66.9249
-67.4668
-68.0077
-68.5487
-69.0889
-69.6291
-70.1691
-70.7083
-71.2474
-71.7852
-72.3221
-72.8589
-73.393
-73.9244
-74.4494
-74.9616
-75.4438
-75.8722
-13.7711
-14.6506
-15.6239
-16.6072
-17.6574
-18.7532
-19.8541
-20.9213
-21.9352
-22.8969
-23.8085
-24.6641
-25.4681
-26.2228
-26.9414
-27.6303
-28.2965
-28.9485
-29.591
-30.2304
-30.8662
-31.5004
-32.1313
-32.7584
-33.3827
-34.001
-34.6189
-35.2317
-35.8429
-36.4531
-37.0614
-37.6709
-38.2774
-38.8873
-39.493
-40.0981
-40.7033
-41.3047
-41.9082
-42.5064
-43.1053
-43.7031
-44.2979
-44.8926
-45.4828
-46.0743
-46.6618
-47.2494
-47.8355
-48.4191
-49.003
-49.5829
-50.1632
-50.7412
-51.3179
-51.8943
-52.4678
-53.0412
-53.6125
-54.1828
-54.7515
-55.3181
-55.8844
-56.4484
-57.011
-57.5718
-58.1306
-58.6886
-59.2452
-59.8019
-60.3583
-60.9137
-61.4672
-62.0193
-62.5696
-63.1193
-63.6683
-64.217
-64.7646
-65.3109
-65.8571
-66.4012
-66.9444
-67.4862
-68.0269
-68.5679
-69.108
-69.6482
-70.1882
-70.7273
-71.2664
-71.8042
-72.3409
-72.8776
-73.4116
-73.9431
-74.4679
-74.9786
-75.4578
-75.8834
-13.7119
-14.6567
-15.6229
-16.602
-17.658
-18.7589
-19.8651
-20.9373
-21.9525
-22.9159
-23.829
-24.6851
-25.4889
-26.2435
-26.9614
-27.6496
-28.3152
-28.9669
-29.609
-30.2482
-30.8837
-31.5178
-32.1485
-32.7748
-33.3979
-34.0155
-34.6327
-35.245
-35.8557
-36.4655
-37.0736
-37.6829
-38.2893
-38.8991
-39.5048
-40.1096
-40.7148
-41.3161
-41.9194
-42.5175
-43.1163
-43.714
-44.3087
-44.9033
-45.4935
-46.085
-46.6724
-47.2598
-47.8459
-48.4294
-49.0132
-49.5931
-50.1733
-50.7513
-51.3278
-51.9042
-52.4776
-53.051
-53.6222
-54.1924
-54.761
-55.3275
-55.8938
-56.4576
-57.0202
-57.5809
-58.1395
-58.6974
-59.254
-59.8106
-60.367
-60.9223
-61.4757
-62.0277
-62.5779
-63.1274
-63.6763
-64.225
-64.7725
-65.3187
-65.8647
-66.4087
-66.9519
-67.4937
-68.0345
-68.5754
-69.1156
-69.6557
-70.1957
-70.7349
-71.2739
-71.8117
-72.3485
-72.8852
-73.4192
-73.9505
-74.4752
-74.9868
-75.4663
-75.8919
-13.6359
-14.6632
-15.6429
-16.6298
-17.6896
-18.7904
-19.8974
-20.9705
-21.9836
-22.9478
-23.8624
-24.7193
-25.5232
-26.2775
-26.9943
-27.6814
-28.3457
-28.9961
-29.6368
-30.275
-30.9095
-31.5429
-32.1731
-32.7993
-33.4225
-34.0398
-34.6569
-35.2691
-35.8797
-36.4893
-37.0972
-37.7063
-38.3125
-38.9221
-39.5278
-40.1325
-40.7375
-41.3388
-41.942
-42.5402
-43.1389
-43.7366
-44.3313
-44.9258
-45.5161
-46.1075
-46.695
-47.2824
-47.8684
-48.452
-49.0357
-49.6156
-50.1957
-50.7737
-51.3503
-51.9266
-52.5001
-53.0734
-53.6447
-54.2149
-54.7835
-55.35
-55.9163
-56.4801
-57.0427
-57.6034
-58.162
-58.7199
-59.2766
-59.8332
-60.3896
-60.9449
-61.4983
-62.0503
-62.6005
-63.15
-63.699
-64.2476
-64.7952
-65.3414
-65.8874
-66.4314
-66.9746
-67.5164
-68.0571
-68.5981
-69.1382
-69.6784
-70.2184
-70.7575
-71.2965
-71.8343
-72.3711
-72.9077
-73.4417
-73.9731
-74.4977
-75.0089
-75.4875
-75.9123
-75.982
-77.6571
-80.2817
-80.7401
-78.4536
-74.0595
-68.1691
-61.3972
-54.4588
-47.704
-41.4626
-35.8232
-30.8512
-26.56
-22.9031
-19.7762
-17.1153
-14.8764
-12.9811
-11.3083
-9.7974
-8.36471
-6.97589
-5.62293
-4.32509
-3.13258
-2.06326
-1.16933
-0.485486
0.0256171
0.391338
0.634255
0.803902
0.927339
1.01535
1.06281
1.05155
0.930828
0.74149
0.57101
0.381749
0.358447
0.605208
1.26635
2.05346
2.44604
2.50925
2.45797
2.43505
2.43925
2.48889
2.53062
2.61271
2.72251
2.81564
2.88938
2.9095
2.86285
2.79576
2.73509
2.69334
2.69742
2.73464
2.79286
2.85636
2.91566
2.95723
2.97493
2.96985
2.945
2.90393
2.85099
2.78906
2.71913
2.64282
2.5611
2.47516
2.38543
2.29147
2.19022
2.08463
1.97808
1.87138
1.76186
1.65669
1.55603
1.45877
1.36001
1.25685
1.15464
1.05244
0.949145
0.845231
0.740532
0.6347
0.528188
0.418909
0.30659
0.187466
0.0685722
-76.1083
-77.2431
-79.8192
-80.3401
-78.1132
-73.8001
-67.9976
-61.3024
-54.4252
-47.7139
-41.5053
-35.8819
-30.9177
-26.6296
-22.9695
-19.836
-17.1655
-14.915
-13.0143
-11.3329
-9.81173
-8.3749
-6.98579
-5.63718
-4.3452
-3.16042
-2.10252
-1.21756
-0.535626
-0.0263189
0.340146
0.591366
0.767851
0.892719
0.98262
1.02745
0.997623
0.840674
0.615384
0.42152
0.20844
0.169841
0.427791
1.15224
2.02479
2.46712
2.56521
2.52099
2.49976
2.48792
2.52145
2.55086
2.61897
2.71595
2.7981
2.86147
2.87423
2.82379
2.75678
2.69784
2.66521
2.67337
2.71392
2.77545
2.84112
2.90144
2.94324
2.96057
2.95532
2.9306
2.89
2.83748
2.7758
2.70605
2.62978
2.54803
2.46212
2.37235
2.27787
2.17675
2.07104
1.96483
1.85827
1.74901
1.64417
1.54342
1.44598
1.34751
1.24438
1.14218
1.0401
0.936784
0.832916
0.728374
0.622889
0.51689
0.408566
0.297798
0.18159
0.0654183
-76.0697
-77.2143
-79.4972
-79.9332
-77.7334
-73.4899
-67.7778
-61.1698
-54.3662
-47.7142
-41.5464
-35.9472
-30.9983
-26.7152
-23.0507
-19.9083
-17.227
-14.9617
-13.0511
-11.3636
-9.82684
-8.38386
-6.99343
-5.65013
-4.3659
-3.19064
-2.14708
-1.27556
-0.597408
-0.0912643
0.277246
0.539609
0.726529
0.854147
0.94639
0.988005
0.938288
0.739913
0.471441
0.253496
0.0132878
-0.0452383
0.227247
1.01989
1.99601
2.49495
2.63497
2.59813
2.57948
2.54819
2.56125
2.57592
2.6281
2.71038
2.77881
2.82947
2.83356
2.7794
2.71243
2.6563
2.6338
2.64661
2.69111
2.75671
2.82479
2.88633
2.92817
2.94502
2.93954
2.91495
2.87475
2.82266
2.76126
2.6917
2.61545
2.53365
2.44776
2.358
2.26294
2.16173
2.05604
1.94997
1.84378
1.73502
1.63072
1.5298
1.43156
1.3332
1.23066
1.12847
1.02637
0.923104
0.819295
0.714922
0.609822
0.504378
0.397139
0.288108
0.175129
0.0619983
-76.1563
-77.2061
-79.2157
-79.5551
-77.3448
-73.1523
-67.5244
-61.0154
-54.2912
-47.7078
-41.5864
-36.0185
-31.0894
-26.8127
-23.144
-19.9913
-17.2996
-15.0201
-13.0936
-11.3943
-9.83887
-8.38837
-6.99483
-5.65795
-4.3851
-3.22393
-2.19875
-1.34336
-0.671349
-0.168899
0.205183
0.482084
0.678369
0.8129
0.909551
0.946287
0.872369
0.629474
0.311103
0.0684952
-0.20109
-0.285506
0.010735
0.856919
1.96542
2.53273
2.72034
2.69438
2.67687
2.62248
2.60985
2.60585
2.6407
2.70706
2.75769
2.79302
2.78583
2.72928
2.66233
2.61038
2.59867
2.617
2.66624
2.7366
2.80756
2.87053
2.91214
2.9283
2.92251
2.89795
2.85809
2.80639
2.74528
2.67592
2.59969
2.51784
2.43194
2.34218
2.24667
2.1451
2.03944
1.93342
1.82754
1.71967
1.61605
1.51509
1.41622
1.31666
1.21522
1.11344
1.0111
0.907914
0.80421
0.700029
0.595358
0.490518
0.384504
0.277419
0.168011
0.0582829
-76.2116
-77.1612
-78.923
-79.1635
-76.9569
-72.8124
-67.2591
-60.8546
-54.2136
-47.7052
-41.6365
-36.1041
-31.1947
-26.9248
-23.2528
-20.0889
-17.3849
-15.0899
-13.1402
-11.4227
-9.84554
-8.38643
-6.98908
-5.66055
-4.40397
-3.26061
-2.26044
-1.42289
-0.758766
-0.256846
0.123541
0.419592
0.629796
0.774309
0.871291
0.89975
0.800839
0.511354
0.137305
-0.130899
-0.427788
-0.542063
-0.204307
0.668783
1.91586
2.58326
2.82518
2.81653
2.79442
2.71358
2.66887
2.64133
2.657
2.70663
2.73552
2.75173
2.73028
2.67218
2.60638
2.55991
2.55972
2.58459
2.63952
2.71492
2.78992
2.85427
2.89532
2.91045
2.90419
2.87951
2.83987
2.78852
2.7277
2.65856
2.58236
2.50043
2.41449
2.32471
2.22889
2.12698
2.02123
1.91509
1.80916
1.70267
1.59979
1.49885
1.3993
1.2984
1.19816
1.09684
0.994208
0.891086
0.787507
0.683539
0.579344
0.475158
0.370528
0.265613
0.160148
0.0542278
-76.2508
-77.102
-78.6067
-78.7314
-76.5341
-72.4426
-66.9842
-60.6959
-54.145
-47.7168
-41.7052
-36.2136
-31.3262
-27.0637
-23.3869
-20.2091
-17.4874
-15.1708
-13.1902
-11.4472
-9.8499
-8.37534
-6.97605
-5.65814
-4.42398
-3.2961
-2.32699
-1.51519
-0.85729
-0.34925
0.0410608
0.352368
0.577899
0.734216
0.832006
0.847536
0.723995
0.388382
-0.042084
-0.345054
-0.659307
-0.803457
-0.414217
0.497374
1.82878
2.63748
2.95372
2.97294
2.93387
2.82392
2.73984
2.683
2.67664
2.70752
2.71575
2.70591
2.66738
2.60672
2.54504
2.50533
2.51681
2.54977
2.61146
2.69321
2.77239
2.83791
2.87798
2.89158
2.88458
2.85956
2.81995
2.76887
2.70833
2.63945
2.56328
2.48124
2.39524
2.3054
2.20933
2.10717
2.00135
1.89499
1.78872
1.68351
1.58155
1.4807
1.38
1.27895
1.17949
1.07829
0.97562
0.872546
0.769064
0.66531
0.56162
0.458123
0.355044
0.252544
0.151433
0.0497699
-76.2728
-77.0236
-78.2652
-78.2592
-76.0683
-72.0336
-66.6788
-60.5148
-54.0727
-47.7384
-41.7933
-36.3519
-31.4932
-27.2394
-23.5538
-20.3571
-17.6115
-15.2652
-13.2438
-11.466
-9.84704
-8.35117
-6.951
-5.64393
-4.42688
-3.32269
-2.38502
-1.60441
-0.96512
-0.453407
-0.0440781
0.282642
0.52048
0.687968
0.787121
0.786484
0.639302
0.265166
-0.216616
-0.568763
-0.89523
-1.05865
-0.629998
0.362601
1.73537
2.68703
3.10315
3.17096
3.09645
2.95472
2.82387
2.73175
2.69996
2.70641
2.7022
2.65784
2.59752
2.53332
2.47878
2.44775
2.47015
2.51329
2.58271
2.67162
2.75529
2.82184
2.86023
2.8717
2.86359
2.83793
2.79818
2.74728
2.68701
2.61838
2.54222
2.46003
2.37394
2.28407
2.18775
2.08541
1.97952
1.87303
1.76644
1.6617
1.56123
1.46012
1.35887
1.258
1.15865
1.05762
0.955096
0.852036
0.748668
0.645172
0.542033
0.439253
0.337866
0.23804
0.14174
0.0448216
-76.2768
-76.9223
-77.9012
-77.7523
-75.5658
-71.594
-66.3469
-60.3118
-53.987
-47.7528
-41.882
-36.4994
-31.6764
-27.436
-23.739
-20.522
-17.7486
-15.366
-13.2948
-11.4711
-9.82123
-8.30078
-6.89424
-5.59574
-4.40609
-3.35005
-2.44825
-1.69304
-1.0746
-0.563731
-0.138289
0.204398
0.456402
0.635208
0.73372
0.7169
0.547028
0.145591
-0.380471
-0.787863
-1.12906
-1.29564
-0.856111
0.246095
1.66696
2.75005
3.27773
3.40671
3.28657
3.10564
2.92115
2.78889
2.72975
2.7114
2.68565
2.60525
2.52235
2.45601
2.40872
2.38859
2.42056
2.47559
2.55446
2.65096
2.73911
2.80644
2.84228
2.85091
2.8412
2.81459
2.77446
2.72355
2.66351
2.59513
2.51898
2.43656
2.35033
2.26043
2.16389
2.0614
1.95549
1.84895
1.74231
1.6374
1.53834
1.43708
1.33577
1.23484
1.13551
1.0348
0.932333
0.829255
0.72601
0.622829
0.520339
0.418389
0.318789
0.221879
0.130912
0.0392457
-76.2663
-76.8032
-77.5199
-77.2139
-75.0271
-71.1241
-65.9896
-60.0876
-53.8782
-47.7424
-41.9479
-36.6287
-31.8462
-27.622
-23.9225
-20.6904
-17.8887
-15.4653
-13.3405
-11.468
-9.78436
-8.23973
-6.82363
-5.53446
-4.38215
-3.37551
-2.51598
-1.79246
-1.1891
-0.675023
-0.235321
0.121722
0.387968
0.574626
0.670069
0.642314
0.451508
0.0284301
-0.532679
-0.990647
-1.33892
-1.49358
-1.06126
0.136703
1.61479
2.84253
3.48434
3.66899
3.50497
3.27539
3.03064
2.85483
2.77076
2.72615
2.65839
2.54765
2.44543
2.37842
2.3368
2.33004
2.37119
2.43576
2.52689
2.63199
2.72382
2.79143
2.82449
2.82952
2.81737
2.78947
2.74878
2.69779
2.63784
2.5695
2.49314
2.41043
2.32415
2.23424
2.13751
2.03492
1.92902
1.82249
1.71602
1.61107
1.51221
1.41162
1.31024
1.20919
1.10988
1.00952
0.907089
0.80399
0.700859
0.598001
0.496232
0.395332
0.297593
0.203803
0.118774
0.0328477
-76.2443
-76.67
-77.1264
-76.6474
-74.4493
-70.6153
-65.5932
-59.8297
-53.7536
-47.7297
-42.0213
-36.7672
-32.0245
-27.8142
-24.1146
-20.866
-18.0327
-15.563
-13.3834
-11.462
-9.74314
-8.17779
-6.7585
-5.48705
-4.36965
-3.40525
-2.58302
-1.88774
-1.29741
-0.782325
-0.332276
0.0364879
0.313104
0.503472
0.5957
0.560049
0.348938
-0.0911593
-0.671724
-1.17006
-1.50736
-1.63351
-1.19571
0.0438201
1.58644
2.94812
3.71517
3.94289
3.74209
3.45924
3.15092
2.93256
2.8229
2.73442
2.62423
2.49054
2.37314
2.3025
2.26653
2.27333
2.32629
2.39756
2.49778
2.61387
2.70925
2.77573
2.80642
2.80818
2.79273
2.76276
2.72111
2.66964
2.60935
2.54097
2.46496
2.3818
2.29524
2.20519
2.10835
2.00558
1.89973
1.79331
1.68715
1.58257
1.48267
1.38321
1.28203
1.18088
1.08154
0.981444
0.879077
0.775951
0.672929
0.570392
0.469358
0.36972
0.274026
0.183474
0.105097
0.0253012
-76.2154
-76.5369
-76.7628
-76.1183
-73.9032
-70.1357
-65.2198
-59.5866
-53.6433
-47.7265
-42.0997
-36.9063
-32.1991
-28.0011
-24.2946
-21.0266
-18.1621
-15.6481
-13.4209
-11.4569
-9.70589
-8.12221
-6.70078
-5.44558
-4.36029
-3.43557
-2.64853
-1.97746
-1.39708
-0.880598
-0.42414
-0.0468457
0.235945
0.426445
0.513404
0.464575
0.236709
-0.210938
-0.794414
-1.31304
-1.6235
-1.70583
-1.23945
0.00353233
1.60285
3.04578
3.93042
4.19208
3.97322
3.63744
3.27065
3.01472
2.86705
2.7317
2.59215
2.43904
2.31046
2.23494
2.20659
2.22572
2.29052
2.3712
2.47527
2.59249
2.6922
2.75873
2.78631
2.78633
2.76853
2.73633
2.69317
2.64091
2.58036
2.51168
2.43538
2.35136
2.26432
2.17434
2.07776
1.97506
1.86907
1.76281
1.65709
1.55318
1.45155
1.35308
1.25238
1.15124
1.05186
0.951848
0.849578
0.746449
0.643541
0.541311
0.440904
0.342578
0.249115
0.161644
0.0903955
0.0165657
-76.1879
-76.426
-76.4766
-75.6982
-73.4663
-69.7543
-64.9264
-59.3972
-53.5531
-47.7178
-42.1546
-37.0098
-32.3322
-28.1452
-24.4341
-21.1526
-18.2637
-15.7145
-13.4511
-11.4556
-9.68136
-8.08529
-6.66299
-5.41988
-4.35844
-3.46331
-2.70416
-2.05101
-1.47781
-0.96192
-0.503793
-0.12261
0.16215
0.348539
0.425411
0.363118
0.128578
-0.312957
-0.890121
-1.41208
-1.69262
-1.73031
-1.2261
0.0211001
1.6534
3.13034
4.08308
4.38141
4.16054
3.78148
3.37133
3.08132
2.89219
2.72434
2.56306
2.39656
2.26086
2.18495
2.16445
2.19318
2.2645
2.34977
2.45802
2.57262
2.67536
2.74232
2.76729
2.76491
2.74464
2.71078
2.66664
2.6139
2.55321
2.48434
2.40798
2.32423
2.23625
2.14534
2.04859
1.94613
1.84013
1.73389
1.62856
1.52459
1.42246
1.32431
1.22401
1.12302
1.02357
0.923531
0.821317
0.718252
0.615419
0.513546
0.413558
0.316509
0.225096
0.140251
0.0759352
0.00720555
-76.1666
-76.3436
-76.2695
-75.3913
-73.1429
-69.4701
-64.705
-59.25
-53.4785
-47.7063
-42.1936
-37.0872
-32.4339
-28.2562
-24.5426
-21.2511
-18.3435
-15.7678
-13.4785
-11.4606
-9.66966
-8.06509
-6.64275
-5.40879
-4.3649
-3.49173
-2.75392
-2.11297
-1.54352
-1.02954
-0.571916
-0.190045
0.0937484
0.273281
0.339903
0.273248
0.0401942
-0.393858
-0.962382
-1.4798
-1.73453
-1.73254
-1.19516
0.065374
1.71134
3.1955
4.17827
4.51355
4.29621
3.88518
3.44595
3.12813
2.90404
2.71262
2.53437
2.36079
2.22358
2.15093
2.13522
2.16962
2.24199
2.32929
2.44133
2.55743
2.66003
2.72546
2.74909
2.74464
2.72228
2.68722
2.64236
2.58928
2.52836
2.45949
2.38314
2.30038
2.21232
2.12052
2.02353
1.9207
1.81485
1.70865
1.60307
1.49864
1.39678
1.29837
1.19812
1.09728
0.997648
0.897572
0.795492
0.692607
0.589811
0.488248
0.388561
0.292637
0.202937
0.120106
0.0619506
-0.00258503
-76.153
-76.2858
-76.1238
-75.1725
-72.9104
-69.2659
-64.5468
-59.1462
-53.4287
-47.7043
-42.2293
-37.1511
-32.5159
-28.3451
-24.6297
-21.3307
-18.4085
-15.8134
-13.5059
-11.4722
-9.66956
-8.0595
-6.63771
-5.4106
-4.37954
-3.52313
-2.79979
-2.1662
-1.59869
-1.08724
-0.63109
-0.250193
0.0300193
0.204446
0.267721
0.201043
-0.0307187
-0.460642
-1.02075
-1.52907
-1.76508
-1.72528
-1.15808
0.118691
1.76871
3.25186
4.25306
4.61301
4.39332
3.95733
3.49951
3.15975
2.90533
2.69575
2.50461
2.32822
2.19342
2.12475
2.11214
2.15094
2.22046
2.31262
2.42631
2.54202
2.64328
2.70785
2.7305
2.72483
2.70144
2.66587
2.62082
2.56774
2.50682
2.43796
2.36145
2.27828
2.18981
2.09774
2.00101
1.89795
1.79191
1.6856
1.57967
1.47529
1.37337
1.27459
1.17435
1.07362
0.973772
0.87367
0.771741
0.669053
0.566474
0.465158
0.365885
0.270689
0.182418
0.100957
0.0481162
-0.012963
-76.1465
-76.2478
-76.0242
-75.0209
-72.7492
-69.1259
-64.4412
-59.0807
-53.4029
-47.7138
-42.2667
-37.2088
-32.5862
-28.4196
-24.7026
-21.3974
-18.4637
-15.8545
-13.5343
-11.4894
-9.67879
-8.06542
-6.6445
-5.42241
-4.40089
-3.55696
-2.84246
-2.2124
-1.64649
-1.1374
-0.683355
-0.303788
-0.0250726
0.147909
0.211338
0.143937
-0.0895048
-0.517083
-1.06973
-1.56747
-1.7904
-1.71549
-1.11807
0.17749
1.83505
3.32104
4.33058
4.69541
4.4654
4.00705
3.54076
3.17598
2.89713
2.67403
2.47407
2.2971
2.16605
2.10124
2.09227
2.13516
2.20066
2.29769
2.41174
2.52703
2.62712
2.6908
2.7127
2.70638
2.6825
2.64662
2.60147
2.54832
2.48736
2.4184
2.34176
2.2584
2.16979
2.0773
1.98018
1.87705
1.77089
1.66436
1.55835
1.45391
1.35189
1.25308
1.15302
1.05247
0.952689
0.85263
0.750925
0.648105
0.545546
0.444261
0.345459
0.250584
0.163454
0.0827532
0.0344502
-0.0236941
-76.146
-76.2257
-75.96
-74.9213
-72.6437
-69.0369
-64.3774
-59.0461
-53.3969
-47.7331
-42.3061
-37.2625
-32.6481
-28.4837
-24.7648
-21.4544
-18.512
-15.8926
-13.5637
-11.5113
-9.6956
-8.08078
-6.66128
-5.44302
-4.42898
-3.59304
-2.88327
-2.25518
-1.69001
-1.18167
-0.728835
-0.349666
-0.0700335
0.103723
0.167362
0.0984656
-0.138
-0.565018
-1.11209
-1.59988
-1.8125
-1.70581
-1.077
0.242127
1.9153
3.40713
4.41425
4.76941
4.52239
4.04041
3.57364
3.17801
2.88096
2.64825
2.44366
2.26767
2.14058
2.07924
2.07441
2.11895
2.18421
2.28438
2.39869
2.51373
2.61263
2.67516
2.6965
2.68966
2.66543
2.62933
2.58404
2.53068
2.46951
2.40029
2.32341
2.23977
2.15093
2.05815
1.96082
1.8576
1.75134
1.64473
1.53872
1.43428
1.33226
1.2333
1.13321
1.03246
0.932382
0.832185
0.730598
0.628408
0.526161
0.424961
0.326615
0.23201
0.145817
0.0654877
0.0208631
-0.0344761
-76.1502
-76.2159
-75.9227
-74.8611
-72.5809
-68.9866
-64.3455
-59.0346
-53.405
-47.7588
-42.3459
-37.3118
-32.7026
-28.5393
-24.8187
-21.5039
-18.5548
-15.9284
-13.5936
-11.5366
-9.71837
-8.10386
-6.68657
-5.47147
-4.4626
-3.63088
-2.9228
-2.29577
-1.73035
-1.22114
-0.767621
-0.387314
-0.106079
0.0692337
0.13322
0.0624485
-0.177753
-0.605605
-1.14924
-1.62843
-1.83186
-1.69619
-1.03441
0.314209
2.00871
3.50783
4.50561
4.84008
4.5681
4.06004
3.59571
3.1708
2.85923
2.62035
2.41446
2.24103
2.11761
2.05921
2.059
2.10231
2.17112
2.27278
2.38717
2.50169
2.59941
2.6608
2.68165
2.67438
2.64997
2.61388
2.5687
2.51537
2.45423
2.385
2.30807
2.2243
2.13533
2.04239
1.94497
1.84183
1.7356
1.62894
1.52295
1.41857
1.31664
1.21781
1.11797
1.01743
0.917898
0.817571
0.715349
0.612647
0.510299
0.408979
0.310599
0.215998
0.130141
0.0497488
0.00748737
-0.0453066
-76.1582
-76.2152
-75.9054
-74.8306
-72.5506
-68.966
-64.3377
-59.0406
-53.4239
-47.7892
-42.3856
-37.357
-32.7504
-28.5874
-24.8648
-21.5462
-18.5921
-15.9609
-13.6227
-11.5633
-9.74453
-8.13158
-6.71674
-5.50396
-4.49751
-3.66725
-2.95922
-2.33193
-1.76528
-1.25419
-0.798648
-0.416415
-0.134432
0.0421007
0.104965
0.0339214
-0.209366
-0.638973
-1.18075
-1.65272
-1.84775
-1.68588
-0.990407
0.392337
2.11254
3.61934
4.60016
4.90346
4.60021
4.06868
3.60549
3.15681
2.83481
2.59368
2.38869
2.21841
2.09798
2.04167
2.04279
2.08613
2.15939
2.26196
2.3763
2.4901
2.58662
2.64677
2.66671
2.65852
2.63333
2.59649
2.55064
2.49693
2.4355
2.36603
2.28894
2.2051
2.1161
2.02312
1.92559
1.82234
1.71603
1.60935
1.50335
1.39891
1.29691
1.19777
1.0978
0.997069
0.897262
0.797194
0.695574
0.593306
0.491204
0.390179
0.292129
0.197833
0.112865
0.0326354
-0.00620708
-0.0642998
-76.1658
-76.2193
-75.9022
-74.8231
-72.5468
-68.9709
-64.3524
-59.0647
-53.4558
-47.828
-42.4291
-37.402
-32.7951
-28.6304
-24.9047
-21.5821
-18.6239
-15.9898
-13.6503
-11.5907
-9.77338
-8.16273
-6.74996
-5.53832
-4.53182
-3.70068
-2.99118
-2.36184
-1.79243
-1.27806
-0.818961
-0.432584
-0.14684
0.0281147
0.0919651
0.0189606
-0.230817
-0.664127
-1.20548
-1.67085
-1.85908
-1.67609
-0.950026
0.466115
2.21145
3.72287
4.68045
4.94853
4.6147
4.07353
3.59943
3.13781
2.81074
2.57087
2.36884
2.20194
2.08469
2.03119
2.04062
2.07895
2.15339
2.25609
2.37023
2.48354
2.57941
2.63922
2.65936
2.65125
2.62627
2.58971
2.5442
2.49054
2.42916
2.35972
2.28261
2.19873
2.10967
2.01661
1.91905
1.81583
1.70954
1.60284
1.49686
1.39243
1.29049
1.19146
1.09153
0.990869
0.891098
0.790743
0.68884
0.586242
0.483989
0.382879
0.284621
0.190161
0.104863
0.0242304
-0.015835
-0.0473013
-76.186
-76.2386
-75.92
-74.8423
-72.5719
-69.0039
-64.3926
-59.1109
-53.5059
-47.8809
-42.483
-37.4542
-32.8448
-28.677
-24.9477
-21.6215
-18.6604
-16.0252
-13.6861
-11.6278
-9.81258
-8.20393
-6.7925
-5.58103
-4.57311
-3.7397
-3.02748
-2.39493
-1.82218
-1.3047
-0.843342
-0.456777
-0.170171
0.00566795
0.067458
-0.0090473
-0.260207
-0.695214
-1.2356
-1.69544
-1.87772
-1.67631
-0.928633
0.512613
2.27487
3.78485
4.72099
4.96245
4.60176
4.05596
3.57276
3.10785
2.77922
2.54187
2.34235
2.1775
2.06215
2.01023
2.01579
2.05814
2.13387
2.23709
2.35129
2.46419
2.55943
2.61861
2.63772
2.62937
2.60403
2.5672
2.52142
2.4677
2.40625
2.33675
2.25961
2.17571
2.08664
1.99355
1.89595
1.79269
1.68638
1.57966
1.47369
1.36925
1.26732
1.16821
1.06826
0.967554
0.867726
0.76746
0.665601
0.563184
0.46094
0.359895
0.261749
0.167328
0.0823101
0.00172835
-0.0367068
-0.120098
-76.925
-77.0825
-77.2972
-77.3529
-77.3537
-77.3167
-77.2486
-77.1616
-77.0698
-76.981
-76.9001
-76.832
-76.7783
-76.7439
-76.7468
-76.7872
-79.4862
-79.5601
-79.6526
-79.7639
-79.7884
-79.746
-79.6765
-79.5987
-79.5221
-79.4535
-79.3973
-79.3568
-79.3349
-79.3295
-79.331
-79.334
-81.0701
-81.4447
-81.8373
-82.0222
-82.0685
-82.0408
-81.9761
-81.9035
-81.8383
-81.7878
-81.7555
-81.7433
-81.752
-81.7786
-81.81
-81.8283
-81.301
-81.7421
-82.0052
-82.1619
-82.2449
-82.2494
-82.1996
-82.1302
-82.063
-82.0085
-81.971
-81.9512
-81.9486
-81.9609
-81.9781
-81.9822
-78.8924
-79.2077
-79.4163
-79.5886
-79.6849
-79.7063
-79.6785
-79.625
-79.5652
-79.5064
-79.452
-79.405
-79.368
-79.3422
-79.3248
-79.3014
-74.3749
-74.627
-74.8317
-74.9988
-75.0993
-75.1341
-75.1159
-75.0653
-75.002
-74.9343
-74.8657
-74.7981
-74.7333
-74.6742
-74.6238
-74.5755
-68.3724
-68.5603
-68.7271
-68.8657
-68.958
-68.9968
-68.9842
-68.938
-68.8751
-68.8006
-68.7159
-68.6218
-68.5201
-68.4165
-68.3224
-68.2441
-61.509
-61.6416
-61.7645
-61.868
-61.9426
-61.9762
-61.9625
-61.9152
-61.8485
-61.7659
-61.6674
-61.5534
-61.4258
-61.2919
-61.1696
-61.0759
-54.4982
-54.5669
-54.6408
-54.7103
-54.7673
-54.7929
-54.774
-54.7228
-54.6525
-54.5642
-54.4567
-54.3297
-54.1848
-54.0302
-53.8881
-53.7837
-47.6909
-47.7017
-47.7306
-47.7697
-47.8076
-47.8181
-47.7886
-47.7322
-47.6583
-47.5661
-47.4535
-47.3199
-47.1671
-47.0037
-46.8532
-46.7432
-41.4099
-41.379
-41.377
-41.3948
-41.4169
-41.4139
-41.3758
-41.3155
-41.2394
-41.1454
-41.0312
-40.8961
-40.7419
-40.577
-40.425
-40.314
-35.7493
-35.6902
-35.6648
-35.6656
-35.6736
-35.6581
-35.6124
-35.5495
-35.4726
-35.3791
-35.2665
-35.1343
-34.9842
-34.8246
-34.6774
-34.5694
-30.7683
-30.6974
-30.6622
-30.6547
-30.6519
-30.6256
-30.5753
-30.5124
-30.4373
-30.3466
-30.2383
-30.1122
-29.9701
-29.8196
-29.6809
-29.5783
-26.4734
-26.3986
-26.3601
-26.3464
-26.3289
-26.2897
-26.2358
-26.1736
-26.1005
-26.0134
-25.9107
-25.7925
-25.6605
-25.5216
-25.3936
-25.2983
-22.8188
-22.7459
-22.7087
-22.6913
-22.6637
-22.6171
-22.5621
-22.5005
-22.4292
-22.3456
-22.2484
-22.138
-22.0161
-21.8892
-21.7731
-21.6864
-19.6995
-19.6341
-19.6006
-19.5804
-19.5476
-19.4993
-19.4451
-19.385
-19.3162
-19.2366
-19.1455
-19.0434
-18.932
-18.8175
-18.7135
-18.6353
-17.0508
-16.9965
-16.9671
-16.9407
-16.9009
-16.8521
-16.7999
-16.7423
-16.6769
-16.6022
-16.5178
-16.4243
-16.3235
-16.2208
-16.128
-16.0576
-14.825
-14.7812
-14.7535
-14.7193
-14.6727
-14.6222
-14.5696
-14.5125
-14.4489
-14.3778
-14.299
-14.2129
-14.1212
-14.0285
-13.9453
-13.8814
-12.9378
-12.9027
-12.8747
-12.836
-12.7857
-12.7325
-12.6776
-12.6192
-12.5557
-12.4865
-12.4113
-12.3304
-12.2452
-12.16
-12.0838
-12.0246
-11.2806
-11.2523
-11.2223
-11.1799
-11.1273
-11.0721
-11.0153
-10.9557
-10.892
-10.8238
-10.7507
-10.6729
-10.5918
-10.5112
-10.4394
-10.383
-9.77741
-9.74983
-9.71533
-9.66839
-9.61354
-9.55673
-9.49831
-9.43729
-9.37287
-9.30447
-9.23183
-9.15512
-9.07551
-8.99676
-8.9268
-8.87086
-8.34908
-8.32152
-8.28281
-8.23163
-8.1741
-8.11485
-8.0541
-7.9911
-7.92512
-7.85559
-7.78214
-7.70484
-7.62485
-7.54603
-7.47605
-7.41834
-6.96003
-6.92918
-6.88645
-6.83202
-6.77169
-6.70983
-6.64673
-6.5817
-6.51398
-6.44286
-6.36783
-6.2889
-6.20722
-6.12679
-6.05535
-5.99574
-5.60153
-5.56439
-5.51769
-5.46095
-5.39887
-5.33565
-5.27147
-5.20547
-5.13673
-5.0644
-4.98788
-4.90711
-4.82333
-4.74071
-4.66731
-4.60649
-4.29649
-4.25207
-4.20075
-4.14132
-4.07766
-4.01358
-3.94897
-3.88272
-3.81367
-3.7408
-3.6634
-3.58141
-3.49614
-3.41198
-3.33725
-3.27581
-3.09367
-3.03919
-2.98151
-2.91832
-2.85273
-2.78795
-2.72344
-2.65769
-2.58919
-2.51668
-2.43937
-2.35721
-2.27164
-2.18724
-2.11244
-2.05131
-2.01061
-1.9466
-1.88553
-1.82173
-1.75706
-1.6942
-1.63204
-1.5686
-1.50211
-1.43128
-1.35537
-1.27449
-1.19025
-1.10739
-1.03422
-0.974587
-1.10668
-1.03549
-0.97019
-0.903906
-0.838736
-0.77661
-0.715739
-0.65385
-0.589138
-0.520314
-0.446696
-0.368461
-0.287309
-0.207941
-0.138177
-0.0812628
-0.419557
-0.342167
-0.269453
-0.19728
-0.129086
-0.0656624
-0.00463705
0.0564719
0.119603
0.186133
0.256778
0.331362
0.408207
0.482808
0.548047
0.60153
0.0932344
0.172928
0.24883
0.322887
0.390627
0.452543
0.511577
0.570345
0.63079
0.694227
0.761269
0.831661
0.903708
0.973126
1.03354
1.08348
0.456338
0.533224
0.607767
0.678877
0.743081
0.802171
0.858953
0.915625
0.973807
1.03458
1.09839
1.16491
1.23247
1.29706
1.35302
1.39978
0.690967
0.763669
0.834665
0.900582
0.960812
1.01745
1.07256
1.12777
1.18439
1.2433
1.30483
1.36858
1.43292
1.49402
1.54677
1.5913
0.855705
0.924569
0.989845
1.04989
1.10578
1.1593
1.21205
1.2654
1.32045
1.37788
1.43785
1.49988
1.56228
1.62131
1.67216
1.71537
0.977294
1.04315
1.10488
1.16221
1.21638
1.26885
1.32098
1.37391
1.42857
1.48547
1.54471
1.60579
1.66708
1.72491
1.77473
1.81729
1.0628
1.12763
1.19002
1.24922
1.3058
1.36068
1.41482
1.4692
1.5247
1.58193
1.64115
1.70205
1.76313
1.82084
1.87079
1.91381
1.11348
1.18419
1.25285
1.318
1.37971
1.43879
1.49623
1.55314
1.61061
1.66951
1.73033
1.79293
1.85587
1.91543
1.96694
2.011
1.12694
1.22304
1.30865
1.38455
1.45311
1.51671
1.57743
1.63706
1.69706
1.75845
1.82174
1.88677
1.95191
2.01294
2.06451
2.10729
1.05743
1.21045
1.33846
1.44529
1.53685
1.61783
1.6916
1.76079
1.82738
1.8928
1.95786
2.02254
2.08517
2.14143
2.18651
2.22324
0.919553
1.13873
1.32411
1.47681
1.60392
1.71179
1.80514
1.88763
1.96221
2.03111
2.09576
2.15652
2.21176
2.25657
2.28503
2.31677
0.783296
1.04174
1.26193
1.44754
1.60134
1.7286
1.83521
1.92627
2.00576
2.0763
2.13886
2.19243
2.23539
2.27362
2.30266
2.31875
0.627416
0.916586
1.15354
1.34956
1.51523
1.65738
1.78012
1.88576
1.97743
2.0597
2.13689
2.207
2.26448
2.29896
2.31005
2.31288
0.625339
0.935114
1.18943
1.39798
1.57082
1.71622
1.84124
1.95135
2.04802
2.12878
2.18937
2.23073
2.25652
2.26687
2.26281
2.25711
0.856452
1.14354
1.38099
1.57717
1.73951
1.87369
1.9835
2.07137
2.13881
2.18684
2.21684
2.23122
2.23297
2.22461
2.20965
2.20109
1.42708
1.611
1.76569
1.89381
1.99785
2.08001
2.1421
2.18586
2.21319
2.22597
2.226
2.21608
2.20043
2.18371
2.16889
2.16522
2.09572
2.14592
2.19077
2.22777
2.25555
2.27323
2.28029
2.27708
2.26531
2.24808
2.22838
2.20804
2.18865
2.17309
2.16413
2.1689
2.41877
2.38789
2.36309
2.3401
2.31691
2.2939
2.27164
2.24991
2.22818
2.20603
2.18472
2.16637
2.15274
2.14441
2.14163
2.15187
2.43652
2.35877
2.30103
2.25771
2.22347
2.19404
2.16771
2.14451
2.12489
2.10897
2.09645
2.08738
2.0822
2.08085
2.08228
2.09594
2.37387
2.28188
2.21225
2.16018
2.12179
2.09381
2.07337
2.05841
2.0476
2.04019
2.03582
2.03451
2.03669
2.04228
2.0464
2.0657
2.35037
2.26183
2.1979
2.15259
2.12101
2.09954
2.08558
2.07733
2.0736
2.07364
2.07703
2.08348
2.09262
2.10188
2.10913
2.12752
2.37597
2.31103
2.26537
2.23445
2.21469
2.20335
2.19843
2.19829
2.20122
2.20481
2.20861
2.21436
2.22261
2.23407
2.24668
2.26715
2.44599
2.40199
2.37188
2.35221
2.33892
2.33078
2.32786
2.32952
2.33535
2.3461
2.36124
2.37849
2.39646
2.41424
2.43044
2.45266
2.50554
2.48511
2.47689
2.47621
2.48066
2.48964
2.50196
2.51669
2.53352
2.5524
2.57312
2.59522
2.61788
2.63941
2.65808
2.68134
2.6069
2.61084
2.6232
2.63882
2.65565
2.67438
2.69543
2.71812
2.7421
2.76721
2.79332
2.82006
2.8465
2.87068
2.89077
2.91445
2.73379
2.75535
2.7805
2.80641
2.83219
2.85859
2.88586
2.91362
2.94187
2.97064
2.99985
3.02913
3.05746
3.08274
3.10301
3.12648
2.84177
2.87773
2.91261
2.94621
2.97874
3.01065
3.04213
3.07336
3.10446
3.13555
3.16657
3.19708
3.226
3.25126
3.27093
3.29405
2.92912
2.9782
3.02166
3.06129
3.09813
3.13301
3.16655
3.19913
3.2309
3.26212
3.29276
3.32241
3.35007
3.37388
3.39206
3.41472
2.95951
3.02063
3.07347
3.1196
3.16064
3.1982
3.23338
3.2666
3.29816
3.32844
3.35751
3.38509
3.41043
3.43207
3.44811
3.46982
2.91842
2.98644
3.04499
3.09527
3.13937
3.1792
3.21582
3.24965
3.28116
3.31076
3.33856
3.36438
3.38777
3.40765
3.42155
3.44239
2.85119
2.91928
2.97842
3.02947
3.07412
3.11412
3.15048
3.18367
3.21416
3.24234
3.26836
3.29216
3.31354
3.33189
3.34389
3.36417
2.78866
2.85425
2.9108
2.95933
3.00164
3.03981
3.07447
3.10589
3.13453
3.16079
3.18485
3.20669
3.22629
3.24344
3.25406
3.27394
2.73484
2.79136
2.84638
2.89462
2.9354
2.97188
3.00442
3.03373
3.06048
3.08503
3.1075
3.1279
3.14625
3.16259
3.17249
3.19222
2.7324
2.77743
2.81948
2.86008
2.89786
2.93061
2.95995
2.98697
3.01197
3.03512
3.05643
3.07587
3.09347
3.1093
3.11914
3.13875
2.76509
2.80446
2.84085
2.87462
2.90592
2.93475
2.96165
2.98674
3.01015
3.03196
3.05218
3.07075
3.08769
3.10299
3.11296
3.13233
2.81895
2.85368
2.88694
2.91785
2.94618
2.97282
2.9978
3.02123
3.04322
3.06385
3.08309
3.10089
3.11724
3.13209
3.14211
3.16132
2.87936
2.9104
2.94058
2.96925
2.99576
3.02078
3.04432
3.06649
3.08741
3.10713
3.12561
3.14279
3.15868
3.1732
3.18315
3.20226
2.93716
2.96657
2.99349
3.01885
3.04397
3.06771
3.09005
3.11114
3.13109
3.14997
3.16775
3.18437
3.19983
3.21407
3.22382
3.24281
2.97811
3.006
3.03268
3.05803
3.08218
3.10485
3.12622
3.14644
3.16566
3.1839
3.20114
3.21728
3.23235
3.24632
3.25578
3.27462
2.99626
3.02449
3.05121
3.07646
3.10018
3.12254
3.14363
3.16354
3.1824
3.20027
3.21713
3.23288
3.24758
3.2613
3.27039
3.28909
2.9914
3.02038
3.04724
3.07213
3.09562
3.1178
3.13878
3.15867
3.17754
3.19533
3.21192
3.22732
3.24169
3.25522
3.26391
3.28249
2.96637
2.99465
3.02099
3.04582
3.06919
3.09123
3.11215
3.13206
3.15101
3.16884
3.18533
3.20049
3.21459
3.22802
3.23631
3.25481
2.92464
2.95233
2.97849
3.00308
3.02608
3.04788
3.0687
3.08855
3.10736
3.125
3.1413
3.15623
3.17005
3.18342
3.19132
3.20976
2.87096
2.89804
2.92401
2.94815
2.97082
2.99241
3.01306
3.03279
3.05143
3.06881
3.08486
3.09954
3.11311
3.12645
3.13399
3.15241
2.80859
2.83464
2.85988
2.88379
2.90644
2.92792
2.94845
2.96801
2.98644
3.00356
3.01935
3.03379
3.04709
3.06047
3.06766
3.08608
2.73849
2.7641
2.78881
2.81247
2.83515
2.85665
2.87703
2.89635
2.91451
2.93141
2.94699
2.96123
2.97429
2.98777
2.99464
3.01308
2.66215
2.68773
2.71216
2.73557
2.7581
2.7796
2.79987
2.81896
2.83688
2.85358
2.86897
2.88302
2.89579
2.90946
2.91591
2.93449
2.58039
2.60611
2.63051
2.65377
2.676
2.69726
2.71728
2.73611
2.75393
2.77045
2.78569
2.79963
2.81204
2.82601
2.83205
2.85068
2.49426
2.51983
2.54431
2.56743
2.5893
2.61007
2.62975
2.64851
2.66622
2.68256
2.69765
2.71163
2.72332
2.73804
2.74342
2.76229
2.40494
2.43089
2.45519
2.47804
2.4997
2.52016
2.53951
2.55803
2.57545
2.59151
2.6063
2.62088
2.63172
2.64688
2.65209
2.67099
2.31135
2.33705
2.36144
2.3844
2.40595
2.42625
2.44545
2.46374
2.48088
2.49669
2.51116
2.52482
2.53687
2.55133
2.55672
2.57555
2.21004
2.23621
2.26071
2.28357
2.30517
2.3254
2.34449
2.36268
2.37967
2.3953
2.40998
2.42374
2.43573
2.44985
2.45539
2.47416
2.1046
2.13021
2.15419
2.17703
2.19853
2.21871
2.23784
2.25601
2.27291
2.28876
2.30367
2.31725
2.32929
2.34335
2.34895
2.36769
1.99724
2.02252
2.04653
2.06906
2.09017
2.11013
2.1291
2.14708
2.16408
2.18002
2.19476
2.20826
2.2203
2.23441
2.24001
2.25877
1.89074
1.91638
1.94036
1.96265
1.98279
2.00251
2.02134
2.03911
2.05584
2.07159
2.08621
2.0997
2.1116
2.1259
2.13141
2.15022
1.78102
1.80706
1.83217
1.85577
1.8767
1.89573
1.91409
1.93182
1.94862
1.96416
1.97863
1.99213
2.00377
2.01855
2.02388
2.04275
1.67534
1.69961
1.72241
1.74425
1.76593
1.78673
1.80598
1.82392
1.84063
1.85615
1.8706
1.88425
1.89576
1.91068
1.91589
1.93496
1.57457
1.5988
1.62162
1.6429
1.66304
1.68259
1.70126
1.71886
1.7354
1.75086
1.7653
1.77917
1.79028
1.8052
1.81077
1.82972
1.47715
1.50148
1.52432
1.54567
1.56563
1.58479
1.60311
1.62031
1.6365
1.65165
1.66581
1.67934
1.69125
1.70536
1.71131
1.73009
1.37844
1.40273
1.4255
1.44689
1.46695
1.48613
1.50441
1.5215
1.53761
1.55274
1.56695
1.58035
1.59233
1.60625
1.61234
1.63103
1.27531
1.29952
1.32224
1.34363
1.36379
1.38308
1.4015
1.41874
1.43493
1.4501
1.46435
1.47776
1.48981
1.50374
1.50985
1.52858
1.17283
1.19666
1.21917
1.2404
1.26043
1.27956
1.29782
1.31497
1.33111
1.34629
1.36056
1.37399
1.3861
1.39998
1.40615
1.42485
1.07054
1.09438
1.11688
1.13807
1.15808
1.17712
1.19527
1.21229
1.22828
1.24332
1.25749
1.27084
1.28297
1.29675
1.30296
1.32165
0.967304
0.991208
1.01374
1.03497
1.055
1.07396
1.09201
1.10894
1.12489
1.13995
1.15414
1.16747
1.17958
1.19328
1.19954
1.2182
0.863323
0.887142
0.909597
0.93076
0.95073
0.969628
0.987556
1.00442
1.02028
1.03521
1.04927
1.06251
1.07465
1.08829
1.0946
1.11323
0.758388
0.781912
0.804112
0.825047
0.844793
0.863449
0.881145
0.897847
0.913565
0.92838
0.942384
0.955593
0.967726
0.981294
0.987641
1.00625
0.65205
0.674933
0.696594
0.717093
0.736505
0.754901
0.772295
0.788636
0.804064
0.81869
0.832544
0.845622
0.857709
0.871095
0.877527
0.896078
0.544761
0.566563
0.587191
0.606734
0.625229
0.642757
0.659459
0.675379
0.690529
0.704918
0.718584
0.731526
0.743591
0.756819
0.763371
0.781873
0.434117
0.454171
0.473113
0.491039
0.508065
0.524261
0.539748
0.554574
0.568748
0.582326
0.595345
0.6078
0.61961
0.632394
0.639082
0.657509
0.319558
0.336838
0.353369
0.369213
0.384433
0.399094
0.413318
0.42719
0.44075
0.453979
0.466818
0.479209
0.491133
0.503664
0.510758
0.528799
0.196155
0.207779
0.218953
0.229707
0.240061
0.250108
0.260081
0.270098
0.280146
0.290243
0.300392
0.310573
0.320852
0.332952
0.337718
0.35739
0.0733007
0.0799513
0.0867672
0.0938283
0.101186
0.108866
0.116956
0.125399
0.13415
0.143223
0.152539
0.161969
0.171178
0.180469
0.199532
0.180288
)
;

boundaryField
{
    frontAndBack
    {
        type            empty;
    }
    inlet
    {
        type            zeroGradient;
    }
    outlet
    {
        type            fixedValue;
        value           uniform 0;
    }
    walls
    {
        type            zeroGradient;
    }
}


// ************************************************************************* //
