/*--------------------------------*- C++ -*----------------------------------*\
| =========                 |                                                 |
| \\      /  F ield         | OpenFOAM: The Open Source CFD Toolbox           |
|  \\    /   O peration     | Version:  v2012                                 |
|   \\  /    A nd           | Website:  www.openfoam.com                      |
|    \\/     M anipulation  |                                                 |
\*---------------------------------------------------------------------------*/
FoamFile
{
    version     2.0;
    format      ascii;
    class       volScalarField;
    location    "0.385";
    object      p;
}
// * * * * * * * * * * * * * * * * * * * * * * * * * * * * * * * * * * * * * //

dimensions      [0 2 -2 0 0 0 0];


internalField   nonuniform List<scalar> 
1900
(
-299.623
-300.722
-301.622
-302.283
-302.96
-303.727
-304.532
-305.361
-305.973
-306.577
-300.077
-300.876
-301.704
-302.38
-303.06
-303.821
-304.632
-305.47
-306.23
-307.05
-300.363
-300.928
-301.695
-302.409
-303.106
-303.867
-304.693
-305.577
-306.47
-307.715
-300.547
-300.991
-301.726
-302.468
-303.178
-303.94
-304.784
-305.709
-306.721
-308.095
-300.645
-301.039
-301.753
-302.505
-303.221
-303.986
-304.847
-305.807
-306.888
-308.277
-300.662
-301.061
-301.78
-302.535
-303.254
-304.027
-304.904
-305.889
-307.003
-308.371
-300.596
-301.056
-301.807
-302.557
-303.277
-304.06
-304.951
-305.951
-307.078
-308.402
-300.445
-301.036
-301.83
-302.557
-303.269
-304.065
-304.969
-305.979
-307.109
-308.391
-300.188
-301.03
-301.891
-302.579
-303.276
-304.077
-304.985
-305.995
-307.118
-308.36
-299.754
-300.929
-301.881
-302.562
-303.259
-304.073
-304.992
-306.009
-307.135
-308.357
-305.919
-318.28
-337.562
-339.208
-320.079
-286.053
-243.018
-198.247
-157.324
-122.52
-94.1788
-71.7778
-54.3013
-40.7269
-30.1769
-21.8721
-15.2244
-9.85018
-5.49077
-1.90958
1.09691
3.64873
5.8103
7.63826
9.20696
10.5725
11.7573
12.7867
13.6746
14.4448
15.1164
15.7009
16.2064
16.6363
16.9957
17.2974
17.5504
17.7589
17.9265
18.0547
18.1473
18.2081
18.2399
18.2458
18.2272
18.1842
18.1182
18.0321
17.9287
17.8098
17.6749
17.5234
17.3565
17.1759
16.9828
16.7789
16.5645
16.3391
16.1025
15.8555
15.5991
15.3343
15.0614
14.7802
14.4902
14.1915
13.8851
13.5712
13.2502
12.9219
12.5867
12.2443
11.895
11.5389
11.1762
10.8072
10.4318
10.0501
9.66207
9.26804
8.86792
8.46213
8.05044
7.63319
7.21016
6.7816
6.34747
5.90801
5.46327
5.01341
4.55854
4.09881
3.63412
3.16496
2.69013
2.21243
1.72483
1.24263
0.73353
0.279206
-309.337
-321.605
-333.412
-332.126
-313.079
-280.334
-239.749
-197.442
-158.324
-124.582
-96.6712
-74.2591
-56.5632
-42.6739
-31.7847
-23.1549
-16.2292
-10.6362
-6.10097
-2.37545
0.733874
3.35271
5.5686
7.44782
9.0565
10.4507
11.6556
12.6986
13.5968
14.3745
15.0498
15.636
16.139
16.5653
16.9272
17.2334
17.4905
17.7031
17.8742
18.0057
18.1014
18.1653
18.1988
18.206
18.1882
18.1455
18.0798
17.9943
17.8923
17.7746
17.6404
17.4891
17.3225
17.1424
16.9497
16.7462
16.5325
16.3075
16.0712
15.8245
15.5683
15.3038
15.0314
14.7503
14.4603
14.1619
13.8557
13.542
13.2212
12.893
12.5579
12.2156
11.8664
11.5104
11.1478
10.7787
10.4033
10.0216
9.63362
9.23953
8.83941
8.43356
8.02183
7.6045
7.18143
6.75283
6.3187
5.87925
5.43456
4.9848
4.53007
4.07057
3.60636
3.13766
2.66449
2.18741
1.70544
1.22184
0.729544
0.251889
-310.271
-317.92
-326.263
-324.072
-306.103
-275.372
-237.269
-197.132
-159.47
-126.583
-99.0092
-76.5772
-58.6782
-44.5169
-33.3342
-24.4309
-17.2794
-11.5099
-6.82723
-2.97301
0.247411
2.95297
5.23368
7.17418
8.84316
10.2828
11.5188
12.5849
13.5056
14.3021
14.9877
15.5798
16.0859
16.5139
16.8796
17.1887
17.4473
17.6611
17.8329
17.965
18.0602
18.1217
18.1541
18.1619
18.1452
18.1035
18.0389
17.9549
17.8546
17.7391
17.6065
17.4563
17.2909
17.1114
16.9194
16.7163
16.5021
16.2768
16.0404
15.7938
15.5379
15.2736
15.0016
14.7207
14.431
14.133
13.8271
13.5136
13.193
12.865
12.53
12.1877
11.8386
11.4826
11.12
10.751
10.3756
9.99378
9.60575
9.21162
8.81144
8.4055
7.9937
7.57627
7.15314
6.72448
6.29035
5.85089
5.40625
4.95655
4.50198
4.04268
3.57896
3.11074
2.63925
2.16288
1.68652
1.20185
0.727111
0.223764
-310.492
-316.294
-321.939
-318.557
-301.089
-271.666
-235.202
-196.613
-160.105
-127.975
-100.76
-78.3794
-60.3574
-45.9989
-34.5871
-25.4629
-18.1257
-12.2067
-7.396
-3.43305
-0.129922
2.63437
4.95775
6.93108
8.62697
10.0871
11.3368
12.413
13.3473
14.1595
14.8603
15.4655
15.9839
16.4273
16.8094
17.1316
17.3997
17.6205
17.7975
17.9331
18.03
18.0911
18.1237
18.1327
18.1163
18.0745
18.0097
17.9256
17.8246
17.7075
17.5738
17.4237
17.259
17.0798
16.8883
16.6857
16.4715
16.246
16.01
15.764
15.5088
15.2448
14.9722
14.6909
14.4013
14.1036
13.7981
13.4848
13.1644
12.8365
12.5016
12.1594
11.8103
11.4544
11.0918
10.7228
10.3473
9.96541
9.57727
9.18307
8.7828
8.37673
7.96482
7.54726
7.12407
6.69535
6.26123
5.82176
5.37719
4.92755
4.47318
4.01409
3.55088
3.08314
2.61335
2.13774
1.66707
1.18108
0.723989
0.195999
-310.518
-314.805
-318.111
-313.455
-296.275
-267.995
-233.032
-195.925
-160.556
-129.159
-102.294
-79.9777
-61.8602
-47.3325
-35.721
-26.4042
-18.9031
-12.8503
-7.9247
-3.86001
-0.479559
2.33785
4.70398
6.71685
8.4458
9.93061
11.1983
12.2881
13.2344
14.0579
14.7691
15.3799
15.901
16.344
16.7268
17.0516
17.3211
17.5428
17.7221
17.8612
17.9622
18.0299
18.0697
18.084
18.0724
18.0356
17.9759
17.8961
17.7975
17.6808
17.5475
17.3984
17.2348
17.0563
16.8649
16.6625
16.4482
16.2226
15.9863
15.7401
15.4848
15.2202
14.9461
14.6637
14.3736
14.0755
13.7696
13.4559
13.1351
12.8067
12.4715
12.129
11.7796
11.4235
11.0608
10.6916
10.316
9.93402
9.5458
9.15161
8.75149
8.34553
7.93368
7.51611
7.09298
6.66428
6.23027
5.79087
5.34646
4.89695
4.44285
3.98403
3.52135
3.05418
2.58601
2.11131
1.64589
1.15931
0.718401
0.171097
-310.4
-313.509
-315.041
-309.398
-292.508
-265.228
-231.493
-195.549
-161.045
-130.181
-103.568
-81.2903
-63.0939
-48.4268
-36.6443
-27.1696
-19.541
-13.3786
-8.35515
-4.2087
-0.769607
2.08903
4.49206
6.5404
8.29467
9.79408
11.0737
12.1756
13.1335
13.9648
14.6826
15.2976
15.8229
16.2715
16.6594
16.99
17.2649
17.4885
17.6674
17.8077
17.9118
17.9826
18.0233
18.0357
18.0215
17.9836
17.9238
17.8443
17.7461
17.63
17.4976
17.35
17.1878
17.0116
16.8226
16.6219
16.4094
16.1854
15.9506
15.7056
15.4511
15.1872
14.914
14.6322
14.3423
14.0441
13.7379
13.4239
13.1027
12.7738
12.4383
12.0953
11.7456
11.3894
11.0265
10.6572
10.2816
9.89955
9.51144
9.11734
8.71737
8.31144
7.89969
7.4822
7.05921
6.63065
6.19682
5.75758
5.31338
4.86408
4.41029
3.95183
3.4897
3.02317
2.55646
2.08288
1.62171
1.13606
0.707811
0.152307
-310.21
-312.445
-312.667
-306.232
-289.501
-262.955
-230.134
-195.077
-161.265
-130.844
-104.473
-82.2724
-64.0424
-49.2819
-37.3795
-27.7899
-20.0685
-13.8206
-8.71108
-4.49991
-1.02334
1.86734
4.30949
6.39064
8.15977
9.66592
10.9589
12.0771
13.0456
13.8823
14.6023
15.2226
15.7557
16.2102
16.6009
16.9334
17.2094
17.436
17.6175
17.759
17.8649
17.938
17.98
17.993
17.98
17.944
17.8864
17.8084
17.7109
17.5949
17.4622
17.3141
17.1515
16.9749
16.7849
16.5828
16.369
16.1441
15.9084
15.6625
15.4072
15.1428
14.8694
14.5875
14.2974
13.9992
13.6933
13.3797
13.059
12.7308
12.3958
12.0535
11.7044
11.3487
10.9865
10.6177
10.2427
9.86095
9.47339
9.07965
8.68003
8.27437
7.86299
7.44587
7.02323
6.59506
6.16157
5.72269
5.27881
4.82987
4.37644
3.9184
3.45681
2.99098
2.52542
2.05315
1.59468
1.11177
0.690366
0.143275
-310.014
-311.622
-310.914
-303.872
-287.218
-261.198
-229.052
-194.665
-161.387
-131.32
-105.16
-83.0442
-64.8026
-49.9664
-37.9776
-28.3159
-20.5177
-14.1845
-9.00804
-4.7588
-1.24745
1.68702
4.1641
6.25872
8.03494
9.55623
10.8688
11.9994
12.9694
13.8061
14.5326
15.162
15.7009
16.1567
16.5456
16.8792
17.1597
17.39
17.5725
17.7133
17.8191
17.8937
17.9378
17.9519
17.9387
17.9024
17.8448
17.7669
17.6691
17.553
17.4202
17.2722
17.1095
16.9328
16.7426
16.5403
16.3266
16.1019
15.8662
15.6201
15.3643
15.0995
14.8258
14.5435
14.253
13.9543
13.6478
13.3338
13.0126
12.6841
12.3489
12.0062
11.6569
11.301
10.9388
10.5699
10.195
9.81341
9.42603
9.03262
8.63335
8.22822
7.8174
7.40093
6.97889
6.55141
6.11858
5.68038
5.23712
4.7888
4.33594
3.87847
3.41752
2.95241
2.48774
2.01695
1.55962
1.08117
0.660169
0.138639
-309.856
-311.036
-309.717
-302.257
-285.628
-259.948
-228.241
-194.298
-161.366
-131.531
-105.531
-83.4787
-65.2231
-50.3507
-38.325
-28.6174
-20.7664
-14.3925
-9.19017
-4.91822
-1.37931
1.57953
4.06742
6.1675
7.95167
9.48166
10.8
11.9329
12.9047
13.7446
14.475
15.1074
15.6477
16.1048
16.4951
16.8308
17.1136
17.345
17.528
17.6696
17.7766
17.8529
17.8982
17.9128
17.9
17.8643
17.8077
17.7307
17.6337
17.5183
17.3862
17.2386
17.0765
16.9003
16.7106
16.5085
16.2951
16.0707
15.8352
15.5893
15.3337
15.0692
14.7961
14.5143
14.2243
13.9261
13.6203
13.3069
12.9865
12.6587
12.3246
11.9825
11.6336
11.2782
10.9165
10.5483
10.1737
9.79264
9.40552
9.01234
8.6132
8.20801
7.79715
7.38059
6.95852
6.53097
6.09813
5.65989
5.21661
4.76826
4.31541
3.85805
3.39724
2.93225
2.46758
1.99756
1.5398
1.06572
0.639698
0.148962
-309.799
-310.776
-309.167
-301.515
-284.923
-259.448
-228.001
-194.311
-161.573
-131.867
-105.939
-83.9008
-65.6292
-50.7257
-38.6586
-28.9087
-21.0231
-14.6223
-9.3951
-5.09904
-1.53909
1.43994
3.94155
6.05384
7.84645
9.38045
10.7025
11.8404
12.8166
13.6586
14.3903
15.0245
15.5675
16.0271
16.4188
16.7555
17.0396
17.2724
17.4569
17.5995
17.7074
17.7845
17.8307
17.8463
17.8343
17.7993
17.7434
17.667
17.5706
17.4557
17.3241
17.177
17.0154
16.8397
16.6504
16.4488
16.2359
16.012
15.7771
15.5316
15.2764
15.0122
14.7394
14.458
14.1682
13.8701
13.5645
13.2512
12.9308
12.603
12.2686
11.9275
11.579
11.2237
10.8621
10.494
10.1196
9.73885
9.35192
8.959
8.56022
8.15562
7.74502
7.32869
6.9068
6.47938
6.04663
5.60844
5.16522
4.71686
4.2641
3.80675
3.34616
2.88157
2.41693
1.9479
1.48892
1.02009
0.591358
0.112922
-314.073
-315.342
-316.519
-316.763
-316.246
-314.976
-313.67
-313.762
-333.208
-334.724
-335.67
-336.006
-335.684
-334.97
-334.106
-333.757
-348.321
-351.157
-352.673
-353.239
-353.129
-352.819
-352.512
-352.172
-346.897
-350.262
-352.116
-352.862
-352.689
-352.174
-351.695
-351.057
-325.752
-328.651
-330.387
-330.946
-330.605
-329.869
-329.084
-328.157
-289.994
-292.05
-293.342
-293.795
-293.469
-292.521
-291.108
-289.508
-244.963
-246.036
-246.886
-247.287
-247.03
-246.002
-244.217
-242.158
-198.429
-198.46
-198.714
-198.928
-198.65
-197.569
-195.618
-193.374
-156.295
-155.599
-155.337
-155.241
-154.838
-153.722
-151.766
-149.56
-120.779
-119.658
-119.113
-118.841
-118.352
-117.249
-115.401
-113.358
-92.2169
-90.9904
-90.3435
-89.9497
-89.3891
-88.3455
-86.672
-84.8464
-69.9002
-68.7461
-68.1072
-67.6413
-67.0393
-66.0789
-64.6043
-63.0202
-52.6441
-51.6339
-51.0459
-50.5804
-49.9996
-49.135
-47.8561
-46.4939
-39.3505
-38.5154
-38.0135
-37.5846
-37.051
-36.2917
-35.2033
-34.0496
-29.0769
-28.3968
-27.9528
-27.5545
-27.0799
-26.4251
-25.5047
-24.5288
-21.0274
-20.4862
-20.081
-19.6999
-19.2822
-18.7223
-17.9431
-17.1008
-14.5905
-14.1653
-13.814
-13.4711
-13.1061
-12.6261
-11.9645
-11.2068
-9.37625
-9.04406
-8.75098
-8.45632
-8.13923
-7.72692
-7.16477
-6.48641
-5.1326
-4.86888
-4.62296
-4.36969
-4.09313
-3.73542
-3.25338
-2.6654
-1.63483
-1.42206
-1.21389
-0.996446
-0.754631
-0.4412
-0.0217711
0.488681
1.31765
1.49168
1.66903
1.85176
2.06054
2.33508
2.70262
3.14929
3.83536
3.97971
4.13267
4.28793
4.46908
4.7104
5.03428
5.42813
5.96934
6.09095
6.22406
6.36122
6.5235
6.73963
7.02833
7.37881
7.77565
7.88239
8.00031
8.12401
8.27182
8.46783
8.72766
9.04233
9.32676
9.421
9.5262
9.63822
9.77342
9.95222
10.1876
10.4724
10.6831
10.77
10.8606
10.9602
11.0834
11.2469
11.4612
11.7204
11.8646
11.9503
12.0321
12.1218
12.2341
12.3835
12.5791
12.816
12.8841
12.9636
13.0399
13.1243
13.2295
13.3683
13.5482
13.7661
13.7623
13.8355
13.9065
13.986
14.0851
14.2146
14.381
14.5823
14.5232
14.59
14.656
14.7306
14.8239
14.9451
15.0996
15.2866
15.1867
15.248
15.3091
15.3793
15.4672
15.581
15.7249
15.8992
15.7638
15.8198
15.8773
15.944
16.0274
16.1346
16.269
16.432
16.2652
16.3161
16.3699
16.433
16.512
16.6131
16.7388
16.8916
16.6925
16.7396
16.7902
16.8501
16.9253
17.0209
17.1389
17.2825
17.0493
17.0942
17.143
17.2006
17.2727
17.3636
17.4748
17.6103
17.3482
17.3913
17.4383
17.4939
17.5631
17.6498
17.7548
17.8832
17.5986
17.6398
17.685
17.7384
17.8049
17.8877
17.9872
18.109
17.805
17.8447
17.8883
17.9399
18.0039
18.0831
18.1775
18.2933
17.9708
18.0092
18.0514
18.1014
18.1631
18.239
18.3287
18.439
18.0974
18.1348
18.1759
18.2245
18.2842
18.3571
18.4424
18.5479
18.1883
18.2246
18.2646
18.3118
18.3696
18.4398
18.5212
18.6221
18.2473
18.2823
18.3212
18.3671
18.4232
18.4909
18.5687
18.6655
18.2776
18.3115
18.3494
18.394
18.4485
18.5138
18.5884
18.6815
18.2823
18.3152
18.3521
18.3956
18.4486
18.5117
18.5832
18.6729
18.2628
18.295
18.3311
18.3736
18.4252
18.4863
18.5549
18.6413
18.2193
18.2511
18.2866
18.3283
18.3786
18.4379
18.5038
18.5873
18.1529
18.1842
18.2192
18.2601
18.3093
18.3669
18.4304
18.5112
18.0662
18.0969
18.1312
18.1714
18.2195
18.2755
18.3368
18.4151
17.9618
17.9919
18.0256
18.0651
18.1121
18.1667
18.2258
18.3018
17.842
17.8716
17.9047
17.9434
17.9894
18.0424
18.0996
18.1734
17.7066
17.7358
17.7684
17.8063
17.8514
17.903
17.9583
18.0302
17.5549
17.5838
17.6161
17.6535
17.6977
17.7482
17.8017
17.8717
17.3878
17.4164
17.4483
17.4852
17.5287
17.578
17.6299
17.6982
17.2068
17.2351
17.2666
17.3031
17.3458
17.394
17.4444
17.511
17.0134
17.0413
17.0725
17.1085
17.1505
17.1977
17.2467
17.3118
16.809
16.8366
16.8674
16.9029
16.9442
16.9905
17.0381
17.1018
16.5942
16.6214
16.6518
16.6868
16.7274
16.7727
16.819
16.8814
16.3685
16.3955
16.4256
16.4601
16.5
16.5444
16.5894
16.6506
16.1316
16.1585
16.1883
16.2225
16.2618
16.3054
16.3493
16.4093
15.8845
15.9112
15.9408
15.9746
16.0134
16.0562
16.099
16.1579
15.6279
15.6543
15.6836
15.717
15.7553
15.7974
15.8392
15.8971
15.3627
15.3889
15.418
15.451
15.4887
15.53
15.5709
15.6278
15.0895
15.1154
15.1442
15.1768
15.214
15.2546
15.2945
15.3505
14.8081
14.8337
14.8622
14.8944
14.9311
14.971
15.01
15.0651
14.5178
14.5433
14.5716
14.6035
14.6398
14.6791
14.7172
14.7716
14.2192
14.2446
14.2726
14.3043
14.3401
14.3788
14.4162
14.4697
13.9125
13.9378
13.9656
13.997
14.0324
14.0706
14.1072
14.1601
13.5986
13.6236
13.6513
13.6824
13.7174
13.755
13.7909
13.8431
13.2773
13.3022
13.3297
13.3605
13.3951
13.4323
13.4675
13.5191
12.949
12.9738
13.0011
13.0316
13.0659
13.1025
13.1371
13.188
12.6136
12.6382
12.6654
12.6957
12.7296
12.7658
12.7998
12.8502
12.2712
12.2957
12.3227
12.3528
12.3864
12.4221
12.4555
12.5054
11.9217
11.9462
11.9731
12.003
12.0362
12.0716
12.1044
12.1538
11.5656
11.59
11.6167
11.6464
11.6794
11.7143
11.7466
11.7955
11.2028
11.2271
11.2537
11.2833
11.316
11.3506
11.3824
11.4309
10.8338
10.858
10.8845
10.9138
10.9462
10.9804
11.0117
11.0597
10.4583
10.4825
10.5089
10.538
10.5702
10.6041
10.635
10.6826
10.0766
10.1007
10.127
10.156
10.1879
10.2214
10.2518
10.299
9.68855
9.71266
9.73888
9.76774
9.79944
9.8327
9.86268
9.90956
9.29451
9.31857
9.34469
9.37337
9.40481
9.43773
9.46728
9.51378
8.89439
8.91845
8.9445
8.97307
9.00431
9.03697
9.06614
9.11233
8.48861
8.51262
8.53859
8.56699
8.59798
8.63033
8.65909
8.70494
8.07694
8.10095
8.12687
8.15516
8.18598
8.2181
8.24655
8.29212
7.65971
7.6837
7.70956
7.73772
7.76833
7.80019
7.82835
7.87369
7.2367
7.26069
7.2865
7.31457
7.34502
7.37667
7.40492
7.45071
6.80814
6.83209
6.85783
6.88577
6.916
6.94734
6.97539
7.0213
6.37399
6.3979
6.42356
6.45137
6.48142
6.51252
6.54029
6.58596
5.93448
5.95833
5.98389
6.01156
6.04143
6.0723
6.09979
6.1452
5.48968
5.51344
5.53888
5.56638
5.59601
5.62663
5.6538
5.69888
5.03972
5.06339
5.08872
5.11607
5.14551
5.17593
5.20285
5.24772
4.58468
4.60818
4.6333
4.66041
4.68955
4.71964
4.74617
4.79062
4.12477
4.14811
4.17306
4.19997
4.22891
4.2588
4.28514
4.3295
3.65964
3.68261
3.70719
3.73372
3.76225
3.79176
3.81768
3.86163
3.19011
3.21276
3.237
3.26318
3.29134
3.3205
3.34609
3.3898
2.71389
2.73545
2.75875
2.78412
2.81161
2.8403
2.86559
2.90918
2.23572
2.25685
2.27964
2.30442
2.33124
2.35924
2.3839
2.42681
1.74347
1.76111
1.78103
1.80359
1.8289
1.85613
1.88071
1.92464
1.26279
1.28122
1.3012
1.32309
1.34702
1.37226
1.39484
1.43516
0.73932
0.74689
0.757981
0.773175
0.792871
0.815953
0.834899
0.883319
0.302162
0.320218
0.336605
0.351738
0.366659
0.38373
0.400922
0.376903
)
;

boundaryField
{
    frontAndBack
    {
        type            empty;
    }
    inlet
    {
        type            zeroGradient;
    }
    outlet
    {
        type            fixedValue;
        value           uniform 0;
    }
    walls
    {
        type            zeroGradient;
    }
}


// ************************************************************************* //
