/*--------------------------------*- C++ -*----------------------------------*\
| =========                 |                                                 |
| \\      /  F ield         | OpenFOAM: The Open Source CFD Toolbox           |
|  \\    /   O peration     | Version:  v2012                                 |
|   \\  /    A nd           | Website:  www.openfoam.com                      |
|    \\/     M anipulation  |                                                 |
\*---------------------------------------------------------------------------*/
FoamFile
{
    version     2.0;
    format      ascii;
    class       volScalarField;
    location    "0.25";
    object      p;
}
// * * * * * * * * * * * * * * * * * * * * * * * * * * * * * * * * * * * * * //

dimensions      [0 2 -2 0 0 0 0];


internalField   nonuniform List<scalar> 
1900
(
-299.62
-300.72
-301.62
-302.281
-302.958
-303.725
-304.53
-305.359
-305.971
-306.575
-300.074
-300.874
-301.701
-302.377
-303.058
-303.819
-304.629
-305.467
-306.227
-307.047
-300.361
-300.925
-301.693
-302.407
-303.103
-303.865
-304.691
-305.574
-306.467
-307.713
-300.545
-300.989
-301.723
-302.466
-303.175
-303.938
-304.782
-305.706
-306.719
-308.093
-300.643
-301.036
-301.751
-302.503
-303.218
-303.984
-304.845
-305.805
-306.886
-308.275
-300.659
-301.058
-301.778
-302.533
-303.251
-304.025
-304.901
-305.887
-307.001
-308.369
-300.594
-301.054
-301.804
-302.555
-303.274
-304.058
-304.949
-305.949
-307.076
-308.4
-300.443
-301.034
-301.828
-302.554
-303.267
-304.063
-304.966
-305.977
-307.107
-308.389
-300.186
-301.027
-301.889
-302.577
-303.274
-304.075
-304.983
-305.993
-307.115
-308.357
-299.752
-300.926
-301.878
-302.559
-303.257
-304.071
-304.989
-306.006
-307.132
-308.354
-305.917
-318.277
-337.56
-339.206
-320.076
-286.051
-243.017
-198.24
-157.322
-122.525
-94.1698
-71.7645
-54.3106
-40.7421
-30.1611
-21.8463
-15.2312
-9.87573
-5.48858
-1.88048
1.10977
3.63264
5.79548
7.64701
9.2247
10.5771
11.7488
12.7796
13.677
14.4527
15.1233
15.7018
16.203
16.6348
16.9983
17.3023
17.5543
17.76
17.9253
18.0537
18.1486
18.2118
18.2433
18.2465
18.2258
18.1835
18.1198
18.0353
17.9315
17.8109
17.6746
17.5231
17.3573
17.1779
16.9853
16.7806
16.5651
16.3391
16.1028
15.8567
15.6008
15.3358
15.0624
14.7807
14.4906
14.1923
13.8861
13.5724
13.2512
12.9228
12.5873
12.245
11.8957
11.5397
11.177
10.8079
10.4323
10.0506
9.66257
9.26857
8.86845
8.46261
8.05087
7.63358
7.21054
6.78197
6.34784
5.90834
5.46358
5.01369
4.55879
4.09904
3.63432
3.16514
2.69028
2.21256
1.72493
1.24271
0.733584
0.279224
-309.334
-321.603
-333.41
-332.124
-313.077
-280.332
-239.748
-197.435
-158.323
-124.587
-96.66
-74.2493
-56.5736
-42.6834
-31.7671
-23.1368
-16.24
-10.6544
-6.09236
-2.35118
0.739402
3.33858
5.5597
7.4568
9.0704
10.4538
11.6489
12.6931
13.5989
14.3814
15.0567
15.6369
16.1352
16.5642
16.9305
17.2385
17.4941
17.7037
17.8728
18.0047
18.1031
18.1694
18.2021
18.2063
18.1866
18.1449
18.0816
17.9977
17.8949
17.7754
17.6401
17.489
17.3234
17.1444
16.9522
16.7479
16.5329
16.3075
16.0716
15.8258
15.5701
15.3054
15.0324
14.7508
14.4608
14.1627
13.8568
13.5432
13.2222
12.8938
12.5585
12.2163
11.8672
11.5112
11.1485
10.7794
10.4039
10.0221
9.63413
9.24007
8.83992
8.43403
8.02226
7.6049
7.18181
6.75321
6.31906
5.87959
5.43487
4.98507
4.53033
4.0708
3.60656
3.13784
2.66464
2.18753
1.70554
1.22193
0.729598
0.251909
-310.269
-317.918
-326.261
-324.07
-306.1
-275.369
-237.267
-197.126
-159.471
-126.586
-98.9966
-76.5715
-58.6896
-44.5196
-33.3163
-24.4214
-17.292
-11.519
-6.81358
-2.95566
0.243014
2.94142
5.23766
7.18584
8.84712
10.2795
11.5159
12.5848
13.5081
14.3065
14.9937
15.5812
16.082
16.5126
16.883
17.1942
17.451
17.6615
17.8313
17.9639
18.0619
18.1262
18.1573
18.1615
18.1434
18.1033
18.0412
17.9584
17.857
17.7395
17.6061
17.4564
17.292
17.1137
16.922
16.7178
16.5024
16.2767
16.0409
15.7952
15.5396
15.2751
15.0025
14.7212
14.4315
14.1337
13.8282
13.5148
13.194
12.8657
12.5306
12.1884
11.8393
11.4834
11.1208
10.7516
10.3761
9.99429
9.60628
9.21215
8.81195
8.40596
7.99413
7.57668
7.15353
6.72486
6.29071
5.85122
5.40655
4.95683
4.50224
4.04291
3.57917
3.11092
2.6394
2.16301
1.68662
1.20193
0.727163
0.223783
-310.49
-316.292
-321.937
-318.555
-301.087
-271.663
-235.199
-196.608
-160.107
-127.974
-100.746
-78.3784
-60.3692
-45.9958
-34.5698
-25.4595
-18.1376
-12.2093
-7.38243
-3.42169
-0.135231
2.6262
4.96363
6.94277
8.62931
10.0817
11.3358
12.4164
13.349
14.1602
14.8638
15.468
15.9838
16.4285
16.811
17.1346
17.4027
17.6214
17.7968
17.9329
18.032
18.0955
18.1264
18.1315
18.1144
18.0748
18.0126
17.9292
17.8268
17.7077
17.5732
17.4237
17.2601
17.0823
16.891
16.6869
16.4715
16.246
16.0107
15.7654
15.5105
15.2462
14.973
14.6914
14.4018
14.1044
13.7992
13.486
13.1654
12.8372
12.5022
12.1601
11.8111
11.4552
11.0925
10.7234
10.3478
9.96594
9.5778
9.1836
8.7833
8.37719
7.96525
7.54767
7.12447
6.69572
6.26158
5.82208
5.37749
4.92783
4.47344
4.01432
3.55108
3.08332
2.6135
2.13787
1.66718
1.18116
0.72404
0.196017
-310.516
-314.803
-318.109
-313.452
-296.273
-267.992
-233.029
-195.922
-160.558
-129.153
-102.282
-79.9819
-61.8695
-47.3246
-35.7046
-26.4053
-18.9159
-12.8478
-7.90873
-3.85431
-0.487821
2.33355
4.71266
6.72781
8.44603
9.92278
11.1971
12.2941
13.2401
14.0591
14.7689
15.3793
15.9001
16.3476
16.7307
17.0537
17.3235
17.5441
17.7213
17.8604
17.9643
18.0339
18.0719
18.0834
18.0716
18.0363
17.9782
17.8989
17.7994
17.6815
17.5474
17.3986
17.2356
17.0586
16.8677
16.6636
16.4482
16.2226
15.9872
15.7417
15.4865
15.2215
14.9469
14.6642
14.3742
14.0764
13.7707
13.4571
13.136
12.8074
12.4722
12.1297
11.7804
11.4243
11.0615
10.6922
10.3166
9.93457
9.54635
9.15213
8.75197
8.34598
7.93411
7.51653
7.09337
6.66466
6.23062
5.79119
5.34677
4.89724
4.4431
3.98426
3.52156
3.05435
2.58616
2.11143
1.646
1.15939
0.71845
0.171115
-310.397
-313.507
-315.039
-309.396
-292.505
-265.226
-231.491
-195.547
-161.045
-130.171
-103.562
-81.3004
-63.096
-48.4129
-36.6353
-27.1763
-19.5491
-13.3704
-8.3398
-4.20918
-0.780129
2.08969
4.50447
6.54859
8.29148
9.78673
11.0743
12.1829
13.1385
13.9652
14.6808
15.2967
15.8246
16.2769
16.6633
16.9896
17.2639
17.4894
17.6704
17.8104
17.9136
17.9838
18.0232
18.035
18.0222
17.9856
17.9263
17.8465
17.7473
17.6303
17.4976
17.3505
17.1891
17.0139
16.825
16.623
16.4095
16.1855
15.9514
15.7071
15.4528
15.1885
14.9147
14.6327
14.3429
14.0451
13.7391
13.425
13.1036
12.7745
12.439
12.0961
11.7465
11.3901
11.0272
10.6578
10.2822
9.90013
9.51201
9.11785
8.71783
8.31189
7.90013
7.48263
7.05961
6.63102
6.19716
5.7579
5.31369
4.86437
4.41054
3.95206
3.4899
3.02335
2.55661
2.08301
1.62182
1.13613
0.707859
0.152325
-310.208
-312.443
-312.665
-306.229
-289.499
-262.953
-230.132
-195.076
-161.261
-130.836
-104.473
-82.2798
-64.0383
-49.2667
-37.3784
-27.802
-20.0673
-13.8046
-8.70501
-4.50938
-1.02675
1.87844
4.31861
6.38855
8.15553
9.66694
10.9628
12.0805
13.0472
13.8821
14.6033
15.2241
15.7561
16.2139
16.6046
16.9331
17.2095
17.4372
17.6198
17.7619
17.8666
17.9381
17.9797
17.9935
17.9818
17.946
17.888
17.8097
17.7118
17.5957
17.4629
17.315
17.1527
16.9766
16.7869
16.584
16.3694
16.1443
15.9092
15.6641
15.4089
15.144
14.87
14.5879
14.2981
14.0003
13.6945
13.3808
13.0598
12.7315
12.3965
12.0543
11.7053
11.3495
10.9872
10.6183
10.2433
9.86154
9.47397
9.08016
8.68048
8.27481
7.86344
7.44631
7.02364
6.59543
6.1619
5.723
5.27912
4.83016
4.37669
3.91862
3.45702
2.99116
2.52557
2.05328
1.59478
1.11184
0.690414
0.143293
-310.011
-311.62
-310.912
-303.87
-287.215
-261.196
-229.05
-194.664
-161.38
-131.316
-105.166
-83.0427
-64.7913
-49.9631
-37.9836
-28.3156
-20.5083
-14.1801
-9.01165
-4.75817
-1.24016
1.69093
4.16161
6.25941
8.04191
9.55941
10.8647
11.9961
12.9744
13.8137
14.5347
15.1586
15.6974
16.1608
16.5534
16.8818
17.1578
17.388
17.574
17.7179
17.8227
17.8941
17.9364
17.9515
17.9405
17.9048
17.8466
17.7681
17.6702
17.5539
17.4209
17.2728
17.1104
16.9344
16.7447
16.5419
16.3271
16.1019
15.8667
15.6215
15.3661
15.1009
14.8265
14.544
14.2536
13.9553
13.649
13.3349
13.0135
12.6848
12.3496
12.0069
11.6577
11.3017
10.9394
10.5705
10.1955
9.81401
9.42662
9.03313
8.6338
8.22865
7.81785
7.40137
6.97931
6.55177
6.11891
5.68069
5.23743
4.78909
4.33619
3.87869
3.41772
2.95258
2.48789
2.01708
1.55973
1.08125
0.660216
0.138656
-309.854
-311.034
-309.715
-302.255
-285.626
-259.945
-228.239
-194.294
-161.363
-131.531
-105.529
-83.4732
-65.2219
-50.3517
-38.3223
-28.6126
-20.7634
-14.3926
-9.18959
-4.91338
-1.37435
1.57936
4.06599
6.17174
7.95875
9.48243
10.7945
11.931
12.9116
13.7522
14.4754
15.1028
15.6451
16.1101
16.5033
16.8327
17.1105
17.3429
17.5305
17.6749
17.7802
17.8525
17.8962
17.9126
17.9024
17.8671
17.8093
17.7316
17.6346
17.5193
17.387
17.2395
17.0775
16.9018
16.7126
16.5101
16.2957
16.0707
15.8357
15.5908
15.3356
15.0706
14.7967
14.5147
14.2249
13.9271
13.6215
13.308
12.9873
12.6594
12.3252
11.9833
11.6345
11.279
10.9171
10.5488
10.1743
9.79325
9.40612
9.01286
8.61365
8.20843
7.79759
7.38104
6.95895
6.53133
6.09845
5.6602
5.21692
4.76855
4.31567
3.85828
3.39744
2.93242
2.46772
1.99768
1.5399
1.0658
0.639744
0.148979
-309.797
-310.774
-309.165
-301.513
-284.921
-259.445
-227.999
-194.309
-161.57
-131.864
-105.937
-83.8987
-65.626
-50.7227
-38.6574
-28.908
-21.0197
-14.6184
-9.39428
-5.09808
-1.53502
1.44325
3.94153
6.05528
7.85181
9.38316
10.6989
11.8376
12.8217
13.6662
14.3919
15.0205
15.5646
16.0316
16.4268
16.7579
17.0368
17.2703
17.459
17.6046
17.711
17.7843
17.8288
17.8461
17.8366
17.802
17.745
17.6678
17.5715
17.4567
17.3249
17.1778
17.0164
16.8411
16.6524
16.4505
16.2366
16.012
15.7775
15.533
15.2783
15.0136
14.7401
14.4583
14.1688
13.8712
13.5657
13.2522
12.9316
12.6037
12.2693
11.9283
11.5798
11.2245
10.8627
10.4946
10.1202
9.73945
9.35252
8.95952
8.56065
8.15604
7.74546
7.32914
6.90723
6.47975
6.04695
5.60875
5.16553
4.71716
4.26436
3.80697
3.34637
2.88174
2.41707
1.94803
1.48902
1.02017
0.591404
0.11294
-314.071
-315.34
-316.517
-316.761
-316.244
-314.974
-313.668
-313.76
-333.206
-334.722
-335.668
-336.003
-335.682
-334.967
-334.104
-333.755
-348.319
-351.155
-352.671
-353.237
-353.127
-352.817
-352.509
-352.169
-346.895
-350.26
-352.113
-352.86
-352.687
-352.172
-351.693
-351.055
-325.749
-328.649
-330.385
-330.944
-330.603
-329.866
-329.082
-328.155
-289.992
-292.048
-293.34
-293.793
-293.467
-292.519
-291.106
-289.506
-244.962
-246.034
-246.885
-247.286
-247.028
-245.999
-244.214
-242.156
-198.422
-198.454
-198.708
-198.923
-198.645
-197.564
-195.613
-193.369
-156.292
-155.596
-155.333
-155.238
-154.835
-153.719
-151.764
-149.558
-120.785
-119.663
-119.117
-118.845
-118.355
-117.252
-115.403
-113.36
-92.2102
-90.9849
-90.3387
-89.9453
-89.3846
-88.3409
-86.6671
-84.8413
-69.885
-68.731
-68.093
-67.6282
-67.0274
-66.0681
-64.5945
-63.0112
-52.6533
-51.642
-51.052
-50.585
-50.0034
-49.1384
-47.8595
-46.4974
-39.3661
-38.5298
-38.027
-37.5974
-37.0626
-36.3021
-35.2127
-34.0581
-29.0622
-28.3835
-27.942
-27.5455
-27.072
-26.4176
-25.4971
-24.521
-21.0009
-20.4617
-20.0581
-19.678
-19.2615
-18.7028
-17.9248
-17.0833
-14.5953
-14.1683
-13.8145
-13.4697
-13.1039
-12.6236
-11.9624
-11.2052
-9.40193
-9.06697
-8.77151
-8.47536
-8.15687
-7.74324
-7.18012
-6.50111
-5.13311
-4.87089
-4.62703
-4.37525
-4.09913
-3.74121
-3.25856
-2.66985
-1.60692
-1.39739
-1.19197
-0.976348
-0.735977
-0.423678
-0.00489391
0.505277
1.33265
1.50756
1.68623
1.86971
2.07841
2.3524
2.71918
3.16511
3.82129
3.96867
4.12422
4.28122
4.46357
4.70564
5.02974
5.42347
5.95387
6.07556
6.20825
6.34535
6.5081
6.7249
7.01424
7.36528
7.78232
7.88663
8.00235
8.12467
8.27171
8.4674
8.72734
9.04237
9.34407
9.43748
9.54231
9.65388
9.78847
9.96668
10.2017
10.4862
10.6889
10.7772
10.8693
10.9698
11.0934
11.2568
11.4708
11.7296
11.8569
11.9436
12.0262
12.1166
12.2295
12.3792
12.5749
12.8118
12.8768
12.956
13.0317
13.1158
13.2211
13.36
13.5402
13.7583
13.7642
13.8367
13.907
13.9861
14.0849
14.2143
14.3809
14.5824
14.5308
14.5974
14.6634
14.738
14.8312
14.9523
15.1068
15.2937
15.1935
15.2547
15.316
15.3863
15.4742
15.5878
15.7316
15.9057
15.7653
15.8216
15.8793
15.946
16.0294
16.1365
16.2708
16.4337
16.2622
16.3132
16.3672
16.4305
16.5097
16.6109
16.7368
16.8896
16.6907
16.7376
16.7882
16.8481
16.9234
17.0191
17.1372
17.2809
17.0515
17.0962
17.1448
17.2023
17.2743
17.3652
17.4764
17.612
17.3531
17.3961
17.443
17.4984
17.5675
17.6541
17.7591
17.8874
17.6028
17.6441
17.6893
17.7427
17.8092
17.8919
17.9913
18.113
17.8062
17.8461
17.8898
17.9415
18.0056
18.0848
18.1791
18.2949
17.9696
18.0081
18.0504
18.1005
18.1623
18.2383
18.328
18.4384
18.0963
18.1336
18.1748
18.2234
18.2831
18.3562
18.4415
18.547
18.1894
18.2255
18.2655
18.3126
18.3704
18.4407
18.5221
18.6231
18.2508
18.2857
18.3244
18.3701
18.4261
18.4937
18.5715
18.6683
18.2811
18.315
18.3528
18.3974
18.4518
18.5171
18.5915
18.6846
18.2832
18.3164
18.3535
18.3971
18.4501
18.5133
18.5848
18.6744
18.2616
18.294
18.3302
18.3729
18.4245
18.4858
18.5544
18.6409
18.2186
18.2502
18.2856
18.3273
18.3776
18.4369
18.5029
18.5865
18.1543
18.1854
18.2202
18.261
18.3101
18.3677
18.4312
18.512
18.0691
18.0998
18.1341
18.1742
18.2222
18.2782
18.3394
18.4178
17.9647
17.9949
18.0287
18.0681
18.1151
18.1696
18.2287
18.3047
17.8433
17.873
17.9062
17.9449
17.9909
18.044
18.1011
18.1749
17.7064
17.7356
17.7682
17.8062
17.8513
17.903
17.9583
18.0302
17.5546
17.5835
17.6157
17.6531
17.6973
17.7478
17.8014
17.8714
17.3885
17.4171
17.4489
17.4859
17.5293
17.5786
17.6306
17.6988
17.2088
17.237
17.2685
17.3049
17.3476
17.3958
17.4462
17.5128
17.0158
17.0438
17.0749
17.1108
17.1528
17.2
17.249
17.3141
16.8108
16.8385
16.8693
16.9048
16.9461
16.9923
17.0398
17.1036
16.5948
16.6221
16.6526
16.6876
16.7282
16.7735
16.8198
16.8822
16.3685
16.3955
16.4257
16.4602
16.5002
16.5446
16.5896
16.6508
16.1319
16.1588
16.1886
16.2227
16.2621
16.3057
16.3496
16.4096
15.8856
15.9123
15.9418
15.9756
16.0144
16.0571
16.1
16.1589
15.6296
15.656
15.6853
15.7187
15.7569
15.799
15.8408
15.8986
15.3643
15.3906
15.4196
15.4526
15.4904
15.5317
15.5725
15.6294
15.0906
15.1165
15.1453
15.1779
15.2151
15.2557
15.2956
15.3516
14.8086
14.8343
14.8628
14.895
14.9317
14.9716
15.0106
15.0657
14.5183
14.5438
14.572
14.604
14.6402
14.6795
14.7177
14.772
14.2199
14.2453
14.2733
14.305
14.3408
14.3795
14.4169
14.4704
13.9136
13.9388
13.9667
13.9981
14.0335
14.0717
14.1083
14.1612
13.5998
13.6248
13.6525
13.6836
13.7186
13.7562
13.7921
13.8442
13.2784
13.3033
13.3307
13.3616
13.3962
13.4333
13.4686
13.5201
12.9498
12.9746
13.0019
13.0325
13.0667
13.1034
13.1379
13.1889
12.6142
12.6389
12.666
12.6963
12.7303
12.7665
12.8004
12.8509
12.2718
12.2964
12.3233
12.3534
12.387
12.4228
12.4561
12.506
11.9224
11.9469
11.9738
12.0037
12.037
12.0723
12.1051
12.1545
11.5664
11.5908
11.6175
11.6472
11.6802
11.7151
11.7474
11.7963
11.2036
11.2279
11.2545
11.2841
11.3168
11.3514
11.3832
11.4316
10.8344
10.8587
10.8851
10.9145
10.9469
10.9811
11.0124
11.0604
10.4588
10.483
10.5094
10.5386
10.5708
10.6047
10.6355
10.6832
10.077
10.1012
10.1275
10.1565
10.1884
10.2219
10.2523
10.2995
9.68904
9.71316
9.73937
9.76823
9.79993
9.83319
9.86317
9.91005
9.29504
9.31911
9.34522
9.3739
9.40534
9.43826
9.46781
9.51431
8.89493
8.91898
8.94504
8.9736
9.00484
9.0375
9.06668
9.11287
8.48909
8.51311
8.53908
8.56748
8.59847
8.63082
8.65959
8.70543
8.07737
8.10137
8.12729
8.15559
8.18641
8.21853
8.24698
8.29255
7.6601
7.68409
7.70994
7.73811
7.76872
7.80057
7.82873
7.87407
7.23708
7.26106
7.28688
7.31495
7.34539
7.37705
7.40529
7.45109
6.80851
6.83246
6.8582
6.88614
6.91637
6.94771
6.97577
7.02167
6.37435
6.39826
6.42392
6.45174
6.48179
6.51289
6.54066
6.58632
5.93482
5.95866
5.98423
6.0119
6.04176
6.07263
6.10013
6.14554
5.48998
5.51374
5.53918
5.56668
5.59632
5.62693
5.6541
5.69919
5.04
5.06366
5.08899
5.11634
5.14578
5.1762
5.20312
5.24799
4.58493
4.60843
4.63355
4.66065
4.6898
4.71989
4.74641
4.79086
4.125
4.14833
4.17329
4.2002
4.22914
4.25903
4.28537
4.32973
3.65984
3.68281
3.7074
3.73393
3.76246
3.79197
3.81789
3.86184
3.19029
3.21293
3.23718
3.26336
3.29152
3.32067
3.34627
3.38998
2.71404
2.73561
2.75891
2.78427
2.81177
2.84045
2.86574
2.90933
2.23585
2.25698
2.27977
2.30454
2.33136
2.35936
2.38403
2.42694
1.74357
1.76121
1.78113
1.80369
1.829
1.85624
1.88081
1.92474
1.26287
1.2813
1.30128
1.32317
1.3471
1.37234
1.39491
1.43524
0.739373
0.746943
0.758034
0.773227
0.792923
0.816004
0.83495
0.883369
0.302178
0.320235
0.336621
0.351754
0.366675
0.383746
0.400938
0.376919
)
;

boundaryField
{
    frontAndBack
    {
        type            empty;
    }
    inlet
    {
        type            zeroGradient;
    }
    outlet
    {
        type            fixedValue;
        value           uniform 0;
    }
    walls
    {
        type            zeroGradient;
    }
}


// ************************************************************************* //
