/*--------------------------------*- C++ -*----------------------------------*\
| =========                 |                                                 |
| \\      /  F ield         | OpenFOAM: The Open Source CFD Toolbox           |
|  \\    /   O peration     | Version:  v2012                                 |
|   \\  /    A nd           | Website:  www.openfoam.com                      |
|    \\/     M anipulation  |                                                 |
\*---------------------------------------------------------------------------*/
FoamFile
{
    version     2.0;
    format      ascii;
    class       volScalarField;
    location    "0.053";
    object      p;
}
// * * * * * * * * * * * * * * * * * * * * * * * * * * * * * * * * * * * * * //

dimensions      [0 2 -2 0 0 0 0];


internalField   nonuniform List<scalar> 
5600
(
-14.1186
-15.083
-16.0356
-17.0266
-18.0866
-19.1882
-20.2919
-21.3602
-22.3773
-23.3398
-24.2541
-25.1126
-25.9157
-26.6723
-27.3885
-28.0771
-28.7418
-29.3911
-30.0322
-30.6698
-31.305
-31.9384
-32.5683
-33.1949
-33.8187
-34.437
-35.0523
-35.6655
-36.2768
-36.886
-37.4947
-38.1034
-38.7104
-39.3179
-39.9237
-40.5293
-41.1318
-41.7346
-42.3365
-42.9377
-43.5357
-44.134
-44.7284
-45.3234
-45.9141
-46.506
-47.0949
-47.6827
-48.2686
-48.8526
-49.4397
-50.0215
-50.6109
-51.1886
-51.7774
-52.3516
-52.9292
-53.4996
-54.0571
-54.6214
-55.1645
-55.7216
-56.2584
-56.8083
-57.3453
-57.8853
-58.4278
-58.9556
-59.5069
-60.0299
-60.5843
-61.1087
-61.6565
-62.1949
-62.7262
-63.283
-63.7987
-64.3693
-64.8785
-65.4429
-65.9725
-66.509
-67.0738
-67.5737
-68.1659
-68.6522
-69.2422
-69.7544
-70.2962
-70.8711
-71.3549
-71.9608
-72.4431
-73.0355
-73.5608
-74.0681
-74.6916
-75.1099
-75.7443
-76.0462
-14.217
-15.107
-16.0533
-17.0397
-18.0965
-19.1974
-20.301
-21.3688
-22.3869
-23.3501
-24.2634
-25.1212
-25.9243
-26.6815
-27.3988
-28.0889
-28.7551
-29.406
-30.0481
-30.6863
-31.3225
-31.9566
-32.587
-33.214
-33.838
-34.4564
-35.072
-35.6855
-36.2969
-36.9062
-37.5151
-38.124
-38.7312
-39.3389
-39.945
-40.5507
-41.1533
-41.7562
-42.3582
-42.9594
-43.5576
-44.1559
-44.7504
-45.3455
-45.9363
-46.5281
-47.1171
-47.7048
-48.2909
-48.8747
-49.4621
-50.0436
-50.6332
-51.2108
-51.7995
-52.3742
-52.9514
-53.5224
-54.0795
-54.6443
-55.1871
-55.7437
-56.2814
-56.83
-57.3685
-57.9071
-58.4507
-58.9776
-59.5292
-60.0527
-60.6058
-61.1323
-61.6777
-62.2182
-62.7479
-63.3057
-63.8213
-64.3905
-64.903
-65.4627
-65.9973
-66.5298
-67.0969
-67.5968
-68.1862
-68.6785
-69.2596
-69.781
-70.3163
-70.8948
-71.3788
-71.9801
-72.4701
-73.0523
-73.5878
-74.0901
-74.7094
-75.1331
-75.7632
-76.0504
-14.2985
-15.1281
-16.0815
-17.0681
-18.1189
-19.2139
-20.3126
-21.3774
-22.3914
-23.3536
-24.2651
-25.1219
-25.9247
-26.682
-27.3993
-28.0899
-28.7565
-29.4076
-30.0499
-30.6887
-31.3253
-31.9597
-32.5902
-33.2175
-33.8423
-34.4615
-35.0776
-35.6914
-36.3032
-36.9131
-37.5222
-38.1313
-38.7384
-39.3462
-39.9523
-40.5579
-41.1606
-41.7635
-42.3655
-42.9667
-43.565
-44.1631
-44.7578
-45.3527
-45.9436
-46.5353
-47.1244
-47.712
-48.2981
-48.8819
-49.4694
-50.0509
-50.6405
-51.2183
-51.8067
-52.3822
-52.9585
-53.5302
-54.0865
-54.6516
-55.195
-55.7516
-56.2904
-56.8381
-57.3776
-57.9154
-58.4597
-58.9866
-59.5376
-60.0623
-60.6138
-61.1419
-61.6857
-62.2275
-62.7565
-63.3141
-63.8308
-64.3978
-64.9132
-65.4696
-66.0074
-66.5376
-67.1052
-67.6067
-68.192
-68.69
-69.2649
-69.7922
-70.3229
-70.9027
-71.3887
-71.985
-72.4828
-73.057
-73.5965
-74.1016
-74.71
-75.1613
-75.747
-76.1487
-14.3896
-15.1583
-16.11
-17.0951
-18.1384
-19.228
-20.3241
-21.3889
-22.4006
-23.3639
-24.2763
-25.1343
-25.9386
-26.6971
-27.4159
-28.106
-28.7735
-29.4248
-30.0668
-30.7047
-31.34
-31.973
-32.6021
-33.2284
-33.8529
-34.472
-35.0878
-35.7018
-36.3144
-36.9254
-37.5352
-38.1448
-38.7524
-39.3607
-39.9671
-40.5729
-41.1756
-41.7786
-42.3808
-42.982
-43.5805
-44.1786
-44.7736
-45.3685
-45.9599
-46.5517
-47.1411
-47.7286
-48.3149
-48.8987
-49.4862
-50.0679
-50.6572
-51.2356
-51.8236
-52.4001
-52.9759
-53.5484
-54.1052
-54.67
-55.2144
-55.7687
-56.3093
-56.8548
-57.3961
-57.9326
-58.4772
-59.0047
-59.5541
-60.0812
-60.6298
-61.1609
-61.7021
-62.2457
-62.7743
-63.3306
-63.8507
-64.4126
-64.9344
-65.4843
-66.027
-66.5555
-67.1209
-67.629
-68.2041
-68.7146
-69.277
-69.8143
-70.3413
-70.9177
-71.4139
-71.9941
-72.5099
-73.0703
-73.6161
-74.1249
-74.715
-75.1929
-75.7578
-76.2027
-14.4818
-15.1892
-16.1358
-17.1224
-18.1597
-19.2444
-20.3381
-21.4013
-22.4123
-23.3755
-24.2878
-25.1455
-25.9504
-26.7091
-27.4293
-28.1188
-28.7874
-29.4398
-30.0826
-30.721
-31.3568
-31.9901
-32.6196
-33.2461
-33.8703
-34.4891
-35.1044
-35.7177
-36.3299
-36.9403
-37.5493
-38.158
-38.7651
-39.3729
-39.9795
-40.5856
-41.1887
-41.792
-42.3944
-42.9958
-43.5946
-44.1928
-44.7881
-45.3831
-45.9749
-46.5667
-47.1564
-47.7436
-48.3299
-48.9138
-49.501
-50.0834
-50.6719
-51.252
-51.8383
-52.4167
-52.9912
-53.5643
-54.1213
-54.6843
-55.2321
-55.7839
-56.3271
-56.8705
-57.4136
-57.9495
-58.4935
-59.0231
-59.569
-60.1004
-60.6447
-61.1796
-61.718
-62.2627
-62.7924
-63.3449
-63.8714
-64.425
-64.9555
-65.4981
-66.0452
-66.5738
-67.1335
-67.6521
-68.2129
-68.7389
-69.2885
-69.8338
-70.3596
-70.9281
-71.4407
-71.9995
-72.5346
-73.082
-73.6314
-74.1507
-74.7179
-75.2274
-75.7656
-76.2568
-14.5727
-15.2221
-16.1621
-17.1523
-18.1839
-19.263
-20.354
-21.4154
-22.4261
-23.3888
-24.3009
-25.1587
-25.9643
-26.7239
-27.4451
-28.1356
-28.8051
-29.4583
-30.1017
-30.7402
-31.3759
-32.0092
-32.6387
-33.2652
-33.8888
-34.5078
-35.1234
-35.7369
-36.3493
-36.9598
-37.5689
-38.1775
-38.7847
-39.3917
-39.9987
-40.6041
-41.2072
-41.8097
-42.4118
-43.0124
-43.6111
-44.2084
-44.8038
-45.3984
-45.9902
-46.5825
-47.1727
-47.7598
-48.346
-48.9303
-49.5169
-50.1009
-50.6878
-51.2707
-51.8546
-52.4354
-53.009
-53.5822
-54.1412
-54.7017
-55.254
-55.8018
-56.3477
-56.8887
-57.433
-57.9694
-58.5109
-59.045
-59.585
-60.1226
-60.6614
-61.2003
-61.7367
-62.2811
-62.8145
-63.3593
-63.8967
-64.4386
-64.9793
-65.5149
-66.0641
-66.5974
-67.1453
-67.6823
-68.2218
-68.7667
-69.3028
-69.8535
-70.3853
-70.9371
-71.474
-72.006
-72.565
-73.0993
-73.6466
-74.1819
-74.7232
-75.2624
-75.7829
-76.3119
-14.659
-15.2571
-16.1893
-17.1836
-18.2099
-19.2835
-20.372
-21.432
-22.4424
-23.4046
-24.3165
-25.1745
-25.9809
-26.7412
-27.463
-28.1545
-28.8245
-29.4782
-30.122
-30.7607
-31.3965
-32.0297
-32.6593
-33.2857
-33.9092
-34.5285
-35.1443
-35.7579
-36.3702
-36.9806
-37.5899
-38.1983
-38.8059
-39.4127
-40.0199
-40.6251
-41.2286
-41.8308
-42.4334
-43.0334
-43.6328
-44.2293
-44.8251
-45.4191
-46.0108
-46.6027
-47.1936
-47.78
-48.3656
-48.9503
-49.5349
-50.1208
-50.7047
-51.2907
-51.8713
-52.4546
-53.028
-53.6004
-54.1631
-54.7199
-55.277
-55.8202
-56.3703
-56.9094
-57.4534
-57.9922
-58.5299
-59.0696
-59.6027
-60.1467
-60.6806
-61.2224
-61.7587
-62.2999
-62.8401
-63.3748
-63.9244
-64.4544
-65.0036
-65.5365
-66.0828
-66.6246
-67.1582
-67.7143
-68.2341
-68.794
-69.3227
-69.8724
-70.4138
-70.9474
-71.5079
-72.0182
-72.5906
-73.1214
-73.663
-74.2113
-74.7358
-75.291
-75.8092
-76.3656
-14.7368
-15.2937
-16.2177
-17.2159
-18.2377
-19.3063
-20.3928
-21.4517
-22.4617
-23.4235
-24.3352
-25.1936
-26.0004
-26.7612
-27.4837
-28.176
-28.8463
-29.5006
-30.1448
-30.7838
-31.4197
-32.0529
-32.6825
-33.3089
-33.9323
-34.5517
-35.1675
-35.7812
-36.3935
-37.0039
-37.6132
-38.2216
-38.8292
-39.4361
-40.0432
-40.6483
-41.2519
-41.8541
-42.4566
-43.0566
-43.656
-44.2525
-44.8485
-45.4423
-46.0345
-46.626
-47.2171
-47.8031
-48.3889
-48.9741
-49.558
-50.1453
-50.7274
-51.3152
-51.8944
-52.4773
-53.0516
-53.6216
-54.1874
-54.7418
-55.3007
-55.8433
-56.3941
-56.9335
-57.4759
-58.017
-58.5522
-59.0946
-59.6247
-60.1714
-60.7037
-61.2463
-61.7832
-62.3213
-62.866
-63.3956
-63.9503
-64.4769
-65.0282
-65.5621
-66.1033
-66.6501
-67.1782
-67.7401
-68.2565
-68.8196
-69.3488
-69.8922
-70.439
-70.9668
-71.5319
-72.0438
-72.611
-73.1463
-73.6843
-74.2356
-74.7621
-75.3122
-75.8441
-76.4175
-14.8027
-15.3305
-16.2474
-17.2487
-18.2671
-19.3318
-20.4167
-21.4749
-22.4845
-23.446
-24.3576
-25.2161
-26.0232
-26.7844
-27.5075
-28.2005
-28.8712
-29.5258
-30.1704
-30.8096
-31.4455
-32.0786
-32.7082
-33.3345
-33.9579
-34.5773
-35.1932
-35.807
-36.4192
-37.0297
-37.639
-38.2474
-38.8551
-39.4621
-40.0689
-40.674
-41.2777
-41.8801
-42.4824
-43.0826
-43.6818
-44.2785
-44.8744
-45.4682
-46.0605
-46.6519
-47.2425
-47.8289
-48.4148
-48.9999
-49.5839
-50.1709
-50.7537
-51.341
-51.9209
-52.5023
-53.0783
-53.6462
-54.2133
-54.7677
-55.3252
-55.8709
-56.4185
-56.9605
-57.501
-58.0431
-58.5785
-59.1199
-59.6515
-60.1966
-60.7305
-61.2718
-61.8094
-62.3471
-62.8915
-63.4234
-63.9746
-64.5053
-65.0525
-65.5889
-66.1288
-66.6748
-67.2068
-67.763
-68.2876
-68.8422
-69.3763
-69.9171
-70.4634
-70.9965
-71.5539
-72.0756
-72.6329
-73.1733
-73.7112
-74.2605
-74.7926
-75.3398
-75.8814
-76.4655
-14.8519
-15.365
-16.2784
-17.2813
-18.2979
-19.3602
-20.4444
-21.5021
-22.5117
-23.4729
-24.3843
-25.243
-26.0503
-26.8118
-27.5351
-28.2284
-28.8992
-29.5541
-30.199
-30.8382
-31.4741
-32.1073
-32.737
-33.3633
-33.9866
-34.6059
-35.222
-35.8358
-36.448
-37.0585
-37.6678
-38.2762
-38.8838
-39.4911
-40.0977
-40.7027
-41.3065
-41.9089
-42.511
-43.1114
-43.7105
-44.3073
-44.903
-45.4969
-46.0893
-46.6807
-47.2709
-47.8578
-48.4436
-49.0286
-49.6129
-50.1993
-50.7832
-51.3693
-51.9502
-52.5307
-53.1066
-53.6748
-54.2413
-54.797
-55.3531
-55.9004
-56.4469
-56.9898
-57.5298
-58.0716
-58.6078
-59.148
-59.6817
-60.2242
-60.7602
-61.3001
-61.8384
-62.3764
-62.9196
-63.454
-64.0013
-64.536
-65.0798
-65.6184
-66.1582
-66.7028
-67.2378
-67.7889
-68.3194
-68.8681
-69.4062
-69.9463
-70.4914
-71.0277
-71.5795
-72.1084
-72.6594
-73.2026
-73.7413
-74.2884
-74.825
-75.3711
-75.9195
-76.5074
-14.8767
-15.3934
-16.3089
-17.3116
-18.3279
-19.3905
-20.4749
-21.5325
-22.5423
-23.5035
-24.4148
-25.2734
-26.0807
-26.8422
-27.5655
-28.2588
-28.9295
-29.5844
-30.2293
-30.8685
-31.5045
-32.1376
-32.7674
-33.3937
-34.0169
-34.6361
-35.2523
-35.8661
-36.4782
-37.0888
-37.6981
-38.3065
-38.9141
-39.5215
-40.1279
-40.733
-41.3368
-41.9393
-42.5413
-43.1418
-43.7408
-44.3378
-44.9333
-45.5273
-46.1198
-46.7112
-47.301
-47.8881
-48.4739
-49.0589
-49.6434
-50.2293
-50.814
-51.3993
-51.9809
-52.5609
-53.1366
-53.7055
-54.2711
-54.8278
-55.3829
-55.9311
-56.4771
-57.0202
-57.5603
-58.1016
-58.6386
-59.1777
-59.7128
-60.2536
-60.791
-61.3301
-61.8687
-62.407
-62.9491
-63.4856
-64.0302
-64.5674
-65.1093
-65.6492
-66.1889
-66.7325
-67.2696
-67.8169
-68.3519
-68.897
-69.437
-69.9771
-70.521
-71.0597
-71.6074
-72.1415
-72.6883
-73.2331
-73.7726
-74.3182
-74.8586
-75.4042
-75.9574
-76.5421
-14.8747
-15.4129
-16.336
-17.3366
-18.3543
-19.4195
-20.5051
-21.5632
-22.5734
-23.5348
-24.4461
-25.3046
-26.1116
-26.8727
-27.5955
-28.2887
-28.9591
-29.6137
-30.2585
-30.8976
-31.5336
-32.1667
-32.7965
-33.4228
-34.046
-34.6651
-35.2813
-35.8951
-36.5072
-37.1178
-37.7271
-38.3355
-38.943
-39.5507
-40.157
-40.762
-41.3658
-41.9683
-42.5703
-43.1708
-43.7698
-44.3669
-44.9624
-45.5564
-46.1489
-46.7402
-47.3298
-47.9171
-48.5029
-49.0878
-49.6723
-50.258
-50.8432
-51.4281
-52.0104
-52.5901
-53.1655
-53.735
-54.3
-54.8572
-55.4116
-55.9604
-56.5061
-57.049
-57.5895
-58.1303
-58.6679
-59.2062
-59.7421
-60.2819
-60.82
-61.3589
-61.8974
-62.4362
-62.9774
-63.5154
-64.0581
-64.5969
-65.1378
-65.6781
-66.2183
-66.7606
-67.2996
-67.8442
-68.3822
-68.925
-69.4661
-70.0064
-70.5489
-71.0899
-71.6345
-72.1725
-72.7164
-73.2619
-73.8024
-74.3467
-74.8903
-75.4353
-75.9919
-76.5688
-14.851
-15.4253
-16.3588
-17.3558
-18.3765
-19.446
-20.5335
-21.5924
-22.6032
-23.5648
-24.4762
-25.3345
-26.141
-26.9016
-27.6238
-28.3165
-28.9864
-29.6405
-30.285
-30.924
-31.56
-32.1932
-32.823
-33.4493
-34.0725
-34.6915
-35.3076
-35.9215
-36.5335
-37.1441
-37.7533
-38.3617
-38.9691
-39.5771
-40.1832
-40.7882
-41.392
-41.9946
-42.5966
-43.1971
-43.7962
-44.3932
-44.9886
-45.5828
-46.1754
-46.7667
-47.356
-47.9434
-48.5293
-49.1142
-49.6988
-50.2842
-50.8695
-51.4541
-52.0371
-52.6163
-53.1919
-53.7616
-54.326
-54.8842
-55.4374
-55.9871
-56.5322
-57.0754
-57.616
-58.1559
-58.6944
-59.2318
-59.7688
-60.3075
-60.8463
-61.385
-61.923
-62.4628
-63.0027
-63.5425
-64.0834
-64.6234
-65.1636
-65.704
-66.2449
-66.7858
-67.3267
-67.869
-68.4096
-68.9502
-69.4924
-70.0327
-70.5741
-71.117
-71.6593
-72.2003
-72.7416
-73.2885
-73.8287
-74.3728
-74.9193
-75.463
-76.0223
-76.5896
-14.8107
-15.4334
-16.378
-17.3705
-18.3953
-19.4702
-20.56
-21.62
-22.6314
-23.5932
-24.5048
-25.3628
-26.1688
-26.9288
-27.65
-28.3425
-29.0116
-29.6651
-30.3092
-30.948
-31.5841
-32.2172
-32.8471
-33.4734
-34.0966
-34.7154
-35.3316
-35.9454
-36.5574
-37.1679
-37.7771
-38.3855
-38.9928
-39.6011
-40.2071
-40.8121
-41.4159
-42.0184
-42.6205
-43.221
-43.8201
-44.4172
-45.0123
-45.6063
-46.1994
-46.7905
-47.3796
-47.967
-48.5528
-49.1377
-49.7222
-50.3077
-50.8933
-51.4779
-52.0616
-52.6406
-53.2164
-53.7859
-54.35
-54.9085
-55.4611
-56.011
-56.5559
-57.0992
-57.6397
-58.1791
-58.7181
-59.2552
-59.7927
-60.3305
-60.8702
-61.4081
-61.9467
-62.4862
-63.0259
-63.5665
-64.1063
-64.6474
-65.1867
-65.7279
-66.2682
-66.8094
-67.3505
-67.892
-68.4337
-68.9732
-69.5166
-70.0556
-70.5985
-71.1399
-71.6829
-72.2243
-72.7643
-73.313
-73.8514
-74.3984
-74.942
-75.4902
-76.0469
-76.6082
-14.758
-15.439
-16.3937
-17.3815
-18.4115
-19.4922
-20.5848
-21.6461
-22.6582
-23.6203
-24.532
-25.3896
-26.1949
-26.9541
-27.6743
-28.3663
-29.0346
-29.6874
-30.3312
-30.9699
-31.6059
-32.2391
-32.869
-33.4952
-34.1185
-34.737
-35.3531
-35.9669
-36.579
-37.1894
-37.7987
-38.4069
-39.0143
-39.6226
-40.2285
-40.8333
-41.4371
-42.0396
-42.6416
-43.2423
-43.8414
-44.4386
-45.034
-45.6281
-46.2215
-46.8127
-47.402
-47.9898
-48.5758
-49.1612
-49.746
-50.332
-50.9178
-51.5027
-52.0859
-52.6646
-53.2397
-53.8085
-54.3726
-54.9302
-55.4832
-56.0324
-56.5774
-57.1206
-57.661
-58.2006
-58.739
-59.2771
-59.8138
-60.3517
-60.8917
-61.429
-61.9685
-62.5069
-63.0477
-63.5874
-64.1278
-64.6687
-65.2078
-65.7496
-66.289
-66.8314
-67.3709
-67.9141
-68.4543
-68.9947
-69.538
-70.0762
-70.6208
-71.1599
-71.7055
-72.2446
-72.7864
-73.3339
-73.8725
-74.4212
-74.962
-75.5152
-76.0659
-76.6268
-14.6978
-15.4428
-16.4061
-17.3899
-18.4255
-19.5117
-20.6074
-21.6704
-22.6833
-23.6459
-24.5579
-25.4152
-26.2196
-26.9781
-27.6972
-28.3883
-29.0556
-29.7078
-30.3511
-30.9895
-31.6256
-32.2589
-32.8887
-33.5153
-34.1385
-34.7568
-35.3726
-35.9861
-36.5979
-37.2083
-37.8176
-38.4257
-39.0338
-39.642
-40.2482
-40.8533
-41.4577
-42.0607
-42.6631
-43.2645
-43.864
-44.4615
-45.0572
-45.6514
-46.2442
-46.835
-47.4241
-48.0119
-48.5979
-49.1832
-49.7678
-50.3537
-50.9392
-51.524
-52.1067
-52.6852
-53.26
-53.8283
-54.3925
-54.9496
-55.5028
-56.0518
-56.5967
-57.14
-57.6801
-58.2201
-58.7578
-59.297
-59.8327
-60.3712
-60.9108
-61.4482
-61.9881
-62.5257
-63.0676
-63.606
-64.1476
-64.6874
-65.2274
-65.7687
-66.308
-66.8512
-67.3893
-67.9342
-68.4727
-69.0147
-69.5567
-70.0956
-70.6404
-71.1783
-71.7258
-72.2627
-72.8069
-73.3522
-73.8925
-74.4406
-74.9814
-75.5372
-76.0832
-76.6453
-14.6333
-15.4452
-16.415
-17.3972
-18.4391
-19.5299
-20.628
-21.6924
-22.7059
-23.6685
-24.5811
-25.4379
-26.2422
-26.9993
-27.7185
-28.4088
-29.075
-29.7262
-30.3689
-31.0068
-31.6427
-32.2758
-32.9051
-33.5322
-34.1553
-34.7742
-35.3907
-36.0048
-36.6172
-37.2285
-37.8385
-38.4475
-39.056
-39.6642
-40.2702
-40.8748
-41.4789
-42.0817
-42.6839
-43.2851
-43.8844
-44.4816
-45.0771
-45.671
-46.2635
-46.8543
-47.4433
-48.0312
-48.6171
-49.2024
-49.787
-50.3728
-50.9582
-51.5429
-52.1253
-52.7036
-53.2781
-53.8461
-54.4104
-54.9669
-55.5202
-56.069
-56.6137
-57.1571
-57.6968
-58.2371
-58.7743
-59.3141
-59.8492
-60.3883
-60.9274
-61.4651
-62.0051
-62.5423
-63.0848
-63.6225
-64.1649
-64.7039
-65.2447
-65.7854
-66.325
-66.8683
-67.4059
-67.9517
-68.4889
-69.0323
-69.573
-70.1129
-70.6573
-71.1949
-71.7434
-72.2788
-72.8247
-73.3681
-73.9103
-74.4569
-74.9982
-75.5539
-76.0984
-76.6617
-14.5668
-15.4453
-16.4177
-17.4009
-18.4521
-19.5486
-20.6492
-21.7153
-22.7291
-23.6912
-24.6035
-25.459
-26.2624
-27.0178
-27.737
-28.4263
-29.0919
-29.7432
-30.3862
-31.0248
-31.6619
-32.2965
-32.9273
-33.5551
-34.1783
-34.7976
-35.4141
-36.0278
-36.639
-37.2494
-37.8588
-38.4673
-39.0756
-39.6833
-40.2892
-40.8938
-41.4978
-42.1006
-42.7027
-43.3038
-43.9032
-44.5003
-45.0957
-45.6894
-46.2816
-46.8724
-47.4613
-48.0492
-48.6351
-49.2204
-49.8049
-50.3906
-50.9759
-51.5606
-52.1428
-52.7211
-53.2955
-53.8634
-54.4277
-54.9842
-55.5377
-56.0864
-56.6313
-57.1748
-57.7145
-58.2549
-58.7921
-59.3321
-59.8669
-60.4063
-60.945
-61.483
-62.0227
-62.56
-63.1026
-63.64
-64.1829
-64.7213
-65.2627
-65.8027
-66.3428
-66.8859
-67.4234
-67.9697
-68.5061
-69.0505
-69.5902
-70.1311
-70.6747
-71.2126
-71.7612
-72.2961
-72.8431
-73.385
-73.929
-74.474
-75.0176
-75.5729
-76.1172
-76.6792
-14.5076
-15.4514
-16.4166
-17.3957
-18.4527
-19.5544
-20.6602
-21.7312
-22.7464
-23.7103
-24.6241
-25.48
-26.2832
-27.0384
-27.7571
-28.4456
-29.1107
-29.7615
-30.4042
-31.0426
-31.6794
-32.314
-32.9444
-33.5716
-34.1934
-34.812
-35.4279
-36.0412
-36.6518
-37.2618
-37.871
-38.4793
-39.0875
-39.6951
-40.3009
-40.9054
-41.5092
-42.1119
-42.7139
-43.315
-43.9141
-44.5112
-45.1065
-45.7002
-46.2923
-46.883
-47.4719
-48.0597
-48.6455
-49.2308
-49.8153
-50.401
-50.9862
-51.5709
-52.153
-52.7312
-53.3054
-53.8732
-54.4373
-54.9936
-55.5469
-56.0953
-56.6401
-57.1835
-57.7232
-58.2635
-58.8005
-59.3406
-59.8753
-60.4149
-60.9534
-61.4916
-62.0313
-62.5686
-63.1112
-63.6485
-64.1917
-64.7298
-65.2715
-65.8112
-66.3516
-66.8945
-67.4321
-67.9784
-68.5146
-69.0594
-69.5986
-70.1399
-70.6832
-71.2213
-71.7699
-72.3046
-72.852
-73.3933
-73.9379
-74.4821
-75.026
-75.5804
-76.1248
-76.6862
-14.4316
-15.4579
-16.4366
-17.4234
-18.4844
-19.586
-20.6925
-21.7644
-22.7774
-23.7422
-24.6575
-25.5143
-26.3175
-27.0724
-27.79
-28.4774
-29.1412
-29.7906
-30.432
-31.0693
-31.7052
-32.3391
-32.9691
-33.596
-34.2179
-34.8364
-35.4522
-36.0652
-36.6758
-37.2856
-37.8946
-38.5028
-39.1108
-39.7181
-40.3239
-40.9282
-41.532
-42.1347
-42.7366
-43.3376
-43.9368
-44.5338
-45.1291
-45.7227
-46.3149
-46.9055
-47.4945
-48.0822
-48.6681
-49.2533
-49.8378
-50.4235
-51.0087
-51.5934
-52.1754
-52.7535
-53.3278
-53.8955
-54.4596
-55.0158
-55.5692
-56.1176
-56.6625
-57.2058
-57.7457
-58.2858
-58.823
-59.363
-59.8976
-60.4375
-60.9756
-61.5142
-62.0535
-62.5911
-63.1336
-63.6709
-64.2141
-64.752
-65.2942
-65.8334
-66.3742
-66.9167
-67.4546
-68.0008
-68.5369
-69.082
-69.6205
-70.1627
-70.7052
-71.244
-71.792
-72.3271
-72.8745
-73.4153
-73.961
-74.5039
-75.0494
-75.6022
-76.1482
-76.708
-76.5873
-80.7458
-82.5934
-81.5571
-77.9796
-73.8516
-70.1225
-67.0416
-64.4565
-61.0193
-56.2177
-48.1497
-36.4447
-24.6144
-17.0379
-13.969
-13.9664
-14.7211
-14.6834
-12.2077
-8.18494
-4.8588
-2.41302
-0.323618
1.44519
2.86338
3.99904
4.8792
5.50902
5.94597
6.2434
6.44038
6.57359
6.66149
6.71343
6.74184
6.74657
6.72554
6.68482
6.62931
6.56451
6.48738
6.3889
6.27687
6.16494
6.04401
5.93748
5.84446
5.75776
5.66149
5.55101
5.44618
5.34044
5.23203
5.12292
5.01311
4.90277
4.79207
4.68115
4.57008
4.45894
4.34775
4.23653
4.12529
4.01404
3.90279
3.79153
3.68026
3.569
3.45774
3.34648
3.23522
3.12395
3.01269
2.90143
2.79016
2.6789
2.56763
2.45636
2.3451
2.23384
2.12257
2.0113
1.90003
1.78876
1.67748
1.5662
1.45491
1.34359
1.23224
1.12081
1.00926
0.8975
0.785369
0.672555
0.558653
0.442564
0.323865
0.198256
0.0722578
-76.6992
-80.1998
-82.1679
-81.1956
-77.7144
-73.6663
-69.9553
-66.9014
-64.2585
-60.7115
-55.8472
-47.6906
-36.3745
-24.8343
-17.7154
-14.9159
-15.0623
-15.7793
-15.5432
-12.8141
-8.45147
-4.84908
-2.26004
-0.140013
1.60475
2.97613
4.06651
4.90622
5.51248
5.93743
6.22953
6.42531
6.55844
6.64657
6.69893
6.72733
6.73222
6.71149
6.67064
6.61517
6.55097
6.4737
6.37487
6.26232
6.15046
6.03192
5.92655
5.83279
5.74347
5.64817
5.5388
5.4336
5.32811
5.2196
5.11036
5.00047
4.89008
4.77935
4.6684
4.55732
4.44617
4.33498
4.22376
4.11252
4.00127
3.89001
3.77875
3.66749
3.55622
3.44497
3.33371
3.22245
3.11118
2.99992
2.88865
2.77739
2.66612
2.55486
2.44359
2.33232
2.22106
2.1098
1.99853
1.88726
1.77599
1.66471
1.55344
1.44215
1.33084
1.21951
1.10811
0.996618
0.884956
0.773002
0.660501
0.547131
0.432015
0.314811
0.192077
0.0689916
-76.7577
-79.9216
-81.7977
-80.8063
-77.4182
-73.442
-69.7299
-66.6798
-63.9496
-60.3042
-55.3253
-47.1752
-36.2203
-25.0048
-18.4081
-15.9492
-16.2794
-16.973
-16.5159
-13.4783
-8.75567
-4.83135
-2.06923
0.0794526
1.79504
3.10853
4.14314
4.93821
5.51828
5.9292
6.215
6.40917
6.54204
6.63026
6.68292
6.7113
6.71643
6.69608
6.65514
6.59975
6.53612
6.45867
6.35939
6.24639
6.1344
6.01841
5.91478
5.82023
5.72917
5.63194
5.52499
5.41996
5.31429
5.20581
5.09646
4.98648
4.87602
4.76525
4.65429
4.5432
4.43204
4.32084
4.20962
4.09837
3.98713
3.87587
3.76461
3.65335
3.54208
3.43082
3.31956
3.2083
3.09704
2.98577
2.87451
2.76325
2.65198
2.54071
2.42945
2.31818
2.20692
2.09566
1.98439
1.87312
1.76185
1.65058
1.5393
1.42802
1.31673
1.20541
1.09405
0.982621
0.871072
0.759314
0.647164
0.534392
0.420363
0.304834
0.185295
0.0654402
-76.8592
-79.7254
-81.4615
-80.4405
-77.1202
-73.1867
-69.4771
-66.3683
-63.4969
-59.7421
-54.5987
-46.6124
-35.8592
-25.1356
-19.1291
-17.0728
-17.6295
-18.3192
-17.6208
-14.2151
-9.09736
-4.81381
-1.84924
0.3379
2.01614
3.26004
4.22905
4.97548
5.52627
5.92111
6.19967
6.39182
6.52426
6.61244
6.66529
6.69364
6.6991
6.6792
6.6382
6.58294
6.51988
6.44217
6.34224
6.22883
6.11686
6.00327
5.90182
5.80646
5.71408
5.61371
5.50964
5.40518
5.29883
5.19045
5.08105
4.97098
4.86045
4.74965
4.63866
4.52755
4.41639
4.30519
4.19396
4.08272
3.97147
3.86021
3.74895
3.63769
3.52642
3.41516
3.30391
3.19264
3.08138
2.97011
2.85885
2.74759
2.63632
2.52505
2.41379
2.30252
2.19126
2.08
1.96873
1.85746
1.74619
1.63492
1.52365
1.41238
1.3011
1.1898
1.07848
0.967124
0.855701
0.744163
0.632406
0.5203
0.407484
0.293824
0.17783
0.0615702
-76.9655
-79.5001
-81.1011
-80.0769
-76.8633
-72.9404
-69.2056
-65.9731
-62.8857
-58.9726
-53.5986
-45.8215
-35.2157
-25.3403
-19.9045
-18.2849
-19.1256
-19.8414
-18.8739
-15.042
-9.46726
-4.79323
-1.60414
0.633534
2.26564
3.42913
4.32467
5.01814
5.53627
5.913
6.18335
6.37305
6.50492
6.59297
6.64593
6.67424
6.68007
6.66074
6.61972
6.56463
6.50208
6.42411
6.32345
6.20985
6.09746
5.98625
5.88717
5.79144
5.69644
5.59466
5.49298
5.38884
5.2818
5.17342
5.06394
4.9538
4.84321
4.73237
4.62136
4.51024
4.39907
4.28786
4.17663
4.06538
3.95413
3.84288
3.73162
3.62035
3.50909
3.39783
3.28657
3.17531
3.06404
2.95278
2.84152
2.73025
2.61899
2.50772
2.39646
2.28519
2.17393
2.06266
1.9514
1.84013
1.72886
1.6176
1.50633
1.39506
1.28379
1.17252
1.06125
0.949971
0.838688
0.727395
0.616073
0.50471
0.393239
0.281661
0.169589
0.0573342
-77.0536
-79.2537
-80.6912
-79.6858
-76.592
-72.6946
-68.9425
-65.5132
-62.1223
-57.9464
-52.2569
-44.5458
-34.5258
-25.6271
-20.7181
-19.5926
-20.7845
-21.5657
-20.2894
-15.9764
-9.8662
-4.76131
-1.3269
0.968246
2.54441
3.61661
4.43084
5.06627
5.54808
5.90466
6.16583
6.35266
6.48384
6.57172
6.62475
6.65299
6.65926
6.64058
6.59957
6.54466
6.48256
6.40432
6.30314
6.18969
6.07626
5.96639
5.8704
5.77497
5.67642
5.57478
5.47457
5.37046
5.26322
5.15465
5.04501
4.93475
4.8241
4.71322
4.60219
4.49104
4.37987
4.26866
4.15743
4.04618
3.93493
3.82368
3.71241
3.60115
3.48989
3.37863
3.26737
3.15611
3.04484
2.93358
2.82231
2.71105
2.59979
2.48852
2.37725
2.26599
2.15473
2.04346
1.9322
1.82093
1.70966
1.5984
1.48714
1.37588
1.26463
1.15338
1.04216
0.930969
0.819842
0.708819
0.59798
0.487437
0.377455
0.268183
0.160441
0.0526562
-77.1207
-78.9941
-80.2398
-79.2597
-76.2635
-72.4204
-68.6197
-64.9679
-61.2313
-56.6504
-50.6204
-43.0025
-33.9089
-25.8233
-21.5536
-21.0036
-22.6099
-23.4917
-21.8669
-17.0308
-10.3006
-4.71421
-1.01714
1.34149
2.85473
3.82499
4.54903
5.12008
5.5617
5.89597
6.14699
6.33051
6.46085
6.54858
6.60165
6.62982
6.63657
6.61862
6.57759
6.52275
6.46107
6.38263
6.28112
6.16786
6.05374
5.94373
5.85114
5.75617
5.65483
5.55345
5.45386
5.34999
5.24282
5.13399
5.02413
4.91372
4.80298
4.69206
4.581
4.46986
4.35865
4.24744
4.1362
4.02495
3.9137
3.80244
3.69118
3.57992
3.46865
3.35739
3.24613
3.13487
3.02361
2.91234
2.80108
2.68981
2.57855
2.46728
2.35602
2.24475
2.13349
2.02223
1.91096
1.7997
1.68843
1.57717
1.46592
1.35467
1.24343
1.13222
1.02105
0.909953
0.798996
0.688269
0.57796
0.468319
0.359973
0.253239
0.150272
0.047471
-77.169
-78.7333
-79.763
-78.7919
-75.8916
-72.1138
-68.2181
-64.3277
-60.1907
-55.1591
-48.8443
-41.4381
-33.1531
-25.9287
-22.4065
-22.479
-24.5604
-25.5517
-23.5503
-18.1775
-10.801
-4.64339
-0.665354
1.75246
3.19654
4.05737
4.68143
5.18008
5.57714
5.88692
6.12662
6.30637
6.43585
6.52346
6.57662
6.60471
6.61188
6.59455
6.55353
6.49877
6.43736
6.35877
6.25701
6.14408
6.02977
5.91925
5.82874
5.73419
5.63181
5.5302
5.43084
5.32737
5.22015
5.11106
5.001
4.89043
4.77957
4.66858
4.55747
4.44624
4.3351
4.22388
4.11264
4.00139
3.89014
3.77888
3.66762
3.55635
3.44509
3.33383
3.22257
3.11131
3.00005
2.88878
2.77752
2.66625
2.55499
2.44372
2.33246
2.22119
2.10993
1.99867
1.8874
1.77614
1.66488
1.55362
1.44237
1.33113
1.21991
1.10873
0.99762
0.886631
0.77586
0.665457
0.555726
0.447068
0.340512
0.236551
0.138851
0.0415961
-77.1966
-78.4786
-79.2799
-78.3009
-75.5019
-71.7693
-67.7678
-63.6199
-59.0613
-53.5741
-46.9787
-39.7416
-32.2228
-25.9886
-23.2272
-23.9323
-26.5153
-27.5806
-25.225
-19.2703
-11.3474
-4.59299
-0.265931
2.21805
3.56993
4.31547
4.83032
5.24681
5.59393
5.87712
6.10421
6.27955
6.40822
6.49607
6.54956
6.57766
6.58506
6.5681
6.52714
6.47238
6.41117
6.33259
6.23056
6.11806
6.00391
5.89337
5.8027
5.7094
5.60678
5.50462
5.40535
5.30232
5.19497
5.08566
4.97542
4.86471
4.75376
4.64271
4.53156
4.4204
4.30913
4.1979
4.08665
3.9754
3.86414
3.75288
3.64162
3.53036
3.4191
3.30783
3.19657
3.08531
2.97405
2.86278
2.75152
2.64026
2.52899
2.41773
2.30646
2.1952
2.08393
1.97267
1.86141
1.75014
1.63888
1.52763
1.41639
1.30516
1.19396
1.08282
0.971766
0.860889
0.750317
0.64026
0.531148
0.423546
0.318928
0.217958
0.126067
0.0349443
-77.2044
-78.2362
-78.8108
-77.8122
-75.1031
-71.4001
-67.2855
-62.8595
-57.864
-51.8912
-44.9632
-37.8914
-31.147
-25.9701
-23.9384
-25.2379
-28.2284
-29.4337
-26.779
-20.1853
-11.7822
-4.53772
0.166495
2.74304
3.97039
4.59262
4.99333
5.3203
5.61153
5.86647
6.0805
6.25084
6.37839
6.46648
6.52039
6.5486
6.55601
6.53904
6.49814
6.4433
6.38234
6.30367
6.20147
6.08942
5.97569
5.86555
5.77312
5.68187
5.5792
5.47638
5.377
5.27454
5.16698
5.05739
4.94695
4.83607
4.72499
4.61388
4.50268
4.3914
4.28022
4.16898
4.05773
3.94648
3.83522
3.72396
3.6127
3.50143
3.39017
3.27891
3.16765
3.05639
2.94512
2.83386
2.7226
2.61133
2.50007
2.3888
2.27754
2.16627
2.05501
1.94375
1.83248
1.72122
1.60996
1.49872
1.38748
1.27626
1.16509
1.05398
0.942996
0.83224
0.721881
0.612194
0.503745
0.397263
0.294728
0.196934
0.111459
0.0270673
-77.1979
-78.0231
-78.3932
-77.3619
-74.7236
-71.038
-66.8057
-62.1003
-56.6551
-50.1778
-42.9097
-35.9874
-30.0339
-25.8599
-24.435
-26.167
-29.461
-30.879
-28.0089
-20.8404
-12.0127
-4.38925
0.627285
3.26712
4.38167
4.87575
5.16059
5.39769
5.62929
5.85353
6.0548
6.22109
6.34826
6.43695
6.49136
6.51955
6.52636
6.50886
6.468
6.41275
6.35187
6.27319
6.1711
6.05945
5.94627
5.83685
5.74218
5.65235
5.55032
5.44695
5.34726
5.24529
5.13758
5.02778
4.91717
4.80616
4.69498
4.58382
4.47262
4.36129
4.25004
4.13879
4.02753
3.91627
3.80501
3.69375
3.58249
3.47122
3.35996
3.2487
3.13744
3.02618
2.91491
2.80365
2.69238
2.58112
2.46986
2.35859
2.24733
2.13606
2.0248
1.91354
1.80227
1.69101
1.57976
1.46852
1.35728
1.24608
1.13492
1.02385
0.912931
0.80229
0.692135
0.582806
0.475004
0.369614
0.269161
0.174475
0.0957162
0.0182035
-77.1853
-77.8545
-78.0593
-76.9907
-74.4038
-70.7253
-66.3859
-61.429
-55.5798
-48.6286
-41.0458
-34.282
-29.0537
-25.689
-24.7396
-26.6295
-30.1573
-31.7523
-28.7314
-21.1919
-12.0546
-4.15919
1.04165
3.69442
4.74246
5.12979
5.31326
5.47314
5.6523
5.84534
6.03193
6.19356
6.32046
6.41003
6.4649
6.49271
6.49817
6.48025
6.43967
6.38379
6.32264
6.24395
6.14226
6.03088
5.91825
5.80985
5.71301
5.62387
5.52282
5.41922
5.31909
5.21725
5.10943
4.99941
4.88859
4.77741
4.66613
4.55491
4.4435
4.33238
4.22111
4.10984
3.99859
3.88732
3.77606
3.6648
3.55354
3.44227
3.33101
3.21975
3.10849
2.99722
2.88596
2.7747
2.66343
2.55217
2.4409
2.32964
2.21838
2.10711
1.99585
1.88459
1.77332
1.66207
1.55081
1.43957
1.32835
1.21715
1.10601
0.994975
0.884112
0.773577
0.663606
0.554596
0.44737
0.342935
0.244361
0.152346
0.0799655
0.00868703
-77.1735
-77.7279
-77.8089
-76.7033
-74.1498
-70.475
-66.0423
-60.877
-54.6976
-47.3356
-39.4918
-32.9076
-28.2863
-25.5347
-24.9298
-26.8175
-30.4531
-32.1624
-29.012
-21.2904
-11.9638
-3.92714
1.35598
4.00655
5.00728
5.31789
5.42959
5.5343
5.67613
5.84282
6.01411
6.17107
6.2975
6.38715
6.44175
6.46905
6.47405
6.4553
6.41439
6.35708
6.29536
6.21737
6.11655
6.00521
5.89303
5.78591
5.68689
5.59789
5.49792
5.39442
5.29387
5.19193
5.08414
4.97402
4.8631
4.7518
4.64044
4.52912
4.41776
4.30652
4.19522
4.08394
3.97267
3.8614
3.75014
3.63888
3.52761
3.41635
3.30509
3.19382
3.08256
2.9713
2.86004
2.74877
2.63751
2.52625
2.41498
2.30372
2.19245
2.08119
1.96993
1.85866
1.7474
1.63615
1.52489
1.41366
1.30243
1.19125
1.08012
0.969109
0.858286
0.747833
0.638003
0.529242
0.422473
0.318797
0.221797
0.13188
0.0652203
-0.000912873
-77.1671
-77.6356
-77.6273
-76.4878
-73.956
-70.2816
-65.7725
-60.4411
-53.997
-46.3042
-38.2562
-31.846
-27.7148
-25.4572
-25.0575
-26.9115
-30.5263
-32.267
-29.0223
-21.2214
-11.8164
-3.73084
1.57916
4.22049
5.18553
5.44468
5.50861
5.57539
5.68936
5.83678
5.99796
6.1518
6.27781
6.36745
6.42167
6.44815
6.45263
6.43301
6.39171
6.33509
6.27127
6.19343
6.0933
5.98202
5.87023
5.76381
5.66413
5.57448
5.4754
5.37207
5.2711
5.16881
5.061
4.95066
4.83953
4.72809
4.61677
4.50536
4.39408
4.28281
4.17152
4.06024
3.94897
3.8377
3.72644
3.61518
3.50391
3.39265
3.28139
3.17012
3.05886
2.9476
2.83634
2.72507
2.61381
2.50254
2.39128
2.28001
2.16875
2.05749
1.94623
1.83496
1.7237
1.61245
1.5012
1.38996
1.27874
1.16757
1.05645
0.945463
0.834677
0.724298
0.614596
0.506051
0.399677
0.296632
0.200975
0.112671
0.0512029
-0.0108411
-77.1641
-77.5739
-77.5005
-76.3351
-73.8183
-70.1386
-65.5756
-60.1186
-53.4704
-45.5094
-37.2923
-31.043
-27.3305
-25.4727
-25.1664
-26.9827
-30.5125
-32.2037
-28.9117
-21.0726
-11.6591
-3.57769
1.72608
4.35285
5.29279
5.52102
5.55572
5.59798
5.69296
5.82845
5.98377
6.13485
6.25984
6.34919
6.40323
6.42929
6.43305
6.41311
6.37175
6.31666
6.25151
6.17306
6.0731
5.96182
5.85005
5.74331
5.64388
5.55351
5.45503
5.35187
5.25058
5.14806
5.04049
4.93022
4.81918
4.70741
4.59598
4.4845
4.37317
4.26186
4.15056
4.03927
3.92799
3.81672
3.70546
3.5942
3.48293
3.37166
3.2604
3.14914
3.03787
2.92661
2.81535
2.70409
2.59283
2.48156
2.3703
2.25903
2.14777
2.0365
1.92524
1.81398
1.70272
1.59146
1.48021
1.36897
1.25777
1.14659
1.03548
0.924495
0.813746
0.703397
0.593778
0.485367
0.379255
0.276651
0.182071
0.0947296
0.0380276
-0.0208896
-77.1641
-77.5366
-77.4166
-76.2335
-73.7264
-70.0414
-65.442
-59.892
-53.095
-44.9126
-36.5566
-30.4721
-27.1404
-25.538
-25.2945
-27.0571
-30.4971
-32.0903
-28.7685
-20.9056
-11.5181
-3.46831
1.81234
4.42624
5.35246
5.56511
5.58334
5.60952
5.69193
5.81976
5.97074
6.11956
6.24374
6.33286
6.38692
6.41308
6.41684
6.39701
6.35555
6.29976
6.23409
6.15563
6.05607
5.94441
5.83197
5.72491
5.62542
5.53424
5.43607
5.33276
5.23107
5.12824
5.02053
4.90994
4.79866
4.68748
4.57609
4.46466
4.35336
4.24208
4.13079
4.01951
3.90824
3.79697
3.6857
3.57445
3.46318
3.35191
3.24065
3.12939
3.01812
2.90686
2.7956
2.68434
2.57307
2.46181
2.35054
2.23928
2.12802
2.01675
1.90549
1.79423
1.68297
1.57171
1.46046
1.34923
1.23802
1.12685
1.01576
0.904779
0.794086
0.683787
0.574278
0.466041
0.360222
0.258046
0.164447
0.0775792
0.0251451
-0.0312937
-77.1665
-77.5169
-77.3649
-76.1717
-73.6713
-69.9832
-65.3606
-59.746
-52.8428
-44.4806
-36.0198
-30.111
-27.0989
-25.6273
-25.4296
-27.1425
-30.519
-31.9988
-28.6321
-20.7465
-11.3882
-3.37668
1.87822
4.48133
5.39753
5.5983
5.60364
5.61715
5.68986
5.81173
5.9593
6.10635
6.22975
6.31845
6.37233
6.39847
6.4024
6.38296
6.34169
6.28574
6.21973
6.14066
6.04077
5.92861
5.81572
5.7083
5.60853
5.51685
5.41905
5.31609
5.21457
5.11213
5.00495
4.89496
4.78328
4.67182
4.56031
4.44883
4.33749
4.22619
4.11488
4.0036
3.89232
3.78105
3.66978
3.55853
3.44726
3.336
3.22473
3.11347
3.00221
2.89094
2.77968
2.66842
2.55715
2.44589
2.33462
2.22336
2.1121
2.00083
1.88957
1.77831
1.66705
1.55579
1.44454
1.33331
1.2221
1.11093
0.999831
0.888858
0.778146
0.667851
0.558317
0.450088
0.344261
0.242196
0.148936
0.0621354
0.0124443
-0.04163
-77.175
-77.5105
-77.3381
-76.1404
-73.6449
-69.957
-65.3206
-59.6669
-52.6921
-44.1962
-35.6754
-29.9554
-27.1494
-25.7344
-25.5474
-27.2333
-30.5787
-31.9518
-28.5121
-20.5861
-11.2349
-3.25448
1.97093
4.55097
5.44691
5.62973
5.62074
5.62316
5.68779
5.8047
5.94951
6.09497
6.2174
6.3054
6.35864
6.38423
6.38784
6.36824
6.32666
6.27024
6.2037
6.12402
6.02374
5.91121
5.79805
5.69047
5.59061
5.49859
5.40062
5.29721
5.19541
5.0926
4.98486
4.87482
4.7637
4.65243
4.54107
4.42965
4.31836
4.20707
4.09578
3.9845
3.87323
3.76196
3.6507
3.53944
3.42817
3.31691
3.20564
3.09438
2.98312
2.87186
2.7606
2.64933
2.53807
2.4268
2.31553
2.20428
2.09301
1.98175
1.87048
1.75922
1.64796
1.53671
1.42546
1.31423
1.20302
1.09186
0.980765
0.869813
0.759135
0.648902
0.539475
0.4314
0.325875
0.224155
0.131791
0.0451711
-0.000632041
-0.0617848
-77.1795
-77.5111
-77.3287
-76.1323
-73.6408
-69.9569
-65.3144
-59.6451
-52.6349
-44.0632
-35.5488
-30.0014
-27.2631
-25.8352
-25.639
-27.3213
-30.6583
-31.9415
-28.4107
-20.4224
-11.0538
-3.09464
2.09399
4.63474
5.49865
5.65812
5.6345
5.62867
5.68843
5.80227
5.94518
6.08948
6.21128
6.29901
6.35235
6.37787
6.38133
6.36159
6.31987
6.26316
6.1963
6.11639
6.01614
5.90357
5.79034
5.68271
5.58285
5.49067
5.393
5.29026
5.18833
5.08577
4.97849
4.86813
4.75671
4.64529
4.53384
4.42238
4.31106
4.19976
4.08846
3.97718
3.86591
3.75464
3.64337
3.53212
3.42084
3.30958
3.19832
3.08705
2.97579
2.86453
2.75327
2.64201
2.53074
2.41948
2.30821
2.19695
2.08568
1.97442
1.86316
1.7519
1.64063
1.52938
1.41813
1.3069
1.19569
1.08453
0.973429
0.862465
0.751775
0.641511
0.532041
0.423888
0.31824
0.216392
0.123724
0.036761
-0.010236
-0.0424405
-77.199
-77.5265
-77.3417
-76.1499
-73.6626
-69.9849
-65.3423
-59.6751
-52.6651
-44.0806
-35.611
-30.1575
-27.4129
-25.92
-25.7136
-27.3967
-30.7413
-31.9474
-28.3353
-20.2926
-10.8949
-2.94638
2.20528
4.70142
5.53125
5.66958
5.6319
5.61843
5.67404
5.78542
5.92737
6.07111
6.19238
6.27959
6.33235
6.35726
6.36025
6.34014
6.29819
6.24136
6.17439
6.09429
5.99389
5.88124
5.76798
5.66035
5.56048
5.46819
5.37036
5.26736
5.16537
5.06265
4.95515
4.84492
4.7336
4.62223
4.51081
4.39937
4.28805
4.17676
4.06546
3.95418
3.84291
3.73164
3.62037
3.50912
3.39785
3.28659
3.17532
3.06406
2.9528
2.84153
2.73027
2.61901
2.50775
2.39648
2.28521
2.17395
2.06268
1.95143
1.84016
1.7289
1.61764
1.50639
1.39513
1.28391
1.1727
1.06153
0.950439
0.839476
0.728804
0.618545
0.50911
0.400992
0.295438
0.193655
0.10127
0.0143294
-0.0308954
-0.119662
-77.8762
-77.992
-78.4921
-78.6483
-78.6917
-78.6581
-78.5567
-78.405
-78.2349
-78.0677
-77.9132
-77.7803
-77.672
-77.597
-77.6024
-77.7076
-82.2677
-82.82
-83.118
-83.3014
-83.3769
-83.3593
-83.2826
-83.1794
-83.0674
-82.9597
-82.8653
-82.7909
-82.7422
-82.7206
-82.7168
-82.7216
-83.2653
-83.7975
-84.138
-84.3101
-84.3762
-84.3719
-84.3311
-84.2776
-84.223
-84.1743
-84.1367
-84.1144
-84.1105
-84.1248
-84.1474
-84.1586
-82.0416
-82.4075
-82.6456
-82.8288
-82.9464
-82.991
-82.9821
-82.951
-82.9118
-82.8713
-82.834
-82.8035
-82.7825
-82.7726
-82.7712
-82.7641
-78.3254
-78.6169
-78.8771
-79.13
-79.3189
-79.4232
-79.4708
-79.4895
-79.4926
-79.486
-79.4735
-79.4581
-79.4424
-79.4293
-79.4209
-79.3948
-74.0833
-74.3281
-74.6139
-74.8983
-75.1131
-75.2443
-75.319
-75.3619
-75.3838
-75.3903
-75.3856
-75.373
-75.3557
-75.3371
-75.3197
-75.2944
-70.3047
-70.5349
-70.7892
-71.0222
-71.1912
-71.2967
-71.3613
-71.4011
-71.4242
-71.4348
-71.4353
-71.4277
-71.414
-71.3974
-71.3801
-71.3542
-67.2087
-67.4231
-67.6183
-67.7743
-67.8773
-67.9351
-67.964
-67.9752
-67.9766
-67.9715
-67.9618
-67.9484
-67.9325
-67.9163
-67.9009
-67.8756
-64.6962
-64.9548
-65.1358
-65.2403
-65.2726
-65.2542
-65.2093
-65.1514
-65.0891
-65.0272
-64.9683
-64.9137
-64.8637
-64.8196
-64.7822
-64.7425
-61.4165
-61.7858
-61.9822
-62.0369
-61.9805
-61.8487
-61.6834
-61.5099
-61.3387
-61.178
-61.0311
-60.8983
-60.7779
-60.6692
-60.5767
-60.502
-56.6532
-56.9971
-57.1036
-57.0308
-56.8323
-56.5541
-56.238
-55.9148
-55.6035
-55.3152
-55.052
-54.8101
-54.5826
-54.3669
-54.1771
-54.036
-48.6975
-49.032
-49.0296
-48.8022
-48.4396
-48.0044
-47.5379
-47.0703
-46.6236
-46.2081
-45.824
-45.4604
-45.0999
-44.7352
-44.398
-44.1489
-36.5241
-36.4956
-36.2792
-35.9326
-35.5011
-35.0125
-34.5035
-34.0117
-33.5473
-33.1023
-32.6737
-32.2522
-31.8117
-31.3346
-30.8658
-30.5116
-24.2553
-23.6855
-23.0418
-22.3761
-21.7354
-21.1397
-20.5995
-20.1267
-19.7211
-19.351
-18.972
-18.5684
-18.1231
-17.6135
-17.0903
-16.6881
-16.0103
-14.6698
-13.4566
-12.4172
-11.5592
-10.8592
-10.2905
-9.83709
-9.48654
-9.18987
-8.88111
-8.53634
-8.14237
-7.68108
-7.20126
-6.82674
-12.578
-10.7807
-9.17943
-7.85539
-6.81185
-6.01146
-5.41259
-4.98227
-4.67716
-4.41874
-4.15013
-3.86401
-3.54687
-3.1807
-2.80156
-2.49627
-12.3738
-10.3706
-8.63436
-7.22093
-6.12667
-5.31573
-4.74046
-4.34674
-4.05642
-3.80188
-3.56652
-3.34314
-3.10946
-2.85398
-2.60139
-2.39841
-13.1965
-11.3188
-9.7128
-8.37693
-7.31171
-6.506
-5.92901
-5.52042
-5.20955
-4.96137
-4.7614
-4.5904
-4.43236
-4.28387
-4.15648
-4.05946
-13.4378
-11.8547
-10.4839
-9.36657
-8.48726
-7.80682
-7.28483
-6.88208
-6.57156
-6.33853
-6.16501
-6.03471
-5.93728
-5.86565
-5.81872
-5.77178
-11.3214
-10.2517
-9.39826
-8.74926
-8.2596
-7.88669
-7.58692
-7.33162
-7.11395
-6.93052
-6.77835
-6.6555
-6.56109
-6.49739
-6.46417
-6.44962
-7.81335
-7.37926
-7.01988
-6.73887
-6.51661
-6.33106
-6.17684
-6.05254
-5.95541
-5.88136
-5.82726
-5.7908
-5.76983
-5.76226
-5.76484
-5.76586
-4.8686
-4.86335
-4.82855
-4.78888
-4.74566
-4.69641
-4.64833
-4.60597
-4.57094
-4.54402
-4.52562
-4.51555
-4.51287
-4.5156
-4.52043
-4.51837
-2.6136
-2.82706
-2.97441
-3.07536
-3.13975
-3.17585
-3.19201
-3.19531
-3.19145
-3.18473
-3.17791
-3.1724
-3.1686
-3.16617
-3.16376
-3.1531
-0.575995
-0.851776
-1.0524
-1.19598
-1.2944
-1.35796
-1.39616
-1.41693
-1.42614
-1.4277
-1.424
-1.41651
-1.40594
-1.39103
-1.38611
-1.36538
1.22858
0.997119
0.829678
0.709501
0.626076
0.568858
0.527712
0.495964
0.472124
0.457429
0.450869
0.450171
0.453842
0.461643
0.473115
0.495377
2.70985
2.54738
2.42963
2.34441
2.27968
2.22449
2.18344
2.16268
2.15786
2.16176
2.1708
2.18436
2.20165
2.22104
2.24114
2.26733
3.90353
3.79878
3.7271
3.67387
3.62912
3.60081
3.59001
3.58911
3.59458
3.60501
3.62
3.6392
3.66177
3.68562
3.70863
3.73602
4.84115
4.79292
4.75522
4.72798
4.7138
4.71342
4.71871
4.72722
4.73917
4.75447
4.77303
4.7948
4.81908
4.8437
4.86634
4.89288
5.50689
5.50952
5.50941
5.51083
5.52056
5.53335
5.54754
5.56339
5.58073
5.59953
5.62007
5.6426
5.66658
5.69005
5.71107
5.73641
5.96059
5.98536
6.01208
6.03666
6.05916
6.08016
6.10129
6.12257
6.1436
6.16465
6.18623
6.20867
6.23157
6.25333
6.2724
6.29648
6.26525
6.29746
6.33069
6.36113
6.38937
6.41619
6.44154
6.4652
6.4875
6.50913
6.53071
6.5526
6.57451
6.59502
6.61243
6.63536
6.46355
6.4968
6.53104
6.56278
6.59207
6.61972
6.64541
6.66924
6.69169
6.71331
6.73463
6.75592
6.77691
6.79635
6.81235
6.83438
6.59654
6.62792
6.66022
6.69094
6.71884
6.74554
6.77044
6.7937
6.8157
6.83691
6.85775
6.8784
6.89855
6.91709
6.93189
6.95321
6.68387
6.7133
6.74228
6.77093
6.79823
6.82407
6.84815
6.87081
6.89238
6.91323
6.93365
6.95372
6.97312
6.99089
7.00468
7.0254
6.7349
6.76299
6.79006
6.81886
6.84718
6.87212
6.89553
6.91774
6.93896
6.95944
6.97939
6.99885
7.01753
7.03459
7.04748
7.06766
6.76324
6.79169
6.81847
6.8449
6.87103
6.89562
6.9189
6.94095
6.96192
6.98205
7.00156
7.02049
7.03858
7.05504
7.06704
7.08672
6.76776
6.796
6.82277
6.8481
6.87305
6.89771
6.92101
6.94293
6.96362
6.98341
7.00261
7.02118
7.03876
7.05466
7.06572
7.08494
6.74635
6.77418
6.80123
6.82692
6.85247
6.87737
6.90075
6.92269
6.94336
6.96321
6.9825
7.00096
7.01811
7.03344
7.04351
7.06235
6.70588
6.73413
6.76142
6.78828
6.81415
6.8383
6.86114
6.88273
6.90336
6.92342
6.943
6.96162
6.97833
6.99305
7.00212
7.02068
6.65036
6.67874
6.70601
6.73268
6.75763
6.78102
6.80316
6.82416
6.84456
6.86465
6.88434
6.9027
6.91871
6.93302
6.94119
6.95962
6.58445
6.61142
6.63768
6.66328
6.68746
6.71004
6.73135
6.75187
6.77184
6.79137
6.81037
6.82778
6.84278
6.85711
6.86426
6.88284
6.50767
6.5351
6.56108
6.58541
6.60863
6.63063
6.65111
6.67065
6.68972
6.70833
6.72627
6.74261
6.75629
6.77076
6.7764
6.79539
6.40955
6.4368
6.463
6.48825
6.51148
6.53264
6.55289
6.57229
6.59085
6.60874
6.62586
6.64147
6.65344
6.66871
6.67462
6.69336
6.29842
6.32689
6.35285
6.37594
6.39775
6.41912
6.43934
6.45829
6.47639
6.49386
6.51046
6.52541
6.53875
6.5531
6.55919
6.57768
6.18563
6.21183
6.23679
6.26097
6.28377
6.30491
6.32442
6.34253
6.35983
6.3767
6.39265
6.40748
6.42086
6.43469
6.44082
6.45925
6.06209
6.08751
6.1129
6.13817
6.16341
6.1875
6.20997
6.22882
6.24503
6.26101
6.27645
6.2908
6.30344
6.31741
6.32317
6.34176
5.95424
5.97916
6.00388
6.02662
6.04752
6.06702
6.0856
6.10494
6.12384
6.14072
6.15628
6.17072
6.18322
6.1976
6.20342
6.22228
5.86296
5.88856
5.91159
5.9333
5.95363
5.97254
5.98998
6.00641
6.02237
6.03787
6.05263
6.06679
6.07826
6.09397
6.09924
6.11835
5.77865
5.80318
5.82599
5.84776
5.86796
5.88673
5.90415
5.92045
5.93588
5.95092
5.96516
5.9787
5.99051
6.00422
6.01041
6.02897
5.67974
5.70358
5.72647
5.74798
5.76809
5.78697
5.80467
5.82139
5.83721
5.85253
5.86699
5.88055
5.89245
5.90638
5.91254
5.93118
5.56914
5.59365
5.61653
5.63779
5.65784
5.67684
5.69477
5.71173
5.72781
5.74327
5.75784
5.77155
5.78353
5.79765
5.80376
5.82248
5.46467
5.48839
5.51066
5.53177
5.55172
5.57054
5.58827
5.60499
5.62081
5.63596
5.65028
5.66379
5.67581
5.68977
5.69598
5.71466
5.35844
5.38218
5.40465
5.42585
5.44585
5.4647
5.48247
5.49922
5.51505
5.53011
5.54435
5.55778
5.56984
5.58364
5.5899
5.60854
5.25028
5.27436
5.29706
5.31844
5.33859
5.35758
5.37548
5.39234
5.40825
5.42333
5.43754
5.45095
5.463
5.47675
5.48306
5.50169
5.14135
5.1656
5.18845
5.20996
5.23023
5.24932
5.26731
5.28425
5.30021
5.31529
5.3295
5.3429
5.35495
5.36873
5.37503
5.39366
5.03165
5.05603
5.07899
5.1006
5.12096
5.14012
5.15817
5.17516
5.19116
5.20625
5.22045
5.23387
5.24592
5.25972
5.266
5.28463
4.92139
4.94586
4.96889
4.99058
5.01099
5.0302
5.04828
5.0653
5.08133
5.09642
5.11063
5.12407
5.1361
5.14992
5.15618
5.17481
4.81075
4.83528
4.85836
4.88009
4.90053
4.91978
4.93788
4.95492
4.97096
4.98606
5.00026
5.01371
5.02572
5.03957
5.0458
5.06444
4.69986
4.72443
4.74754
4.76929
4.78976
4.80902
4.82714
4.84419
4.86024
4.87534
4.88954
4.90298
4.91499
4.92885
4.93507
4.95372
4.58881
4.6134
4.63654
4.6583
4.67878
4.69805
4.71618
4.73324
4.74928
4.76439
4.77859
4.79204
4.80405
4.81791
4.82413
4.84277
4.47768
4.50228
4.52543
4.5472
4.56769
4.58696
4.6051
4.62216
4.6382
4.65331
4.6675
4.68096
4.69296
4.70683
4.71304
4.73169
4.36649
4.3911
4.41425
4.43603
4.45652
4.4758
4.49393
4.511
4.52705
4.54215
4.55635
4.5698
4.5818
4.59568
4.60188
4.62053
4.25527
4.27989
4.30304
4.32482
4.34531
4.36459
4.38273
4.39979
4.41584
4.43094
4.44514
4.4586
4.4706
4.48447
4.49068
4.50933
4.14403
4.16865
4.1918
4.21359
4.23408
4.25336
4.2715
4.28856
4.30461
4.31971
4.33391
4.34737
4.35936
4.37324
4.37944
4.3981
4.03279
4.0574
4.08056
4.10234
4.12283
4.14211
4.16025
4.17731
4.19336
4.20847
4.22266
4.23612
4.24812
4.262
4.2682
4.28685
3.92153
3.94615
3.9693
3.99109
4.01158
4.03086
4.049
4.06606
4.08211
4.09721
4.11141
4.12487
4.13687
4.15075
4.15695
4.1756
3.81027
3.83489
3.85804
3.87983
3.90032
3.9196
3.93774
3.9548
3.97085
3.98595
4.00015
4.01361
4.02561
4.03949
4.04569
4.06434
3.69901
3.72362
3.74678
3.76857
3.78906
3.80834
3.82648
3.84354
3.85959
3.87469
3.88889
3.90235
3.91434
3.92822
3.93442
3.95308
3.58774
3.61236
3.63552
3.6573
3.6778
3.69708
3.71522
3.73228
3.74833
3.76343
3.77763
3.79109
3.80309
3.81697
3.82317
3.84182
3.47649
3.5011
3.52426
3.54604
3.56654
3.58582
3.60396
3.62102
3.63707
3.65217
3.66637
3.67983
3.69182
3.7057
3.7119
3.73056
3.36523
3.38984
3.413
3.43479
3.45528
3.47456
3.49269
3.50976
3.52581
3.54091
3.55511
3.56857
3.58056
3.59445
3.60065
3.6193
3.25397
3.27858
3.30174
3.32352
3.34402
3.3633
3.38143
3.3985
3.41455
3.42965
3.44384
3.4573
3.4693
3.48318
3.48938
3.50803
3.1427
3.16732
3.19047
3.21226
3.23275
3.25203
3.27017
3.28723
3.30328
3.31838
3.33258
3.34604
3.35804
3.37192
3.37812
3.39677
3.03144
3.05605
3.07921
3.10099
3.12149
3.14077
3.1589
3.17597
3.19202
3.20712
3.22132
3.23478
3.24677
3.26065
3.26685
3.2855
2.92017
2.94479
2.96795
2.98973
3.01022
3.0295
3.04764
3.0647
3.08075
3.09585
3.11005
3.12351
3.13551
3.14939
3.15559
3.17425
2.80891
2.83353
2.85668
2.87847
2.89896
2.91824
2.93638
2.95344
2.96949
2.98459
2.99879
3.01225
3.02424
3.03812
3.04432
3.06298
2.69764
2.72226
2.74542
2.7672
2.78769
2.80697
2.82511
2.84217
2.85822
2.87332
2.88752
2.90098
2.91298
2.92686
2.93306
2.95172
2.58638
2.61099
2.63415
2.65593
2.67643
2.69571
2.71384
2.73091
2.74696
2.76206
2.77626
2.78971
2.80171
2.81559
2.82179
2.84044
2.47511
2.49972
2.52288
2.54467
2.56516
2.58444
2.60258
2.61964
2.63569
2.65079
2.66499
2.67845
2.69045
2.70433
2.71053
2.72918
2.36384
2.38846
2.41162
2.4334
2.45389
2.47317
2.49131
2.50837
2.52442
2.53952
2.55372
2.56718
2.57918
2.59306
2.59926
2.61791
2.25258
2.2772
2.30035
2.32214
2.34263
2.36191
2.38005
2.39711
2.41316
2.42826
2.44246
2.45592
2.46791
2.48179
2.48799
2.50665
2.14132
2.16593
2.18909
2.21087
2.23136
2.25064
2.26878
2.28584
2.30189
2.31699
2.33119
2.34465
2.35664
2.37053
2.37672
2.39538
2.03005
2.05466
2.07782
2.0996
2.12009
2.13937
2.15751
2.17457
2.19062
2.20572
2.21992
2.23338
2.24537
2.25925
2.26545
2.2841
1.91877
1.94339
1.96654
1.98833
2.00882
2.0281
2.04623
2.06329
2.07934
2.09444
2.10864
2.1221
2.13409
2.14798
2.15418
2.17283
1.8075
1.83211
1.85526
1.87705
1.89754
1.91681
1.93495
1.95201
1.96806
1.98316
1.99735
2.01081
2.02281
2.03669
2.04289
2.06154
1.69622
1.72083
1.74398
1.76576
1.78625
1.80552
1.82365
1.84071
1.85676
1.87186
1.88606
1.89951
1.91151
1.92539
1.93159
1.95024
1.58494
1.60954
1.63268
1.65446
1.67494
1.69421
1.71234
1.7294
1.74544
1.76054
1.77473
1.78819
1.80019
1.81407
1.82027
1.83892
1.47364
1.49823
1.52136
1.54313
1.5636
1.58287
1.60099
1.61804
1.63409
1.64918
1.66337
1.67683
1.68882
1.70269
1.7089
1.72755
1.36231
1.38688
1.41
1.43175
1.45222
1.47147
1.48959
1.50663
1.52266
1.53775
1.55193
1.56539
1.57739
1.59126
1.59746
1.61611
1.25092
1.27547
1.29856
1.32028
1.34072
1.35996
1.37805
1.39508
1.41111
1.42619
1.44037
1.45381
1.4658
1.47966
1.48587
1.50452
1.13945
1.16393
1.18697
1.20865
1.22905
1.24825
1.26632
1.28332
1.29931
1.31437
1.32853
1.34195
1.35396
1.36779
1.37401
1.39265
1.02782
1.0522
1.07514
1.09674
1.11707
1.1362
1.15421
1.17116
1.18712
1.20215
1.21629
1.22968
1.24168
1.25548
1.26172
1.28035
0.915912
0.940108
0.962888
0.984339
1.00454
1.02356
1.04147
1.05834
1.07423
1.08919
1.10327
1.11663
1.12863
1.14237
1.14864
1.16725
0.803528
0.827403
0.849896
0.871092
0.891066
0.909891
0.927633
0.944355
0.960116
0.974972
0.988974
1.00225
1.01424
1.0279
1.03422
1.05281
0.69026
0.71356
0.735537
0.756272
0.775838
0.794304
0.811732
0.828184
0.843712
0.858376
0.872228
0.885378
0.897343
0.910833
0.917234
0.935763
0.575586
0.597913
0.61902
0.638983
0.657868
0.67574
0.692654
0.708664
0.723817
0.73817
0.751776
0.76472
0.776627
0.789903
0.796417
0.814878
0.458085
0.478611
0.49808
0.516561
0.53411
0.550778
0.566613
0.581662
0.595959
0.60956
0.622538
0.634977
0.646634
0.659457
0.666109
0.684502
0.33722
0.355012
0.372038
0.388359
0.404019
0.41906
0.433511
0.447401
0.460803
0.473821
0.486469
0.498711
0.510412
0.522903
0.529977
0.547901
0.207413
0.219737
0.231658
0.243211
0.254418
0.265302
0.275888
0.286189
0.296182
0.30592
0.315591
0.325314
0.335057
0.347037
0.351594
0.371245
0.0771403
0.083958
0.0908745
0.0979469
0.105219
0.112742
0.120552
0.128706
0.13719
0.145969
0.154814
0.163752
0.172746
0.181637
0.202398
0.179443
)
;

boundaryField
{
    frontAndBack
    {
        type            empty;
    }
    inlet
    {
        type            zeroGradient;
    }
    outlet
    {
        type            fixedValue;
        value           uniform 0;
    }
    walls
    {
        type            zeroGradient;
    }
}


// ************************************************************************* //
