/*--------------------------------*- C++ -*----------------------------------*\
| =========                 |                                                 |
| \\      /  F ield         | OpenFOAM: The Open Source CFD Toolbox           |
|  \\    /   O peration     | Version:  v2012                                 |
|   \\  /    A nd           | Website:  www.openfoam.com                      |
|    \\/     M anipulation  |                                                 |
\*---------------------------------------------------------------------------*/
FoamFile
{
    version     2.0;
    format      ascii;
    class       volScalarField;
    location    "0.045";
    object      p;
}
// * * * * * * * * * * * * * * * * * * * * * * * * * * * * * * * * * * * * * //

dimensions      [0 2 -2 0 0 0 0];


internalField   nonuniform List<scalar> 
5600
(
-14.5519
-15.5172
-16.4687
-17.459
-18.5187
-19.621
-20.7264
-21.7943
-22.8104
-23.7723
-24.6865
-25.5453
-26.3481
-27.1044
-27.8213
-28.5106
-29.1761
-29.825
-30.4649
-31.1017
-31.7367
-32.3709
-33.0018
-33.6288
-34.2521
-34.8706
-35.4853
-36.098
-36.7093
-37.318
-37.9266
-38.5357
-39.1441
-39.7512
-40.3574
-40.9614
-41.564
-42.1662
-42.7677
-43.3681
-43.968
-44.5692
-45.1708
-45.7718
-46.3681
-46.9612
-47.5456
-48.1241
-48.6936
-49.2572
-49.8128
-50.3646
-50.9106
-51.4542
-51.9943
-52.5366
-53.0726
-53.612
-54.1492
-54.6873
-55.2286
-55.7642
-56.3102
-56.8443
-57.3934
-57.9272
-58.4742
-59.0141
-59.551
-60.103
-60.6297
-61.1893
-61.7127
-62.2702
-62.8041
-63.3437
-63.8967
-64.4205
-64.9856
-65.5012
-66.0719
-66.589
-67.1459
-67.69
-68.2118
-68.7906
-69.2812
-69.8892
-70.3665
-70.9473
-71.4882
-71.9993
-72.6138
-73.0615
-73.7058
-74.1257
-74.7208
-75.158
-75.5113
-75.2911
-14.6504
-15.5411
-16.4864
-17.472
-18.5287
-19.6303
-20.7354
-21.8028
-22.82
-23.7827
-24.6958
-25.5539
-26.3566
-27.1135
-27.8315
-28.5223
-29.1894
-29.8399
-30.4808
-31.1182
-31.7541
-32.389
-33.0206
-33.6479
-34.2714
-34.89
-35.505
-36.118
-36.7294
-37.3381
-37.947
-38.5563
-39.1649
-39.7723
-40.3788
-40.9829
-41.5856
-42.1878
-42.7894
-43.3898
-43.9896
-44.5908
-45.1925
-45.7935
-46.3899
-46.9831
-47.5678
-48.1464
-48.7161
-49.2799
-49.8353
-50.3871
-50.9331
-51.4765
-52.0168
-52.5588
-53.0951
-53.6342
-54.1717
-54.7095
-55.251
-55.7865
-56.3325
-56.8668
-57.4154
-57.9502
-58.4959
-59.0371
-59.5729
-60.1255
-60.6523
-61.2107
-61.7369
-62.2909
-62.828
-63.365
-63.9196
-64.4432
-65.0071
-65.5254
-66.0919
-66.6139
-67.1662
-67.7138
-68.2338
-68.8119
-69.3069
-69.9057
-70.3949
-70.9648
-71.5145
-72.0217
-72.6337
-73.0881
-73.7203
-74.1529
-74.7416
-75.172
-75.549
-75.3212
-14.7319
-15.562
-16.5146
-17.5004
-18.5511
-19.6468
-20.7469
-21.8114
-22.8245
-23.7862
-24.6975
-25.5545
-26.3571
-27.1141
-27.832
-28.5233
-29.1908
-29.8414
-30.4827
-31.1207
-31.757
-32.3921
-33.0238
-33.6514
-34.2758
-34.8952
-35.5105
-36.1239
-36.7358
-37.345
-37.9541
-38.5636
-39.1721
-39.7796
-40.3861
-40.9901
-41.5929
-42.1951
-42.7967
-43.3971
-43.9971
-44.5984
-45.2001
-45.8011
-46.3975
-46.9907
-47.5752
-48.154
-48.7236
-49.2871
-49.843
-50.3953
-50.9416
-51.4851
-52.0256
-52.5675
-53.1041
-53.643
-54.1807
-54.7183
-55.2599
-55.7954
-56.3411
-56.8759
-57.4237
-57.9594
-58.5041
-59.0461
-59.5814
-60.1339
-60.6615
-61.2185
-61.7465
-62.2983
-62.8376
-63.3731
-63.9281
-64.4524
-65.0146
-65.5354
-66.0987
-66.624
-67.1734
-67.7231
-68.2426
-68.8186
-69.3184
-69.9099
-70.408
-70.969
-71.5243
-72.0316
-72.6379
-73.107
-73.7186
-74.1761
-74.7358
-75.1968
-75.541
-75.4715
-14.823
-15.5921
-16.5432
-17.5275
-18.5707
-19.661
-20.7583
-21.8228
-22.8337
-23.7965
-24.7088
-25.5669
-26.371
-27.1292
-27.8486
-28.5393
-29.2077
-29.8586
-30.4996
-31.1367
-31.7717
-32.4055
-33.0356
-33.6622
-34.2863
-34.9057
-35.5208
-36.1344
-36.7469
-37.3572
-37.967
-38.5771
-39.1861
-39.794
-40.4009
-41.0051
-41.608
-42.2103
-42.8119
-43.4124
-44.0123
-44.6136
-45.2154
-45.8165
-46.4135
-47.0071
-47.5921
-48.1712
-48.7413
-49.3059
-49.8615
-50.4135
-50.9592
-51.5027
-52.0434
-52.5848
-53.1218
-53.6603
-54.1982
-54.7358
-55.2773
-55.8133
-56.3582
-56.8943
-57.4404
-57.9781
-58.521
-59.0642
-59.5994
-60.1506
-60.6811
-61.2338
-61.7668
-62.314
-62.8565
-63.391
-63.9447
-64.4727
-65.0289
-65.5571
-66.113
-66.6451
-67.1895
-67.741
-68.2635
-68.831
-69.3452
-69.9187
-70.4361
-70.9843
-71.542
-72.0566
-72.6428
-73.1387
-73.7194
-74.2098
-74.7456
-75.2257
-75.5915
-75.6182
-14.9152
-15.623
-16.569
-17.5548
-18.592
-19.6774
-20.7722
-21.8351
-22.8455
-23.8082
-24.7203
-25.5782
-26.3827
-27.1413
-27.8621
-28.5521
-29.2215
-29.8734
-30.5154
-31.1531
-31.7886
-32.4226
-33.0531
-33.6798
-34.3037
-34.9228
-35.5374
-36.1504
-36.7624
-37.3721
-37.9811
-38.5904
-39.1985
-39.8061
-40.4133
-41.018
-41.6213
-42.2239
-42.8256
-43.4261
-44.0263
-44.6277
-45.2299
-45.8312
-46.429
-47.0227
-47.608
-48.1871
-48.7572
-49.322
-49.8771
-50.4298
-50.9755
-51.5196
-52.0603
-52.6014
-53.1392
-53.677
-54.2153
-54.7528
-55.2938
-55.831
-56.374
-56.9125
-57.4558
-57.9962
-58.5371
-59.081
-59.6173
-60.1652
-60.7009
-61.2473
-61.7866
-62.329
-62.874
-63.4089
-63.9591
-64.4933
-65.0409
-65.5784
-66.1257
-66.665
-67.2055
-67.7565
-68.2843
-68.839
-69.372
-69.9254
-70.4613
-70.9981
-71.5558
-72.0841
-72.6423
-73.1753
-73.7178
-74.2441
-74.7627
-75.2466
-75.6511
-75.7613
-15.0061
-15.6558
-16.5953
-17.5848
-18.6163
-19.696
-20.788
-21.8492
-22.8592
-23.8215
-24.7334
-25.5914
-26.3967
-27.1562
-27.878
-28.5688
-29.2391
-29.8919
-30.5345
-31.1723
-31.8079
-32.4417
-33.0722
-33.6989
-34.3221
-34.9414
-35.5563
-36.1697
-36.7817
-37.3917
-38.0008
-38.61
-39.2181
-39.8249
-40.4322
-41.0367
-41.6396
-42.2417
-42.843
-43.443
-44.0427
-44.6434
-45.2454
-45.8459
-46.4446
-47.0388
-47.6252
-48.2043
-48.7754
-49.3401
-49.8961
-50.4488
-50.995
-51.5384
-52.0798
-52.62
-53.1588
-53.696
-54.2344
-54.7724
-55.3123
-55.8514
-56.3916
-56.9335
-57.4734
-58.0165
-58.5562
-59.0993
-59.6392
-60.1809
-60.7245
-61.2626
-61.8085
-62.3473
-62.8923
-63.4314
-63.9743
-64.5185
-65.0543
-65.6033
-66.1409
-66.686
-67.2255
-67.7722
-68.3135
-68.8469
-69.405
-69.9344
-70.4862
-71.0204
-71.5681
-72.1164
-72.645
-73.2157
-73.7249
-74.2719
-74.785
-75.2688
-75.7245
-75.9224
-15.0924
-15.6907
-16.6226
-17.6161
-18.6423
-19.7164
-20.806
-21.8657
-22.8755
-23.8373
-24.749
-25.6073
-26.4133
-27.1734
-27.8959
-28.5878
-29.2584
-29.9117
-30.5548
-31.1929
-31.8285
-32.4623
-33.0927
-33.7194
-34.3425
-34.962
-35.5773
-36.1906
-36.8026
-37.4125
-38.0218
-38.631
-39.2392
-39.846
-40.4531
-41.0577
-41.6608
-42.2629
-42.8643
-43.4646
-44.0643
-44.6648
-45.2666
-45.8669
-46.465
-47.0591
-47.6457
-48.2241
-48.7965
-49.3599
-49.9178
-50.4686
-51.0165
-51.5586
-52.1015
-52.6412
-53.1801
-53.7173
-54.2554
-54.7941
-55.3328
-55.8737
-56.4116
-56.9558
-57.494
-58.038
-58.5779
-59.1191
-59.6627
-60.1992
-60.7482
-61.2825
-61.8306
-62.3689
-62.912
-63.4548
-63.9924
-64.5429
-65.0723
-65.6272
-66.1604
-66.7081
-67.2483
-67.7896
-68.3393
-68.8616
-69.4308
-69.953
-70.5086
-71.0426
-71.5854
-72.1404
-72.6604
-73.2445
-73.7422
-74.2947
-74.8123
-75.3
-75.7991
-76.116
-15.1702
-15.7274
-16.651
-17.6485
-18.6702
-19.7393
-20.8268
-21.8853
-22.8948
-23.8563
-24.7678
-25.6263
-26.4328
-27.1935
-27.9166
-28.6092
-29.2801
-29.934
-30.5776
-31.2161
-31.8518
-32.4855
-33.1159
-33.7425
-34.3657
-34.9851
-35.6006
-36.2139
-36.8258
-37.4358
-38.0453
-38.6544
-39.2625
-39.8694
-40.4764
-41.081
-41.6841
-42.2862
-42.8876
-43.4879
-44.0876
-44.6882
-45.2902
-45.8908
-46.4883
-47.0818
-47.6684
-48.2469
-48.8198
-49.3825
-49.9415
-50.4914
-51.0398
-51.582
-52.1247
-52.665
-53.2036
-53.7408
-54.2788
-54.8178
-55.3562
-55.8975
-56.4353
-56.9793
-57.5178
-58.0612
-58.6016
-59.1423
-59.6864
-60.2231
-60.7713
-61.3071
-61.8534
-62.393
-62.935
-63.4781
-64.0163
-64.5653
-65.0975
-65.6502
-66.185
-66.7315
-67.2721
-67.8123
-68.3614
-68.8889
-69.452
-69.9801
-70.5297
-71.0662
-71.6097
-72.1615
-72.6903
-73.2636
-73.7727
-74.3204
-74.8481
-75.3442
-75.8768
-76.3269
-15.236
-15.7641
-16.6807
-17.6813
-18.6996
-19.7648
-20.8507
-21.9084
-22.9176
-23.8789
-24.7902
-25.6488
-26.4556
-27.2169
-27.9404
-28.6337
-29.3048
-29.9592
-30.6032
-31.2418
-31.8777
-32.5113
-33.1416
-33.7682
-34.3913
-35.0107
-35.6263
-36.2397
-36.8515
-37.4616
-38.0711
-38.6802
-39.2883
-39.8954
-40.5022
-41.1068
-41.7099
-42.3121
-42.9135
-43.5138
-44.1137
-44.7143
-45.3162
-45.9167
-46.5139
-47.1073
-47.6939
-48.2726
-48.845
-49.4083
-49.9666
-50.5174
-51.0651
-51.6083
-52.1504
-52.691
-53.2296
-53.7668
-54.3048
-54.8438
-55.3824
-55.9233
-56.4619
-57.0049
-57.5442
-58.0869
-58.6277
-59.1685
-59.7119
-60.2501
-60.7963
-61.3341
-61.8787
-62.4193
-62.961
-63.5037
-64.0433
-64.59
-65.1254
-65.6746
-66.2121
-66.7568
-67.2981
-67.8389
-68.3858
-68.9179
-69.4747
-70.0083
-70.5539
-71.0933
-71.6364
-72.1862
-72.7203
-73.2846
-73.805
-74.349
-74.886
-75.4028
-75.9641
-76.5312
-15.2852
-15.7986
-16.7117
-17.714
-18.7304
-19.7933
-20.8783
-21.9356
-22.9447
-23.9057
-24.8171
-25.6757
-26.4827
-27.2442
-27.9679
-28.6617
-29.3329
-29.9875
-30.6317
-31.2705
-31.9065
-32.54
-33.1703
-33.7969
-34.42
-35.0393
-35.655
-36.2685
-36.8803
-37.4904
-38.0999
-38.709
-39.3171
-39.9244
-40.5309
-41.1355
-41.7387
-42.3409
-42.9423
-43.5427
-44.1425
-44.7431
-45.3449
-45.9455
-46.5429
-47.1359
-47.7224
-48.3012
-48.8733
-49.437
-49.995
-50.5462
-51.0937
-51.6372
-52.1792
-52.7198
-53.2584
-53.7957
-54.3337
-54.8727
-55.4115
-55.952
-56.4912
-57.0333
-57.5735
-58.1155
-58.6567
-59.1976
-59.7404
-60.2797
-60.8243
-61.3637
-61.9071
-62.4484
-62.99
-63.5323
-64.0728
-64.6179
-65.1557
-65.7022
-66.2417
-66.7853
-67.3271
-67.8682
-68.4136
-68.9491
-69.5012
-70.0386
-70.5822
-71.1232
-71.666
-72.2144
-72.7524
-73.3101
-73.8385
-74.3829
-74.9289
-75.467
-76.0584
-76.7257
-15.31
-15.8269
-16.7422
-17.7443
-18.7604
-19.8236
-20.9088
-21.9661
-22.9752
-23.9362
-24.8476
-25.7063
-26.5132
-27.2746
-27.9982
-28.6921
-29.3632
-30.0177
-30.662
-31.3008
-31.9369
-32.5704
-33.2007
-33.8273
-34.4503
-35.0695
-35.6853
-36.2988
-36.9106
-37.5207
-38.1302
-38.7392
-39.3473
-39.9549
-40.5612
-41.1658
-41.769
-42.3712
-42.9726
-43.573
-44.1729
-44.7735
-45.3752
-45.9759
-46.5734
-47.1662
-47.7527
-48.3316
-48.9035
-49.4675
-50.0252
-50.5766
-51.1239
-51.6674
-52.2095
-52.7501
-53.2886
-53.8261
-54.364
-54.9029
-55.4418
-55.9821
-56.5217
-57.0632
-57.6039
-58.1456
-58.6869
-59.228
-59.7703
-60.3105
-60.854
-61.3945
-61.9371
-62.4787
-63.0204
-63.5623
-64.1036
-64.6474
-65.187
-65.7317
-66.2723
-66.8155
-67.3573
-67.8989
-68.443
-68.9809
-69.5298
-70.0697
-70.6122
-71.1539
-71.6969
-72.2439
-72.7849
-73.3382
-73.8735
-74.4188
-74.9728
-75.5322
-76.1546
-76.8995
-15.308
-15.8464
-16.7693
-17.7693
-18.7868
-19.8527
-20.9391
-21.9968
-23.0063
-23.9674
-24.8789
-25.7375
-26.544
-27.305
-28.0282
-28.7221
-29.3928
-30.0469
-30.6911
-31.3299
-31.966
-32.5995
-33.2299
-33.8564
-34.4795
-35.0985
-35.7143
-36.3278
-36.9396
-37.5496
-38.1591
-38.7682
-39.3763
-39.9841
-40.5903
-41.1948
-41.798
-42.4002
-43.0016
-43.602
-44.2019
-44.8026
-45.4042
-46.0048
-46.6026
-47.1954
-47.7819
-48.3609
-48.9327
-49.4967
-50.0542
-50.6057
-51.1528
-51.6964
-52.2386
-52.7791
-53.3175
-53.8551
-54.3929
-54.9317
-55.4708
-56.0108
-56.5507
-57.0919
-57.6329
-58.1744
-58.7158
-59.257
-59.799
-60.3398
-60.8824
-61.4237
-61.9659
-62.5076
-63.0494
-63.5909
-64.1329
-64.6758
-65.2165
-65.7601
-66.3013
-66.8444
-67.3861
-67.9282
-68.4712
-69.011
-69.5576
-70.0991
-70.641
-71.1829
-71.7264
-72.2724
-72.8157
-73.3662
-73.9066
-74.453
-75.0138
-75.5921
-76.2409
-77.0406
-15.2843
-15.8588
-16.7921
-17.7885
-18.8089
-19.8791
-20.9675
-22.0261
-23.036
-23.9974
-24.909
-25.7674
-26.5735
-27.3339
-28.0563
-28.7501
-29.4202
-30.0736
-30.7176
-31.3563
-31.9924
-32.626
-33.2565
-33.8829
-34.506
-35.1249
-35.7406
-36.3542
-36.9658
-37.5758
-38.1852
-38.7944
-39.4025
-40.0105
-40.6166
-41.221
-41.8242
-42.4265
-43.0278
-43.6282
-44.228
-44.8288
-45.4303
-46.0311
-46.6294
-47.2221
-47.8085
-48.3876
-48.9594
-49.5234
-50.0807
-50.6321
-51.1791
-51.7226
-52.2647
-52.8053
-53.3436
-53.8812
-54.419
-54.9577
-55.4968
-56.0367
-56.5768
-57.1178
-57.659
-58.2004
-58.7418
-59.2832
-59.8248
-60.3661
-60.9082
-61.4499
-61.9918
-62.5336
-63.0756
-63.6167
-64.1593
-64.7013
-65.2432
-65.7858
-66.3275
-66.8704
-67.4119
-67.9548
-68.4965
-69.0381
-69.5828
-70.1258
-70.6669
-71.209
-71.753
-72.2978
-72.8433
-73.3912
-73.9362
-74.4837
-75.0506
-75.6436
-76.3138
-77.1513
-15.244
-15.867
-16.8113
-17.8032
-18.8278
-19.9033
-20.9941
-22.0537
-23.0641
-24.0258
-24.9376
-25.7958
-26.6013
-27.361
-28.0825
-28.7761
-29.4455
-30.0982
-30.7418
-31.3802
-32.0164
-32.65
-33.2807
-33.907
-34.5301
-35.1489
-35.7645
-36.3781
-36.9897
-37.5996
-38.209
-38.8182
-39.4263
-40.0346
-40.6405
-41.2449
-41.8481
-42.4503
-43.0516
-43.652
-44.2518
-44.8527
-45.4536
-46.0546
-46.6535
-47.2464
-47.8328
-48.4117
-48.9834
-49.5473
-50.1046
-50.656
-51.2028
-51.7464
-52.2885
-52.8288
-53.3672
-53.9048
-54.4426
-54.9811
-55.5203
-56.0602
-56.6003
-57.1413
-57.6825
-58.2238
-58.7653
-59.3067
-59.8483
-60.3898
-60.9315
-61.4737
-62.0152
-62.5573
-63.099
-63.6401
-64.183
-64.7245
-65.2675
-65.8086
-66.3516
-66.8936
-67.4355
-67.9786
-68.5192
-69.0627
-69.6052
-70.1506
-70.6899
-71.2329
-71.7767
-72.321
-72.8683
-73.4138
-73.9637
-74.5094
-75.0844
-75.6865
-76.3767
-77.2383
-15.1913
-15.8727
-16.827
-17.8142
-18.8439
-19.9253
-21.0189
-22.0798
-23.0908
-24.0528
-24.9648
-25.8227
-26.6274
-27.3862
-28.1067
-28.8
-29.4686
-30.1206
-30.7638
-31.402
-32.0382
-32.6718
-33.3026
-33.9289
-34.552
-35.1705
-35.786
-36.3997
-37.0113
-37.621
-38.2304
-38.8395
-39.4478
-40.0562
-40.6619
-41.2662
-41.8694
-42.4716
-43.0727
-43.673
-44.2729
-44.874
-45.4753
-46.0766
-46.6755
-47.2688
-47.8554
-48.4343
-49.0056
-49.5694
-50.1265
-50.6777
-51.2244
-51.7679
-52.3099
-52.8499
-53.3884
-53.9261
-54.4638
-55.0024
-55.5415
-56.0815
-56.6215
-57.1625
-57.7037
-58.2451
-58.7866
-59.3278
-59.8697
-60.4109
-60.9528
-61.495
-62.0362
-62.5789
-63.1198
-63.662
-64.2037
-64.746
-65.2888
-65.8293
-66.3735
-66.9141
-67.4577
-67.999
-68.5411
-69.0837
-69.6261
-70.1722
-70.7107
-71.255
-71.7971
-72.3437
-72.8884
-73.4362
-73.9858
-74.5324
-75.1137
-75.7212
-76.4298
-77.3042
-15.1311
-15.8765
-16.8393
-17.8225
-18.8578
-19.9449
-21.0416
-22.1042
-23.1159
-24.0783
-24.9907
-25.8483
-26.6522
-27.4101
-28.1295
-28.8221
-29.4897
-30.141
-30.7836
-31.4216
-32.0579
-32.6916
-33.3223
-33.9491
-34.5721
-35.1903
-35.8056
-36.4189
-37.0303
-37.6399
-38.2492
-38.8583
-39.4674
-40.0758
-40.6816
-41.2863
-41.89
-42.4926
-43.0942
-43.695
-44.2955
-44.897
-45.4989
-46.1
-46.698
-47.2907
-47.8767
-48.4551
-49.026
-49.5895
-50.1462
-50.6972
-51.2438
-51.7873
-52.3291
-52.8693
-53.4079
-53.9456
-54.4831
-55.0218
-55.5608
-56.1009
-56.6408
-57.1819
-57.7229
-58.2643
-58.806
-59.347
-59.8891
-60.4299
-60.9724
-61.514
-62.0557
-62.5982
-63.1387
-63.682
-64.2221
-64.7662
-65.3073
-65.8492
-66.3926
-66.933
-67.4776
-68.0172
-68.5616
-69.1018
-69.6467
-70.1904
-70.7306
-71.2744
-71.8156
-72.3645
-72.9059
-73.4579
-74.004
-74.5567
-75.1375
-75.7507
-76.4705
-77.3532
-15.0666
-15.8789
-16.8482
-17.8298
-18.8713
-19.9631
-21.0623
-22.1262
-23.1385
-24.101
-25.0139
-25.871
-26.6748
-27.4313
-28.1507
-28.8425
-29.5091
-30.1595
-30.8014
-31.4388
-32.0748
-32.7084
-33.3388
-33.966
-34.5889
-35.2078
-35.8236
-36.4376
-37.0496
-37.66
-38.27
-38.88
-39.4898
-40.0981
-40.7036
-41.3077
-41.911
-42.5134
-43.1149
-43.7156
-44.316
-44.9173
-45.519
-46.1196
-46.7171
-47.3096
-47.8953
-48.4734
-49.044
-49.6071
-50.1637
-50.7145
-51.2609
-51.8043
-52.3459
-52.8862
-53.4245
-53.9622
-54.4998
-55.0385
-55.5776
-56.1176
-56.6576
-57.1987
-57.7398
-58.2811
-58.8228
-59.3638
-59.9061
-60.4466
-60.9895
-61.5306
-62.0728
-62.6149
-63.1555
-63.6991
-64.2384
-64.7837
-65.3235
-65.8667
-66.409
-66.95
-67.4946
-68.0336
-68.5793
-69.1177
-69.6646
-70.2061
-70.7483
-71.2909
-71.8324
-72.3821
-72.9216
-73.4764
-74.0189
-74.5764
-75.1558
-75.7754
-76.5015
-77.3899
-15.0001
-15.8791
-16.8509
-17.8335
-18.8843
-19.9818
-21.0835
-22.1491
-23.1617
-24.1236
-25.0363
-25.8922
-26.695
-27.4498
-28.1692
-28.8601
-29.5262
-30.1764
-30.8187
-31.4568
-32.094
-32.7291
-33.361
-33.9891
-34.6119
-35.2312
-35.847
-36.4605
-37.0713
-37.6809
-38.2903
-38.8999
-39.5093
-40.1173
-40.7226
-41.3266
-41.9298
-42.5322
-43.1337
-43.7344
-44.3347
-44.936
-45.5375
-46.1378
-46.735
-47.3273
-47.9129
-48.4909
-49.0614
-49.6245
-50.1811
-50.7319
-51.2785
-51.8219
-52.3637
-52.9041
-53.4425
-53.9803
-54.5178
-55.0564
-55.5954
-56.1354
-56.6754
-57.2164
-57.7575
-58.2988
-58.8405
-59.3815
-59.9238
-60.4642
-61.0073
-61.5481
-62.0907
-62.6324
-63.1733
-63.7168
-64.2559
-64.8017
-65.3407
-65.8849
-66.4262
-66.968
-67.5122
-68.0512
-68.5973
-69.1349
-69.6829
-70.223
-70.767
-71.308
-71.8504
-72.4
-72.9389
-73.4954
-74.0364
-74.5983
-75.1736
-75.7974
-76.5252
-77.4172
-14.9409
-15.8852
-16.8498
-17.8282
-18.8848
-19.9876
-21.0947
-22.1652
-23.1788
-24.1426
-25.0569
-25.9132
-26.7158
-27.4703
-28.1893
-28.8794
-29.545
-30.1947
-30.8366
-31.4746
-32.1115
-32.7466
-33.3782
-34.0055
-34.627
-35.2456
-35.8608
-36.4738
-37.0842
-37.6933
-38.3025
-38.912
-39.5212
-40.1291
-40.7343
-41.3381
-41.9412
-42.5435
-43.1449
-43.7455
-44.3459
-44.9471
-45.5486
-46.1488
-46.7459
-47.338
-47.9233
-48.501
-49.0712
-49.6341
-50.1904
-50.741
-51.2873
-51.8306
-52.3723
-52.9125
-53.4509
-53.9886
-54.5261
-55.0649
-55.6039
-56.144
-56.684
-57.225
-57.7661
-58.3075
-58.8492
-59.3901
-59.9325
-60.4729
-61.0161
-61.5566
-62.0994
-62.641
-63.1821
-63.7255
-64.2646
-64.8105
-65.3492
-65.8938
-66.4346
-66.9769
-67.5207
-68.0599
-68.606
-69.1433
-69.6919
-70.2313
-70.776
-71.3162
-71.8593
-72.4085
-72.9473
-73.5043
-74.0439
-74.6068
-75.1812
-75.8114
-76.5392
-77.4346
-14.8649
-15.8918
-16.8698
-17.856
-18.9165
-20.0192
-21.1271
-22.1984
-23.2098
-24.1745
-25.0902
-25.9475
-26.7502
-27.5043
-28.2222
-28.9112
-29.5755
-30.2239
-30.8644
-31.5013
-32.1373
-32.7718
-33.4029
-34.03
-34.6515
-35.2699
-35.8851
-36.4978
-37.1082
-37.7172
-38.3262
-38.9354
-39.5445
-40.1521
-40.7572
-41.3609
-41.964
-42.5663
-43.1677
-43.7683
-44.3686
-44.9698
-45.5712
-46.1714
-46.7684
-47.3604
-47.9457
-48.5234
-49.0935
-49.6564
-50.2127
-50.7633
-51.3097
-51.853
-52.3947
-52.9349
-53.4733
-54.0111
-54.5486
-55.0873
-55.6263
-56.1664
-56.7064
-57.2474
-57.7885
-58.3299
-58.8715
-59.4125
-59.9549
-60.4953
-61.0385
-61.5789
-62.1219
-62.6632
-63.2046
-63.7477
-64.287
-64.8329
-65.3714
-65.9165
-66.4567
-66.9996
-67.5428
-68.0824
-68.6284
-69.1656
-69.7145
-70.2532
-70.799
-71.338
-71.8822
-72.4305
-72.97
-73.5266
-74.0664
-74.63
-75.2033
-75.8341
-76.5588
-77.4548
-75.6212
-81.1054
-85.8685
-87.8788
-89.4447
-89.7976
-88.9224
-85.4073
-78.8006
-64.9453
-45.5321
-27.9146
-17.9065
-13.7513
-12.4834
-11.5881
-8.98394
-5.05401
-1.47004
1.1557
3.07426
4.46245
5.44507
6.12907
6.59653
6.91663
7.13755
7.28671
7.38546
7.44921
7.47766
7.47218
7.44273
7.39709
7.33935
7.2576
7.14718
7.03411
6.91313
6.80089
6.71035
6.62696
6.5358
6.42324
6.31732
6.21155
6.10174
5.99113
5.87976
5.76776
5.65538
5.54274
5.42997
5.31712
5.20422
5.09129
4.97833
4.86537
4.7524
4.63943
4.52645
4.41348
4.3005
4.18753
4.07455
3.96158
3.84861
3.73563
3.62266
3.50968
3.39671
3.28374
3.17076
3.05778
2.94481
2.83184
2.71886
2.60589
2.49291
2.37994
2.26697
2.15399
2.04102
1.92804
1.81506
1.70207
1.58909
1.47609
1.36307
1.25001
1.13689
1.02365
0.910202
0.796395
0.681918
0.566367
0.448648
0.328287
0.200998
0.0731849
-75.7518
-80.8298
-85.4868
-87.5571
-89.0509
-89.4726
-88.5275
-84.8742
-78.0712
-64.3726
-45.3807
-28.3984
-18.8631
-14.9596
-13.6551
-12.4992
-9.55768
-5.30687
-1.49648
1.23615
3.17371
4.54088
5.49553
6.1564
6.60822
6.91815
7.13247
7.27759
7.37399
7.43629
7.46415
7.45827
7.42834
7.38298
7.3259
7.24304
7.13245
7.01878
6.90033
6.79045
6.69922
6.61306
6.52156
6.41086
6.30483
6.19926
6.08936
5.97861
5.86714
5.75508
5.64266
5.52999
5.41721
5.30436
5.19145
5.07852
4.96556
4.8526
4.73963
4.62665
4.51368
4.40071
4.28773
4.17475
4.06178
3.94881
3.83583
3.72286
3.60988
3.49691
3.38394
3.27096
3.15798
3.04501
2.93203
2.81906
2.70609
2.59311
2.48014
2.36717
2.2542
2.14122
2.02824
1.91526
1.80228
1.68931
1.57632
1.46333
1.35032
1.23728
1.12419
1.011
0.897647
0.784009
0.669838
0.55481
0.43805
0.319179
0.194765
0.0698954
-75.9993
-80.6453
-85.1167
-87.2563
-88.5758
-88.9993
-87.9356
-84.1485
-77.0932
-63.773
-45.0129
-28.8866
-19.888
-16.2912
-14.9717
-13.5294
-10.1997
-5.57927
-1.51696
1.33391
3.29063
4.63206
5.55398
6.18838
6.62227
6.92057
7.12733
7.26774
7.36139
7.42212
7.44939
7.44309
7.41267
7.36768
7.31107
7.2271
7.11628
7.00211
6.88584
6.7791
6.68718
6.59959
6.5043
6.39679
6.29137
6.1854
6.07561
5.96474
5.85317
5.74104
5.62857
5.51587
5.40308
5.29022
5.17732
5.06438
4.95142
4.83845
4.72548
4.61251
4.49954
4.38656
4.27359
4.16061
4.04764
3.93466
3.82169
3.70872
3.59574
3.48277
3.36979
3.25682
3.14384
3.03087
2.91789
2.80492
2.69195
2.57897
2.466
2.35303
2.24005
2.12708
2.0141
1.90112
1.78814
1.67517
1.56218
1.4492
1.3362
1.22318
1.11012
0.996994
0.88375
0.770303
0.656474
0.542031
0.426345
0.30914
0.187926
0.0663174
-76.2567
-80.519
-84.8249
-86.9441
-88.0614
-88.3664
-87.1261
-83.1503
-75.83
-62.9537
-44.4248
-29.4189
-20.9977
-17.7616
-16.4609
-14.6982
-10.924
-5.87891
-1.53755
1.44495
3.42327
4.7356
5.62075
6.22537
6.6389
6.924
7.12217
7.25718
7.34764
7.4066
7.43328
7.42655
7.39564
7.35109
7.29471
7.20966
7.09843
6.98388
6.86983
6.76639
6.67409
6.58472
6.4856
6.38133
6.27686
6.16989
6.06028
5.94936
5.83769
5.72548
5.61297
5.50024
5.38744
5.27457
5.16166
5.04872
4.93576
4.82279
4.70983
4.59685
4.48388
4.3709
4.25793
4.14495
4.03198
3.919
3.80603
3.69306
3.58008
3.46711
3.35413
3.24116
3.12818
3.01521
2.90223
2.78926
2.67629
2.56331
2.45034
2.33737
2.22439
2.11142
1.99844
1.88547
1.77249
1.65951
1.54653
1.43355
1.32056
1.20757
1.09455
0.981488
0.868364
0.75513
0.641684
0.527896
0.413405
0.298064
0.180397
0.0624167
-76.5189
-80.4249
-84.5366
-86.6034
-87.5192
-87.596
-86.0705
-81.813
-74.215
-61.5001
-43.8328
-30.0276
-22.1945
-19.3893
-18.157
-16.0316
-11.7466
-6.21237
-1.55987
1.56983
3.5741
4.85419
5.69771
6.26835
6.65852
6.92858
7.11701
7.24586
7.33266
7.38966
7.41574
7.40856
7.37716
7.33308
7.27668
7.19068
7.07921
6.96408
6.8517
6.75172
6.66009
6.56744
6.46605
6.36456
6.26081
6.15284
6.04326
5.93229
5.82053
5.70826
5.5957
5.48295
5.37013
5.25726
5.14434
5.03139
4.91843
4.80546
4.69249
4.57952
4.46655
4.35357
4.24059
4.12762
4.01464
3.90167
3.7887
3.67572
3.56275
3.44977
3.3368
3.22383
3.11085
2.99787
2.8849
2.77193
2.65895
2.54598
2.43301
2.32003
2.20706
2.09409
1.98111
1.86813
1.75516
1.64219
1.52921
1.41624
1.30326
1.19029
1.07731
0.964325
0.851335
0.738339
0.625317
0.512257
0.399095
0.285826
0.172084
0.0581455
-76.8159
-80.3318
-84.1857
-86.1869
-86.9231
-86.7
-84.7781
-80.1194
-72.1333
-59.511
-43.3349
-30.6343
-23.4687
-21.1893
-20.0835
-17.555
-12.6829
-6.58452
-1.58044
1.71397
3.74765
4.99088
5.78663
6.31816
6.68147
6.93443
7.11184
7.23373
7.31643
7.37124
7.39669
7.38902
7.35712
7.31349
7.25685
7.17011
7.05881
6.94305
6.83062
6.7347
6.64469
6.54787
6.44565
6.34613
6.24256
6.1343
6.02451
5.91337
5.80151
5.68916
5.57656
5.46377
5.35093
5.23806
5.12514
5.01219
4.89923
4.78626
4.67329
4.56031
4.44734
4.33437
4.22139
4.10841
3.99544
3.88247
3.76949
3.65652
3.54354
3.43057
3.3176
3.20462
3.09164
2.97867
2.86569
2.75272
2.63975
2.52677
2.4138
2.30083
2.18786
2.07488
1.96191
1.84893
1.73596
1.62299
1.51002
1.39705
1.28409
1.17114
1.05821
0.945308
0.832468
0.719733
0.607182
0.494928
0.383235
0.272261
0.16285
0.0534245
-77.1021
-80.2443
-83.7965
-85.6972
-86.2289
-85.6381
-83.2623
-78.1139
-69.7051
-57.4516
-42.7894
-31.1788
-24.8014
-23.1645
-22.2611
-19.282
-13.7447
-6.99834
-1.59394
1.88582
3.95087
5.14999
5.88992
6.37604
6.70828
6.94171
7.10668
7.22079
7.29892
7.35132
7.3761
7.36786
7.33533
7.29204
7.23508
7.14783
7.03676
6.92079
6.80755
6.7147
6.62674
6.52667
6.42401
6.3255
6.22208
6.11399
6.0039
5.89251
5.7805
5.66807
5.55542
5.4426
5.32979
5.21686
5.10392
4.99097
4.878
4.76503
4.65206
4.53909
4.42611
4.31314
4.20016
4.08719
3.97421
3.86124
3.74827
3.63529
3.52232
3.40934
3.29637
3.18339
3.07042
2.95744
2.84447
2.73149
2.61852
2.50555
2.39257
2.2796
2.16663
2.05365
1.94068
1.82771
1.71473
1.60177
1.4888
1.37584
1.2629
1.14998
1.0371
0.924286
0.811609
0.699161
0.587125
0.475755
0.365676
0.257226
0.15259
0.0481958
-77.377
-80.1731
-83.3877
-85.1491
-85.4426
-84.4512
-81.5808
-75.928
-67.1911
-55.3643
-42.1063
-31.6258
-26.207
-25.3597
-24.7376
-21.233
-14.939
-7.45338
-1.59475
2.09337
4.19215
5.33741
6.01088
6.44352
6.73948
6.95052
7.1014
7.20693
7.2802
7.32998
7.35387
7.34477
7.31171
7.26848
7.21114
7.12348
7.0127
6.89701
6.78342
6.69104
6.60553
6.50396
6.40077
6.30248
6.19948
6.09144
5.98106
5.86943
5.75723
5.64466
5.53193
5.41903
5.30607
5.19328
5.08034
4.96739
4.85442
4.74145
4.62848
4.51551
4.40253
4.28956
4.17658
4.06361
3.95063
3.83766
3.72469
3.61171
3.49874
3.38576
3.27279
3.15981
3.04684
2.93386
2.82089
2.70791
2.59494
2.48197
2.36899
2.25602
2.14305
2.03007
1.9171
1.80413
1.69116
1.57819
1.46523
1.35229
1.23936
1.12647
1.01364
0.900934
0.788435
0.676303
0.56483
0.454424
0.346111
0.24042
0.141049
0.0422588
-77.6344
-80.1085
-82.9697
-84.554
-84.6072
-83.2063
-79.8165
-73.6563
-64.586
-53.1666
-41.2042
-31.9551
-27.7053
-27.794
-27.5046
-23.4089
-16.2743
-7.9481
-1.56654
2.34236
4.47514
5.55691
6.15191
6.52164
6.77509
6.9607
7.09575
7.19174
7.25997
7.3071
7.32981
7.31943
7.2859
7.24247
7.18489
7.0969
6.98638
6.87129
6.75789
6.66411
6.58128
6.47917
6.37541
6.27697
6.17448
6.06637
5.95574
5.84391
5.73157
5.6189
5.50611
5.39316
5.28042
5.16737
5.05441
4.94144
4.82847
4.7155
4.60252
4.48955
4.37657
4.2636
4.15062
4.03765
3.92467
3.8117
3.69872
3.58575
3.47277
3.3598
3.24683
3.13385
3.02088
2.9079
2.79493
2.68195
2.56898
2.456
2.34303
2.23006
2.11709
2.00411
1.89114
1.77817
1.6652
1.55224
1.43929
1.32635
1.21344
1.10058
0.987814
0.875208
0.762898
0.651099
0.540226
0.430852
0.324447
0.221728
0.128156
0.0355642
-77.8639
-80.0504
-82.5603
-83.9414
-83.7492
-81.9309
-78.0017
-71.2981
-61.8366
-50.81
-40.0535
-32.1769
-29.2158
-30.341
-30.3596
-25.6767
-17.6861
-8.51414
-1.49399
2.65928
4.80469
5.81256
6.31687
6.6128
6.81502
6.97141
7.09005
7.17587
7.2385
7.28264
7.30365
7.29157
7.25759
7.21395
7.15593
7.06764
6.9574
6.84322
6.7304
6.63495
6.55338
6.45178
6.34743
6.24861
6.14676
6.0385
5.92755
5.81546
5.70293
5.5901
5.47724
5.36417
5.25122
5.13838
5.02542
4.91245
4.79948
4.68651
4.57354
4.46056
4.34759
4.23461
4.12164
4.00866
3.89569
3.78271
3.66974
3.55677
3.44379
3.33082
3.21784
3.10487
2.99189
2.87892
2.76594
2.65297
2.53999
2.42702
2.31405
2.20108
2.0881
1.97513
1.86216
1.74919
1.63622
1.52327
1.41032
1.29739
1.1845
1.07168
0.958977
0.846486
0.734382
0.622946
0.512721
0.404448
0.300094
0.200536
0.113359
0.0275967
-78.0539
-80.005
-82.1901
-83.3584
-82.9254
-80.7104
-76.2437
-68.9754
-59.0973
-48.3796
-38.7414
-32.2495
-30.4785
-32.5272
-32.7898
-27.6692
-18.8373
-9.02551
-1.42973
3.0215
5.16501
6.08478
6.4958
6.71529
6.86037
6.98074
7.0823
7.16009
7.21816
7.25886
7.27695
7.26259
7.22802
7.18406
7.12561
7.03705
6.9271
6.8139
6.70196
6.60578
6.5225
6.4229
6.31829
6.21894
6.11754
6.00921
5.89805
5.78578
5.67314
5.5602
5.44731
5.3342
5.22132
5.10831
4.99533
4.88235
4.76937
4.65639
4.54342
4.43044
4.31746
4.20449
4.09151
3.97854
3.86556
3.75259
3.63962
3.52664
3.41367
3.30069
3.18772
3.07474
2.96177
2.84879
2.73582
2.62284
2.50987
2.3969
2.28392
2.17095
2.05798
1.94501
1.83204
1.71907
1.6061
1.49315
1.38021
1.26729
1.15442
1.04163
0.928985
0.816598
0.704686
0.59359
0.483983
0.376771
0.274452
0.177977
0.0974695
0.0187074
-78.1983
-79.9752
-81.8875
-82.8634
-82.2219
-79.6665
-74.7128
-66.9057
-56.6023
-46.0745
-37.4665
-32.1543
-31.2923
-33.8851
-34.4175
-29.0563
-19.5386
-9.29343
-1.30835
3.38331
5.50892
6.33828
6.66148
6.81166
6.90934
6.99453
7.07455
7.14332
7.19801
7.23648
7.25187
7.23555
7.20034
7.15545
7.09625
7.00776
6.89835
6.78609
6.67511
6.57912
6.49224
6.3952
6.2908
6.19088
6.08956
5.98114
5.86972
5.75718
5.64436
5.53125
5.41831
5.30505
5.19225
5.07926
4.96627
4.85329
4.74031
4.62733
4.51436
4.40138
4.2884
4.17543
4.06245
3.94948
3.8365
3.72353
3.61056
3.49758
3.38461
3.27163
3.15866
3.04568
2.93271
2.81973
2.70676
2.59378
2.48081
2.36784
2.25486
2.14189
2.02892
1.91595
1.80298
1.69001
1.57705
1.4641
1.35116
1.23825
1.1254
1.01264
0.900054
0.787768
0.676037
0.565258
0.456216
0.349948
0.249471
0.155658
0.0814634
0.00909299
-78.3069
-79.9578
-81.6512
-82.4656
-81.6571
-78.8253
-73.4664
-65.1717
-54.4598
-44.0903
-36.3686
-31.9525
-31.7133
-34.5469
-35.3065
-29.8703
-19.8998
-9.33284
-1.10228
3.70112
5.80155
6.55824
6.803
6.89175
6.94965
7.00807
7.0711
7.13169
7.18127
7.2165
7.22958
7.21098
7.17465
7.12925
7.06954
6.98135
6.87252
6.761
6.65107
6.55471
6.4656
6.37019
6.26621
6.16578
6.06437
5.95597
5.84445
5.73179
5.61892
5.5057
5.39287
5.27976
5.16656
5.05351
4.9405
4.82751
4.71453
4.60155
4.48857
4.37559
4.26262
4.14964
4.03667
3.92369
3.81072
3.69774
3.58477
3.4718
3.35882
3.24585
3.13287
3.0199
2.90692
2.79395
2.68097
2.568
2.45502
2.34205
2.22908
2.11611
2.00313
1.89016
1.77719
1.66422
1.55126
1.43832
1.32538
1.21248
1.09964
0.986906
0.874353
0.762134
0.65053
0.539981
0.431363
0.325822
0.226862
0.135121
0.0665468
-0.000476889
-78.3929
-79.9508
-81.4785
-82.1508
-81.2093
-78.1573
-72.4735
-63.7621
-52.6847
-42.4815
-35.4964
-31.7789
-31.8663
-34.8094
-35.6862
-30.2481
-19.9995
-9.23698
-0.904181
3.94146
6.02445
6.72655
6.91257
6.95403
6.97731
7.01453
7.06704
7.1222
7.16692
7.19831
7.20913
7.19111
7.15211
7.10516
7.0451
6.95758
6.84945
6.73833
6.62963
6.53154
6.44238
6.34764
6.24408
6.14309
6.04132
5.93286
5.82109
5.70814
5.59514
5.48168
5.36854
5.25581
5.14265
5.02962
4.91662
4.80363
4.69065
4.57767
4.46469
4.35172
4.23874
4.12576
4.01279
3.89981
3.78684
3.67387
3.56089
3.44792
3.33494
3.22197
3.10899
2.99602
2.88304
2.77007
2.65709
2.54412
2.43114
2.31817
2.2052
2.09223
1.97925
1.86628
1.75331
1.64035
1.52739
1.41444
1.30151
1.18862
1.07579
0.963081
0.850568
0.738421
0.626948
0.516625
0.408401
0.303494
0.205852
0.115734
0.0522041
-0.0104698
-78.4609
-79.95
-81.3578
-81.9144
-80.8744
-77.6539
-71.7109
-62.6645
-51.2772
-41.2263
-34.859
-31.7161
-31.9149
-34.8704
-35.7497
-30.3185
-19.9394
-9.11017
-0.753853
4.10367
6.17182
6.83622
6.98302
6.99267
6.99304
7.01581
7.05966
7.10984
7.15205
7.18136
7.19039
7.17382
7.13345
7.08474
7.02362
6.93635
6.82913
6.7182
6.6102
6.5111
6.42187
6.32749
6.22429
6.12294
6.02081
5.91254
5.80085
5.68786
5.57488
5.46152
5.34808
5.23517
5.12197
5.0089
4.89587
4.78287
4.66988
4.5569
4.44393
4.33095
4.21797
4.10499
3.99202
3.87904
3.76607
3.6531
3.54012
3.42715
3.31417
3.2012
3.08822
2.97525
2.86227
2.7493
2.63633
2.52335
2.41038
2.2974
2.18443
2.07146
1.95849
1.84551
1.73255
1.61958
1.50662
1.39367
1.28075
1.16786
1.05503
0.942333
0.829835
0.71772
0.606306
0.496098
0.3881
0.283608
0.18697
0.0978749
0.03893
-0.0205015
-78.5107
-79.9529
-81.28
-81.746
-80.6427
-77.2996
-71.162
-61.8437
-50.1864
-40.2806
-34.4631
-31.7351
-31.9708
-34.8639
-35.6655
-30.2414
-19.8183
-8.99432
-0.653147
4.196
6.25259
6.89571
7.02078
7.0122
6.99895
7.01256
7.0507
7.09775
7.13851
7.16679
7.17509
7.15769
7.11686
7.06757
7.0061
6.919
6.81194
6.70027
6.59184
6.4927
6.40305
6.30893
6.20588
6.10394
6.0014
5.89297
5.78087
5.66769
5.55429
5.44131
5.32802
5.21511
5.10198
4.98893
4.87591
4.76292
4.64993
4.53695
4.42397
4.311
4.19802
4.08504
3.97207
3.85909
3.74612
3.63315
3.52017
3.4072
3.29422
3.18125
3.06827
2.9553
2.84232
2.72935
2.61637
2.5034
2.39042
2.27745
2.16448
2.05151
1.93853
1.82556
1.71259
1.59963
1.48667
1.37373
1.26081
1.14792
1.03511
0.922425
0.809973
0.697903
0.586613
0.476589
0.368899
0.264854
0.169228
0.0806731
0.0260203
-0.0306538
-78.5469
-79.9583
-81.2357
-81.6329
-80.4933
-77.0655
-70.7924
-61.2559
-49.3685
-39.6234
-34.3026
-31.8045
-32.0639
-34.8713
-35.5614
-30.1212
-19.6848
-8.89147
-0.583064
4.24872
6.29961
6.93229
7.04441
7.02403
7.00127
7.00819
7.04202
7.08651
7.12585
7.15334
7.16156
7.14435
7.10378
7.05397
6.99186
6.90453
6.79733
6.68524
6.57636
6.47662
6.38629
6.29216
6.18929
6.08733
5.98497
5.87724
5.76546
5.65262
5.53876
5.42569
5.31234
5.19935
5.0862
4.97313
4.8601
4.7471
4.63411
4.52113
4.40815
4.29517
4.1822
4.06922
3.95624
3.84327
3.7303
3.61732
3.50435
3.39137
3.2784
3.16542
3.05245
2.93947
2.8265
2.71352
2.60055
2.48757
2.3746
2.26163
2.14866
2.03568
1.92271
1.80974
1.69677
1.58381
1.47085
1.3579
1.24498
1.13209
1.01928
0.906588
0.794135
0.682048
0.570758
0.460722
0.353023
0.24908
0.153788
0.0653026
0.0134499
-0.0403088
-78.5725
-79.9649
-81.2119
-81.5631
-80.4075
-76.9282
-70.5698
-60.8724
-48.808
-39.2568
-34.3054
-31.92
-32.1745
-34.9174
-35.4984
-29.9968
-19.5376
-8.77067
-0.496672
4.31269
6.35135
6.96901
7.06664
7.03501
7.00379
7.00481
7.03476
7.07675
7.11443
7.14078
7.14847
7.13097
7.09011
7.03966
6.97675
6.8887
6.7808
6.66806
6.5588
6.45875
6.36806
6.2738
6.17078
6.06829
5.96572
5.85714
5.74549
5.63295
5.5194
5.4064
5.29318
5.18021
5.06711
4.95405
4.84103
4.72804
4.61505
4.50207
4.38909
4.27611
4.16314
4.05016
3.93718
3.82421
3.71124
3.59826
3.48529
3.37232
3.25934
3.14637
3.03339
2.92042
2.80744
2.69447
2.58149
2.46851
2.35554
2.24257
2.1296
2.01663
1.90365
1.79069
1.67771
1.56475
1.45179
1.33885
1.22593
1.11305
1.00024
0.887583
0.775142
0.663122
0.551933
0.442059
0.334652
0.231078
0.136705
0.048377
0.000658261
-0.0608316
-78.587
-79.9691
-81.1986
-81.5238
-80.369
-76.8692
-70.4737
-60.6873
-48.5336
-39.2056
-34.4259
-32.0527
-32.2789
-34.99
-35.477
-29.8834
-19.3736
-8.61127
-0.366402
4.40875
6.4173
7.00942
7.08875
7.04578
7.00813
7.00528
7.03268
7.0731
7.1099
7.13565
7.14287
7.12502
7.08396
7.03297
6.96952
6.88118
6.77309
6.66015
6.5508
6.45068
6.3598
6.26574
6.16309
6.06121
5.95846
5.85042
5.73892
5.62594
5.51223
5.39914
5.28586
5.17286
5.05974
4.94667
4.83365
4.72065
4.60766
4.49468
4.3817
4.26873
4.15575
4.04277
3.9298
3.81682
3.70385
3.59088
3.4779
3.36493
3.25195
3.13898
3.026
2.91303
2.80005
2.68708
2.5741
2.46113
2.34816
2.23518
2.12221
2.00924
1.89626
1.7833
1.67032
1.55737
1.4444
1.33146
1.21854
1.10566
0.992843
0.880175
0.76772
0.655678
0.544447
0.434497
0.326977
0.223271
0.128609
0.0399796
-0.00890631
-0.0408145
-78.6033
-79.981
-81.2073
-81.5243
-80.3757
-76.8781
-70.4863
-60.6869
-48.533
-39.3482
-34.607
-32.1762
-32.3692
-35.0709
-35.4743
-29.7884
-19.2333
-8.45316
-0.229564
4.50434
6.47244
7.03559
7.09757
7.04323
6.99924
6.99236
7.01701
7.05578
7.09146
7.11616
7.12273
7.10429
7.06289
7.0116
6.94772
6.85923
6.751
6.63803
6.52871
6.42856
6.33758
6.24335
6.14053
6.03831
5.93551
5.82726
5.71567
5.60282
5.48919
5.37612
5.26287
5.14987
5.03676
4.9237
4.81068
4.69768
4.58469
4.47171
4.35873
4.24575
4.13278
4.0198
3.90683
3.79385
3.68088
3.56791
3.45493
3.34196
3.22898
3.11601
3.00303
2.89006
2.77708
2.66411
2.55113
2.43816
2.32518
2.21221
2.09924
1.98626
1.87329
1.76033
1.64735
1.5344
1.42143
1.3085
1.19557
1.08269
0.969876
0.857215
0.744767
0.632738
0.521539
0.411624
0.304193
0.200571
0.106194
0.017574
-0.0295058
-0.119383
-76.863
-76.9711
-77.4629
-77.791
-77.9923
-78.0508
-77.9999
-77.8624
-77.6757
-77.4701
-77.2716
-77.0999
-76.9625
-76.8738
-76.8863
-77.0085
-82.3396
-83.0154
-83.6501
-84.1383
-84.4617
-84.6505
-84.7203
-84.7179
-84.6684
-84.5928
-84.5102
-84.4375
-84.3881
-84.3672
-84.3693
-84.3904
-86.476
-87.0465
-87.5099
-87.8614
-88.1054
-88.2657
-88.369
-88.4324
-88.4678
-88.4869
-88.501
-88.52
-88.5518
-88.5996
-88.6531
-88.6889
-88.4039
-88.835
-89.1764
-89.4274
-89.595
-89.7077
-89.7827
-89.8323
-89.8664
-89.893
-89.9188
-89.9492
-89.9889
-90.0391
-90.09
-90.1179
-89.8894
-90.2172
-90.4815
-90.6416
-90.7155
-90.7537
-90.7785
-90.7933
-90.8053
-90.8199
-90.8395
-90.8664
-90.9024
-90.9468
-90.9907
-91.0129
-90.1577
-90.4593
-90.6634
-90.7637
-90.7701
-90.7345
-90.696
-90.6609
-90.6266
-90.5968
-90.5815
-90.5859
-90.6076
-90.6417
-90.6778
-90.6942
-89.3598
-89.7835
-90.0687
-90.21
-90.2122
-90.1111
-89.9634
-89.82
-89.6989
-89.5972
-89.5095
-89.4352
-89.3794
-89.3461
-89.3302
-89.3144
-86.084
-86.7425
-87.1224
-87.2507
-87.1723
-86.9456
-86.6404
-86.3195
-86.0222
-85.7616
-85.5404
-85.3622
-85.2259
-85.1244
-85.0483
-84.9835
-79.6586
-80.3861
-80.6916
-80.6635
-80.4003
-79.9869
-79.495
-78.9806
-78.479
-78.015
-77.6013
-77.2377
-76.9163
-76.6278
-76.3808
-76.191
-65.7594
-66.4564
-66.6731
-66.5148
-66.094
-65.503
-64.8221
-64.1184
-63.4509
-62.8411
-62.2811
-61.7625
-61.266
-60.7676
-60.2965
-59.934
-45.6213
-45.4978
-45.1173
-44.5655
-43.9264
-43.2404
-42.5285
-41.8178
-41.1497
-40.5612
-40.0406
-39.5316
-38.9905
-38.3896
-37.7718
-37.2852
-27.1638
-26.0714
-24.9689
-23.9243
-22.9658
-22.091
-21.3004
-20.6038
-20.0102
-19.5244
-19.1226
-18.7345
-18.2797
-17.7165
-17.0984
-16.5997
-16.4751
-14.5467
-12.7562
-11.2154
-9.93845
-8.896
-8.05712
-7.39274
-6.87868
-6.49546
-6.19627
-5.89742
-5.53061
-5.06947
-4.56094
-4.14693
-11.9833
-9.71509
-7.68756
-5.98475
-4.62093
-3.55924
-2.75223
-2.15324
-1.72379
-1.4191
-1.16784
-0.908993
-0.618891
-0.28298
0.0731656
0.367056
-10.7877
-8.66437
-6.8123
-5.25849
-4.01283
-3.05912
-2.35687
-1.85612
-1.50322
-1.2361
-1.00592
-0.794309
-0.587373
-0.370661
-0.157779
0.016595
-10.2714
-8.60434
-7.13135
-5.87761
-4.85009
-4.03886
-3.42703
-2.98769
-2.67032
-2.42392
-2.22455
-2.05915
-1.91387
-1.78203
-1.67018
-1.58361
-8.15057
-7.09139
-6.14758
-5.34448
-4.68322
-4.14684
-3.72315
-3.39488
-3.14216
-2.95032
-2.80503
-2.69175
-2.60089
-2.52983
-2.47969
-2.43695
-4.68641
-4.23111
-3.83106
-3.51117
-3.26855
-3.07606
-2.90817
-2.7485
-2.5967
-2.46163
-2.35069
-2.26531
-2.20038
-2.15062
-2.11692
-2.09254
-1.43296
-1.39127
-1.3365
-1.28345
-1.24048
-1.20353
-1.16435
-1.12345
-1.08477
-1.04922
-1.01482
-0.980543
-0.949119
-0.924616
-0.907518
-0.888235
1.03966
0.898917
0.804732
0.74327
0.703427
0.680733
0.674951
0.682009
0.696539
0.713057
0.728151
0.742841
0.758091
0.772141
0.78198
0.804303
2.9318
2.76175
2.63941
2.55214
2.49183
2.45378
2.4334
2.42181
2.41294
2.41056
2.41783
2.43129
2.44738
2.46449
2.48043
2.50257
4.35039
4.21641
4.11759
4.04438
3.99234
3.95785
3.93048
3.90886
3.90075
3.90293
3.91052
3.92224
3.9375
3.95477
3.97189
3.99522
5.37386
5.28955
5.22529
5.1776
5.14509
5.11834
5.09844
5.09232
5.09437
5.1006
5.11031
5.12379
5.14066
5.15913
5.17697
5.20056
6.09142
6.04797
6.01571
5.99267
5.97429
5.96331
5.96301
5.96847
5.97636
5.98646
5.99933
6.01525
6.03382
6.05323
6.07117
6.09464
6.58133
6.56584
6.55725
6.55418
6.55555
6.5613
6.57061
6.58135
6.59327
6.60675
6.62216
6.63973
6.65908
6.67851
6.69596
6.71917
6.91582
6.91821
6.92526
6.93587
6.94815
6.96175
6.97623
6.99113
7.00654
7.02273
7.04003
7.05868
7.07832
7.09743
7.11413
7.13683
7.14598
7.15932
7.17446
7.19126
7.2083
7.22562
7.2434
7.26111
7.27877
7.29665
7.31511
7.33441
7.35425
7.37326
7.38938
7.41161
7.30065
7.31984
7.33883
7.35906
7.37981
7.40013
7.42011
7.43955
7.45869
7.47781
7.49725
7.51716
7.53721
7.55611
7.57164
7.5934
7.40251
7.42517
7.44697
7.46927
7.49228
7.51484
7.53651
7.55747
7.57793
7.59809
7.61825
7.63852
7.65851
7.67707
7.69182
7.71303
7.4683
7.49385
7.51829
7.54203
7.56579
7.58947
7.61216
7.63406
7.65523
7.67586
7.69616
7.71622
7.73571
7.75364
7.76738
7.78794
7.49769
7.52474
7.55086
7.57598
7.60069
7.62534
7.64905
7.67175
7.69347
7.71433
7.73454
7.75424
7.7732
7.7905
7.80311
7.82301
7.49284
7.52073
7.5478
7.57409
7.60037
7.62601
7.65055
7.67388
7.69592
7.71683
7.737
7.75659
7.77522
7.7919
7.80324
7.82255
7.46417
7.4932
7.52122
7.5481
7.57467
7.60031
7.6247
7.64769
7.66929
7.68991
7.7102
7.73015
7.74861
7.76459
7.77458
7.79341
7.41819
7.44689
7.47399
7.50119
7.52786
7.55258
7.57579
7.59758
7.61844
7.63897
7.65942
7.67925
7.69704
7.71238
7.72114
7.73972
7.35936
7.38689
7.41505
7.44215
7.46677
7.49005
7.51209
7.53275
7.5525
7.57221
7.59184
7.61034
7.62665
7.64147
7.64912
7.66748
7.27895
7.30695
7.33372
7.3591
7.3836
7.40666
7.42746
7.44719
7.46647
7.4853
7.50367
7.52078
7.53545
7.55002
7.55633
7.57547
7.16899
7.19832
7.22663
7.25263
7.27515
7.2965
7.31747
7.33722
7.35601
7.37416
7.39172
7.40829
7.41981
7.43584
7.44191
7.46055
7.0566
7.08478
7.10976
7.1335
7.15691
7.17914
7.19973
7.21859
7.23629
7.25343
7.26998
7.28561
7.29924
7.31389
7.31996
7.33844
6.93165
6.95704
6.98243
7.0072
7.03198
7.0569
7.08077
7.10091
7.11781
7.13387
7.14975
7.16478
7.17805
7.19229
7.19812
7.21669
6.8167
6.84082
6.86658
6.89156
6.91492
6.93576
6.95504
6.97526
6.99535
7.01307
7.02914
7.04389
7.05665
7.07095
7.07693
7.09562
6.728
6.75408
6.77804
6.80017
6.82109
6.84044
6.85824
6.87479
6.89063
6.90614
6.92089
6.93522
6.94723
6.96277
6.96769
6.98705
6.64892
6.6747
6.69736
6.71922
6.73964
6.75848
6.77589
6.79213
6.80728
6.82186
6.83587
6.84966
6.86124
6.87496
6.88116
6.89971
6.55454
6.57806
6.60064
6.62211
6.64214
6.66091
6.67852
6.69518
6.71086
6.72586
6.74018
6.75395
6.7657
6.77967
6.78584
6.80444
6.44132
6.46591
6.48905
6.51044
6.53046
6.54946
6.56744
6.58446
6.60051
6.61581
6.6303
6.64436
6.65614
6.67039
6.67647
6.69519
6.33587
6.35978
6.38203
6.40312
6.4231
6.44196
6.45972
6.47647
6.49224
6.50723
6.52144
6.53514
6.54702
6.56105
6.56724
6.58592
6.22943
6.253
6.27534
6.29646
6.31638
6.33517
6.35289
6.36962
6.38537
6.40029
6.41445
6.42799
6.43995
6.4538
6.46005
6.47869
6.1199
6.14389
6.16652
6.18784
6.20794
6.22688
6.24474
6.26158
6.27744
6.29242
6.30659
6.32008
6.33205
6.34583
6.35215
6.37077
6.00951
6.03371
6.05651
6.07798
6.09821
6.11727
6.13523
6.15215
6.16808
6.18311
6.19728
6.21075
6.22274
6.23653
6.24284
6.26146
5.89827
5.92261
5.94553
5.96712
5.98745
6.00659
6.02462
6.04159
6.05757
6.07264
6.08681
6.10029
6.11227
6.12608
6.13238
6.15099
5.78637
5.81082
5.83383
5.8555
5.8759
5.8951
5.91317
5.93019
5.9462
5.96128
5.97546
5.98895
6.00092
6.01476
6.02103
6.03965
5.67405
5.69857
5.72164
5.74336
5.76379
5.78303
5.80113
5.81817
5.8342
5.84929
5.86348
5.87697
5.88894
5.90279
5.90905
5.92768
5.56144
5.58601
5.60912
5.63087
5.65133
5.67059
5.68871
5.70576
5.72179
5.7369
5.75108
5.76457
5.77653
5.7904
5.79664
5.81527
5.44869
5.47328
5.49642
5.51818
5.53866
5.55793
5.57605
5.59311
5.60915
5.62427
5.63845
5.65194
5.6639
5.67778
5.68401
5.70264
5.33586
5.36046
5.3836
5.40538
5.42586
5.44514
5.46327
5.48033
5.49638
5.51149
5.52566
5.53916
5.55111
5.565
5.57123
5.58986
5.22296
5.24757
5.27072
5.2925
5.31299
5.33227
5.3504
5.36746
5.38351
5.39862
5.41279
5.4263
5.43824
5.45214
5.45836
5.477
5.11003
5.13464
5.1578
5.17958
5.20007
5.21935
5.23748
5.25455
5.27059
5.2857
5.29988
5.31338
5.32533
5.33922
5.34544
5.36408
4.99708
5.02169
5.04485
5.06663
5.08712
5.1064
5.12454
5.1416
5.15765
5.17276
5.18694
5.20044
5.21239
5.22628
5.2325
5.25114
4.88411
4.90873
4.93189
4.95367
4.97416
4.99344
5.01158
5.02865
5.04469
5.0598
5.07398
5.08748
5.09943
5.11332
5.11954
5.13818
4.77115
4.79576
4.81892
4.8407
4.8612
4.88048
4.89861
4.91568
4.93173
4.94684
4.96101
4.97452
4.98646
5.00036
5.00657
5.02521
4.65817
4.68279
4.70595
4.72773
4.74823
4.76751
4.78564
4.80271
4.81875
4.83386
4.84804
4.86155
4.87349
4.88739
4.8936
4.91224
4.5452
4.56982
4.59297
4.61476
4.63525
4.65453
4.67267
4.68973
4.70578
4.72089
4.73506
4.74857
4.76051
4.77441
4.78063
4.79927
4.43222
4.45684
4.48
4.50178
4.52228
4.54156
4.55969
4.57676
4.5928
4.60791
4.62209
4.63559
4.64754
4.66144
4.66765
4.68629
4.31925
4.34387
4.36702
4.38881
4.4093
4.42858
4.44672
4.46378
4.47983
4.49494
4.50911
4.52262
4.53456
4.54846
4.55468
4.57332
4.20627
4.23089
4.25405
4.27583
4.29633
4.31561
4.33374
4.35081
4.36685
4.38196
4.39614
4.40965
4.42159
4.43549
4.4417
4.46034
4.0933
4.11792
4.14107
4.16286
4.18335
4.20263
4.22077
4.23783
4.25388
4.26899
4.28316
4.29667
4.30861
4.32251
4.32873
4.34737
3.98033
4.00494
4.0281
4.04989
4.07038
4.08966
4.10779
4.12486
4.14091
4.15602
4.17019
4.1837
4.19564
4.20954
4.21575
4.23439
3.86735
3.89197
3.91512
3.93691
3.9574
3.97668
3.99482
4.01189
4.02793
4.04304
4.05722
4.07072
4.08267
4.09656
4.10278
4.12142
3.75438
3.77899
3.80215
3.82394
3.84443
3.86371
3.88184
3.89891
3.91496
3.93007
3.94424
3.95775
3.96969
3.98359
3.9898
4.00844
3.6414
3.66602
3.68918
3.71096
3.73145
3.75074
3.76887
3.78594
3.80198
3.81709
3.83127
3.84477
3.85672
3.87061
3.87683
3.89547
3.52843
3.55305
3.5762
3.59799
3.61848
3.63776
3.6559
3.67296
3.68901
3.70412
3.71829
3.7318
3.74374
3.75764
3.76386
3.7825
3.41546
3.44007
3.46323
3.48501
3.50551
3.52479
3.54292
3.55999
3.57603
3.59114
3.60532
3.61882
3.63077
3.64467
3.65088
3.66952
3.30248
3.3271
3.35025
3.37204
3.39253
3.41181
3.42995
3.44701
3.46306
3.47817
3.49234
3.50585
3.51779
3.53169
3.5379
3.55654
3.1895
3.21412
3.23728
3.25906
3.27956
3.29884
3.31697
3.33404
3.35008
3.36519
3.37937
3.39288
3.40482
3.41872
3.42493
3.44357
3.07653
3.10114
3.1243
3.14609
3.16658
3.18586
3.204
3.22106
3.23711
3.25222
3.26639
3.2799
3.29184
3.30574
3.31195
3.3306
2.96355
2.98817
3.01133
3.03311
3.05361
3.07289
3.09102
3.10809
3.12413
3.13924
3.15342
3.16693
3.17887
3.19277
3.19898
3.21763
2.85058
2.8752
2.89835
2.92014
2.94063
2.95991
2.97805
2.99512
3.01116
3.02627
3.04045
3.05395
3.06589
3.07979
3.08601
3.10465
2.73761
2.76222
2.78538
2.80717
2.82766
2.84694
2.86507
2.88214
2.89819
2.9133
2.92747
2.94098
2.95292
2.96682
2.97304
2.99168
2.62463
2.64925
2.67241
2.69419
2.71469
2.73397
2.7521
2.76917
2.78521
2.80032
2.8145
2.82801
2.83995
2.85384
2.86006
2.8787
2.51166
2.53628
2.55943
2.58122
2.60171
2.62099
2.63913
2.65619
2.67224
2.68735
2.70152
2.71503
2.72697
2.74087
2.74709
2.76573
2.39869
2.4233
2.44646
2.46825
2.48874
2.50802
2.52615
2.54322
2.55927
2.57438
2.58855
2.60206
2.614
2.6279
2.63411
2.65275
2.28571
2.31033
2.33349
2.35527
2.37576
2.39504
2.41318
2.43024
2.44629
2.4614
2.47557
2.48908
2.50103
2.51492
2.52114
2.53978
2.17274
2.19735
2.22051
2.24229
2.26279
2.28207
2.3002
2.31727
2.33331
2.34842
2.3626
2.3761
2.38804
2.40194
2.40815
2.42679
2.05976
2.08438
2.10753
2.12932
2.14981
2.16909
2.18722
2.20429
2.22033
2.23544
2.24962
2.26312
2.27507
2.28897
2.29518
2.31382
1.94678
1.97139
1.99455
2.01633
2.03683
2.0561
2.07424
2.0913
2.10735
2.12246
2.13663
2.15014
2.16208
2.17597
2.18219
2.20083
1.8338
1.85841
1.88157
1.90335
1.92384
1.94312
1.96125
1.97831
1.99436
2.00946
2.02364
2.03714
2.04909
2.06299
2.0692
2.08784
1.72081
1.74542
1.76857
1.79035
1.81084
1.83012
1.84825
1.86531
1.88135
1.89646
1.91064
1.92414
1.93608
1.94998
1.95619
1.97483
1.60782
1.63243
1.65557
1.67735
1.69783
1.7171
1.73523
1.75229
1.76833
1.78344
1.79761
1.81111
1.82306
1.83695
1.84317
1.86181
1.49481
1.51941
1.54254
1.56431
1.58479
1.60406
1.62218
1.63923
1.65527
1.67038
1.68455
1.69805
1.70999
1.72388
1.7301
1.74874
1.38178
1.40636
1.42948
1.45124
1.4717
1.49096
1.50908
1.52612
1.54215
1.55725
1.57142
1.58491
1.59686
1.61074
1.61697
1.6356
1.2687
1.29325
1.31634
1.33807
1.35852
1.37776
1.39585
1.41289
1.42891
1.444
1.45816
1.47165
1.48359
1.49747
1.50369
1.52233
1.15554
1.18003
1.20307
1.22476
1.24517
1.26437
1.28244
1.29945
1.31545
1.33052
1.34465
1.35812
1.37007
1.38393
1.39016
1.40879
1.04222
1.06661
1.08957
1.11118
1.13152
1.15066
1.16868
1.18564
1.2016
1.21664
1.23076
1.24421
1.25615
1.26998
1.27623
1.29485
0.928632
0.95285
0.975651
0.997121
1.01734
1.03637
1.0543
1.07118
1.08708
1.10206
1.11613
1.12953
1.14147
1.15524
1.16152
1.18012
0.814579
0.838487
0.861012
0.882236
0.902235
0.921085
0.938846
0.95559
0.971362
0.986241
1.00023
1.01355
1.02548
1.03916
1.04549
1.06407
0.69966
0.723011
0.745035
0.765814
0.78542
0.803923
0.821384
0.837868
0.853418
0.868111
0.881955
0.895141
0.907055
0.920571
0.926976
0.945494
0.583353
0.605751
0.626924
0.646948
0.66589
0.683815
0.700776
0.716832
0.73202
0.746409
0.760011
0.772984
0.784832
0.798122
0.804638
0.823087
0.464242
0.484867
0.504432
0.523005
0.540641
0.557395
0.57331
0.588438
0.602804
0.616467
0.629455
0.641912
0.653513
0.666357
0.672994
0.691379
0.341724
0.359625
0.376756
0.393176
0.408927
0.424054
0.438583
0.452549
0.465996
0.479014
0.491621
0.503856
0.515485
0.52794
0.535004
0.552881
0.21024
0.222689
0.234742
0.246432
0.25778
0.268818
0.279563
0.290038
0.300216
0.310102
0.319757
0.329379
0.338918
0.350858
0.355338
0.374979
0.0781013
0.0849609
0.0919115
0.0990055
0.106283
0.113797
0.121578
0.129669
0.13808
0.146803
0.155822
0.164845
0.173511
0.181957
0.203288
0.179119
)
;

boundaryField
{
    frontAndBack
    {
        type            empty;
    }
    inlet
    {
        type            zeroGradient;
    }
    outlet
    {
        type            fixedValue;
        value           uniform 0;
    }
    walls
    {
        type            zeroGradient;
    }
}


// ************************************************************************* //
