/*--------------------------------*- C++ -*----------------------------------*\
| =========                 |                                                 |
| \\      /  F ield         | OpenFOAM: The Open Source CFD Toolbox           |
|  \\    /   O peration     | Version:  v2012                                 |
|   \\  /    A nd           | Website:  www.openfoam.com                      |
|    \\/     M anipulation  |                                                 |
\*---------------------------------------------------------------------------*/
FoamFile
{
    version     2.0;
    format      ascii;
    class       volScalarField;
    location    "0.35";
    object      p;
}
// * * * * * * * * * * * * * * * * * * * * * * * * * * * * * * * * * * * * * //

dimensions      [0 2 -2 0 0 0 0];


internalField   nonuniform List<scalar> 
1900
(
-299.623
-300.723
-301.622
-302.284
-302.96
-303.727
-304.533
-305.361
-305.974
-306.578
-300.077
-300.876
-301.704
-302.38
-303.061
-303.821
-304.632
-305.47
-306.23
-307.05
-300.364
-300.928
-301.696
-302.409
-303.106
-303.867
-304.693
-305.577
-306.47
-307.715
-300.547
-300.991
-301.726
-302.468
-303.178
-303.941
-304.784
-305.709
-306.722
-308.095
-300.645
-301.039
-301.754
-302.506
-303.221
-303.987
-304.848
-305.808
-306.888
-308.277
-300.662
-301.061
-301.781
-302.535
-303.254
-304.027
-304.904
-305.889
-307.004
-308.372
-300.597
-301.057
-301.807
-302.558
-303.277
-304.061
-304.951
-305.952
-307.079
-308.403
-300.445
-301.036
-301.83
-302.557
-303.27
-304.065
-304.969
-305.979
-307.11
-308.391
-300.189
-301.03
-301.891
-302.58
-303.277
-304.078
-304.985
-305.995
-307.118
-308.36
-299.754
-300.929
-301.881
-302.562
-303.26
-304.074
-304.992
-306.009
-307.135
-308.357
-305.92
-318.28
-337.562
-339.208
-320.079
-286.053
-243.018
-198.247
-157.32
-122.521
-94.1843
-71.7727
-54.2922
-40.7336
-30.1894
-21.866
-15.2084
-9.85178
-5.50754
-1.91398
1.11086
3.65877
5.80331
7.62715
9.20748
10.5815
11.7619
12.783
13.6692
14.4432
15.1189
15.7041
16.2072
16.6346
16.9934
17.2966
17.5516
17.7611
17.9275
18.0538
18.1457
18.2075
18.2409
18.2475
18.2279
18.1833
18.1167
18.0314
17.9294
17.811
17.6755
17.523
17.3556
17.1751
16.9828
16.7795
16.5652
16.3393
16.102
15.8549
15.5988
15.3344
15.0618
14.7803
14.4901
14.1913
13.8848
13.5711
13.2502
12.9221
12.5867
12.2443
11.8949
11.5389
11.1762
10.8073
10.4319
10.0501
9.66209
9.26808
8.86799
8.46224
8.05055
7.63328
7.21024
6.78168
6.34756
5.9081
5.46336
5.01349
4.5586
4.09887
3.63417
3.16502
2.69018
2.21246
1.72485
1.24264
0.733539
0.279209
-309.337
-321.606
-333.413
-332.126
-313.079
-280.334
-239.75
-197.442
-158.32
-124.585
-96.6761
-74.2529
-56.5563
-42.6819
-31.7935
-23.1464
-16.2173
-10.6415
-6.11494
-2.37529
0.746787
3.35883
5.56124
7.43929
9.05818
10.4585
11.6589
12.695
13.5921
14.3732
15.0524
15.6391
16.1394
16.5633
16.925
17.2329
17.492
17.7052
17.8749
18.0045
18.0998
18.165
18.2001
18.2076
18.1887
18.1445
18.0782
17.9939
17.8931
17.7757
17.6408
17.4886
17.3216
17.1417
16.9497
16.7469
16.5331
16.3076
16.0707
15.8239
15.5681
15.304
15.0317
14.7504
14.4602
14.1616
13.8555
13.5419
13.2212
12.8931
12.5579
12.2156
11.8663
11.5103
11.1478
10.7788
10.4034
10.0216
9.63364
9.23958
8.83948
8.43366
8.02194
7.60459
7.18151
6.75292
6.31879
5.87935
5.43465
4.98488
4.53014
4.07063
3.60641
3.13772
2.66453
2.18744
1.70547
1.22186
0.729554
0.251892
-310.271
-317.92
-326.263
-324.072
-306.103
-275.371
-237.27
-197.131
-159.467
-126.587
-99.0122
-76.5699
-58.6747
-44.526
-33.3384
-24.4208
-17.2726
-11.5184
-6.83704
-2.96746
0.258467
2.9518
5.22511
7.17212
8.84886
10.2875
11.5177
12.5811
13.5034
14.302
14.99
15.5822
16.0862
16.512
16.8773
17.1882
17.449
17.6633
17.8336
17.9637
18.0584
18.1215
18.1557
18.1635
18.1453
18.1021
18.0374
17.9548
17.8557
17.7401
17.6067
17.4557
17.29
17.1109
16.9197
16.717
16.5026
16.2767
16.0399
15.7933
15.5377
15.2738
15.0019
14.7209
14.4309
14.1327
13.8269
13.5136
13.1931
12.8651
12.53
12.1877
11.8385
11.4825
11.1201
10.7511
10.3756
9.99381
9.60578
9.21167
8.81152
8.40559
7.9938
7.57636
7.15323
6.72457
6.29044
5.85099
5.40634
4.95663
4.50205
4.04275
3.57902
3.11079
2.63929
2.16292
1.68654
1.20187
0.727121
0.223767
-310.492
-316.294
-321.939
-318.557
-301.089
-271.666
-235.203
-196.611
-160.103
-127.98
-100.76
-78.3714
-60.3574
-46.0083
-34.5871
-25.4523
-18.1234
-12.2163
-7.40146
-3.42555
-0.121885
2.63052
4.94955
6.93111
8.63428
10.0908
11.3338
12.409
13.3472
14.1611
14.8617
15.4649
15.983
16.4275
16.8087
17.1313
17.4007
17.6219
17.7976
17.9321
18.0287
18.0913
18.1255
18.1341
18.1161
18.0728
18.0083
17.9257
17.8259
17.7086
17.5739
17.4229
17.2579
17.0792
16.8887
16.6866
16.4719
16.2457
16.0094
15.7636
15.5088
15.245
14.9724
14.6909
14.4011
14.1033
13.7979
13.4848
13.1644
12.8365
12.5016
12.1594
11.8102
11.4544
11.0919
10.7229
10.3473
9.96545
9.57731
9.18313
8.78288
8.37682
7.96491
7.54735
7.12416
6.69544
6.26132
5.82185
5.37727
4.92763
4.47325
4.01415
3.55094
3.08319
2.61339
2.13777
1.6671
1.1811
0.724
0.196002
-310.518
-314.805
-318.112
-313.455
-296.276
-267.995
-233.033
-195.923
-160.556
-129.163
-102.291
-79.971
-61.8637
-47.3407
-35.7174
-26.3938
-18.9047
-12.8611
-7.92536
-3.84987
-0.475614
2.33077
4.69781
6.7201
8.45381
9.93192
11.1931
12.2837
13.2357
14.0621
14.7712
15.3787
15.8971
16.3438
16.7279
17.052
17.3215
17.5439
17.7224
17.86
17.9614
18.0305
18.0708
18.0847
18.0722
18.0345
17.9751
17.8963
17.7983
17.6815
17.5475
17.3979
17.234
17.0557
16.8654
16.6633
16.4485
16.2222
15.9858
15.7398
15.4849
15.2204
14.9463
14.6637
14.3734
14.0753
13.7695
13.4559
13.1351
12.8067
12.4714
12.1289
11.7795
11.4235
11.0608
10.6917
10.316
9.93405
9.54586
9.15168
8.75157
8.34561
7.93375
7.51619
7.09307
6.66438
6.23037
5.79096
5.34654
4.89703
4.44292
3.9841
3.52141
3.05423
2.58606
2.11134
1.64592
1.15933
0.718413
0.171101
-310.4
-313.509
-315.041
-309.398
-292.508
-265.228
-231.494
-195.546
-161.047
-130.184
-103.562
-81.287
-63.1016
-48.4302
-36.6365
-27.1637
-19.547
-13.387
-8.35066
-4.19873
-0.770687
2.08015
4.49012
6.54641
8.30025
9.79271
11.0683
12.1737
13.1356
13.9689
14.6835
15.2949
15.8192
16.2722
16.662
16.9916
17.2642
17.4867
17.6669
17.8079
17.9129
17.9843
18.0236
18.0346
18.0208
17.983
17.9238
17.8449
17.7467
17.6302
17.4973
17.3494
17.1873
17.0114
16.823
16.6225
16.4095
16.185
15.9501
15.7054
15.4512
15.1875
14.9141
14.6322
14.3421
14.0439
13.7379
13.4239
13.1028
12.7738
12.4382
12.0952
11.7456
11.3894
11.0266
10.6572
10.2816
9.89958
9.51152
9.11743
8.71745
8.31151
7.89976
7.48228
7.05931
6.63076
6.19692
5.75766
5.31346
4.86416
4.41036
3.9519
3.48976
3.02322
2.5565
2.08292
1.62174
1.13607
0.707823
0.152311
-310.21
-312.446
-312.668
-306.232
-289.501
-262.955
-230.135
-195.076
-161.266
-130.844
-104.469
-82.2731
-64.0495
-49.2807
-37.37
-27.7899
-20.0784
-13.8223
-8.70158
-4.49614
-1.03083
1.86256
4.31489
6.39562
8.15828
9.66301
10.958
12.0781
13.0471
13.8826
14.6021
15.2222
15.7536
16.2105
16.6028
16.9334
17.2092
17.4352
17.6169
17.7593
17.8664
17.9391
17.9796
17.9918
17.9795
17.9441
17.8869
17.8089
17.7109
17.5946
17.4619
17.3139
17.1514
16.9748
16.7851
16.5831
16.3691
16.1439
15.908
15.6623
15.4073
15.1431
14.8695
14.5874
14.2972
13.999
13.6932
13.3798
13.0591
12.7307
12.3957
12.0534
11.7044
11.3488
10.9866
10.6177
10.2426
9.86097
9.47346
9.07975
8.68012
8.27444
7.86305
7.44595
7.02333
6.59517
6.16167
5.72277
5.27888
4.82995
4.37651
3.91846
3.45687
2.99103
2.52546
2.05318
1.59471
1.11178
0.690379
0.143279
-310.014
-311.622
-310.914
-303.872
-287.218
-261.199
-229.052
-194.665
-161.388
-131.317
-105.158
-83.0497
-64.8035
-49.9602
-37.9756
-28.3212
-20.52
-14.1797
-9.00542
-4.7623
-1.24981
1.6902
4.16686
6.25615
8.03276
9.5591
10.8719
11.9973
12.9657
13.8064
14.536
15.1641
15.698
16.1536
16.5463
16.8813
17.1615
17.3893
17.5704
17.7124
17.8207
17.8959
17.9381
17.9504
17.9377
17.9024
17.8454
17.7673
17.6691
17.5529
17.4201
17.272
17.1093
16.9325
16.7426
16.5406
16.3269
16.1019
15.8658
15.6197
15.3642
15.0997
14.826
14.5435
14.2528
13.9541
13.6478
13.3339
13.0127
12.6841
12.3487
12.0061
11.6569
11.301
10.9388
10.5699
10.1949
9.81342
9.42611
9.03273
8.63345
8.22828
7.81745
7.401
6.97899
6.55152
6.11867
5.68046
5.23719
4.78888
4.33601
3.87854
3.41758
2.95246
2.48778
2.01698
1.55965
1.08119
0.660182
0.138642
-309.857
-311.036
-309.718
-302.257
-285.629
-259.948
-228.241
-194.298
-161.364
-131.531
-105.533
-83.4787
-65.2206
-50.3501
-38.3266
-28.6184
-20.7651
-14.3906
-9.19086
-4.92018
-1.37856
1.58221
4.06745
6.1647
7.95137
9.48551
10.8021
11.9296
12.9011
13.7458
14.4791
15.1091
15.6442
16.1013
16.4962
16.8337
17.1154
17.3438
17.5255
17.6688
17.7786
17.8554
17.8983
17.911
17.8988
17.8645
17.8085
17.7312
17.6337
17.518
17.3859
17.2385
17.0763
16.9001
16.7105
16.5088
16.2955
16.0707
15.8348
15.5889
15.3337
15.0695
14.7963
14.5143
14.224
13.9258
13.6202
13.307
12.9866
12.6587
12.3244
11.9824
11.6336
11.2783
10.9166
10.5483
10.1737
9.79264
9.40559
9.01245
8.6133
8.20808
7.7972
7.38066
6.95863
6.53108
6.09823
5.65997
5.21668
4.76834
4.31549
3.85812
3.3973
2.9323
2.46762
1.99759
1.53983
1.06574
0.639711
0.148965
-309.799
-310.776
-309.167
-301.515
-284.923
-259.448
-228.001
-194.311
-161.573
-131.867
-105.939
-83.9014
-65.629
-50.7246
-38.658
-28.9097
-21.024
-14.6209
-9.39378
-5.10022
-1.54017
1.44158
3.94308
6.05216
7.84509
9.3831
10.7051
11.8382
12.8129
13.6589
14.394
15.0266
15.5646
16.0235
16.4195
16.7583
17.0414
17.2714
17.4544
17.5986
17.7092
17.7869
17.831
17.8446
17.8331
17.7995
17.7441
17.6675
17.5705
17.4554
17.3239
17.1769
17.0153
16.8394
16.6504
16.4491
16.2363
16.012
15.7767
15.5311
15.2763
15.0125
14.7397
14.458
14.1679
13.8699
13.5644
13.2513
12.9309
12.603
12.2684
11.9274
11.579
11.2237
10.8622
10.494
10.1196
9.73885
9.35199
8.95911
8.56032
8.15569
7.74507
7.32876
6.90691
6.4795
6.04673
5.60852
5.16529
4.71694
4.26418
3.80682
3.34622
2.88162
2.41697
1.94794
1.48894
1.02011
0.591371
0.112926
-314.074
-315.343
-316.519
-316.764
-316.246
-314.976
-313.67
-313.762
-333.208
-334.725
-335.671
-336.006
-335.684
-334.97
-334.106
-333.757
-348.321
-351.158
-352.673
-353.24
-353.129
-352.819
-352.512
-352.172
-346.898
-350.263
-352.116
-352.862
-352.69
-352.175
-351.696
-351.058
-325.752
-328.652
-330.387
-330.946
-330.606
-329.869
-329.084
-328.157
-289.994
-292.05
-293.341
-293.795
-293.469
-292.521
-291.108
-289.508
-244.963
-246.036
-246.887
-247.288
-247.03
-246.002
-244.217
-242.159
-198.429
-198.46
-198.714
-198.928
-198.65
-197.569
-195.618
-193.374
-156.292
-155.596
-155.334
-155.239
-154.836
-153.72
-151.764
-149.558
-120.78
-119.658
-119.113
-118.841
-118.352
-117.249
-115.402
-113.359
-92.2228
-90.9962
-90.3487
-89.9544
-89.3932
-88.3492
-86.6753
-84.8495
-69.8955
-68.7419
-68.1038
-67.6384
-67.0367
-66.0764
-64.6017
-63.0174
-52.6349
-51.6252
-51.0377
-50.5727
-49.9926
-49.1287
-47.8503
-46.4886
-39.3569
-38.5212
-38.018
-37.5882
-37.0541
-36.2945
-35.2062
-34.0526
-29.0897
-28.4086
-27.9637
-27.5648
-27.0895
-26.434
-25.5129
-24.5365
-21.0224
-20.4819
-20.0781
-19.698
-19.2808
-18.7211
-17.9419
-17.0993
-14.5744
-14.1507
-13.8006
-13.4585
-13.0944
-12.6152
-11.9542
-11.1969
-9.37632
-9.04329
-8.74903
-8.45342
-8.13596
-7.72366
-7.16176
-6.48375
-5.14887
-4.88332
-4.63573
-4.38137
-4.1039
-3.74542
-3.26288
-2.67464
-1.64066
-1.42846
-1.22117
-1.00433
-0.762596
-0.448926
-0.0291105
0.481755
1.33039
1.50245
1.67806
1.85962
2.06755
2.34148
2.70872
3.15534
3.84608
3.99053
4.14387
4.29928
4.4802
4.72111
5.04457
5.43805
5.96382
6.08713
6.22181
6.36001
6.52295
6.73944
7.02821
7.37857
7.76474
7.87197
7.99008
8.11402
8.26225
8.45869
8.71886
9.03376
9.32612
9.41914
9.52315
9.63443
9.76928
9.94797
10.1835
10.4684
10.6913
10.7774
10.8675
10.9667
11.0894
11.2525
11.4666
11.7257
11.8697
11.9558
12.0383
12.1284
12.2407
12.3901
12.5855
12.8222
12.8811
12.9613
13.0383
13.1231
13.2287
13.3676
13.5476
13.7654
13.757
13.8302
13.9011
13.9806
14.0797
14.2093
14.3759
14.5773
14.5213
14.5878
14.6534
14.7278
14.8209
14.9421
15.0967
15.2838
15.1889
15.2499
15.3108
15.3809
15.4687
15.5824
15.7263
15.9006
15.7671
15.823
15.8807
15.9474
16.0307
16.1378
16.2722
16.4351
16.2663
16.3174
16.3713
16.4345
16.5136
16.6147
16.7404
16.893
16.691
16.7382
16.789
16.849
16.9243
17.0199
17.1378
17.2814
17.0469
17.0918
17.1405
17.1982
17.2704
17.3613
17.4725
17.6081
17.3471
17.3901
17.437
17.4925
17.5617
17.6484
17.7535
17.8819
17.5997
17.6408
17.6859
17.7393
17.8057
17.8885
17.9879
18.1097
17.8072
17.8469
17.8905
17.942
18.0059
18.0851
18.1794
18.2952
17.9719
18.0104
18.0527
18.1027
18.1644
18.2403
18.3299
18.4403
18.0967
18.1341
18.1754
18.2239
18.2837
18.3567
18.442
18.5474
18.1867
18.223
18.2631
18.3103
18.3682
18.4384
18.5199
18.6208
18.2465
18.2815
18.3204
18.3662
18.4223
18.49
18.5678
18.6647
18.2784
18.3122
18.35
18.3945
18.4489
18.5143
18.5888
18.6819
18.2839
18.3169
18.3537
18.3971
18.45
18.5131
18.5846
18.6742
18.2636
18.296
18.3322
18.3747
18.4262
18.4874
18.5559
18.6424
18.2184
18.2504
18.286
18.3278
18.3782
18.4375
18.5035
18.587
18.1514
18.1827
18.2177
18.2586
18.3078
18.3655
18.429
18.5099
18.0654
18.096
18.1302
18.1704
18.2185
18.2745
18.3358
18.4141
17.9623
17.9924
18.026
18.0654
18.1124
18.1669
18.2261
18.3021
17.8433
17.8728
17.9059
17.9446
17.9905
18.0436
18.1007
18.1745
17.7073
17.7365
17.7692
17.8072
17.8522
17.9039
17.9592
18.031
17.5546
17.5836
17.6158
17.6533
17.6975
17.748
17.8015
17.8715
17.3868
17.4154
17.4473
17.4843
17.5278
17.5771
17.629
17.6973
17.206
17.2343
17.2658
17.3022
17.3449
17.3932
17.4436
17.5102
17.0133
17.0412
17.0724
17.1083
17.1503
17.1976
17.2465
17.3117
16.8096
16.8372
16.868
16.9035
16.9448
16.991
17.0386
17.1023
16.5949
16.6222
16.6526
16.6875
16.7281
16.7734
16.8196
16.882
16.3686
16.3957
16.4258
16.4604
16.5003
16.5447
16.5897
16.6508
16.1312
16.1581
16.188
16.2221
16.2615
16.3051
16.349
16.409
15.8839
15.9105
15.9402
15.9739
16.0128
16.0555
16.0984
16.1573
15.6275
15.6539
15.6832
15.7166
15.7549
15.797
15.8388
15.8967
15.3629
15.389
15.4181
15.4511
15.4888
15.5301
15.5709
15.6278
15.0899
15.1158
15.1445
15.1772
15.2144
15.255
15.2948
15.3508
14.8083
14.834
14.8625
14.8947
14.9314
14.9713
15.0103
15.0654
14.5178
14.5433
14.5715
14.6035
14.6397
14.679
14.7172
14.7715
14.2189
14.2443
14.2723
14.304
14.3398
14.3785
14.4159
14.4694
13.9123
13.9375
13.9653
13.9967
14.0321
14.0703
14.107
14.1598
13.5984
13.6235
13.6512
13.6823
13.7173
13.7549
13.7908
13.843
13.2773
13.3023
13.3297
13.3606
13.3952
13.4323
13.4676
13.5191
12.9491
12.9739
13.0012
13.0318
13.066
13.1026
13.1372
13.1882
12.6136
12.6383
12.6654
12.6958
12.7297
12.7659
12.7998
12.8502
12.2711
12.2957
12.3226
12.3527
12.3863
12.4221
12.4554
12.5053
11.9216
11.9461
11.9729
12.0028
12.0361
12.0715
12.1043
12.1537
11.5655
11.5899
11.6166
11.6463
11.6793
11.7142
11.7465
11.7954
11.2028
11.2271
11.2538
11.2833
11.316
11.3506
11.3824
11.4309
10.8338
10.8581
10.8846
10.9139
10.9463
10.9805
11.0118
11.0598
10.4584
10.4826
10.509
10.5381
10.5703
10.6042
10.6351
10.6827
10.0766
10.1008
10.127
10.156
10.1879
10.2215
10.2519
10.2991
9.68856
9.71268
9.7389
9.76776
9.79946
9.83272
9.8627
9.90958
9.29454
9.3186
9.34471
9.3734
9.40483
9.43776
9.4673
9.5138
8.89446
8.91851
8.94457
8.97313
9.00437
9.03703
9.06621
9.1124
8.48871
8.51273
8.53869
8.56709
8.59809
8.63043
8.6592
8.70504
8.07705
8.10106
8.12698
8.15528
8.18609
8.21821
8.24666
8.29224
7.65981
7.6838
7.70966
7.73782
7.76843
7.80029
7.82845
7.87379
7.23678
7.26077
7.28658
7.31465
7.3451
7.37675
7.405
7.45079
6.80822
6.83217
6.85791
6.88585
6.91607
6.94741
6.97547
7.02137
6.37408
6.39799
6.42364
6.45146
6.48151
6.51261
6.54038
6.58604
5.93458
5.95842
5.98399
6.01166
6.04152
6.07239
6.09988
6.1453
5.48977
5.51353
5.53897
5.56647
5.59611
5.62672
5.6539
5.69898
5.03981
5.06347
5.0888
5.11615
5.14559
5.17601
5.20293
5.24781
4.58475
4.60825
4.63337
4.66047
4.68962
4.71971
4.74623
4.79068
4.12483
4.14817
4.17312
4.20003
4.22897
4.25886
4.2852
4.32956
3.65969
3.68266
3.70725
3.73378
3.76231
3.79182
3.81774
3.86169
3.19016
3.21281
3.23706
3.26323
3.29139
3.32055
3.34614
3.38985
2.71393
2.7355
2.7588
2.78416
2.81166
2.84035
2.86564
2.90923
2.23576
2.25689
2.27968
2.30445
2.33127
2.35927
2.38394
2.42685
1.74349
1.76114
1.78105
1.80361
1.82893
1.85616
1.88074
1.92466
1.2628
1.28124
1.30122
1.32311
1.34704
1.37228
1.39485
1.43517
0.739329
0.746899
0.757989
0.773184
0.79288
0.815961
0.834907
0.883327
0.302165
0.320222
0.336609
0.351741
0.366662
0.383733
0.400925
0.376906
)
;

boundaryField
{
    frontAndBack
    {
        type            empty;
    }
    inlet
    {
        type            zeroGradient;
    }
    outlet
    {
        type            fixedValue;
        value           uniform 0;
    }
    walls
    {
        type            zeroGradient;
    }
}


// ************************************************************************* //
