/*--------------------------------*- C++ -*----------------------------------*\
| =========                 |                                                 |
| \\      /  F ield         | OpenFOAM: The Open Source CFD Toolbox           |
|  \\    /   O peration     | Version:  v2012                                 |
|   \\  /    A nd           | Website:  www.openfoam.com                      |
|    \\/     M anipulation  |                                                 |
\*---------------------------------------------------------------------------*/
FoamFile
{
    version     2.0;
    format      ascii;
    class       volScalarField;
    location    "0.371";
    object      p;
}
// * * * * * * * * * * * * * * * * * * * * * * * * * * * * * * * * * * * * * //

dimensions      [0 2 -2 0 0 0 0];


internalField   nonuniform List<scalar> 
1900
(
-299.623
-300.723
-301.623
-302.284
-302.961
-303.728
-304.533
-305.362
-305.974
-306.578
-300.078
-300.877
-301.705
-302.38
-303.061
-303.822
-304.632
-305.47
-306.23
-307.051
-300.364
-300.929
-301.696
-302.41
-303.107
-303.868
-304.694
-305.577
-306.47
-307.716
-300.548
-300.992
-301.727
-302.469
-303.179
-303.941
-304.785
-305.71
-306.722
-308.096
-300.646
-301.04
-301.754
-302.506
-303.221
-303.987
-304.848
-305.808
-306.889
-308.278
-300.663
-301.061
-301.781
-302.536
-303.254
-304.028
-304.905
-305.89
-307.004
-308.372
-300.597
-301.057
-301.807
-302.558
-303.277
-304.061
-304.952
-305.952
-307.079
-308.403
-300.446
-301.037
-301.831
-302.557
-303.27
-304.066
-304.97
-305.98
-307.11
-308.392
-300.189
-301.03
-301.892
-302.58
-303.277
-304.078
-304.986
-305.996
-307.119
-308.361
-299.755
-300.93
-301.882
-302.562
-303.26
-304.074
-304.992
-306.01
-307.135
-308.357
-305.92
-318.28
-337.563
-339.208
-320.08
-286.053
-243.02
-198.247
-157.319
-122.525
-94.1848
-71.7667
-54.2927
-40.7427
-30.1891
-21.8547
-15.2058
-9.863
-5.51321
-1.90427
1.12015
3.65493
5.79483
7.62776
9.21518
10.5855
11.7588
12.7789
13.669
14.4456
15.1215
15.7047
16.206
16.6336
16.9937
17.2981
17.5535
17.7617
17.9267
18.0528
18.1456
18.2084
18.242
18.2479
18.2271
18.1822
18.1166
18.0324
17.9306
17.8114
17.6751
17.5224
17.3553
17.1754
16.9835
16.7801
16.5653
16.3388
16.1015
15.8547
15.599
15.3346
15.0618
14.78
14.4897
14.1909
13.8846
13.5711
13.2501
12.9219
12.5864
12.2439
11.8946
11.5386
11.1761
10.8071
10.4316
10.0498
9.66179
9.26782
8.86776
8.462
8.05031
7.63303
7.21
6.78147
6.34737
5.90793
5.4632
5.01333
4.55846
4.09875
3.63406
3.16492
2.6901
2.2124
1.7248
1.24261
0.73352
0.279203
-309.337
-321.606
-333.413
-332.127
-313.08
-280.334
-239.752
-197.441
-158.319
-124.589
-96.6752
-74.2477
-56.5587
-42.6894
-31.7901
-23.1367
-16.2189
-10.6521
-6.11611
-2.36463
0.7521
3.3531
5.55526
7.44229
9.06479
10.4605
11.6556
12.6922
13.5926
14.3753
15.0544
15.6395
16.1382
16.5625
16.9256
17.2346
17.4937
17.7057
17.874
18.0036
18.0999
18.1659
18.2011
18.2078
18.1877
18.1435
18.0783
17.9949
17.8942
17.776
17.6404
17.4881
17.3215
17.142
16.9504
16.7474
16.5331
16.3072
16.0703
15.8237
15.5682
15.3041
15.0317
14.7502
14.4598
14.1613
13.8552
13.5418
13.2211
12.8929
12.5576
12.2152
11.866
11.5101
11.1476
10.7786
10.4031
10.0213
9.63335
9.23932
8.83924
8.43342
8.02169
7.60435
7.18128
6.75271
6.3186
5.87917
5.43449
4.98472
4.53
4.07051
3.6063
3.13762
2.66445
2.18737
1.70541
1.22183
0.729534
0.251885
-310.272
-317.921
-326.263
-324.073
-306.103
-275.372
-237.271
-197.13
-159.466
-126.591
-99.0098
-76.566
-58.6793
-44.5307
-33.3319
-24.4143
-17.2787
-11.5266
-6.83261
-2.95682
0.257638
2.94281
5.22415
7.18061
8.85354
10.2844
11.5133
12.5813
13.5059
14.303
14.9905
15.5825
16.0855
16.5114
16.8778
17.1897
17.4506
17.6637
17.8327
17.9629
18.0586
18.1224
18.1567
18.1634
18.1442
18.1012
18.0378
17.956
17.8566
17.7401
17.6061
17.4553
17.29
17.1113
16.9203
16.7173
16.5025
16.2763
16.0396
15.7932
15.5378
15.2739
15.0018
14.7207
14.4305
14.1324
13.8266
13.5134
13.1929
12.8649
12.5297
12.1873
11.8382
11.4823
11.1198
10.7508
10.3753
9.99352
9.6055
9.21141
8.81127
8.40535
7.99355
7.57612
7.153
6.72436
6.29025
5.8508
5.40617
4.95647
4.50191
4.04262
3.57891
3.1107
2.63921
2.16285
1.68649
1.20183
0.727101
0.22376
-310.493
-316.295
-321.94
-318.558
-301.09
-271.666
-235.204
-196.61
-160.104
-127.984
-100.756
-78.3694
-60.3635
-46.0099
-34.579
-25.45
-18.132
-12.22
-7.39328
-3.4186
-0.127141
2.62256
4.95258
6.94145
8.6367
10.0845
11.3295
12.4122
13.3521
14.1609
14.8591
15.4639
15.9843
16.429
16.8095
17.1317
17.4013
17.6221
17.7971
17.9319
18.0292
18.0921
18.1264
18.1337
18.1148
18.0721
18.0089
17.927
17.8267
17.7085
17.5733
17.4226
17.258
17.0797
16.8894
16.6868
16.4716
16.2454
16.0092
15.7636
15.5088
15.245
14.9723
14.6908
14.4009
14.1031
13.7976
13.4846
13.1643
12.8363
12.5013
12.1591
11.81
11.4541
11.0916
10.7226
10.347
9.96516
9.57704
9.18287
8.78263
8.37657
7.96466
7.54711
7.12394
6.69523
6.26112
5.82166
5.37711
4.92747
4.47311
4.01403
3.55083
3.0831
2.61331
2.13771
1.66705
1.18106
0.723978
0.195995
-310.519
-314.806
-318.112
-313.455
-296.276
-267.995
-233.034
-195.922
-160.558
-129.165
-102.287
-79.9719
-61.8695
-47.339
-35.7099
-26.3952
-18.9135
-12.8605
-7.91514
-3.8478
-0.484414
2.32661
4.70512
6.72939
8.45225
9.92427
11.1907
12.2889
13.2414
14.061
14.7674
15.3764
15.8989
16.3468
16.7292
17.0509
17.3214
17.5447
17.7226
17.8603
17.962
18.0305
18.0709
18.0846
18.0715
18.0344
17.9757
17.897
17.7986
17.6814
17.5473
17.3979
17.234
17.056
16.8659
16.6634
16.4482
16.222
15.9858
15.7399
15.4848
15.2202
14.9461
14.6635
14.3732
14.0751
13.7693
13.4557
13.1349
12.8065
12.4712
12.1286
11.7793
11.4232
11.0605
10.6914
10.3157
9.93379
9.5456
9.15141
8.7513
8.34535
7.93351
7.51596
7.09285
6.66417
6.23017
5.79077
5.34637
4.89688
4.44278
3.98398
3.5213
3.05413
2.58597
2.11127
1.64587
1.15929
0.718391
0.171093
-310.4
-313.51
-315.042
-309.399
-292.508
-265.228
-231.494
-195.546
-161.049
-130.183
-103.559
-81.2914
-63.1056
-48.4243
-36.6323
-27.1694
-19.5524
-13.3818
-8.34259
-4.20157
-0.77903
2.08087
4.49859
6.55144
8.29658
9.78704
11.0692
12.179
13.1389
13.9665
14.6797
15.2941
15.8219
16.275
16.6631
16.9902
17.2625
17.4874
17.6683
17.8093
17.9137
17.9835
18.0224
18.0346
18.021
17.9835
17.9243
17.8451
17.7466
17.6301
17.4974
17.3497
17.1875
17.0115
16.8232
16.6225
16.4094
16.185
15.9502
15.7054
15.4511
15.1872
14.9139
14.632
14.342
14.0438
13.7376
13.4237
13.1025
12.7735
12.4379
12.095
11.7454
11.3891
11.0263
10.6569
10.2813
9.89934
9.51128
9.11716
8.71717
8.31124
7.89951
7.48206
7.0591
6.63054
6.19671
5.75747
5.31329
4.86401
4.41022
3.95178
3.48965
3.02312
2.55642
2.08285
1.62169
1.13604
0.7078
0.152303
-310.211
-312.446
-312.668
-306.232
-289.502
-262.955
-230.135
-195.076
-161.267
-130.842
-104.468
-82.2775
-64.0501
-49.2741
-37.3693
-27.7976
-20.0796
-13.8138
-8.69832
-4.50321
-1.03524
1.86859
4.3215
6.3942
8.15457
9.66261
10.9607
12.0811
13.0472
13.8802
14.6015
15.2227
15.7547
16.2122
16.6027
16.933
17.2091
17.4357
17.6176
17.7607
17.8668
17.9382
17.9784
17.9919
17.9803
17.9449
17.8871
17.8085
17.7105
17.5947
17.4624
17.3145
17.1516
16.9747
16.7849
16.5831
16.3692
16.1439
15.908
15.6622
15.4071
15.1429
14.8693
14.5872
14.297
13.9989
13.6931
13.3796
13.0588
12.7304
12.3954
12.0532
11.7042
11.3485
10.9863
10.6174
10.2424
9.86074
9.47324
9.07949
8.67984
8.27416
7.8628
7.44574
7.02313
6.59495
6.16146
5.72257
5.27871
4.8298
4.37638
3.91834
3.45676
2.99093
2.52538
2.05312
1.59466
1.11175
0.690356
0.143272
-310.014
-311.623
-310.915
-303.873
-287.218
-261.199
-229.053
-194.666
-161.387
-131.315
-105.162
-83.0524
-64.7989
-49.9576
-37.9805
-28.3242
-20.5151
-14.1758
-9.00912
-4.76609
-1.24672
1.69507
4.16615
6.25328
8.03442
9.5629
10.8722
11.9946
12.9654
13.8081
14.5383
15.1635
15.6959
16.1538
16.5482
16.8831
17.1616
17.3882
17.5698
17.7138
17.8223
17.8959
17.9367
17.9498
17.9383
17.9033
17.8456
17.7669
17.6688
17.553
17.4206
17.2725
17.1093
16.9323
16.7425
16.5408
16.3272
16.1019
15.8656
15.6195
15.3641
15.0996
14.8259
14.5433
14.2526
13.9539
13.6476
13.3337
13.0124
12.6838
12.3485
12.0059
11.6567
11.3008
10.9385
10.5696
10.1946
9.81318
9.42589
9.03247
8.63316
8.228
7.81721
7.40079
6.97879
6.55131
6.11846
5.68026
5.23702
4.78873
4.33588
3.87841
3.41747
2.95236
2.4877
2.01692
1.5596
1.08116
0.660158
0.138635
-309.857
-311.037
-309.718
-302.258
-285.629
-259.948
-228.242
-194.298
-161.364
-131.532
-105.535
-83.4769
-65.2191
-50.3521
-38.3287
-28.6169
-20.7621
-14.3908
-9.1937
-4.92048
-1.37514
1.58413
4.06565
6.16377
7.95461
9.48863
10.8007
11.9265
12.9017
13.7488
14.4812
15.1073
15.6413
16.1019
16.4991
16.8357
17.1149
17.3421
17.5249
17.6706
17.7807
17.8553
17.8966
17.91
17.8995
17.8656
17.8089
17.7308
17.6333
17.5181
17.3864
17.239
17.0764
16.8999
16.7105
16.5091
16.2957
16.0706
15.8345
15.5887
15.3337
15.0695
14.7962
14.514
14.2237
13.9256
13.6201
13.3068
12.9863
12.6584
12.3242
11.9822
11.6334
11.278
10.9163
10.5479
10.1734
9.7924
9.40537
9.01221
8.61302
8.2078
7.79695
7.38045
6.95843
6.53087
6.09801
5.65976
5.21651
4.76819
4.31536
3.858
3.39719
2.9322
2.46753
1.99753
1.53977
1.0657
0.639687
0.148958
-309.8
-310.777
-309.168
-301.516
-284.924
-259.448
-228.002
-194.312
-161.573
-131.867
-105.94
-83.9013
-65.6283
-50.7248
-38.6588
-28.9097
-21.0225
-14.6199
-9.39495
-5.10126
-1.53842
1.44395
3.94279
6.05105
7.84703
9.38616
10.7047
11.8354
12.8129
13.6616
14.3964
15.0253
15.5617
16.0238
16.4223
16.7604
17.0411
17.2697
17.4537
17.6003
17.7114
17.787
17.8293
17.8436
17.8337
17.8006
17.7446
17.6671
17.5701
17.4555
17.3244
17.1774
17.0153
16.8393
16.6503
16.4494
16.2365
16.0119
15.7764
15.5309
15.2763
15.0125
14.7396
14.4577
14.1677
13.8697
13.5643
13.2511
12.9306
12.6026
12.2682
11.9271
11.5788
11.2235
10.8619
10.4937
10.1193
9.7386
9.35177
8.95886
8.56004
8.1554
7.74482
7.32855
6.90671
6.47929
6.04651
5.60831
5.16512
4.71679
4.26405
3.8067
3.34611
2.88152
2.41688
1.94787
1.48889
1.02007
0.591347
0.112919
-314.074
-315.343
-316.52
-316.764
-316.247
-314.977
-313.671
-313.763
-333.209
-334.725
-335.671
-336.006
-335.685
-334.97
-334.107
-333.758
-348.322
-351.158
-352.674
-353.24
-353.13
-352.82
-352.512
-352.172
-346.898
-350.263
-352.116
-352.862
-352.69
-352.175
-351.696
-351.058
-325.752
-328.652
-330.388
-330.947
-330.606
-329.869
-329.085
-328.157
-289.994
-292.05
-293.342
-293.796
-293.47
-292.522
-291.109
-289.508
-244.964
-246.037
-246.888
-247.289
-247.031
-246.003
-244.218
-242.159
-198.429
-198.46
-198.714
-198.928
-198.65
-197.569
-195.618
-193.374
-156.291
-155.595
-155.333
-155.238
-154.835
-153.719
-151.764
-149.557
-120.783
-119.66
-119.115
-118.843
-118.354
-117.251
-115.403
-113.361
-92.2241
-90.9977
-90.3502
-89.9558
-89.3944
-88.3501
-86.6761
-84.8501
-69.8893
-68.7361
-68.0989
-67.6342
-67.033
-66.073
-64.5985
-63.0143
-52.6351
-51.6253
-51.0374
-50.5722
-49.992
-49.1282
-47.8501
-46.4885
-39.366
-38.5295
-38.0254
-37.5948
-37.06
-36.3
-35.2113
-34.0576
-29.0901
-28.409
-27.9647
-27.5662
-27.0909
-26.4353
-25.514
-24.5374
-21.0112
-20.4718
-20.0691
-19.69
-19.2735
-18.7143
-17.9354
-17.0929
-14.5708
-14.1471
-13.7967
-13.4543
-13.0901
-12.611
-11.9503
-11.1932
-9.38686
-9.05259
-8.75696
-8.46034
-8.14218
-7.72937
-7.16721
-6.48914
-5.15555
-4.8898
-4.64227
-4.38807
-4.11052
-3.75181
-3.26901
-2.68052
-1.63211
-1.42125
-1.21536
-0.999536
-0.758445
-0.445185
-0.0255422
0.485359
1.3403
1.51205
1.68755
1.86906
2.07676
2.35039
2.71739
3.16382
3.84349
3.98916
4.14374
4.30002
4.48146
4.72266
5.0462
5.43957
5.95541
6.07926
6.21428
6.35276
6.51603
6.73284
7.02181
7.37227
7.76421
7.87045
7.98751
8.11075
8.25861
8.4549
8.71505
9.03006
9.3333
9.42559
9.52896
9.63978
9.77423
9.95261
10.188
10.4729
10.696
10.7826
10.8732
10.9728
11.0957
11.2587
11.4728
11.7319
11.8671
11.954
12.0372
12.1278
12.2405
12.3901
12.5856
12.8223
12.8768
12.957
13.0337
13.1185
13.2241
13.3631
13.5432
13.761
13.7563
13.8291
13.8995
13.9786
14.0774
14.2069
14.3734
14.5749
14.5237
14.5902
14.6556
14.73
14.823
14.9442
15.0987
15.2858
15.1916
15.2527
15.314
15.3842
15.4721
15.5858
15.7298
15.9041
15.7679
15.8241
15.8819
15.9487
16.0321
16.1393
16.2736
16.4365
16.2653
16.3163
16.3703
16.4335
16.5126
16.6137
16.7394
16.892
16.6897
16.7367
16.7874
16.8473
16.9226
17.0182
17.1362
17.2798
17.0468
17.0916
17.1403
17.1979
17.27
17.3609
17.4722
17.6078
17.3487
17.3916
17.4385
17.494
17.5632
17.6499
17.755
17.8833
17.6018
17.6429
17.688
17.7414
17.8079
17.8906
17.9901
18.1118
17.808
17.8478
17.8915
17.9431
18.007
18.0862
18.1805
18.2963
17.9711
18.0096
18.052
18.102
18.1638
18.2397
18.3293
18.4397
18.0955
18.1329
18.1741
18.2227
18.2824
18.3555
18.4408
18.5462
18.1865
18.2227
18.2627
18.3099
18.3677
18.438
18.5194
18.6204
18.2473
18.2823
18.3211
18.3669
18.423
18.4907
18.5685
18.6654
18.2796
18.3135
18.3512
18.3958
18.4502
18.5155
18.59
18.6831
18.2844
18.3174
18.3543
18.3978
18.4507
18.5138
18.5852
18.6749
18.2628
18.2953
18.3315
18.3741
18.4257
18.4869
18.5555
18.6419
18.2173
18.2492
18.2848
18.3266
18.377
18.4363
18.5023
18.5858
18.1512
18.1824
18.2173
18.2581
18.3073
18.3649
18.4285
18.5093
18.0663
18.0968
18.131
18.1711
18.2192
18.2752
18.3365
18.4148
17.9636
17.9937
18.0274
18.0667
18.1137
18.1682
18.2274
18.3034
17.8438
17.8735
17.9066
17.9453
17.9913
18.0443
18.1015
18.1753
17.707
17.7362
17.7688
17.8069
17.8519
17.9036
17.9589
18.0307
17.5539
17.5828
17.615
17.6525
17.6967
17.7472
17.8007
17.8707
17.3865
17.415
17.4469
17.4838
17.5273
17.5766
17.6285
17.6968
17.2063
17.2346
17.2661
17.3025
17.3452
17.3935
17.4439
17.5105
17.014
17.042
17.0732
17.1091
17.1511
17.1983
17.2473
17.3124
16.8102
16.8379
16.8687
16.9041
16.9454
16.9916
17.0392
17.1029
16.5949
16.6222
16.6526
16.6876
16.7282
16.7734
16.8197
16.8821
16.3681
16.3952
16.4253
16.4598
16.4998
16.5442
16.5892
16.6504
16.1307
16.1575
16.1874
16.2215
16.2609
16.3045
16.3484
16.4084
15.8837
15.9103
15.9399
15.9737
16.0125
16.0553
16.0981
16.157
15.6277
15.6541
15.6834
15.7168
15.7551
15.7971
15.8389
15.8968
15.3631
15.3893
15.4184
15.4514
15.4891
15.5304
15.5712
15.6281
15.0899
15.1159
15.1446
15.1772
15.2144
15.255
15.2949
15.3509
14.808
14.8337
14.8621
14.8944
14.9311
14.971
15.01
15.0651
14.5173
14.5428
14.571
14.603
14.6392
14.6785
14.7167
14.771
14.2185
14.2439
14.2719
14.3036
14.3394
14.3781
14.4155
14.469
13.912
13.9373
13.9652
13.9965
14.032
14.0701
14.1068
14.1596
13.5984
13.6235
13.6511
13.6822
13.7172
13.7549
13.7907
13.8429
13.2773
13.3022
13.3297
13.3605
13.3951
13.4323
13.4675
13.519
12.9489
12.9737
13.001
13.0316
13.0658
13.1025
13.137
13.188
12.6133
12.638
12.6651
12.6954
12.7293
12.7656
12.7995
12.8499
12.2707
12.2953
12.3223
12.3524
12.386
12.4217
12.4551
12.5049
11.9213
11.9458
11.9726
12.0025
12.0358
12.0712
12.104
12.1534
11.5653
11.5897
11.6164
11.6461
11.679
11.714
11.7463
11.7952
11.2026
11.227
11.2536
11.2831
11.3158
11.3504
11.3822
11.4307
10.8336
10.8579
10.8843
10.9137
10.9461
10.9803
11.0116
11.0596
10.4581
10.4823
10.5087
10.5378
10.57
10.6039
10.6348
10.6824
10.0763
10.1004
10.1267
10.1557
10.1876
10.2212
10.2515
10.2988
9.68826
9.71237
9.73859
9.76744
9.79914
9.8324
9.86238
9.90926
9.29428
9.31834
9.34445
9.37313
9.40457
9.43749
9.46703
9.51354
8.89423
8.91828
8.94434
8.9729
9.00414
9.0368
9.06598
9.11217
8.48848
8.5125
8.53846
8.56687
8.59786
8.63021
8.65897
8.70481
8.07681
8.10081
8.12673
8.15503
8.18585
8.21797
8.24642
8.29199
7.65955
7.68354
7.7094
7.73756
7.76817
7.80003
7.82819
7.87353
7.23654
7.26053
7.28634
7.31441
7.34485
7.37651
7.40475
7.45055
6.80801
6.83196
6.85769
6.88563
6.91586
6.9472
6.97526
7.02116
6.37389
6.3978
6.42346
6.45127
6.48132
6.51242
6.5402
6.58586
5.9344
5.95825
5.98381
6.01149
6.04135
6.07222
6.09971
6.14513
5.4896
5.51337
5.53881
5.56631
5.59594
5.62656
5.65373
5.69881
5.03965
5.06331
5.08864
5.11599
5.14543
5.17585
5.20277
5.24765
4.5846
4.6081
4.63322
4.66033
4.68947
4.71956
4.74609
4.79054
4.1247
4.14804
4.17299
4.19991
4.22884
4.25873
4.28507
4.32943
3.65959
3.68255
3.70714
3.73367
3.7622
3.79171
3.81763
3.86158
3.19007
3.21272
3.23696
3.26314
3.2913
3.32045
3.34605
3.38976
2.71385
2.73542
2.75872
2.78408
2.81158
2.84027
2.86556
2.90915
2.23569
2.25682
2.27961
2.30438
2.3312
2.3592
2.38387
2.42678
1.74344
1.76108
1.781
1.80356
1.82887
1.8561
1.88068
1.92461
1.26277
1.2812
1.30118
1.32307
1.347
1.37224
1.39482
1.43514
0.73931
0.74688
0.75797
0.773164
0.792861
0.815942
0.834888
0.883308
0.302159
0.320215
0.336602
0.351735
0.366656
0.383727
0.400919
0.3769
)
;

boundaryField
{
    frontAndBack
    {
        type            empty;
    }
    inlet
    {
        type            zeroGradient;
    }
    outlet
    {
        type            fixedValue;
        value           uniform 0;
    }
    walls
    {
        type            zeroGradient;
    }
}


// ************************************************************************* //
