/*--------------------------------*- C++ -*----------------------------------*\
| =========                 |                                                 |
| \\      /  F ield         | OpenFOAM: The Open Source CFD Toolbox           |
|  \\    /   O peration     | Version:  v2012                                 |
|   \\  /    A nd           | Website:  www.openfoam.com                      |
|    \\/     M anipulation  |                                                 |
\*---------------------------------------------------------------------------*/
FoamFile
{
    version     2.0;
    format      ascii;
    class       volScalarField;
    location    "0.123";
    object      p;
}
// * * * * * * * * * * * * * * * * * * * * * * * * * * * * * * * * * * * * * //

dimensions      [0 2 -2 0 0 0 0];


internalField   nonuniform List<scalar> 
1900
(
-299.623
-300.722
-301.622
-302.283
-302.96
-303.727
-304.532
-305.361
-305.974
-306.578
-300.077
-300.876
-301.704
-302.38
-303.06
-303.821
-304.632
-305.47
-306.23
-307.05
-300.363
-300.928
-301.696
-302.409
-303.106
-303.867
-304.693
-305.577
-306.47
-307.715
-300.547
-300.991
-301.726
-302.468
-303.178
-303.94
-304.784
-305.709
-306.722
-308.095
-300.645
-301.039
-301.753
-302.505
-303.221
-303.986
-304.847
-305.807
-306.888
-308.277
-300.662
-301.061
-301.78
-302.535
-303.254
-304.027
-304.904
-305.889
-307.004
-308.371
-300.597
-301.056
-301.807
-302.557
-303.277
-304.06
-304.951
-305.951
-307.078
-308.402
-300.445
-301.036
-301.83
-302.557
-303.269
-304.065
-304.969
-305.979
-307.109
-308.391
-300.188
-301.03
-301.891
-302.579
-303.277
-304.077
-304.985
-305.995
-307.118
-308.36
-299.754
-300.929
-301.881
-302.562
-303.26
-304.073
-304.992
-306.009
-307.135
-308.357
-305.92
-318.28
-337.562
-339.208
-320.079
-286.052
-243.019
-198.245
-157.319
-122.527
-94.1821
-71.7646
-54.2963
-40.7469
-30.1858
-21.8482
-15.2082
-9.87293
-5.51509
-1.89437
1.12559
3.64629
5.78485
7.6306
9.22455
10.5864
11.751
12.7728
13.6697
14.4496
15.1233
15.7022
16.2016
16.6314
16.9956
17.3006
17.5529
17.7587
17.9241
18.0521
18.1464
18.2096
18.2415
18.2455
18.2253
18.1826
18.118
18.0328
17.9294
17.8097
17.6742
17.5225
17.3558
17.1759
16.9832
16.779
16.5643
16.3387
16.1021
15.8553
15.5991
15.3344
15.0617
14.7802
14.4901
14.1914
13.885
13.5713
13.2504
12.9222
12.5868
12.2443
11.895
11.539
11.1764
10.8074
10.432
10.0502
9.66215
9.26816
8.8681
8.46235
8.05066
7.63337
7.21033
6.78179
6.3477
5.90823
5.46348
5.0136
4.5587
4.09896
3.63425
3.16508
2.69022
2.21249
1.72487
1.24266
0.733557
0.279205
-309.337
-321.606
-333.412
-332.126
-313.079
-280.334
-239.751
-197.438
-158.32
-124.59
-96.672
-74.2466
-56.562
-42.6924
-31.7869
-23.1322
-16.2221
-10.6599
-6.11594
-2.35639
0.754856
3.34519
5.54783
7.44512
9.07224
10.4607
11.6489
12.687
13.5932
14.3787
15.0561
15.6369
16.1335
16.5606
16.9281
17.2371
17.4927
17.7023
17.8716
18.0031
18.101
18.1672
18.2004
18.2053
18.1862
18.1441
18.0798
17.9952
17.8928
17.7744
17.6397
17.4883
17.3219
17.1424
16.9501
16.7463
16.5322
16.3072
16.0709
15.8243
15.5683
15.304
15.0316
14.7503
14.4602
14.1617
13.8556
13.5421
13.2214
12.8933
12.558
12.2156
11.8664
11.5104
11.1479
10.779
10.4035
10.0217
9.63371
9.23967
8.83958
8.43376
8.02203
7.60469
7.18161
6.75303
6.31892
5.87948
5.43477
4.98498
4.53023
4.07072
3.60649
3.13778
2.66458
2.18747
1.70548
1.22187
0.729567
0.251888
-310.271
-317.92
-326.263
-324.072
-306.103
-275.371
-237.27
-197.128
-159.468
-126.591
-99.0067
-76.5659
-58.6823
-44.5326
-33.3291
-24.4114
-17.2821
-11.532
-6.83086
-2.95066
0.256741
2.93548
5.22233
7.18529
8.85609
10.2805
11.509
12.5796
13.5063
14.3046
14.9918
15.581
16.0809
16.5088
16.8803
17.1927
17.4498
17.6604
17.8302
17.9621
18.0596
18.124
18.1556
18.1607
18.143
18.1023
18.0393
17.9558
17.8549
17.7386
17.6058
17.4557
17.2904
17.1116
16.9198
16.7162
16.5018
16.2764
16.0401
15.7936
15.5378
15.2738
15.0018
14.7208
14.4309
14.1328
13.827
13.5137
13.1932
12.8652
12.5301
12.1877
11.8386
11.4827
11.1202
10.7512
10.3757
9.99389
9.60587
9.21177
8.81162
8.40569
7.99389
7.57646
7.15333
6.72469
6.29057
5.85111
5.40645
4.95673
4.50214
4.04283
3.5791
3.11085
2.63934
2.16295
1.68656
1.20187
0.727127
0.223762
-310.492
-316.294
-321.939
-318.557
-301.089
-271.666
-235.203
-196.609
-160.105
-127.982
-100.754
-78.3702
-60.3664
-46.0112
-34.5758
-25.4477
-18.1358
-12.2242
-7.39144
-3.41419
-0.127673
2.61645
4.95061
6.94569
8.63963
10.0803
11.325
12.4124
13.3524
14.1595
14.8581
15.4645
15.9834
16.4269
16.81
17.1323
17.4
17.6199
17.796
17.9315
18.0299
18.0934
18.1247
18.1306
18.1139
18.0738
18.0106
17.9267
17.8247
17.7067
17.5728
17.4229
17.2587
17.0803
16.8886
16.6853
16.4711
16.2458
16.0098
15.7638
15.5088
15.2449
14.9723
14.6909
14.4012
14.1034
13.798
13.4849
13.1646
12.8367
12.5017
12.1594
11.8103
11.4545
11.092
10.723
10.3474
9.96552
9.57741
9.18323
8.78297
8.37691
7.965
7.54745
7.12427
6.69556
6.26145
5.82197
5.37738
4.92773
4.47334
4.01423
3.55101
3.08325
2.61344
2.13781
1.66711
1.18109
0.723997
0.195996
-310.518
-314.805
-318.111
-313.455
-296.276
-267.995
-233.033
-195.922
-160.559
-129.163
-102.285
-79.9738
-61.872
-47.3396
-35.7059
-26.3933
-18.9193
-12.8641
-7.91086
-3.84412
-0.487013
2.32018
4.70487
6.73478
8.45451
9.91821
11.1845
12.2905
13.245
14.0617
14.7632
15.3729
15.899
16.3467
16.73
17.0523
17.3201
17.5425
17.7209
17.859
17.9619
18.0319
18.0706
18.0828
18.0708
18.0348
17.9761
17.8967
17.7979
17.6806
17.5467
17.3975
17.2343
17.0568
16.8654
16.6619
16.4477
16.2224
15.9862
15.74
15.4848
15.2203
14.9462
14.6637
14.3735
14.0754
13.7696
13.4561
13.1353
12.8068
12.4715
12.1289
11.7796
11.4236
11.061
10.6918
10.3161
9.93414
9.54597
9.15178
8.75165
8.34569
7.93385
7.5163
7.09318
6.6645
6.23049
5.79108
5.34665
4.89713
4.443
3.98417
3.52148
3.05429
2.58611
2.11138
1.64593
1.15932
0.7184
0.171091
-310.4
-313.509
-315.041
-309.398
-292.508
-265.228
-231.494
-195.546
-161.048
-130.181
-103.558
-81.2942
-63.1072
-48.4225
-36.6292
-27.17
-19.5581
-13.3834
-8.33649
-4.19962
-0.784965
2.07583
4.50153
6.55734
8.29597
9.77935
11.0647
12.1818
13.1433
13.9656
14.6735
15.2908
15.8244
16.2782
16.6623
16.9865
17.2596
17.4879
17.6709
17.8099
17.9107
17.9808
18.0217
18.035
18.0222
17.9841
17.9238
17.8439
17.7456
17.6296
17.4973
17.3496
17.1876
17.0118
16.8227
16.6215
16.409
16.1852
15.9504
15.7055
15.4512
15.1873
14.914
14.6322
14.3422
14.0441
13.7379
13.424
13.1029
12.7739
12.4383
12.0953
11.7458
11.3896
11.0267
10.6573
10.2816
9.89968
9.51165
9.11752
8.71751
8.31159
7.89987
7.4824
7.05942
6.63086
6.19703
5.75779
5.31358
4.86427
4.41043
3.95195
3.48981
3.02328
2.55656
2.08296
1.62175
1.13606
0.707799
0.152297
-310.21
-312.445
-312.668
-306.232
-289.501
-262.955
-230.134
-195.076
-161.265
-130.841
-104.469
-82.2792
-64.0511
-49.2713
-37.3663
-27.8026
-20.0848
-13.8083
-8.69347
-4.50928
-1.04054
1.87235
4.32478
6.39323
8.15197
9.65863
10.9604
12.0828
13.0471
13.8797
14.5969
15.2205
15.7576
16.213
16.602
16.9303
17.2062
17.4366
17.6202
17.7607
17.8632
17.9349
17.9787
17.9941
17.9816
17.944
17.8851
17.8073
17.7106
17.5953
17.4624
17.3137
17.1508
16.9747
16.7851
16.5827
16.3687
16.1437
15.9082
15.6625
15.4073
15.1429
14.8694
14.5874
14.2973
13.9992
13.6933
13.3799
13.0592
12.7309
12.3958
12.0535
11.7046
11.3489
10.9867
10.6178
10.2427
9.86106
9.47362
9.07984
8.68016
8.27452
7.86317
7.44608
7.02344
6.59526
6.16177
5.7229
5.27903
4.83006
4.37658
3.91851
3.45692
2.99109
2.52554
2.05324
1.59472
1.11176
0.690342
0.143262
-310.014
-311.622
-310.914
-303.872
-287.218
-261.199
-229.052
-194.666
-161.385
-131.314
-105.164
-83.0535
-64.7969
-49.9562
-37.9826
-28.3263
-20.5136
-14.1744
-9.01193
-4.76775
-1.24333
1.69524
4.15993
6.25278
8.04137
9.56291
10.863
11.9904
12.9698
13.8147
14.5345
15.1545
15.6946
16.1584
16.5525
16.881
17.1546
17.3857
17.5738
17.7174
17.8199
17.8906
17.935
17.952
17.9405
17.9029
17.8438
17.7657
17.6689
17.5533
17.4203
17.2717
17.1087
16.9325
16.7429
16.5404
16.3262
16.1014
15.8659
15.6201
15.3644
15.0996
14.8258
14.5434
14.2529
13.9542
13.6479
13.334
13.0128
12.6842
12.3488
12.0061
11.657
11.3012
10.939
10.57
10.195
9.81351
9.42627
9.0328
8.63346
8.22837
7.8176
7.40113
6.97909
6.5516
6.11877
5.6806
5.23736
4.78901
4.33607
3.87856
3.41761
2.95251
2.48786
2.01705
1.55967
1.08116
0.660129
0.138623
-309.856
-311.036
-309.718
-302.257
-285.629
-259.948
-228.241
-194.297
-161.363
-131.533
-105.534
-83.4758
-65.2205
-50.3529
-38.3276
-28.6169
-20.7632
-14.3915
-9.19431
-4.91974
-1.37392
1.58188
4.06133
6.16543
7.96068
9.48664
10.7913
11.9236
12.9077
13.7547
14.4758
15.0978
15.6411
16.1083
16.5032
16.832
17.1071
17.3402
17.5303
17.6747
17.7775
17.8489
17.8947
17.9133
17.9024
17.8651
17.8063
17.7292
17.6334
17.5188
17.3864
17.2382
17.0756
16.8999
16.7109
16.5088
16.2948
16.0701
15.8349
15.5893
15.3339
15.0694
14.7961
14.5142
14.2242
13.926
13.6203
13.3071
12.9867
12.6589
12.3245
11.9824
11.6337
11.2784
10.9167
10.5484
10.1737
9.79272
9.40578
9.01252
8.61328
8.20817
7.79736
7.3808
6.95873
6.53115
6.09831
5.6601
5.21687
4.76849
4.31555
3.85813
3.39732
2.93235
2.4677
1.99767
1.53984
1.0657
0.639639
0.148952
-309.799
-310.776
-309.167
-301.515
-284.923
-259.448
-228.001
-194.311
-161.572
-131.867
-105.94
-83.9012
-65.6287
-50.7244
-38.6586
-28.9113
-21.0232
-14.6186
-9.39556
-5.10328
-1.53762
1.44499
3.93931
6.0493
7.85185
9.38717
10.6971
11.8304
12.817
13.6681
14.3928
15.016
15.5602
16.0296
16.4267
16.7573
17.0336
17.2674
17.4586
17.6045
17.7085
17.7807
17.8272
17.8467
17.8367
17.8001
17.742
17.6655
17.5704
17.4562
17.3243
17.1765
17.0145
16.8393
16.6508
16.4491
16.2356
16.0114
15.7767
15.5315
15.2766
15.0124
14.7395
14.4578
14.1681
13.8701
13.5645
13.2513
12.931
12.6031
12.2685
11.9274
11.5791
11.2238
10.8623
10.4941
10.1196
9.73891
9.35222
8.95919
8.56025
8.15578
7.74524
7.3289
6.90701
6.47958
6.0468
5.60865
5.16549
4.71709
4.26423
3.80682
3.34624
2.88167
2.41706
1.94803
1.48896
1.02006
0.591275
0.112928
-314.073
-315.342
-316.519
-316.763
-316.246
-314.976
-313.67
-313.762
-333.208
-334.724
-335.67
-336.006
-335.684
-334.97
-334.106
-333.757
-348.321
-351.157
-352.673
-353.239
-353.129
-352.819
-352.512
-352.172
-346.898
-350.263
-352.116
-352.862
-352.689
-352.174
-351.696
-351.058
-325.752
-328.652
-330.387
-330.946
-330.605
-329.869
-329.084
-328.157
-289.994
-292.05
-293.341
-293.795
-293.469
-292.521
-291.108
-289.508
-244.964
-246.037
-246.887
-247.288
-247.03
-246.002
-244.217
-242.158
-198.427
-198.458
-198.712
-198.927
-198.648
-197.567
-195.616
-193.372
-156.291
-155.595
-155.333
-155.238
-154.835
-153.719
-151.764
-149.558
-120.785
-119.663
-119.117
-118.845
-118.355
-117.252
-115.404
-113.362
-92.2217
-90.9955
-90.3484
-89.9542
-89.3929
-88.3487
-86.6746
-84.8486
-69.8867
-68.7334
-68.0961
-67.6316
-67.0306
-66.0709
-64.5967
-63.0129
-52.6387
-51.6287
-51.0404
-50.5748
-49.9944
-49.1304
-47.8523
-46.4907
-39.3703
-38.5336
-38.0294
-37.5988
-37.0637
-36.3034
-35.2144
-34.0603
-29.087
-28.4063
-27.9625
-27.5644
-27.0894
-26.4338
-25.5125
-24.5358
-21.0046
-20.4658
-20.0636
-19.6847
-19.2686
-18.7098
-17.9313
-17.0891
-14.5727
-14.1486
-13.7976
-13.4548
-13.0904
-12.6114
-11.9508
-11.194
-9.39672
-9.06142
-8.76484
-8.46762
-8.14893
-7.73566
-7.17315
-6.49483
-5.15811
-4.89262
-4.64556
-4.39168
-4.1141
-3.75516
-3.27201
-2.6832
-1.62281
-1.41334
-1.20868
-0.993664
-0.75317
-0.440339
-0.0209232
0.489869
1.34614
1.51781
1.69347
1.875
2.08245
2.35567
2.72223
3.1683
3.83577
3.98284
4.13867
4.29577
4.47772
4.7192
5.04279
5.43611
5.94563
6.06999
6.20521
6.34395
6.50766
6.72494
7.01432
7.36509
7.7662
7.8713
7.98729
8.10992
8.25748
8.4537
8.71398
9.0292
9.34211
9.43364
9.53651
9.64688
9.78084
9.9588
10.1939
10.4786
10.6975
10.7847
10.8762
10.9761
11.0991
11.2621
11.4759
11.7348
11.86
11.9477
12.0314
12.1225
12.2356
12.3854
12.581
12.8177
12.8707
12.9508
13.0272
13.1119
13.2176
13.3567
13.537
13.755
13.7567
13.829
13.8989
13.9777
14.0764
14.2059
14.3725
14.5741
14.5274
14.5936
14.659
14.7334
14.8263
14.9473
15.1018
15.2888
15.1934
15.2546
15.316
15.3863
15.4742
15.5878
15.7316
15.9058
15.7659
15.8223
15.8803
15.9471
16.0305
16.1377
16.272
16.4348
16.2609
16.3121
16.3661
16.4294
16.5087
16.6099
16.7357
16.8884
16.6872
16.7341
16.7847
16.8447
16.92
17.0157
17.1338
17.2775
17.0485
17.093
17.1415
17.1989
17.2709
17.3618
17.473
17.6086
17.3513
17.3943
17.4411
17.4965
17.5656
17.6522
17.7571
17.8854
17.6015
17.6429
17.6882
17.7417
17.8081
17.8909
17.9902
18.112
17.8051
17.845
17.8887
17.9404
18.0045
18.0837
18.1781
18.2939
17.9684
18.0068
18.0492
18.0992
18.1609
18.2369
18.3266
18.437
18.0947
18.132
18.1731
18.2217
18.2814
18.3544
18.4398
18.5453
18.1873
18.2234
18.2634
18.3106
18.3684
18.4386
18.5201
18.621
18.2486
18.2835
18.3223
18.368
18.424
18.4917
18.5694
18.6662
18.2793
18.3133
18.3511
18.3957
18.4501
18.5154
18.5898
18.6829
18.2822
18.3154
18.3524
18.396
18.449
18.5122
18.5837
18.6733
18.2611
18.2934
18.3296
18.3723
18.4239
18.4851
18.5537
18.6402
18.2176
18.2493
18.2848
18.3264
18.3767
18.436
18.502
18.5855
18.1525
18.1837
18.2185
18.2593
18.3084
18.366
18.4295
18.5103
18.0668
18.0975
18.1317
18.1719
18.2199
18.2759
18.3372
18.4155
17.9625
17.9927
18.0265
18.0659
18.113
18.1675
18.2266
18.3026
17.8421
17.8717
17.9049
17.9436
17.9896
18.0426
18.0998
18.1736
17.706
17.7351
17.7677
17.8057
17.8508
17.9025
17.9577
18.0296
17.554
17.5829
17.6151
17.6526
17.6968
17.7472
17.8008
17.8707
17.3871
17.4157
17.4476
17.4845
17.528
17.5773
17.6292
17.6975
17.2067
17.235
17.2665
17.3029
17.3456
17.3938
17.4442
17.5108
17.0137
17.0417
17.0729
17.1088
17.1508
17.198
17.247
17.3121
16.8092
16.8369
16.8677
16.9032
16.9445
16.9908
17.0384
17.1021
16.594
16.6213
16.6517
16.6867
16.7273
16.7726
16.8189
16.8813
16.368
16.3951
16.4252
16.4597
16.4996
16.544
16.589
16.6502
16.1312
16.1581
16.1879
16.222
16.2614
16.3049
16.3489
16.4088
15.8843
15.9109
15.9405
15.9743
16.0131
16.0559
16.0987
16.1576
15.6278
15.6543
15.6836
15.717
15.7553
15.7973
15.8392
15.897
15.3629
15.3891
15.4182
15.4512
15.4889
15.5302
15.571
15.6279
15.0898
15.1157
15.1444
15.177
15.2142
15.2548
15.2947
15.3507
14.8082
14.8339
14.8623
14.8946
14.9313
14.9712
15.0102
15.0653
14.5178
14.5433
14.5715
14.6034
14.6397
14.679
14.7172
14.7715
14.219
14.2444
14.2724
14.3041
14.3399
14.3786
14.416
14.4695
13.9124
13.9376
13.9655
13.9969
14.0323
14.0705
14.1071
14.16
13.5986
13.6237
13.6513
13.6824
13.7174
13.7551
13.791
13.8431
13.2775
13.3024
13.3299
13.3607
13.3954
13.4325
13.4677
13.5193
12.9493
12.9741
13.0013
13.0319
13.0662
13.1028
13.1374
13.1883
12.6137
12.6384
12.6655
12.6959
12.7298
12.766
12.8
12.8504
12.2712
12.2957
12.3227
12.3528
12.3864
12.4221
12.4555
12.5054
11.9217
11.9461
11.973
12.0029
12.0362
12.0716
12.1044
12.1538
11.5656
11.59
11.6167
11.6464
11.6794
11.7143
11.7466
11.7955
11.203
11.2273
11.2539
11.2834
11.3161
11.3507
11.3825
11.431
10.834
10.8582
10.8847
10.914
10.9465
10.9807
11.012
11.06
10.4585
10.4827
10.5091
10.5383
10.5704
10.6043
10.6352
10.6828
10.0767
10.1008
10.1271
10.1561
10.188
10.2216
10.2519
10.2992
9.68862
9.71273
9.73894
9.7678
9.7995
9.83276
9.86274
9.90962
9.29462
9.31868
9.34479
9.37347
9.4049
9.43782
9.46737
9.51387
8.89457
8.91862
8.94468
8.97324
9.00448
9.03714
9.06632
9.11251
8.48883
8.51285
8.53882
8.56722
8.59822
8.63057
8.65933
8.70517
8.07716
8.10117
8.12709
8.15539
8.18621
8.21833
8.24678
8.29235
7.6599
7.68389
7.70975
7.73791
7.76852
7.80038
7.82854
7.87388
7.23687
7.26086
7.28667
7.31474
7.34518
7.37684
7.40508
7.45088
6.80833
6.83228
6.85801
6.88595
6.91618
6.94752
6.97558
7.02148
6.37421
6.39812
6.42378
6.45159
6.48164
6.51274
6.54052
6.58618
5.93471
5.95856
5.98412
6.0118
6.04166
6.07253
6.10003
6.14544
5.48989
5.51366
5.5391
5.56661
5.59624
5.62686
5.65403
5.69911
5.03991
5.06358
5.08891
5.11626
5.14571
5.17613
5.20305
5.24792
4.58484
4.60834
4.63347
4.66057
4.68972
4.7198
4.74633
4.79078
4.12491
4.14825
4.17321
4.20012
4.22905
4.25894
4.28528
4.32964
3.65977
3.68274
3.70732
3.73385
3.76239
3.79189
3.81781
3.86176
3.19022
3.21287
3.23712
3.2633
3.29145
3.32061
3.34621
3.38991
2.71398
2.73555
2.75885
2.78421
2.81171
2.8404
2.86569
2.90927
2.23579
2.25692
2.27972
2.30449
2.33131
2.35931
2.38397
2.42688
1.74352
1.76116
1.78108
1.80364
1.82896
1.85619
1.88076
1.92469
1.26282
1.28126
1.30124
1.32313
1.34706
1.3723
1.39487
1.43519
0.739351
0.746922
0.758013
0.773207
0.792903
0.815984
0.83493
0.883349
0.302161
0.320218
0.336605
0.351738
0.366659
0.38373
0.400922
0.376898
)
;

boundaryField
{
    frontAndBack
    {
        type            empty;
    }
    inlet
    {
        type            zeroGradient;
    }
    outlet
    {
        type            fixedValue;
        value           uniform 0;
    }
    walls
    {
        type            zeroGradient;
    }
}


// ************************************************************************* //
