/*--------------------------------*- C++ -*----------------------------------*\
| =========                 |                                                 |
| \\      /  F ield         | OpenFOAM: The Open Source CFD Toolbox           |
|  \\    /   O peration     | Version:  v2012                                 |
|   \\  /    A nd           | Website:  www.openfoam.com                      |
|    \\/     M anipulation  |                                                 |
\*---------------------------------------------------------------------------*/
FoamFile
{
    version     2.0;
    format      ascii;
    class       volScalarField;
    location    "0.289";
    object      p;
}
// * * * * * * * * * * * * * * * * * * * * * * * * * * * * * * * * * * * * * //

dimensions      [0 2 -2 0 0 0 0];


internalField   nonuniform List<scalar> 
5600
(
-0.568626
-1.02682
-1.40728
-1.7258
-2.03659
-2.34684
-2.64821
-2.92998
-3.193
-3.44318
-3.67976
-3.9044
-4.11887
-4.32515
-4.52537
-4.72121
-4.91348
-5.10317
-5.29042
-5.47527
-5.65812
-5.8384
-6.01616
-6.19252
-6.36727
-6.54088
-6.71309
-6.88435
-7.05518
-7.22534
-7.39512
-7.56405
-7.73222
-7.9
-8.06726
-8.23385
-8.39994
-8.56532
-8.7302
-8.89438
-9.05801
-9.22107
-9.38348
-9.5452
-9.70644
-9.86714
-10.0274
-10.1871
-10.3463
-10.505
-10.6634
-10.8212
-10.9786
-11.1355
-11.292
-11.4481
-11.6038
-11.759
-11.9138
-12.0681
-12.2221
-12.3757
-12.5289
-12.6817
-12.8342
-12.9863
-13.138
-13.2893
-13.4404
-13.5912
-13.7416
-13.8917
-14.0416
-14.1912
-14.3404
-14.4895
-14.6382
-14.7867
-14.9348
-15.0829
-15.2306
-15.3783
-15.5255
-15.6728
-15.8197
-15.9664
-16.113
-16.2595
-16.4057
-16.5516
-16.6974
-16.8429
-16.989
-17.1347
-17.2811
-17.4277
-17.5768
-17.7298
-17.886
-18.1242
-0.627659
-1.04699
-1.4239
-1.74361
-2.05458
-2.36518
-2.66647
-2.9485
-3.21187
-3.46211
-3.69891
-3.92385
-4.13865
-4.34531
-4.54588
-4.74203
-4.9346
-5.12454
-5.31195
-5.49688
-5.67994
-5.86033
-6.03814
-6.21462
-6.3895
-6.56325
-6.73555
-6.90689
-7.07782
-7.24807
-7.41793
-7.58694
-7.75513
-7.92293
-8.09023
-8.25686
-8.42298
-8.58839
-8.75331
-8.91751
-9.08118
-9.24427
-9.40672
-9.56845
-9.72973
-9.89042
-10.0507
-10.2104
-10.3697
-10.5284
-10.6867
-10.8445
-11.0019
-11.1588
-11.3153
-11.4714
-11.6271
-11.7823
-11.937
-12.0913
-12.2453
-12.3989
-12.5521
-12.7049
-12.8574
-13.0094
-13.1612
-13.3125
-13.4636
-13.6143
-13.7648
-13.9149
-14.0647
-14.2143
-14.3635
-14.5126
-14.6613
-14.8098
-14.9579
-15.106
-15.2537
-15.4014
-15.5486
-15.6959
-15.8427
-15.9895
-16.136
-16.2826
-16.4287
-16.5748
-16.7204
-16.8662
-17.0118
-17.1582
-17.3035
-17.4518
-17.5979
-17.7549
-17.906
-18.1368
-0.665904
-1.05962
-1.43666
-1.75697
-2.06579
-2.37389
-2.6741
-2.95571
-3.21886
-3.46877
-3.70529
-3.93033
-4.14515
-4.3518
-4.55238
-4.74858
-4.94113
-5.13112
-5.31851
-5.50348
-5.68651
-5.86695
-6.04493
-6.22145
-6.39626
-6.56996
-6.74221
-6.91355
-7.08437
-7.25459
-7.42437
-7.59332
-7.76156
-7.92938
-8.09666
-8.26326
-8.42936
-8.59474
-8.75962
-8.92378
-9.08739
-9.25043
-9.41279
-9.57445
-9.73565
-9.89636
-10.0566
-10.2163
-10.3756
-10.5343
-10.6927
-10.8505
-11.0079
-11.1648
-11.3214
-11.4775
-11.6333
-11.7885
-11.9434
-12.0977
-12.2518
-12.4054
-12.5587
-12.7116
-12.8641
-13.0162
-13.168
-13.3193
-13.4705
-13.6212
-13.7717
-13.9219
-14.0718
-14.2214
-14.3706
-14.5197
-14.6684
-14.817
-14.9651
-15.1132
-15.261
-15.4086
-15.5559
-15.7032
-15.85
-15.9969
-16.1434
-16.29
-16.4361
-16.5822
-16.7278
-16.8736
-17.0192
-17.1656
-17.3109
-17.4593
-17.6058
-17.7634
-17.9136
-18.1361
-0.714633
-1.07609
-1.45205
-1.77381
-2.08136
-2.38852
-2.6891
-2.97134
-3.23513
-3.48535
-3.72245
-3.9475
-4.16281
-4.36965
-4.57028
-4.76641
-4.95882
-5.14856
-5.33564
-5.52031
-5.70318
-5.88353
-6.06154
-6.23813
-6.41307
-6.58705
-6.75967
-6.93135
-7.1024
-7.27285
-7.44279
-7.6119
-7.78014
-7.94803
-8.11538
-8.28208
-8.44826
-8.61374
-8.77872
-8.94301
-9.10676
-9.26996
-9.4325
-9.59436
-9.75574
-9.91646
-10.0768
-10.2365
-10.3959
-10.5547
-10.7131
-10.871
-11.0284
-11.1854
-11.3419
-11.4979
-11.6536
-11.8088
-11.9635
-12.1178
-12.2717
-12.4253
-12.5785
-12.7312
-12.8837
-13.0357
-13.1875
-13.3388
-13.4899
-13.6406
-13.791
-13.9411
-14.091
-14.2405
-14.3898
-14.5388
-14.6875
-14.836
-14.9842
-15.1322
-15.2799
-15.4276
-15.5749
-15.7221
-15.869
-16.0157
-16.1623
-16.3088
-16.455
-16.601
-16.7466
-16.8924
-17.0381
-17.1842
-17.3299
-17.4774
-17.6246
-17.7801
-17.9353
-18.1365
-0.764271
-1.0932
-1.4678
-1.792
-2.09796
-2.40427
-2.70456
-2.98662
-3.25043
-3.50045
-3.73778
-3.96259
-4.17808
-4.38516
-4.58598
-4.78229
-4.97487
-5.16476
-5.35196
-5.53674
-5.71957
-5.89996
-6.07794
-6.25437
-6.42916
-6.60294
-6.77536
-6.94686
-7.11765
-7.28803
-7.45785
-7.62695
-7.79526
-7.96324
-8.13059
-8.29733
-8.46349
-8.62899
-8.79391
-8.95819
-9.12184
-9.28497
-9.44735
-9.60915
-9.77042
-9.93113
-10.0914
-10.2511
-10.4104
-10.5691
-10.7274
-10.8852
-11.0426
-11.1995
-11.356
-11.5121
-11.6679
-11.8232
-11.9781
-12.1324
-12.2864
-12.4401
-12.5934
-12.7463
-12.8989
-13.051
-13.2028
-13.3542
-13.5054
-13.6561
-13.8066
-13.9568
-14.1067
-14.2563
-14.4056
-14.5547
-14.7034
-14.8519
-15.0002
-15.1482
-15.296
-15.4436
-15.591
-15.7382
-15.8851
-16.0318
-16.1785
-16.3249
-16.4712
-16.6172
-16.763
-16.9086
-17.0544
-17.2005
-17.3462
-17.4937
-17.6407
-17.7959
-17.948
-18.1419
-0.814316
-1.11251
-1.48508
-1.81225
-2.11659
-2.42193
-2.72185
-3.00393
-3.26797
-3.51818
-3.75574
-3.98091
-4.19667
-4.40402
-4.60504
-4.80147
-4.99415
-5.18404
-5.37129
-5.55611
-5.73875
-5.91912
-6.09719
-6.27363
-6.44851
-6.62231
-6.79478
-6.96634
-7.13715
-7.3074
-7.47724
-7.64627
-7.81456
-7.98241
-8.14966
-8.31631
-8.48238
-8.64783
-8.8127
-8.97696
-9.1406
-9.30394
-9.46639
-9.62828
-9.78961
-9.95042
-10.1107
-10.2705
-10.4299
-10.5887
-10.7471
-10.905
-11.0624
-11.2194
-11.3759
-11.5321
-11.6879
-11.8431
-11.9979
-12.1523
-12.3064
-12.4599
-12.6131
-12.7659
-12.9184
-13.0705
-13.2223
-13.3736
-13.5247
-13.6755
-13.8259
-13.9761
-14.1259
-14.2755
-14.4248
-14.5739
-14.7227
-14.8711
-15.0194
-15.1674
-15.3152
-15.4628
-15.6102
-15.7574
-15.9043
-16.051
-16.1976
-16.3441
-16.4904
-16.6364
-16.7821
-16.9278
-17.0736
-17.2196
-17.3653
-17.5126
-17.6594
-17.8133
-17.9642
-18.149
-0.863737
-1.13433
-1.50414
-1.83454
-2.13742
-2.44171
-2.74134
-3.02351
-3.28773
-3.53806
-3.77572
-4.00115
-4.21698
-4.4245
-4.62563
-4.82215
-5.01492
-5.20484
-5.39212
-5.57696
-5.75958
-5.93999
-6.11812
-6.29459
-6.46952
-6.6433
-6.81581
-6.98737
-7.15828
-7.32843
-7.49829
-7.66732
-7.83566
-8.00348
-8.17075
-8.33738
-8.50344
-8.66888
-8.83369
-8.99795
-9.16155
-9.32483
-9.48725
-9.64905
-9.8103
-9.97103
-10.1313
-10.291
-10.4503
-10.609
-10.7674
-10.9252
-11.0826
-11.2397
-11.3962
-11.5524
-11.7082
-11.8634
-12.0183
-12.1727
-12.3267
-12.4803
-12.6335
-12.7864
-12.939
-13.0911
-13.2428
-13.3942
-13.5454
-13.6961
-13.8466
-13.9968
-14.1467
-14.2963
-14.4456
-14.5947
-14.7435
-14.8919
-15.0402
-15.1882
-15.3361
-15.4837
-15.6311
-15.7782
-15.9252
-16.072
-16.2185
-16.365
-16.5113
-16.6574
-16.803
-16.9488
-17.0945
-17.2405
-17.3862
-17.5332
-17.6798
-17.8321
-17.9813
-18.1562
-0.910714
-1.15883
-1.52554
-1.85901
-2.16069
-2.46397
-2.76339
-3.04563
-3.30996
-3.56039
-3.79814
-4.0238
-4.2397
-4.44741
-4.64871
-4.84534
-5.03821
-5.22816
-5.41546
-5.60034
-5.78297
-5.96335
-6.14151
-6.31799
-6.49295
-6.66672
-6.83925
-7.01083
-7.18176
-7.35194
-7.52177
-7.6908
-7.85916
-8.02697
-8.19425
-8.36089
-8.52694
-8.69239
-8.8572
-9.02151
-9.18515
-9.34827
-9.51072
-9.67253
-9.8338
-9.99452
-10.1548
-10.3145
-10.4737
-10.6325
-10.7908
-10.9486
-11.106
-11.2631
-11.4196
-11.5757
-11.7315
-11.8867
-12.0415
-12.1958
-12.3498
-12.5034
-12.6566
-12.8095
-12.962
-13.1141
-13.2659
-13.4173
-13.5685
-13.7192
-13.8697
-14.0199
-14.1698
-14.3194
-14.4687
-14.6178
-14.7666
-14.9151
-15.0634
-15.2114
-15.3592
-15.5068
-15.6542
-15.8014
-15.9483
-16.0951
-16.2416
-16.3881
-16.5344
-16.6805
-16.8262
-16.9719
-17.1176
-17.2636
-17.4092
-17.5558
-17.7021
-17.8525
-17.9995
-18.164
-0.953694
-1.18591
-1.54987
-1.8858
-2.18659
-2.48905
-2.78833
-3.07058
-3.33501
-3.58553
-3.82336
-4.04919
-4.26517
-4.47301
-4.67443
-4.87112
-5.06405
-5.25401
-5.44132
-5.62622
-5.80883
-5.98918
-6.16737
-6.34386
-6.51886
-6.69262
-6.86517
-7.03677
-7.20772
-7.37794
-7.54771
-7.71675
-7.88513
-8.05294
-8.22021
-8.38685
-8.5529
-8.71835
-8.88316
-9.04747
-9.21112
-9.37419
-9.53668
-9.6985
-9.85977
-10.0205
-10.1807
-10.3404
-10.4997
-10.6585
-10.8168
-10.9746
-11.132
-11.2891
-11.4456
-11.6017
-11.7574
-11.9126
-12.0674
-12.2217
-12.3757
-12.5293
-12.6825
-12.8353
-12.9878
-13.1398
-13.2916
-13.4431
-13.5942
-13.745
-13.8954
-14.0456
-14.1954
-14.345
-14.4942
-14.6433
-14.7921
-14.9406
-15.0889
-15.2369
-15.3847
-15.5323
-15.6797
-15.8269
-15.9738
-16.1206
-16.2671
-16.4136
-16.56
-16.706
-16.8517
-16.9975
-17.1432
-17.289
-17.4346
-17.5809
-17.7266
-17.875
-18.0192
-18.1725
-0.990874
-1.21511
-1.5777
-1.91507
-2.21533
-2.51736
-2.81659
-3.09879
-3.36328
-3.61387
-3.85175
-4.07767
-4.29369
-4.50159
-4.70309
-4.89981
-5.09279
-5.28277
-5.47009
-5.65502
-5.83762
-6.01793
-6.19613
-6.37264
-6.54766
-6.72141
-6.89397
-7.06557
-7.23655
-7.40679
-7.57652
-7.74555
-7.91395
-8.08178
-8.24903
-8.41568
-8.58172
-8.74717
-8.91198
-9.07631
-9.23996
-9.40302
-9.5655
-9.72733
-9.88859
-10.0493
-10.2096
-10.3693
-10.5285
-10.6873
-10.8456
-11.0035
-11.1608
-11.3179
-11.4744
-11.6305
-11.7862
-11.9414
-12.0962
-12.2506
-12.4045
-12.5581
-12.7113
-12.8641
-13.0166
-13.1687
-13.3205
-13.4719
-13.623
-13.7738
-13.9242
-14.0744
-14.2242
-14.3738
-14.523
-14.6721
-14.8209
-14.9694
-15.1176
-15.2656
-15.4133
-15.5609
-15.7083
-15.8554
-16.0024
-16.1491
-16.2956
-16.4421
-16.5884
-16.7344
-16.8802
-17.0259
-17.1716
-17.3173
-17.4628
-17.6086
-17.7536
-17.9
-18.0408
-18.1828
-1.01823
-1.2444
-1.60811
-1.94542
-2.24556
-2.54775
-2.84705
-3.12911
-3.39361
-3.64426
-3.88212
-4.10804
-4.32403
-4.53193
-4.73343
-4.93016
-5.12315
-5.31313
-5.50045
-5.6854
-5.86798
-6.04824
-6.22643
-6.40295
-6.57798
-6.75171
-6.92427
-7.09586
-7.26688
-7.43713
-7.60682
-7.77585
-7.94427
-8.1121
-8.27935
-8.446
-8.61204
-8.77749
-8.94228
-9.10664
-9.2703
-9.43333
-9.59581
-9.75764
-9.91891
-10.0796
-10.2399
-10.3996
-10.5588
-10.7176
-10.8759
-11.0338
-11.1911
-11.3482
-11.5047
-11.6608
-11.8165
-11.9717
-12.1265
-12.2809
-12.4348
-12.5884
-12.7416
-12.8944
-13.0469
-13.199
-13.3508
-13.5022
-13.6533
-13.8041
-13.9545
-14.1047
-14.2545
-14.4041
-14.5533
-14.7023
-14.8511
-14.9996
-15.1478
-15.2958
-15.4436
-15.5912
-15.7386
-15.8857
-16.0327
-16.1794
-16.326
-16.4725
-16.6188
-16.7648
-16.9105
-17.0562
-17.2019
-17.3475
-17.4929
-17.6383
-17.7826
-17.9266
-18.0641
-18.1965
-1.03302
-1.27105
-1.63817
-1.97388
-2.27434
-2.57729
-2.87677
-3.1586
-3.42308
-3.67376
-3.91153
-4.13735
-4.35326
-4.56108
-4.76252
-4.95922
-5.15219
-5.34215
-5.52945
-5.71443
-5.89698
-6.07718
-6.25535
-6.43189
-6.60691
-6.78064
-6.95318
-7.12475
-7.29582
-7.46607
-7.63573
-7.80476
-7.97319
-8.14102
-8.30827
-8.47492
-8.64095
-8.8064
-8.97117
-9.13558
-9.29922
-9.46223
-9.6247
-9.78654
-9.94781
-10.1085
-10.2688
-10.4285
-10.5877
-10.7465
-10.9048
-11.0627
-11.22
-11.3771
-11.5337
-11.6897
-11.8454
-12.0006
-12.1554
-12.3098
-12.4637
-12.6173
-12.7705
-12.9233
-13.0758
-13.2279
-13.3797
-13.5311
-13.6822
-13.833
-13.9835
-14.1337
-14.2835
-14.4331
-14.5824
-14.7314
-14.8802
-15.0287
-15.177
-15.325
-15.4728
-15.6204
-15.7678
-15.9149
-16.0619
-16.2086
-16.3553
-16.5018
-16.6481
-16.7942
-16.94
-17.0857
-17.2313
-17.3769
-17.5221
-17.6671
-17.8107
-17.9528
-18.0875
-18.2124
-1.03673
-1.29462
-1.6662
-1.99923
-2.3004
-2.60447
-2.90419
-3.18574
-3.45017
-3.70088
-3.93851
-4.16417
-4.37997
-4.58763
-4.78897
-4.9856
-5.17854
-5.36848
-5.55575
-5.74076
-5.92328
-6.10341
-6.28156
-6.45808
-6.6331
-6.8068
-6.97932
-7.15085
-7.32198
-7.49222
-7.66186
-7.83088
-7.99932
-8.16715
-8.3344
-8.50106
-8.66708
-8.83254
-8.9973
-9.16175
-9.32538
-9.48838
-9.65083
-9.81267
-9.97394
-10.1347
-10.2949
-10.4546
-10.6138
-10.7726
-10.9309
-11.0887
-11.2462
-11.4033
-11.5598
-11.7159
-11.8715
-12.0268
-12.1816
-12.336
-12.49
-12.6436
-12.7968
-12.9497
-13.1021
-13.2542
-13.4061
-13.5575
-13.7087
-13.8594
-14.01
-14.1602
-14.3101
-14.4597
-14.609
-14.758
-14.9068
-15.0554
-15.2036
-15.3517
-15.4995
-15.647
-15.7943
-15.9415
-16.0884
-16.2351
-16.3817
-16.5281
-16.6743
-16.8204
-16.9663
-17.112
-17.2577
-17.4033
-17.5484
-17.6931
-17.836
-17.9768
-18.1092
-18.2288
-1.03166
-1.31595
-1.69217
-2.02188
-2.32411
-2.62946
-2.92946
-3.21066
-3.47503
-3.72573
-3.96321
-4.18867
-4.40433
-4.61182
-4.81302
-5.00957
-5.20245
-5.39237
-5.57958
-5.76464
-5.94712
-6.1272
-6.30531
-6.48183
-6.65684
-6.83051
-7.00301
-7.1745
-7.34568
-7.5159
-7.68551
-7.85453
-8.02298
-8.1908
-8.35805
-8.52467
-8.69071
-8.85609
-9.02091
-9.18538
-9.34899
-9.51199
-9.67445
-9.83629
-9.99758
-10.1583
-10.3186
-10.4783
-10.6376
-10.7964
-10.9547
-11.1125
-11.2701
-11.4272
-11.5837
-11.7399
-11.8956
-12.0509
-12.2057
-12.3601
-12.5141
-12.6678
-12.821
-12.9738
-13.1263
-13.2783
-13.4301
-13.5816
-13.7327
-13.8835
-14.034
-14.1842
-14.3341
-14.4837
-14.633
-14.782
-14.9308
-15.0793
-15.2276
-15.3757
-15.5235
-15.671
-15.8184
-15.9656
-16.1126
-16.2594
-16.4061
-16.5527
-16.699
-16.845
-16.9907
-17.1364
-17.282
-17.4275
-17.5725
-17.7171
-17.8598
-17.9988
-18.1296
-18.2452
-1.02033
-1.3354
-1.7158
-2.04211
-2.34565
-2.65235
-2.95275
-3.23359
-3.49788
-3.74855
-3.98583
-4.211
-4.4265
-4.6338
-4.83486
-5.03128
-5.22407
-5.41396
-5.60111
-5.7862
-5.96861
-6.14862
-6.32667
-6.5032
-6.67819
-6.85186
-7.02427
-7.1958
-7.36701
-7.53719
-7.70678
-7.87581
-8.04428
-8.21212
-8.37939
-8.54603
-8.71212
-8.8775
-9.04246
-9.20688
-9.37051
-9.53358
-9.69611
-9.85802
-10.0194
-10.1802
-10.3405
-10.5003
-10.6596
-10.8184
-10.9767
-11.1344
-11.2919
-11.449
-11.6056
-11.7617
-11.9173
-12.0726
-12.2274
-12.3819
-12.5359
-12.6895
-12.8427
-12.9955
-13.1479
-13.3
-13.4518
-13.6033
-13.7544
-13.9051
-14.0557
-14.2058
-14.3557
-14.5052
-14.6545
-14.8035
-14.9523
-15.1008
-15.249
-15.397
-15.5448
-15.6923
-15.8396
-15.9867
-16.1336
-16.2802
-16.4267
-16.5731
-16.7193
-16.8654
-17.0113
-17.157
-17.3027
-17.4482
-17.5931
-17.7374
-17.8795
-18.0188
-18.1484
-18.2613
-1.00479
-1.35339
-1.73703
-2.06028
-2.36519
-2.67313
-2.974
-3.2545
-3.51879
-3.7694
-4.00657
-4.23148
-4.4467
-4.65377
-4.85475
-5.05105
-5.24383
-5.43361
-5.62084
-5.80597
-5.98834
-6.16828
-6.34624
-6.52273
-6.69766
-6.8713
-7.04367
-7.2153
-7.38649
-7.55672
-7.72632
-7.89539
-8.06397
-8.23193
-8.39929
-8.56604
-8.73219
-8.89767
-9.06265
-9.22698
-9.39057
-9.55362
-9.71612
-9.87802
-10.0393
-10.2001
-10.3604
-10.5202
-10.6795
-10.8383
-10.9966
-11.1543
-11.3119
-11.4689
-11.6255
-11.7816
-11.9373
-12.0926
-12.2474
-12.4018
-12.5558
-12.7094
-12.8627
-13.0155
-13.1679
-13.32
-13.4718
-13.6233
-13.7744
-13.9252
-14.0758
-14.226
-14.3758
-14.5254
-14.6747
-14.8238
-14.9726
-15.1211
-15.2694
-15.4174
-15.5653
-15.7129
-15.8602
-16.0074
-16.1544
-16.3013
-16.448
-16.5945
-16.7409
-16.8869
-17.0327
-17.1783
-17.3239
-17.4693
-17.6142
-17.7585
-17.9003
-18.0375
-18.166
-18.2769
-0.986055
-1.37008
-1.75609
-2.07713
-2.38337
-2.69222
-2.9933
-3.2733
-3.53756
-3.78797
-4.0248
-4.24997
-4.46472
-4.67142
-4.87218
-5.06827
-5.26092
-5.45055
-5.63783
-5.82282
-6.00521
-6.18521
-6.36331
-6.53996
-6.71505
-6.8888
-7.06135
-7.23312
-7.40437
-7.57466
-7.74423
-7.91318
-8.08168
-8.24957
-8.41687
-8.58355
-8.74964
-8.91506
-9.07997
-9.24427
-9.40784
-9.57084
-9.73327
-9.89512
-10.0564
-10.2171
-10.3774
-10.5371
-10.6964
-10.8551
-11.0134
-11.1711
-11.3286
-11.4856
-11.6421
-11.7982
-11.9538
-12.109
-12.2638
-12.4182
-12.5722
-12.7257
-12.8789
-13.0317
-13.1841
-13.3361
-13.4879
-13.6393
-13.7903
-13.9411
-14.0915
-14.2417
-14.3914
-14.541
-14.6902
-14.8391
-14.9879
-15.1364
-15.2846
-15.4325
-15.5803
-15.7278
-15.8751
-16.0221
-16.169
-16.3157
-16.4622
-16.6085
-16.7548
-16.9008
-17.0466
-17.1923
-17.3379
-17.4834
-17.6282
-17.7724
-17.9145
-18.0528
-18.1813
-18.2915
-0.965199
-1.38441
-1.77167
-2.09208
-2.40025
-2.7107
-3.01212
-3.29164
-3.55593
-3.8062
-4.04278
-4.26821
-4.48263
-4.68919
-4.88996
-5.08617
-5.27901
-5.46899
-5.65658
-5.84182
-6.0244
-6.20446
-6.38264
-6.55929
-6.7343
-6.90782
-7.08016
-7.25182
-7.42299
-7.59326
-7.76284
-7.93183
-8.10035
-8.26826
-8.43558
-8.60228
-8.7684
-8.93386
-9.09879
-9.26311
-9.42671
-9.58972
-9.75212
-9.91396
-10.0753
-10.236
-10.3963
-10.5561
-10.7153
-10.8741
-11.0324
-11.1902
-11.3477
-11.5048
-11.6613
-11.8174
-11.9731
-12.1284
-12.2832
-12.4376
-12.5916
-12.7452
-12.8984
-13.0512
-13.2037
-13.3558
-13.5076
-13.659
-13.8101
-13.9609
-14.1114
-14.2616
-14.4115
-14.5611
-14.7104
-14.8594
-15.0082
-15.1567
-15.305
-15.453
-15.6008
-15.7483
-15.8957
-16.0429
-16.1898
-16.3366
-16.4832
-16.6297
-16.776
-16.9221
-17.0679
-17.2136
-17.3591
-17.5046
-17.6494
-17.7935
-17.935
-18.0718
-18.1989
-18.3075
-0.950595
-1.39899
-1.78391
-2.10162
-2.41061
-2.72284
-3.02478
-3.30375
-3.56821
-3.81848
-4.05494
-4.27999
-4.49424
-4.70067
-4.90134
-5.09743
-5.29016
-5.48001
-5.66748
-5.85255
-6.03482
-6.21447
-6.39244
-6.56889
-6.74377
-6.91717
-7.08932
-7.26087
-7.43195
-7.60215
-7.77164
-7.94055
-8.10897
-8.27681
-8.44405
-8.61068
-8.77672
-8.94212
-9.10697
-9.27123
-9.43477
-9.59773
-9.76009
-9.92189
-10.0831
-10.2439
-10.4041
-10.5638
-10.723
-10.8817
-11.04
-11.1977
-11.3552
-11.5122
-11.6687
-11.8248
-11.9804
-12.1356
-12.2904
-12.4448
-12.5987
-12.7523
-12.9055
-13.0582
-13.2106
-13.3627
-13.5144
-13.6658
-13.8169
-13.9677
-14.1181
-14.2683
-14.4181
-14.5676
-14.7169
-14.8658
-15.0146
-15.1631
-15.3113
-15.4593
-15.607
-15.7546
-15.9019
-16.049
-16.1959
-16.3426
-16.4892
-16.6356
-16.7818
-16.9279
-17.0737
-17.2194
-17.3649
-17.5104
-17.6552
-17.7994
-17.9411
-18.0788
-18.2062
-18.3155
-0.920122
-1.41382
-1.80753
-2.12577
-2.43495
-2.7477
-3.05039
-3.32841
-3.59318
-3.84356
-4.07992
-4.30478
-4.51882
-4.72496
-4.92536
-5.12122
-5.31377
-5.50347
-5.69084
-5.87584
-6.05814
-6.23785
-6.41579
-6.59222
-6.76705
-6.94044
-7.11259
-7.28409
-7.45513
-7.62529
-7.79476
-7.96365
-8.13207
-8.29989
-8.46713
-8.63376
-8.7998
-8.9652
-9.13006
-9.29432
-9.45786
-9.62082
-9.78319
-9.94499
-10.1062
-10.267
-10.4272
-10.5869
-10.7461
-10.9049
-11.0631
-11.2209
-11.3783
-11.5354
-11.6919
-11.8479
-12.0036
-12.1588
-12.3136
-12.468
-12.6219
-12.7755
-12.9287
-13.0815
-13.2339
-13.3859
-13.5377
-13.6891
-13.8402
-13.991
-14.1414
-14.2916
-14.4414
-14.5909
-14.7402
-14.8892
-15.0379
-15.1864
-15.3347
-15.4827
-15.6304
-15.778
-15.9253
-16.0724
-16.2193
-16.3661
-16.5127
-16.6591
-16.8053
-16.9514
-17.0972
-17.2428
-17.3884
-17.5339
-17.6787
-17.8228
-17.9644
-18.1017
-18.2289
-18.3377
-18.1148
-18.3785
-19.1139
-19.2384
-18.6968
-17.6138
-16.1544
-14.4512
-12.6907
-10.9684
-9.3749
-7.93809
-6.67412
-5.57751
-4.63487
-3.82632
-3.1344
-2.53924
-2.02544
-1.58103
-1.19447
-0.85584
-0.558403
-0.296019
-0.0633525
0.144323
0.329696
0.495277
0.643799
0.77755
0.899035
1.00854
1.10594
1.19291
1.27057
1.33972
1.40108
1.45519
1.50271
1.54418
1.57978
1.61023
1.63599
1.65704
1.67385
1.68665
1.69548
1.70048
1.70168
1.69919
1.69297
1.68318
1.67029
1.65434
1.63541
1.61392
1.5902
1.56471
1.53783
1.50982
1.48102
1.45177
1.42224
1.39267
1.36308
1.33355
1.30408
1.27455
1.24491
1.21508
1.18478
1.15401
1.1227
1.09078
1.05832
1.02552
0.992393
0.959027
0.925347
0.890482
0.853771
0.815896
0.776436
0.738823
0.701403
0.664536
0.626895
0.588111
0.549112
0.510609
0.47167
0.432177
0.390183
0.34772
0.302129
0.256495
0.205371
0.153415
0.0886778
0.0459601
-18.1546
-18.3052
-19.0075
-19.1488
-18.6193
-17.5567
-16.1194
-14.4359
-12.691
-10.9801
-9.39502
-7.9629
-6.70139
-5.6058
-4.66298
-3.85351
-3.16007
-2.56316
-2.04761
-1.6015
-1.21343
-0.873541
-0.574987
-0.311506
-0.0779634
0.130341
0.316173
0.482202
0.630889
0.764671
0.885403
0.994714
1.09222
1.17926
1.257
1.32624
1.38771
1.44193
1.48954
1.53103
1.56676
1.59727
1.62306
1.6441
1.66088
1.67363
1.68237
1.68726
1.68832
1.68568
1.6793
1.66935
1.6563
1.6402
1.62114
1.59955
1.57576
1.55021
1.52331
1.4953
1.46654
1.43737
1.40796
1.37854
1.3491
1.31975
1.2904
1.26101
1.23149
1.20175
1.17151
1.1408
1.1096
1.07783
1.04549
1.01284
0.97987
0.946715
0.913344
0.878788
0.842375
0.804768
0.7654
0.727494
0.689869
0.652632
0.614642
0.575697
0.536256
0.497374
0.458287
0.41875
0.376789
0.334668
0.28947
0.244793
0.194978
0.144616
0.0830617
0.0429807
-18.1495
-18.3124
-18.9326
-19.0572
-18.5323
-17.4873
-16.0726
-14.4111
-12.6856
-10.9904
-9.4158
-7.99069
-6.73351
-5.63948
-4.69627
-3.88555
-3.19019
-2.59123
-2.07373
-1.6257
-1.23594
-0.894538
-0.594621
-0.329863
-0.0952318
0.113959
0.30049
0.467304
0.616507
0.750863
0.871002
0.979435
1.07692
1.16409
1.24195
1.31131
1.37291
1.42726
1.47498
1.5165
1.55236
1.58303
1.60881
1.62985
1.64661
1.6593
1.66794
1.67269
1.67358
1.67076
1.66419
1.65404
1.64081
1.62453
1.60532
1.58361
1.55971
1.5341
1.50716
1.47917
1.45047
1.4214
1.39214
1.36289
1.33365
1.30448
1.27529
1.24606
1.21666
1.18702
1.15684
1.12621
1.09511
1.0635
1.03131
0.99881
0.966017
0.933078
0.900063
0.865866
0.829772
0.792452
0.75331
0.71494
0.677141
0.639475
0.601074
0.56185
0.522117
0.482732
0.443469
0.403885
0.36198
0.320225
0.275468
0.231861
0.183565
0.134954
0.0770438
0.0395428
-18.1745
-18.332
-18.8704
-18.9735
-18.4436
-17.4118
-16.0177
-14.3813
-12.6768
-10.9998
-9.43766
-8.02154
-6.76996
-5.67799
-4.73448
-3.9224
-3.22502
-2.62411
-2.10466
-1.65439
-1.26252
-0.919203
-0.617577
-0.351316
-0.115371
0.0949314
0.282358
0.450049
0.599892
0.734924
0.854907
0.962357
1.05984
1.1472
1.22523
1.29477
1.35652
1.41102
1.4589
1.50054
1.5365
1.56733
1.5931
1.6142
1.63099
1.64356
1.65208
1.65667
1.65735
1.65431
1.64751
1.63713
1.62367
1.60717
1.58778
1.56589
1.54189
1.5162
1.48922
1.46128
1.43268
1.40372
1.37462
1.34557
1.31655
1.28758
1.25858
1.2295
1.20025
1.17072
1.14062
1.11009
1.07908
1.04763
1.01562
0.983278
0.95074
0.918026
0.885276
0.851549
0.815839
0.778831
0.739968
0.701122
0.663064
0.624922
0.586036
0.546421
0.50649
0.466583
0.427061
0.387429
0.345608
0.304239
0.259988
0.217554
0.171024
0.124382
0.0705224
0.0356611
-18.1936
-18.3426
-18.808
-18.8882
-18.3566
-17.3362
-15.96
-14.3506
-12.6684
-11.0115
-9.46368
-8.0577
-6.81186
-5.72236
-4.77889
-3.96549
-3.26596
-2.66279
-2.14099
-1.68803
-1.29358
-0.947991
-0.644352
-0.376368
-0.138935
0.0725986
0.261024
0.429541
0.580038
0.715558
0.835813
0.943022
1.04075
1.12837
1.20663
1.27639
1.33835
1.39306
1.44113
1.48296
1.51906
1.54999
1.57581
1.59698
1.61379
1.62623
1.63463
1.63907
1.63953
1.63619
1.62909
1.61843
1.60469
1.58793
1.5683
1.54622
1.52212
1.49635
1.46935
1.44148
1.41296
1.38413
1.35519
1.32638
1.2976
1.26886
1.24007
1.21119
1.18209
1.15271
1.1227
1.09227
1.06138
1.03007
0.99825
0.966113
0.933902
0.901502
0.86889
0.835538
0.800397
0.763753
0.725188
0.686008
0.647463
0.608814
0.569357
0.529265
0.489099
0.448846
0.408906
0.369207
0.327503
0.286543
0.242904
0.201684
0.157232
0.112805
0.0634267
0.0313009
-18.2109
-18.3504
-18.742
-18.7939
-18.2626
-17.2545
-15.9008
-14.3212
-12.6631
-11.028
-9.49592
-8.10144
-6.86191
-5.77532
-4.83205
-4.01707
-3.31482
-2.70839
-2.18338
-1.72726
-1.32987
-0.981732
-0.675818
-0.405869
-0.166749
0.0461743
0.235761
0.405172
0.556478
0.692474
0.813472
0.921247
1.01936
1.10731
1.18588
1.25593
1.31817
1.37316
1.42148
1.46355
1.49985
1.5309
1.55682
1.57803
1.59481
1.60717
1.61545
1.61969
1.61988
1.61621
1.60874
1.59773
1.58366
1.5666
1.54671
1.52442
1.50022
1.47438
1.44733
1.41948
1.39105
1.3624
1.33367
1.30512
1.27661
1.24812
1.21959
1.19092
1.16202
1.13278
1.1029
1.0726
1.04184
1.01066
0.979027
0.947129
0.915262
0.883257
0.850875
0.817729
0.783267
0.747062
0.708812
0.669467
0.630171
0.590965
0.550848
0.510217
0.46971
0.429326
0.388892
0.349034
0.307472
0.266961
0.224119
0.184023
0.142011
0.100071
0.0557013
0.0263871
-18.2267
-18.3543
-18.6719
-18.6903
-18.159
-17.164
-15.8349
-14.2874
-12.6582
-11.0481
-9.53438
-8.15339
-6.92133
-5.83781
-4.89463
-4.07771
-3.37211
-2.7617
-2.23268
-1.77283
-1.372
-1.02087
-0.712291
-0.440041
-0.198933
0.0155953
0.206598
0.377131
0.529507
0.666206
0.788134
0.89676
0.995327
1.08371
1.16269
1.23313
1.29573
1.35108
1.39973
1.44209
1.47864
1.50987
1.53592
1.55717
1.57392
1.58621
1.59431
1.5983
1.59819
1.59415
1.58624
1.5748
1.56033
1.54303
1.52287
1.5003
1.47588
1.44993
1.42288
1.39505
1.36674
1.33831
1.30985
1.28156
1.25334
1.22515
1.19692
1.16848
1.13982
1.11076
1.08104
1.05088
1.02027
0.989212
0.957754
0.926115
0.894557
0.862958
0.830951
0.798206
0.764356
0.72859
0.690663
0.65125
0.611059
0.571195
0.530317
0.4891
0.448145
0.407647
0.366978
0.326745
0.285297
0.245314
0.203541
0.16444
0.125004
0.0859874
0.0472514
0.0207915
-18.2411
-18.3537
-18.5987
-18.5792
-18.0474
-17.0669
-15.7632
-14.2489
-12.6506
-11.0674
-9.57421
-8.20847
-6.9855
-5.90441
-4.96135
-4.14297
-3.43448
-2.82047
-2.28748
-1.82374
-1.41912
-1.06458
-0.752917
-0.478041
-0.234655
-0.018621
0.173859
0.34567
0.499255
0.636836
0.759721
0.869301
0.968436
1.05737
1.13687
1.20779
1.27082
1.32659
1.37563
1.41836
1.45522
1.48666
1.51288
1.5342
1.55092
1.56313
1.57103
1.5747
1.57434
1.56988
1.56148
1.54955
1.53458
1.51681
1.4963
1.4735
1.44883
1.42277
1.39572
1.36798
1.33983
1.31163
1.28346
1.25546
1.22757
1.19971
1.17182
1.14367
1.11528
1.08642
1.05689
1.0269
0.996448
0.965474
0.934265
0.902885
0.871599
0.840402
0.808922
0.776769
0.743433
0.708126
0.670559
0.630996
0.59
0.549327
0.507597
0.465723
0.424271
0.383646
0.342905
0.302142
0.26075
0.221412
0.180934
0.14289
0.105806
0.0702908
0.0378939
0.014342
-18.2546
-18.3498
-18.5239
-18.4621
-17.9288
-16.9639
-15.6871
-14.2045
-12.6372
-11.0813
-9.61002
-8.26113
-7.04861
-5.97302
-5.03183
-4.21255
-3.50124
-2.88354
-2.34656
-1.87896
-1.47068
-1.11284
-0.798163
-0.520663
-0.274949
-0.0570094
0.137212
0.310558
0.465517
0.604199
0.728136
0.83878
0.938619
1.0282
1.10828
1.17972
1.24325
1.29952
1.34902
1.39218
1.42943
1.46116
1.4876
1.50903
1.52574
1.53784
1.5455
1.54877
1.54789
1.54282
1.53387
1.52146
1.50602
1.4877
1.46679
1.44372
1.41885
1.3927
1.36567
1.33802
1.31006
1.28211
1.25426
1.22659
1.19906
1.17157
1.14407
1.11625
1.08818
1.05955
1.03023
1.00042
0.970043
0.939282
0.908381
0.877248
0.84625
0.815492
0.784589
0.753054
0.720257
0.685459
0.648294
0.608371
0.566817
0.525155
0.482522
0.439886
0.398046
0.357449
0.316114
0.274876
0.233598
0.194962
0.15586
0.119005
0.0844524
0.0526769
0.0273608
0.00677398
-18.2673
-18.3431
-18.4493
-18.3413
-17.804
-16.8549
-15.605
-14.1576
-12.6249
-11.0985
-9.6501
-8.31821
-7.11582
-6.04717
-5.10792
-4.28723
-3.57262
-2.95084
-2.40954
-1.9378
-1.52567
-1.16437
-0.846618
-0.566474
-0.318523
-0.0983591
0.0975595
0.272245
0.428356
0.568055
0.692969
0.804629
0.905175
0.995395
1.0761
1.14812
1.21223
1.26912
1.31921
1.36291
1.40062
1.43271
1.45941
1.48102
1.49776
1.50977
1.51717
1.52007
1.51851
1.51276
1.50319
1.49023
1.47427
1.45548
1.43417
1.41078
1.38571
1.35945
1.33246
1.30492
1.27717
1.2495
1.22202
1.19472
1.1676
1.14054
1.11349
1.086
1.05828
1.02995
1.00077
0.971083
0.940891
0.910493
0.879874
0.849008
0.818335
0.788053
0.757749
0.726858
0.694642
0.660391
0.623574
0.583275
0.541238
0.498427
0.454858
0.411456
0.369759
0.328411
0.286161
0.244674
0.203677
0.165531
0.127909
0.0923072
0.0609326
0.0327828
0.0152782
-0.00234932
-18.2794
-18.3361
-18.3839
-18.2321
-17.6892
-16.7555
-15.5306
-14.1181
-12.6188
-11.1205
-9.69353
-8.37719
-7.1842
-6.12001
-5.18141
-4.35909
-3.64148
-3.01607
-2.47094
-1.99552
-1.57993
-1.21545
-0.894888
-0.612258
-0.36221
-0.140145
0.0574082
0.233411
0.390569
0.531161
0.656885
0.769359
0.870472
0.96116
1.04233
1.11482
1.17944
1.23694
1.28763
1.3319
1.3701
1.40259
1.42959
1.45135
1.46812
1.48002
1.48718
1.48967
1.48756
1.48117
1.47097
1.4574
1.44086
1.42157
1.39984
1.37613
1.35088
1.32456
1.29763
1.27025
1.24276
1.21543
1.18835
1.16148
1.13478
1.10816
1.08159
1.05448
1.02696
0.998855
0.969946
0.940385
0.910538
0.880467
0.850138
0.819579
0.78927
0.759483
0.72979
0.699543
0.66791
0.634247
0.597546
0.557067
0.514408
0.47038
0.42591
0.382511
0.340187
0.297358
0.254614
0.21286
0.172395
0.134429
0.0983278
0.064149
0.0360552
0.0111654
0.00187367
-0.0131653
-18.2916
-18.3323
-18.3363
-18.1488
-17.6006
-16.6797
-15.476
-14.0895
-12.6158
-11.1395
-9.73014
-8.42693
-7.24215
-6.1821
-5.24478
-4.42174
-3.70195
-3.07364
-2.52537
-2.04692
-1.62851
-1.26145
-0.938626
-0.654052
-0.402382
-0.178887
0.0200336
0.197168
0.355227
0.496589
0.623007
0.736136
0.83786
0.929273
1.01112
1.08407
1.1491
1.20704
1.25817
1.30286
1.34143
1.37419
1.40138
1.42322
1.43994
1.45168
1.45856
1.46063
1.45797
1.45096
1.44011
1.42596
1.4089
1.38916
1.36708
1.34313
1.31778
1.29147
1.26467
1.23751
1.21031
1.18336
1.15668
1.13025
1.10397
1.0778
1.05139
1.02471
0.99744
0.969478
0.94088
0.911571
0.881956
0.852172
0.822176
0.791948
0.762015
0.732712
0.70361
0.673953
0.64285
0.609698
0.573006
0.532238
0.48884
0.443661
0.399012
0.35531
0.311337
0.267536
0.224492
0.182481
0.142507
0.104875
0.0700185
0.0373262
0.0120159
-0.0102751
-0.0118005
-0.0250253
-18.3041
-18.3325
-18.3054
-18.0912
-17.538
-16.6266
-15.4383
-14.0707
-12.6165
-11.1573
-9.76179
-8.46873
-7.29037
-6.2336
-5.29731
-4.4737
-3.75226
-3.12167
-2.57095
-2.09017
-1.66959
-1.30053
-0.975939
-0.689863
-0.436887
-0.212308
-0.0124935
0.165361
0.324016
0.465862
0.592729
0.706265
0.808404
0.900381
0.982773
1.05627
1.12187
1.18027
1.23179
1.27681
1.31564
1.34859
1.37588
1.39773
1.41435
1.42589
1.43249
1.43416
1.43099
1.4234
1.41199
1.39733
1.37985
1.35975
1.33743
1.31337
1.28802
1.2618
1.2352
1.20829
1.18139
1.15481
1.12855
1.10256
1.07652
1.0506
1.02445
0.998145
0.971189
0.943438
0.915002
0.885872
0.856465
0.826984
0.797334
0.767435
0.737878
0.709034
0.680497
0.651358
0.620766
0.587838
0.551071
0.509761
0.465513
0.419591
0.375269
0.329909
0.284769
0.240349
0.197035
0.155016
0.115411
0.0783056
0.0443776
0.0130329
-0.0100717
-0.0304526
-0.0252131
-0.0372813
-18.317
-18.3364
-18.2873
-18.0536
-17.4965
-16.5919
-15.4149
-14.0614
-12.6215
-11.1753
-9.79017
-8.50457
-7.33104
-6.27673
-5.34116
-4.51701
-3.79426
-3.16191
-2.6093
-2.12677
-1.70455
-1.33398
-1.00808
-0.720882
-0.466924
-0.241484
-0.0409479
0.13749
0.296672
0.438946
0.566199
0.680094
0.782502
0.874659
0.957221
1.03115
1.09731
1.15613
1.20795
1.25321
1.29224
1.32531
1.35265
1.37445
1.39094
1.40228
1.40859
1.40988
1.40625
1.39815
1.38626
1.37119
1.35336
1.33303
1.3106
1.28652
1.26125
1.23521
1.20893
1.1823
1.15568
1.12951
1.10365
1.07776
1.05208
1.0264
1.00071
0.974678
0.94791
0.920312
0.892008
0.863043
0.833842
0.804665
0.775362
0.745782
0.7166
0.688192
0.660175
0.631461
0.601336
0.568394
0.53125
0.489157
0.444048
0.39844
0.353062
0.306122
0.260364
0.215459
0.172038
0.130186
0.0909568
0.054419
0.0212183
-0.0090387
-0.0303769
-0.049455
-0.0385136
-0.0497729
-18.3304
-18.3432
-18.2788
-18.0311
-17.4711
-16.5717
-15.4032
-14.06
-12.6307
-11.1942
-9.81663
-8.53635
-7.36626
-6.31363
-5.37845
-4.55377
-3.82993
-3.19614
-2.64204
-2.15817
-1.73471
-1.36299
-1.03609
-0.748076
-0.493414
-0.267336
-0.0662387
0.112665
0.272374
0.415152
0.542817
0.657075
0.759724
0.852019
0.93471
1.00888
1.07532
1.13438
1.18641
1.23185
1.27101
1.30414
1.33146
1.35317
1.36949
1.3806
1.38662
1.38756
1.38352
1.37498
1.36271
1.34732
1.32927
1.30885
1.28641
1.2624
1.23724
1.21137
1.18541
1.15926
1.13294
1.10719
1.0814
1.05573
1.03053
1.00523
0.979813
0.953955
0.92734
0.899874
0.871693
0.842878
0.813875
0.784991
0.756027
0.726751
0.697926
0.669911
0.642321
0.613864
0.583917
0.550872
0.513009
0.469994
0.425001
0.378814
0.33187
0.284087
0.237943
0.192746
0.14936
0.107827
0.0689274
0.0329202
0.00032685
-0.0291633
-0.0490636
-0.0675278
-0.0517033
-0.0622772
-18.344
-18.3523
-18.2774
-18.0202
-17.4585
-16.5631
-15.4008
-14.0651
-12.6435
-11.2139
-9.84187
-8.56524
-7.39737
-6.34571
-5.41061
-4.58537
-3.86059
-3.22563
-2.67032
-2.18537
-1.76093
-1.38821
-1.06038
-0.771647
-0.516417
-0.289882
-0.0884773
0.0905594
0.250438
0.393337
0.521134
0.63561
0.738631
0.831387
0.914507
0.988972
1.05564
1.1149
1.16708
1.21261
1.25181
1.28493
1.31217
1.33372
1.34983
1.36068
1.36641
1.36702
1.36262
1.35376
1.34122
1.32565
1.30755
1.28716
1.26483
1.24098
1.21602
1.19026
1.16396
1.13811
1.11299
1.08735
1.06176
1.03657
1.01171
0.986676
0.961461
0.935754
0.909267
0.881909
0.853835
0.825147
0.79632
0.767714
0.739074
0.710085
0.681596
0.653937
0.626705
0.598347
0.56793
0.534579
0.495902
0.452726
0.407475
0.359904
0.312149
0.263898
0.217523
0.172316
0.129061
0.0878783
0.0492274
0.0136523
-0.0184518
-0.0474813
-0.0662466
-0.0846899
-0.0647438
-0.074628
-18.3574
-18.3629
-18.2813
-18.018
-17.4555
-16.5633
-15.4056
-14.0752
-12.6589
-11.2341
-9.86601
-8.59182
-7.4253
-6.37414
-5.43888
-4.61304
-3.8874
-3.25141
-2.69504
-2.20917
-1.78385
-1.41023
-1.08143
-0.791815
-0.535708
-0.308261
-0.105903
0.073851
0.234353
0.377873
0.5058
0.620552
0.723611
0.816093
0.898473
0.972479
1.03882
1.09786
1.14988
1.19528
1.23435
1.26732
1.29437
1.3157
1.33155
1.34213
1.34756
1.34789
1.34323
1.33414
1.32147
1.30589
1.28787
1.26767
1.24561
1.22217
1.19783
1.17307
1.14846
1.12171
1.09586
1.07007
1.04481
1.01983
0.995121
0.970261
0.945185
0.919583
0.893181
0.865898
0.837901
0.809308
0.780622
0.752252
0.7239
0.695182
0.667028
0.63976
0.61309
0.585635
0.554291
0.519291
0.480203
0.43673
0.390407
0.341993
0.293914
0.245427
0.199071
0.154189
0.111221
0.0705135
0.032179
-0.00300408
-0.0348253
-0.063715
-0.0818587
-0.100693
-0.0777374
-0.0870485
-18.3723
-18.3757
-18.2896
-18.0224
-17.4596
-16.5697
-15.4153
-14.0884
-12.6756
-11.254
-9.88839
-8.61565
-7.44988
-6.39889
-5.46336
-4.63695
-3.91062
-3.27388
-2.71682
-2.23045
-1.80478
-1.43099
-1.10211
-0.812587
-0.556848
-0.329571
-0.127578
0.0522205
0.212742
0.356306
0.484322
0.598918
0.702182
0.794781
0.878289
0.952966
1.01993
1.07953
1.13195
1.17764
1.21689
1.24992
1.27694
1.29816
1.31384
1.32422
1.32944
1.32956
1.32469
1.31542
1.30262
1.28696
1.26886
1.24855
1.22634
1.20264
1.17779
1.15222
1.12609
1.10179
1.07668
1.05184
1.0271
1.00255
0.978189
0.953634
0.928793
0.90337
0.877109
0.849941
0.822042
0.793537
0.764939
0.736643
0.70826
0.679376
0.651003
0.623361
0.59563
0.567447
0.53671
0.502302
0.463441
0.419258
0.372465
0.323678
0.275353
0.226676
0.180197
0.135348
0.0923023
0.0516444
0.0133569
-0.0216528
-0.0530606
-0.0817464
-0.0989746
-0.117847
-0.0923878
-0.10074
-18.3805
-18.3837
-18.2964
-18.0284
-17.4667
-16.579
-15.4271
-14.1027
-12.6919
-11.2722
-9.90779
-8.63529
-7.4693
-6.41766
-5.48114
-4.65355
-3.92595
-3.28788
-2.72954
-2.24205
-1.81532
-1.44039
-1.11066
-0.820348
-0.563745
-0.336155
-0.13365
0.0463661
0.207005
0.350637
0.478779
0.593524
0.696738
0.789314
0.872335
0.94635
1.01283
1.07195
1.1239
1.16915
1.20798
1.24062
1.26727
1.28815
1.30356
1.31372
1.31879
1.31883
1.31398
1.30485
1.2923
1.27697
1.25928
1.23945
1.21779
1.19472
1.17081
1.14631
1.12112
1.09556
1.07029
1.0452
1.0204
0.995767
0.971359
0.946768
0.921886
0.896413
0.870109
0.842908
0.814995
0.786501
0.757967
0.729892
0.701866
0.673347
0.645233
0.617756
0.590805
0.562116
0.529964
0.494773
0.454846
0.410157
0.36312
0.314185
0.26598
0.217622
0.171464
0.127004
0.0842799
0.0439351
0.0058269
-0.0290946
-0.0605483
-0.0893705
-0.106766
-0.126028
-0.100407
-0.105658
-18.4025
-18.4054
-18.3174
-18.0495
-17.4891
-16.6035
-15.4534
-14.1304
-12.7207
-11.3017
-9.93752
-8.66456
-7.49798
-6.44558
-5.50822
-4.67981
-3.95147
-3.31276
-2.75388
-2.26609
-1.83909
-1.4641
-1.1341
-0.843784
-0.587276
-0.359608
-0.157126
0.0229162
0.183573
0.327202
0.455317
0.57002
0.673208
0.765735
0.848807
0.923117
0.989617
1.0488
1.10079
1.14602
1.18481
1.21736
1.24392
1.26471
1.28004
1.29014
1.29516
1.29518
1.29037
1.2813
1.26883
1.25358
1.23597
1.21621
1.19459
1.17153
1.14732
1.12276
1.09736
1.07227
1.04724
1.02237
0.997651
0.973223
0.948957
0.9245
0.899735
0.874364
0.848145
0.821014
0.793155
0.764693
0.736143
0.707972
0.679789
0.650963
0.622706
0.594848
0.567253
0.538543
0.506681
0.471357
0.431478
0.386697
0.339645
0.290742
0.242572
0.194314
0.14814
0.10373
0.0609661
0.0206349
-0.0174468
-0.0523649
-0.0836949
-0.112509
-0.129683
-0.148933
-0.122859
-0.134184
-18.3595
-18.3484
-18.3837
-18.3695
-18.3496
-18.324
-18.294
-18.2624
-18.2321
-18.2046
-18.1806
-18.1605
-18.1449
-18.1364
-18.136
-18.1278
-18.8409
-18.8182
-18.8215
-18.8325
-18.8243
-18.8007
-18.771
-18.7394
-18.7084
-18.68
-18.6553
-18.6352
-18.6198
-18.6082
-18.6006
-18.5855
-19.2936
-19.3614
-19.4496
-19.483
-19.4825
-19.463
-19.434
-19.4026
-19.3728
-19.3464
-19.3245
-19.3077
-19.2966
-19.2906
-19.2853
-19.2734
-19.3635
-19.4555
-19.5057
-19.5309
-19.5382
-19.5261
-19.501
-19.4717
-19.4435
-19.4191
-19.3992
-19.384
-19.3736
-19.3676
-19.3628
-19.35
-18.7951
-18.8563
-18.8922
-18.9207
-18.9311
-18.9232
-18.9035
-18.8774
-18.8508
-18.825
-18.8008
-18.7792
-18.7606
-18.7457
-18.7347
-18.7159
-17.6811
-17.7268
-17.7622
-17.7893
-17.8002
-17.7951
-17.7773
-17.7522
-17.7246
-17.6967
-17.6692
-17.6426
-17.6174
-17.5948
-17.5765
-17.5522
-16.1933
-16.224
-16.2502
-16.27
-16.2786
-16.2744
-16.2578
-16.2333
-16.2053
-16.175
-16.1429
-16.1091
-16.0742
-16.0401
-16.0097
-15.9792
-14.4664
-14.4831
-14.4982
-14.509
-14.5132
-14.5075
-14.4903
-14.4653
-14.4362
-14.4037
-14.3679
-14.3288
-14.2871
-14.2452
-14.2073
-14.1728
-12.6879
-12.6884
-12.6911
-12.6935
-12.6932
-12.6853
-12.6668
-12.6408
-12.6106
-12.5765
-12.5382
-12.4955
-12.449
-12.4016
-12.3586
-12.3211
-10.9522
-10.9382
-10.9294
-10.924
-10.9188
-10.9073
-10.8863
-10.859
-10.8279
-10.7928
-10.7531
-10.7085
-10.6599
-10.61
-10.5647
-10.5256
-9.34787
-9.32215
-9.30472
-9.29332
-9.2839
-9.26887
-9.24555
-9.21721
-9.18549
-9.14985
-9.10961
-9.06457
-9.01542
-8.96499
-8.91915
-8.8799
-7.90481
-7.87103
-7.84698
-7.83068
-7.81716
-7.79847
-7.77284
-7.74352
-7.71138
-7.67566
-7.63568
-7.59124
-7.54303
-7.49377
-7.44905
-7.41054
-6.63779
-6.6
-6.57256
-6.55336
-6.53645
-6.51447
-6.48712
-6.45734
-6.42523
-6.38992
-6.35076
-6.30762
-6.26117
-6.21401
-6.17122
-6.13396
-5.5398
-5.50029
-5.47131
-5.44991
-5.42886
-5.4032
-5.37457
-5.34469
-5.3129
-5.27829
-5.24034
-5.19896
-5.15482
-5.11031
-5.06999
-5.03432
-4.59716
-4.55779
-4.52879
-4.506
-4.48182
-4.4539
-4.42482
-4.39504
-4.36367
-4.32989
-4.2933
-4.25383
-4.21215
-4.17053
-4.13298
-4.09924
-3.78964
-3.7512
-3.72246
-3.69871
-3.67306
-3.64446
-3.61539
-3.58589
-3.55507
-3.52226
-3.48712
-3.44964
-3.41052
-3.37188
-3.33722
-3.30546
-3.09962
-3.06296
-3.03471
-3.00913
-2.98158
-2.95286
-2.92439
-2.89561
-2.8657
-2.83412
-2.80062
-2.76523
-2.72864
-2.69284
-2.66088
-2.63088
-2.50674
-2.47241
-2.4448
-2.41747
-2.38846
-2.35988
-2.33194
-2.3038
-2.27474
-2.24435
-2.21242
-2.179
-2.14476
-2.11156
-2.08204
-2.0536
-1.99525
-1.96281
-1.93576
-1.90835
-1.87956
-1.85147
-1.82401
-1.79644
-1.76818
-1.73887
-1.70836
-1.67673
-1.64462
-1.61376
-1.58648
-1.55942
-1.55316
-1.52221
-1.49458
-1.46649
-1.4382
-1.41089
-1.38416
-1.35735
-1.33
-1.30183
-1.27274
-1.24282
-1.21267
-1.18394
-1.15868
-1.13284
-1.16875
-1.13923
-1.11088
-1.08201
-1.05419
-1.02758
-1.00153
-0.975459
-0.948993
-0.921913
-0.894132
-0.865748
-0.837343
-0.810469
-0.786983
-0.762161
-0.831764
-0.803168
-0.775037
-0.746541
-0.719304
-0.693225
-0.667686
-0.642212
-0.616494
-0.59035
-0.563712
-0.536678
-0.509794
-0.484529
-0.4626
-0.438646
-0.535677
-0.507442
-0.479441
-0.451517
-0.424895
-0.399336
-0.374306
-0.349412
-0.324398
-0.299114
-0.273514
-0.247691
-0.222158
-0.198312
-0.177772
-0.154565
-0.274515
-0.245923
-0.217604
-0.19031
-0.164406
-0.139449
-0.114987
-0.0907051
-0.0663936
-0.0419341
-0.0172952
0.00743163
0.0317637
0.0543525
0.0735978
0.0963616
-0.0428486
-0.0141842
0.014244
0.041071
0.0664689
0.090968
0.114959
0.138708
0.162394
0.186116
0.209894
0.233647
0.256924
0.27842
0.296504
0.318932
0.164171
0.192333
0.220228
0.24657
0.271585
0.295735
0.319349
0.342656
0.365811
0.388898
0.411931
0.434835
0.4572
0.477774
0.494896
0.516863
0.349145
0.376931
0.404362
0.430294
0.454968
0.478792
0.502054
0.524953
0.547626
0.57014
0.592504
0.614653
0.636212
0.655983
0.672267
0.693826
0.514754
0.542708
0.569667
0.595114
0.619407
0.642893
0.665808
0.688321
0.710548
0.732543
0.75431
0.775791
0.796642
0.815715
0.831249
0.852463
0.663527
0.691722
0.718343
0.743406
0.767369
0.790541
0.813122
0.835265
0.857071
0.878587
0.899809
0.920689
0.940914
0.959379
0.974245
0.995165
0.797489
0.825302
0.851548
0.87637
0.900137
0.9231
0.945439
0.967294
0.988761
1.00988
1.03064
1.051
1.07069
1.08863
1.10291
1.12359
0.919447
0.946601
0.972292
0.99675
1.02022
1.04291
1.06496
1.08651
1.10763
1.12836
1.14869
1.16858
1.18778
1.20528
1.21903
1.23949
1.02876
1.05551
1.08087
1.10504
1.12825
1.15068
1.17247
1.19374
1.21456
1.23495
1.2549
1.27438
1.29317
1.31027
1.32356
1.34385
1.12601
1.1526
1.17782
1.20185
1.22492
1.24718
1.26879
1.28985
1.31042
1.33053
1.35016
1.36929
1.38771
1.40449
1.41737
1.43752
1.21288
1.23934
1.26445
1.28839
1.31135
1.3335
1.35496
1.37584
1.3962
1.41606
1.43541
1.45423
1.47235
1.48884
1.50136
1.52139
1.29043
1.31674
1.34173
1.36558
1.38845
1.41049
1.43182
1.45254
1.47272
1.49236
1.51147
1.53002
1.54785
1.56411
1.57631
1.59623
1.35949
1.38564
1.41052
1.43427
1.45704
1.47897
1.50019
1.52077
1.54078
1.56023
1.57911
1.59742
1.61501
1.63106
1.64297
1.66281
1.4207
1.44672
1.47151
1.49517
1.51785
1.53969
1.5608
1.58125
1.60111
1.62039
1.63908
1.65717
1.67455
1.69041
1.70207
1.72183
1.47469
1.50059
1.52527
1.54886
1.57146
1.59322
1.61422
1.63457
1.65429
1.67342
1.69194
1.70984
1.72702
1.74273
1.75416
1.77386
1.52208
1.54785
1.57243
1.59592
1.61844
1.64012
1.66104
1.68128
1.70089
1.71988
1.73824
1.75598
1.773
1.78857
1.79982
1.81946
1.56344
1.58907
1.61353
1.63693
1.65937
1.68097
1.70181
1.72196
1.74147
1.76035
1.77858
1.79618
1.81306
1.82853
1.83961
1.85921
1.59895
1.62449
1.6489
1.67224
1.69462
1.71616
1.73694
1.75702
1.77645
1.79524
1.81338
1.83087
1.84765
1.86303
1.87399
1.89356
1.62934
1.65483
1.67919
1.7025
1.72486
1.74636
1.7671
1.78713
1.80651
1.82524
1.84331
1.86072
1.87742
1.89275
1.90361
1.92316
1.65506
1.68052
1.70487
1.72818
1.75053
1.77204
1.79276
1.81278
1.83213
1.85083
1.86886
1.88622
1.90286
1.91815
1.92894
1.94847
1.67613
1.70162
1.726
1.74934
1.77173
1.79326
1.814
1.83403
1.85339
1.87208
1.89009
1.90743
1.92404
1.93931
1.95004
1.96955
1.69298
1.71853
1.74296
1.76635
1.78879
1.81035
1.83113
1.85119
1.87056
1.88926
1.90727
1.9246
1.9412
1.95646
1.96715
1.98664
1.70585
1.73149
1.756
1.77947
1.80196
1.82359
1.84441
1.8645
1.88391
1.90263
1.92067
1.938
1.95459
1.96985
1.9805
1.99999
1.7148
1.74057
1.76521
1.78878
1.81136
1.83306
1.85395
1.87409
1.89354
1.91231
1.93037
1.94772
1.96431
1.97957
1.99018
2.00965
1.71995
1.74591
1.7707
1.79439
1.81708
1.83887
1.85983
1.88004
1.89954
1.91835
1.93644
1.95381
1.9704
1.98567
1.99623
2.01569
1.72134
1.74752
1.77249
1.79633
1.81914
1.84103
1.86207
1.88234
1.9019
1.92074
1.93886
1.95624
1.97283
1.98809
1.99858
2.01802
1.71907
1.74549
1.77065
1.79465
1.81759
1.83957
1.86069
1.88103
1.90063
1.9195
1.93763
1.955
1.97157
1.98682
1.99721
2.01663
1.71308
1.73975
1.76511
1.78926
1.81232
1.8344
1.8556
1.87599
1.89563
1.91452
1.93265
1.94999
1.96651
1.98174
1.99199
2.01138
1.70351
1.73043
1.756
1.78031
1.80351
1.82569
1.84696
1.8674
1.88707
1.90597
1.92407
1.94136
1.9578
1.97298
1.98306
2.00241
1.69083
1.71799
1.74375
1.7682
1.7915
1.81375
1.83507
1.85553
1.87519
1.89405
1.9121
1.92929
1.94562
1.96073
1.97062
1.98992
1.67508
1.70247
1.7284
1.75298
1.77636
1.79866
1.81999
1.84044
1.86005
1.87885
1.89681
1.91388
1.93007
1.94511
1.95475
1.974
1.65632
1.68391
1.70998
1.73467
1.75812
1.78046
1.8018
1.82223
1.8418
1.86053
1.87837
1.8953
1.91133
1.92629
1.93564
1.95484
1.63497
1.66271
1.68889
1.71366
1.73716
1.75951
1.78084
1.80123
1.82073
1.83935
1.85705
1.8738
1.88964
1.90451
1.91352
1.93267
1.61135
1.63919
1.66545
1.69026
1.71377
1.7361
1.75738
1.77768
1.79706
1.81553
1.83305
1.84956
1.86516
1.87995
1.88857
1.90767
1.58593
1.61383
1.64012
1.66494
1.68843
1.71071
1.73191
1.75211
1.77135
1.78964
1.80695
1.82321
1.83853
1.85327
1.86145
1.88049
1.55907
1.58699
1.61329
1.63809
1.66154
1.68377
1.70489
1.72496
1.74406
1.76218
1.77928
1.79528
1.81033
1.82509
1.83277
1.85181
1.53105
1.55893
1.58517
1.60991
1.63328
1.6554
1.67639
1.69631
1.71522
1.73313
1.74997
1.76566
1.78034
1.79527
1.80223
1.82146
1.50219
1.52998
1.55612
1.58076
1.60402
1.62603
1.64687
1.66662
1.68533
1.70302
1.71963
1.735
1.74918
1.76449
1.77076
1.79001
1.47283
1.50048
1.52649
1.55098
1.57409
1.59593
1.61659
1.63613
1.6546
1.67204
1.68843
1.70354
1.71691
1.73273
1.73818
1.75747
1.44315
1.4706
1.49641
1.52072
1.54363
1.56526
1.5857
1.60499
1.62317
1.64029
1.65641
1.67152
1.68417
1.70013
1.70539
1.7246
1.4134
1.44063
1.46622
1.49032
1.51304
1.53446
1.55467
1.57373
1.59168
1.60852
1.62426
1.63891
1.652
1.66649
1.67259
1.69136
1.3836
1.41059
1.43596
1.45985
1.48235
1.50356
1.52355
1.54237
1.56006
1.57664
1.59206
1.60627
1.61942
1.63344
1.63953
1.65809
1.35387
1.38062
1.40579
1.42947
1.45177
1.47277
1.49254
1.51113
1.52857
1.54487
1.56001
1.57413
1.58728
1.60076
1.60694
1.6253
1.32419
1.35071
1.37566
1.39915
1.42126
1.44208
1.46166
1.48005
1.49727
1.51336
1.5285
1.54253
1.55545
1.5686
1.57482
1.59301
1.29445
1.32074
1.34552
1.36886
1.39082
1.41148
1.43089
1.44911
1.46622
1.48237
1.4974
1.51115
1.52389
1.53679
1.543
1.56106
1.26464
1.2907
1.31531
1.33849
1.36031
1.38084
1.40016
1.41836
1.43552
1.4515
1.46623
1.47977
1.49238
1.50505
1.51123
1.52918
1.23467
1.2605
1.28493
1.30799
1.32972
1.35018
1.36949
1.38764
1.40455
1.42026
1.43479
1.44817
1.46062
1.47308
1.47919
1.49707
1.2043
1.23
1.25426
1.27717
1.29881
1.31919
1.33831
1.35618
1.37287
1.38839
1.40273
1.41591
1.42817
1.44046
1.44648
1.46432
1.17343
1.199
1.22311
1.24584
1.26725
1.28738
1.30628
1.32395
1.34044
1.35575
1.36986
1.38281
1.39487
1.40701
1.41294
1.43079
1.14194
1.16728
1.19117
1.21368
1.23485
1.25475
1.27341
1.29084
1.30706
1.32208
1.3359
1.34857
1.36041
1.37249
1.3783
1.39623
1.10982
1.13489
1.15852
1.18077
1.20169
1.22133
1.23972
1.25685
1.27274
1.28742
1.30092
1.3133
1.32492
1.33704
1.34273
1.36081
1.07715
1.10195
1.12531
1.1473
1.16796
1.18733
1.20539
1.22217
1.23768
1.25199
1.26517
1.27729
1.28874
1.30103
1.30658
1.32494
1.04414
1.06866
1.09175
1.11347
1.13383
1.15285
1.17052
1.18688
1.20198
1.21592
1.22882
1.24076
1.25206
1.2647
1.27013
1.28867
1.01078
1.03498
1.05775
1.07913
1.09912
1.11771
1.13494
1.15085
1.16557
1.17922
1.19194
1.2038
1.21498
1.22817
1.23342
1.25219
0.977094
1.00087
1.02321
1.04413
1.06362
1.08171
1.09846
1.11397
1.12837
1.14181
1.15448
1.16638
1.17735
1.19141
1.19608
1.21524
0.94297
0.966155
0.987915
1.00825
1.02719
1.04479
1.06114
1.07633
1.09052
1.1039
1.11668
1.12883
1.13929
1.15455
1.15883
1.17825
0.907644
0.93019
0.951339
0.97112
0.989582
1.00677
1.02282
1.03789
1.0521
1.06559
1.07857
1.09127
1.10116
1.11605
1.12126
1.14044
0.870496
0.892453
0.913065
0.932349
0.950433
0.967473
0.983507
0.99864
1.01301
1.02672
1.03986
1.05254
1.06439
1.07832
1.08403
1.10309
0.832224
0.853615
0.873825
0.893002
0.911091
0.928153
0.944333
0.959727
0.974419
0.988499
1.00204
1.01502
1.02709
1.04071
1.04693
1.06588
0.792823
0.814497
0.83497
0.854283
0.872597
0.890004
0.906581
0.922411
0.937578
0.952137
0.965833
0.978617
0.990878
1.00463
1.01107
1.02999
0.755438
0.777194
0.797834
0.817477
0.8362
0.854071
0.871159
0.887466
0.902704
0.916964
0.93078
0.9441
0.956812
0.970609
0.977193
0.996109
0.718415
0.740843
0.762149
0.782414
0.801679
0.819888
0.836809
0.852679
0.868132
0.883164
0.897546
0.911195
0.924153
0.938077
0.944711
0.963622
0.682055
0.705087
0.726835
0.747238
0.766241
0.784209
0.801681
0.818605
0.834794
0.850278
0.865015
0.878929
0.892066
0.906167
0.912737
0.931653
0.644863
0.668178
0.689936
0.710585
0.730505
0.749649
0.76792
0.785363
0.802006
0.817883
0.832962
0.847115
0.860341
0.874645
0.881015
0.899929
0.606271
0.630221
0.653094
0.674894
0.695611
0.715308
0.734055
0.751918
0.768935
0.785118
0.800425
0.814702
0.827854
0.842445
0.848448
0.86742
0.568082
0.593091
0.616728
0.639089
0.66029
0.680436
0.699604
0.717838
0.73516
0.751582
0.767058
0.781379
0.794218
0.809155
0.814684
0.833773
0.530047
0.555589
0.5797
0.602506
0.624117
0.644623
0.664086
0.682553
0.700034
0.716526
0.732048
0.74643
0.758674
0.774238
0.779017
0.798219
0.491323
0.517152
0.541519
0.564548
0.586368
0.607074
0.62671
0.645269
0.662737
0.679092
0.694439
0.709129
0.720232
0.736734
0.740903
0.760263
0.451891
0.477869
0.502414
0.525597
0.547479
0.56814
0.587656
0.606063
0.623353
0.639503
0.654537
0.668843
0.680459
0.695754
0.700434
0.719605
0.409853
0.435735
0.460149
0.483234
0.50507
0.525681
0.545078
0.563283
0.580318
0.596206
0.610962
0.624561
0.636648
0.651385
0.65634
0.67531
0.366901
0.392253
0.416192
0.438772
0.460073
0.480159
0.499075
0.516852
0.533505
0.549064
0.56355
0.577127
0.589334
0.603527
0.608672
0.62753
0.320719
0.345227
0.368369
0.390238
0.4109
0.430428
0.448796
0.466062
0.482255
0.497407
0.511694
0.524946
0.536728
0.550831
0.555811
0.574695
0.273708
0.296584
0.318336
0.339008
0.358637
0.377253
0.394885
0.411567
0.427369
0.442294
0.456273
0.469213
0.480761
0.495075
0.499789
0.518744
0.220748
0.241273
0.260887
0.279626
0.297512
0.314554
0.330756
0.346118
0.360634
0.374472
0.387833
0.400621
0.411513
0.426553
0.430955
0.450196
0.166405
0.184008
0.201048
0.21753
0.233464
0.248835
0.263601
0.277687
0.291146
0.304254
0.315983
0.328805
0.337737
0.352621
0.356771
0.375736
0.0972198
0.10877
0.120082
0.131236
0.142254
0.153161
0.164002
0.174855
0.185692
0.19646
0.207107
0.217674
0.22784
0.240151
0.245617
0.264069
0.0501611
0.0564138
0.0630081
0.0699119
0.0771338
0.0846801
0.0925464
0.100718
0.10916
0.117844
0.126751
0.135856
0.145126
0.15491
0.163485
0.17554
)
;

boundaryField
{
    frontAndBack
    {
        type            empty;
    }
    inlet
    {
        type            zeroGradient;
    }
    outlet
    {
        type            fixedValue;
        value           uniform 0;
    }
    walls
    {
        type            zeroGradient;
    }
}


// ************************************************************************* //
