/*--------------------------------*- C++ -*----------------------------------*\
| =========                 |                                                 |
| \\      /  F ield         | OpenFOAM: The Open Source CFD Toolbox           |
|  \\    /   O peration     | Version:  v2012                                 |
|   \\  /    A nd           | Website:  www.openfoam.com                      |
|    \\/     M anipulation  |                                                 |
\*---------------------------------------------------------------------------*/
FoamFile
{
    version     2.0;
    format      ascii;
    class       Cloud<basicKinematicParcel>;
    location    "0.055/lagrangian/kinematicCloud";
    object      positions;
}
// * * * * * * * * * * * * * * * * * * * * * * * * * * * * * * * * * * * * * //

54
(
(0.736227 0.00474252 0.03) 349
(0.737626 0.0159968 0.03) 849
(0.722586 0.0236326 0.03) 1148
(0.704358 0.00983649 0.03) 646
(0.687253 0.0303605 0.03) 1345
(0.671748 0.0241213 0.03) 1144
(0.525604 0.000766962 0.03) 35
(0.633124 0.034345 0.03) 1642
(0.617139 0.034055 0.03) 1541
(0.605213 0.0130696 0.03) 740
(0.602218 0.0166543 0.03) 840
(0.58613 0.00787266 0.03) 539
(0.52104 0.0383421 0.03) 1834
(0.505579 0.00155864 0.03) 133
(0.506379 0.0378205 0.03) 1833
(0.519116 0.0188383 0.03) 934
(0.499253 0.00443496 0.03) 333
(0.47225 0.0372186 0.03) 1731
(0.470833 0.00840332 0.03) 531
(0.468883 0.034273 0.03) 1531
(0.453965 0.0286725 0.03) 1330
(0.431495 0.0365658 0.03) 1728
(0.421608 0.0294516 0.03) 1328
(0.404459 0.00654963 0.03) 426
(0.402227 0.0149252 0.03) 826
(0.387637 0.0288324 0.03) 1325
(0.371373 0.00506588 0.03) 324
(0.371935 0.0319713 0.03) 1424
(0.346984 0.00204816 0.03) 123
(0.355958 0.0328343 0.03) 1523
(0.237326 9.87929e-05 0.03) 15
(0.32263 0.00315971 0.03) 221
(0.285408 0.0389654 0.03) 1919
(0.294525 0.021775 0.03) 1019
(0.293246 0.00935859 0.03) 519
(0.282092 0.0278662 0.03) 1218
(0.267188 0.0123062 0.03) 717
(0.255519 0.0147718 0.03) 817
(0.241019 0.0280765 0.03) 1216
(0.215872 0.00101811 0.03) 14
(0.216432 0.0110867 0.03) 614
(0.201941 0.0270578 0.03) 1213
(0.188423 0.00897167 0.03) 512
(0.177426 0.00756238 0.03) 511
(0.164134 0.0117482 0.03) 610
(0.151563 0.0255417 0.03) 1110
(0.138485 0.0330249 0.03) 1509
(0.126864 0.0185119 0.03) 908
(0.113829 0.0144175 0.03) 807
(0.102181 0.0306695 0.03) 1406
(0.0899843 0.00404825 0.03) 305
(0.0791804 0.0139866 0.03) 705
(0.0678541 0.0346276 0.03) 1604
(0.0554976 0.00221511 0.03) 103
)


// ************************************************************************* //
