/*--------------------------------*- C++ -*----------------------------------*\
| =========                 |                                                 |
| \\      /  F ield         | OpenFOAM: The Open Source CFD Toolbox           |
|  \\    /   O peration     | Version:  v2012                                 |
|   \\  /    A nd           | Website:  www.openfoam.com                      |
|    \\/     M anipulation  |                                                 |
\*---------------------------------------------------------------------------*/
FoamFile
{
    version     2.0;
    format      ascii;
    class       volScalarField;
    location    "0.388";
    object      p;
}
// * * * * * * * * * * * * * * * * * * * * * * * * * * * * * * * * * * * * * //

dimensions      [0 2 -2 0 0 0 0];


internalField   nonuniform List<scalar> 
5600
(
-0.667116
-1.12527
-1.50571
-1.82423
-2.13509
-2.44533
-2.74669
-3.02843
-3.2915
-3.54166
-3.77824
-4.00291
-4.21735
-4.42365
-4.62386
-4.8197
-5.01197
-5.20172
-5.38889
-5.57383
-5.75663
-5.93695
-6.1147
-6.29101
-6.46584
-6.63937
-6.81163
-6.98289
-7.15367
-7.3239
-7.49366
-7.66259
-7.83079
-7.99854
-8.16584
-8.33243
-8.49851
-8.6639
-8.82877
-8.99294
-9.15657
-9.31962
-9.48204
-9.64375
-9.805
-9.9657
-10.1259
-10.2856
-10.4449
-10.6036
-10.7619
-10.9197
-11.0771
-11.234
-11.3906
-11.5466
-11.7023
-11.8575
-12.0122
-12.1665
-12.3205
-12.4741
-12.6273
-12.7801
-12.9326
-13.0846
-13.2364
-13.3877
-13.5388
-13.6895
-13.8399
-13.9901
-14.1399
-14.2895
-14.4387
-14.5878
-14.7364
-14.885
-15.0331
-15.1811
-15.3288
-15.4765
-15.6237
-15.771
-15.9178
-16.0646
-16.2111
-16.3576
-16.5038
-16.6497
-16.7955
-16.941
-17.087
-17.2327
-17.3791
-17.5256
-17.6747
-17.8278
-17.9839
-18.222
-0.726151
-1.14545
-1.52233
-1.84205
-2.15308
-2.46366
-2.76495
-3.04695
-3.31037
-3.56058
-3.79738
-4.02236
-4.23714
-4.4438
-4.64437
-4.84053
-5.03309
-5.22308
-5.41043
-5.59544
-5.77845
-5.95887
-6.13669
-6.3131
-6.48808
-6.66173
-6.83409
-7.00543
-7.17631
-7.34663
-7.51647
-7.68548
-7.85369
-8.02148
-8.18881
-8.35543
-8.52155
-8.68697
-8.85187
-9.01607
-9.17974
-9.34282
-9.50527
-9.667
-9.82828
-9.98898
-10.1492
-10.3089
-10.4682
-10.6269
-10.7853
-10.9431
-11.1004
-11.2573
-11.4139
-11.5699
-11.7256
-11.8807
-12.0355
-12.1897
-12.3437
-12.4973
-12.6505
-12.8033
-12.9558
-13.1078
-13.2596
-13.4109
-13.562
-13.7126
-13.8631
-14.0132
-14.1631
-14.3126
-14.4618
-14.6109
-14.7595
-14.9081
-15.0562
-15.2042
-15.3519
-15.4996
-15.6468
-15.7941
-15.9409
-16.0877
-16.2341
-16.3807
-16.5268
-16.6729
-16.8184
-16.9642
-17.1098
-17.2562
-17.4014
-17.5498
-17.6958
-17.8529
-18.0039
-18.2348
-0.764397
-1.15808
-1.53508
-1.85541
-2.16429
-2.47237
-2.77257
-3.05417
-3.31736
-3.56725
-3.80377
-4.02883
-4.24364
-4.45029
-4.65088
-4.84707
-5.03964
-5.22965
-5.41699
-5.60204
-5.78502
-5.9655
-6.14347
-6.31994
-6.49483
-6.66845
-6.84075
-7.01209
-7.18286
-7.35315
-7.5229
-7.69186
-7.86012
-8.02792
-8.19523
-8.36184
-8.52793
-8.69332
-8.85818
-9.02234
-9.18595
-9.34898
-9.51135
-9.673
-9.8342
-9.99492
-10.1552
-10.3149
-10.4741
-10.6329
-10.7912
-10.949
-11.1064
-11.2633
-11.4199
-11.576
-11.7318
-11.887
-12.0418
-12.1962
-12.3502
-12.5038
-12.6571
-12.81
-12.9625
-13.1146
-13.2664
-13.4177
-13.5688
-13.7196
-13.8701
-14.0202
-14.1701
-14.3197
-14.4689
-14.618
-14.7667
-14.9152
-15.0634
-15.2114
-15.3592
-15.5068
-15.6541
-15.8013
-15.9482
-16.095
-16.2415
-16.3881
-16.5342
-16.6803
-16.8258
-16.9717
-17.1172
-17.2636
-17.4089
-17.5572
-17.7037
-17.8614
-18.0116
-18.2341
-0.813121
-1.17455
-1.55046
-1.87226
-2.17986
-2.487
-2.78758
-3.0698
-3.33362
-3.58384
-3.82093
-4.046
-4.26129
-4.46814
-4.66878
-4.86489
-5.05733
-5.24709
-5.43413
-5.61886
-5.80169
-5.98208
-6.16008
-6.33663
-6.51163
-6.68554
-6.85821
-7.02989
-7.20089
-7.37141
-7.54133
-7.71044
-7.87871
-8.04658
-8.21396
-8.38065
-8.54683
-8.71232
-8.87729
-9.04157
-9.20532
-9.36851
-9.53106
-9.69291
-9.85429
-10.015
-10.1753
-10.3351
-10.4944
-10.6532
-10.8116
-10.9695
-11.1269
-11.2839
-11.4404
-11.5964
-11.7521
-11.9073
-12.0619
-12.2162
-12.3702
-12.5237
-12.6769
-12.8296
-12.9821
-13.1341
-13.2858
-13.4371
-13.5882
-13.7389
-13.8893
-14.0394
-14.1893
-14.3388
-14.4881
-14.6371
-14.7858
-14.9343
-15.0824
-15.2304
-15.3781
-15.5258
-15.673
-15.8203
-15.9671
-16.1138
-16.2604
-16.4069
-16.553
-16.6991
-16.8447
-16.9904
-17.1361
-17.2822
-17.4279
-17.5753
-17.7225
-17.8781
-18.0333
-18.2345
-0.862748
-1.19168
-1.56621
-1.89045
-2.19646
-2.50276
-2.80304
-3.08507
-3.34892
-3.59894
-3.83625
-4.06109
-4.27657
-4.48365
-4.68448
-4.88077
-5.07339
-5.26327
-5.45046
-5.6353
-5.81809
-5.99851
-6.17647
-6.35288
-6.52771
-6.70143
-6.87389
-7.0454
-7.21615
-7.38658
-7.55639
-7.72549
-7.89382
-8.06179
-8.22916
-8.3959
-8.56205
-8.72756
-8.89248
-9.05675
-9.2204
-9.38352
-9.5459
-9.70771
-9.86898
-10.0297
-10.19
-10.3497
-10.5089
-10.6677
-10.826
-10.9838
-11.1411
-11.298
-11.4545
-11.6106
-11.7664
-11.9216
-12.0765
-12.2308
-12.3848
-12.5385
-12.6919
-12.8447
-12.9973
-13.1494
-13.3012
-13.4526
-13.6037
-13.7545
-13.905
-14.0551
-14.205
-14.3546
-14.5039
-14.6529
-14.8017
-14.9502
-15.0984
-15.2464
-15.3942
-15.5418
-15.6891
-15.8364
-15.9833
-16.13
-16.2766
-16.423
-16.5693
-16.7153
-16.861
-17.0066
-17.1525
-17.2984
-17.4442
-17.5916
-17.7386
-17.8938
-18.0459
-18.24
-0.912783
-1.211
-1.5835
-1.9107
-2.21509
-2.52041
-2.82032
-3.10238
-3.36646
-3.61666
-3.85422
-4.0794
-4.29516
-4.5025
-4.70355
-4.89994
-5.09267
-5.28256
-5.46979
-5.65466
-5.83726
-6.01768
-6.19571
-6.37215
-6.54706
-6.72082
-6.89332
-7.06487
-7.23566
-7.40594
-7.57578
-7.74481
-7.91312
-8.08097
-8.24824
-8.41488
-8.58095
-8.74641
-8.91127
-9.07552
-9.23916
-9.40249
-9.56494
-9.72683
-9.88816
-10.049
-10.2093
-10.3691
-10.5284
-10.6873
-10.8457
-11.0035
-11.1609
-11.3179
-11.4745
-11.6306
-11.7864
-11.9416
-12.0964
-12.2507
-12.4048
-12.5583
-12.7115
-12.8643
-13.0168
-13.1689
-13.3207
-13.472
-13.6231
-13.7738
-13.9243
-14.0744
-14.2243
-14.3738
-14.5231
-14.6722
-14.8209
-14.9694
-15.1176
-15.2656
-15.4134
-15.561
-15.7083
-15.8555
-16.0024
-16.1492
-16.2957
-16.4422
-16.5885
-16.7345
-16.8802
-17.0258
-17.1716
-17.3176
-17.4632
-17.6105
-17.7573
-17.9112
-18.0621
-18.247
-0.962201
-1.23281
-1.60257
-1.93299
-2.23591
-2.5402
-2.83982
-3.12196
-3.38622
-3.63654
-3.8742
-4.09964
-4.31547
-4.52298
-4.72414
-4.92063
-5.11344
-5.30335
-5.49062
-5.6755
-5.8581
-6.03854
-6.21665
-6.39311
-6.56807
-6.74181
-6.91434
-7.08589
-7.25679
-7.42697
-7.59683
-7.76586
-7.93422
-8.10203
-8.26932
-8.43595
-8.60201
-8.76746
-8.93226
-9.09651
-9.26011
-9.42338
-9.5858
-9.74761
-9.90886
-10.0696
-10.2298
-10.3895
-10.5488
-10.7076
-10.8659
-11.0238
-11.1811
-11.3382
-11.4947
-11.6509
-11.8067
-11.9619
-12.1167
-12.2711
-12.4251
-12.5787
-12.7319
-12.8848
-13.0373
-13.1894
-13.3412
-13.4926
-13.6437
-13.7945
-13.9449
-14.0951
-14.245
-14.3946
-14.5439
-14.6929
-14.8417
-14.9902
-15.1384
-15.2865
-15.4343
-15.5819
-15.7292
-15.8764
-16.0233
-16.1701
-16.3166
-16.4631
-16.6094
-16.7554
-16.9011
-17.0468
-17.1925
-17.3385
-17.4842
-17.6311
-17.7778
-17.93
-18.0793
-18.2542
-1.00918
-1.25731
-1.62397
-1.95746
-2.25917
-2.56246
-2.86187
-3.14408
-3.40846
-3.65887
-3.89662
-4.12229
-4.3382
-4.54589
-4.74721
-4.94382
-5.13672
-5.32668
-5.51397
-5.69888
-5.88149
-6.0619
-6.24004
-6.41651
-6.59149
-6.76523
-6.93779
-7.10936
-7.28028
-7.45048
-7.6203
-7.78934
-7.95772
-8.12553
-8.29282
-8.45946
-8.62551
-8.79096
-8.95577
-9.12007
-9.28371
-9.44682
-9.60928
-9.77108
-9.93236
-10.0931
-10.2533
-10.413
-10.5723
-10.731
-10.8893
-11.0472
-11.2045
-11.3616
-11.5181
-11.6742
-11.8299
-11.9851
-12.1399
-12.2943
-12.4482
-12.6018
-12.755
-12.9079
-13.0604
-13.2124
-13.3642
-13.5157
-13.6668
-13.8176
-13.968
-14.1182
-14.2681
-14.4177
-14.567
-14.7161
-14.8649
-15.0133
-15.1616
-15.3096
-15.4574
-15.605
-15.7524
-15.8995
-16.0465
-16.1932
-16.3397
-16.4862
-16.6325
-16.7785
-16.9242
-17.07
-17.2156
-17.3616
-17.5072
-17.6538
-17.8
-17.9505
-18.0975
-18.2619
-1.05216
-1.28438
-1.64831
-1.98425
-2.28507
-2.58753
-2.88681
-3.16904
-3.43349
-3.684
-3.92184
-4.14768
-4.36366
-4.5715
-4.77293
-4.96961
-5.16255
-5.35253
-5.53983
-5.72476
-5.90736
-6.08772
-6.2659
-6.44239
-6.6174
-6.79114
-6.9637
-7.1353
-7.30624
-7.47648
-7.64625
-7.81529
-7.98368
-8.1515
-8.31878
-8.48542
-8.65147
-8.81692
-8.98173
-9.14604
-9.30968
-9.47274
-9.63523
-9.79705
-9.95833
-10.119
-10.2793
-10.439
-10.5982
-10.757
-10.9153
-11.0732
-11.2305
-11.3876
-11.5441
-11.7002
-11.8558
-12.011
-12.1658
-12.3202
-12.4741
-12.6277
-12.7809
-12.9337
-13.0861
-13.2382
-13.39
-13.5415
-13.6926
-13.8433
-13.9937
-14.1439
-14.2937
-14.4433
-14.5925
-14.7416
-14.8903
-15.0389
-15.1871
-15.3351
-15.4829
-15.6305
-15.7779
-15.925
-16.072
-16.2187
-16.3652
-16.5117
-16.6581
-16.804
-16.9498
-17.0955
-17.2412
-17.387
-17.5325
-17.6788
-17.8245
-17.973
-18.1172
-18.2704
-1.08934
-1.31357
-1.67615
-2.01352
-2.31381
-2.61583
-2.91507
-3.19726
-3.46176
-3.71235
-3.95024
-4.17616
-4.39218
-4.60008
-4.80158
-4.99831
-5.19129
-5.38128
-5.5686
-5.75355
-5.93614
-6.11646
-6.29466
-6.47117
-6.64619
-6.81993
-6.9925
-7.1641
-7.33507
-7.50533
-7.67505
-7.8441
-8.01251
-8.18033
-8.3476
-8.51425
-8.68029
-8.84574
-9.01055
-9.17488
-9.33852
-9.50157
-9.66405
-9.82588
-9.98715
-10.1479
-10.3081
-10.4678
-10.6271
-10.7858
-10.9441
-11.102
-11.2593
-11.4164
-11.5729
-11.729
-11.8846
-12.0399
-12.1947
-12.349
-12.503
-12.6565
-12.8097
-12.9625
-13.115
-13.2671
-13.4188
-13.5703
-13.7214
-13.8722
-14.0225
-14.1727
-14.3225
-14.4721
-14.6213
-14.7704
-14.9192
-15.0676
-15.2158
-15.3638
-15.5116
-15.6591
-15.8065
-15.9536
-16.1005
-16.2472
-16.3937
-16.5402
-16.6865
-16.8325
-16.9782
-17.1239
-17.2696
-17.4153
-17.5608
-17.7066
-17.8516
-17.9979
-18.1387
-18.2808
-1.11669
-1.34287
-1.70657
-2.04387
-2.34404
-2.64622
-2.94553
-3.22758
-3.49209
-3.74274
-3.98061
-4.20652
-4.42253
-4.63042
-4.83193
-5.02866
-5.22165
-5.41165
-5.59896
-5.78393
-5.9665
-6.14677
-6.32496
-6.50148
-6.67651
-6.85023
-7.02279
-7.19439
-7.3654
-7.53567
-7.70535
-7.8744
-8.04282
-8.21066
-8.37792
-8.54457
-8.71061
-8.87606
-9.04085
-9.20521
-9.36886
-9.53189
-9.69436
-9.8562
-10.0175
-10.1782
-10.3384
-10.4981
-10.6574
-10.8161
-10.9744
-11.1323
-11.2896
-11.4467
-11.6033
-11.7593
-11.915
-12.0702
-12.225
-12.3793
-12.5333
-12.6868
-12.84
-12.9928
-13.1453
-13.2974
-13.4492
-13.6006
-13.7517
-13.9025
-14.0528
-14.203
-14.3528
-14.5024
-14.6516
-14.8006
-14.9494
-15.0979
-15.2461
-15.3941
-15.5418
-15.6894
-15.8368
-15.9839
-16.1309
-16.2776
-16.4241
-16.5706
-16.7169
-16.8628
-17.0086
-17.1543
-17.2999
-17.4455
-17.5909
-17.7363
-17.8805
-18.0246
-18.1621
-18.2944
-1.13148
-1.36951
-1.73663
-2.07234
-2.37282
-2.67576
-2.97524
-3.25708
-3.52156
-3.77224
-4.01002
-4.23583
-4.45176
-4.65956
-4.86102
-5.05772
-5.25069
-5.44067
-5.62796
-5.81296
-5.99551
-6.17571
-6.35389
-6.53041
-6.70545
-6.87916
-7.05171
-7.22328
-7.39434
-7.56461
-7.73426
-7.90331
-8.07174
-8.23958
-8.40684
-8.57349
-8.73952
-8.90498
-9.06973
-9.23414
-9.39778
-9.56079
-9.72325
-9.88509
-10.0464
-10.2071
-10.3673
-10.5271
-10.6863
-10.8451
-11.0034
-11.1613
-11.3186
-11.4757
-11.6322
-11.7882
-11.9439
-12.0991
-12.2539
-12.4082
-12.5622
-12.7157
-12.8689
-13.0217
-13.1742
-13.3263
-13.4781
-13.6295
-13.7806
-13.9313
-14.0818
-14.232
-14.3818
-14.5314
-14.6807
-14.8297
-14.9785
-15.127
-15.2752
-15.4232
-15.571
-15.7186
-15.8659
-16.0131
-16.16
-16.3067
-16.4534
-16.5999
-16.7462
-16.8922
-17.0381
-17.1837
-17.3294
-17.4749
-17.6201
-17.7651
-17.9087
-18.0508
-18.1854
-18.3103
-1.1352
-1.39308
-1.76466
-2.09769
-2.39887
-2.70293
-3.00266
-3.28422
-3.54865
-3.79935
-4.037
-4.26265
-4.47847
-4.68611
-4.88747
-5.08411
-5.27704
-5.46701
-5.65425
-5.8393
-6.02181
-6.20194
-6.38009
-6.5566
-6.73164
-6.90532
-7.07785
-7.24938
-7.42051
-7.59076
-7.76039
-7.92942
-8.09787
-8.26571
-8.43297
-8.59963
-8.76566
-8.93112
-9.09587
-9.26032
-9.42394
-9.58693
-9.74939
-9.91122
-10.0725
-10.2332
-10.3934
-10.5532
-10.7124
-10.8711
-11.0294
-11.1873
-11.3447
-11.5018
-11.6583
-11.8144
-11.97
-12.1253
-12.2801
-12.4344
-12.5884
-12.742
-12.8952
-13.0481
-13.2005
-13.3526
-13.5044
-13.6559
-13.807
-13.9578
-14.1083
-14.2586
-14.4084
-14.558
-14.7073
-14.8563
-15.0051
-15.1536
-15.3019
-15.4499
-15.5977
-15.7452
-15.8925
-16.0396
-16.1866
-16.3332
-16.4798
-16.6262
-16.7724
-16.9184
-17.0643
-17.2101
-17.3557
-17.5013
-17.6464
-17.791
-17.9339
-18.0747
-18.2072
-18.3267
-1.13012
-1.41441
-1.79063
-2.12034
-2.42258
-2.72792
-3.02793
-3.30914
-3.5735
-3.82421
-4.0617
-4.28714
-4.50284
-4.71031
-4.91152
-5.10807
-5.30094
-5.49089
-5.67808
-5.86317
-6.04565
-6.22572
-6.40384
-6.58035
-6.75538
-6.92903
-7.10153
-7.27303
-7.44421
-7.61444
-7.78405
-7.95307
-8.12153
-8.28935
-8.45661
-8.62324
-8.78928
-8.95466
-9.11947
-9.28394
-9.44755
-9.61055
-9.773
-9.93485
-10.0961
-10.2569
-10.4171
-10.5769
-10.7362
-10.8949
-11.0533
-11.211
-11.3686
-11.5257
-11.6823
-11.8384
-11.9941
-12.1493
-12.3042
-12.4586
-12.6126
-12.7662
-12.9194
-13.0722
-13.2247
-13.3767
-13.5285
-13.6799
-13.8311
-13.9818
-14.1324
-14.2825
-14.4324
-14.582
-14.7313
-14.8803
-15.0291
-15.1776
-15.3259
-15.4739
-15.6217
-15.7692
-15.9166
-16.0637
-16.2107
-16.3575
-16.5042
-16.6508
-16.7971
-16.9431
-17.0887
-17.2344
-17.38
-17.5254
-17.6704
-17.815
-17.9578
-18.0967
-18.2275
-18.3431
-1.11879
-1.43387
-1.81426
-2.14057
-2.44411
-2.75082
-3.05122
-3.33207
-3.59635
-3.84702
-4.08432
-4.30948
-4.525
-4.73228
-4.93336
-5.12979
-5.32257
-5.51248
-5.69961
-5.88473
-6.06714
-6.24714
-6.42521
-6.60173
-6.77672
-6.95039
-7.12279
-7.29433
-7.46553
-7.63573
-7.80532
-7.97435
-8.14283
-8.31068
-8.47795
-8.6446
-8.81069
-8.97607
-9.14103
-9.30545
-9.46907
-9.63214
-9.79466
-9.95657
-10.1179
-10.2787
-10.439
-10.5988
-10.7581
-10.9169
-11.0752
-11.2329
-11.3905
-11.5475
-11.7041
-11.8602
-12.0158
-12.1711
-12.3259
-12.4803
-12.6343
-12.7879
-12.9411
-13.0939
-13.2463
-13.3984
-13.5502
-13.7016
-13.8527
-14.0035
-14.154
-14.3042
-14.454
-14.6035
-14.7528
-14.9018
-15.0506
-15.199
-15.3473
-15.4953
-15.643
-15.7905
-15.9378
-16.0849
-16.2317
-16.3784
-16.5248
-16.6712
-16.8174
-16.9635
-17.1093
-17.255
-17.4007
-17.5462
-17.6911
-17.8353
-17.9774
-18.1167
-18.2463
-18.3592
-1.10325
-1.45185
-1.83549
-2.15874
-2.46366
-2.7716
-3.07247
-3.35298
-3.61726
-3.86788
-4.10506
-4.32996
-4.5452
-4.75226
-4.95325
-5.14956
-5.34233
-5.53213
-5.71935
-5.9045
-6.08687
-6.2668
-6.44478
-6.62125
-6.79619
-6.96983
-7.14219
-7.31383
-7.48501
-7.65526
-7.82486
-7.99393
-8.16252
-8.33048
-8.49786
-8.66461
-8.83077
-8.99625
-9.16122
-9.32555
-9.48913
-9.65217
-9.81468
-9.97657
-10.1379
-10.2987
-10.459
-10.6187
-10.778
-10.9368
-11.0951
-11.2529
-11.4104
-11.5675
-11.724
-11.8801
-12.0358
-12.191
-12.3458
-12.5002
-12.6542
-12.8078
-12.9611
-13.1139
-13.2663
-13.4184
-13.5702
-13.7217
-13.8728
-14.0236
-14.1741
-14.3243
-14.4741
-14.6237
-14.773
-14.922
-15.0708
-15.2194
-15.3676
-15.5157
-15.6635
-15.811
-15.9584
-16.1056
-16.2526
-16.3994
-16.5461
-16.6926
-16.8389
-16.9849
-17.1307
-17.2764
-17.4219
-17.5673
-17.7122
-17.8565
-17.9982
-18.1354
-18.264
-18.3748
-1.08452
-1.46854
-1.85455
-2.17559
-2.48184
-2.79069
-3.09177
-3.37178
-3.63604
-3.88645
-4.12329
-4.34845
-4.56322
-4.76991
-4.97068
-5.16678
-5.35942
-5.54907
-5.73634
-5.92135
-6.10374
-6.28373
-6.46185
-6.63849
-6.81359
-6.98733
-7.15987
-7.33166
-7.50289
-7.6732
-7.84277
-8.01172
-8.18023
-8.34813
-8.51543
-8.68212
-8.84821
-9.01364
-9.17854
-9.34284
-9.5064
-9.6694
-9.83183
-9.99367
-10.1549
-10.3157
-10.4759
-10.6357
-10.7949
-10.9537
-11.1119
-11.2697
-11.4271
-11.5841
-11.7406
-11.8967
-12.0523
-12.2075
-12.3623
-12.5166
-12.6706
-12.8241
-12.9773
-13.1301
-13.2825
-13.4345
-13.5862
-13.7376
-13.8887
-14.0394
-14.1899
-14.34
-14.4898
-14.6393
-14.7885
-14.9374
-15.0862
-15.2346
-15.3828
-15.5308
-15.6785
-15.826
-15.9732
-16.1203
-16.2672
-16.4138
-16.5603
-16.7066
-16.8528
-16.9989
-17.1446
-17.2903
-17.4359
-17.5814
-17.7262
-17.8704
-18.0124
-18.1507
-18.2792
-18.3893
-1.06366
-1.48288
-1.87014
-2.19054
-2.49871
-2.80917
-3.11059
-3.39012
-3.6544
-3.90467
-4.14127
-4.36669
-4.58113
-4.78768
-4.98845
-5.18468
-5.37751
-5.5675
-5.75509
-5.94034
-6.12293
-6.30298
-6.48118
-6.65781
-6.83283
-7.00635
-7.17868
-7.35036
-7.52152
-7.6918
-7.86138
-8.03037
-8.1989
-8.36682
-8.53414
-8.70085
-8.86697
-9.03243
-9.19736
-9.36167
-9.52527
-9.68828
-9.85068
-10.0125
-10.1738
-10.3346
-10.4949
-10.6546
-10.8139
-10.9727
-11.1309
-11.2887
-11.4462
-11.6033
-11.7598
-11.9159
-12.0716
-12.2268
-12.3816
-12.536
-12.69
-12.8436
-12.9968
-13.1496
-13.3021
-13.4542
-13.6059
-13.7574
-13.9085
-14.0593
-14.2098
-14.36
-14.5098
-14.6594
-14.8086
-14.9577
-15.1064
-15.2549
-15.4032
-15.5512
-15.699
-15.8465
-15.9939
-16.141
-16.288
-16.4348
-16.5814
-16.7278
-16.8741
-17.0201
-17.1659
-17.3116
-17.4571
-17.6026
-17.7473
-17.8914
-18.0329
-18.1698
-18.2968
-18.4054
-1.04906
-1.49745
-1.88238
-2.20009
-2.50907
-2.82131
-3.12325
-3.40224
-3.66669
-3.91695
-4.15343
-4.37847
-4.59273
-4.79917
-4.99983
-5.19594
-5.38865
-5.57853
-5.76599
-5.95107
-6.13335
-6.31299
-6.49098
-6.66741
-6.84231
-7.01571
-7.18784
-7.35941
-7.53048
-7.70069
-7.87019
-8.03909
-8.20753
-8.37537
-8.54261
-8.70925
-8.8753
-9.04069
-9.20554
-9.3698
-9.53333
-9.69628
-9.85865
-10.0204
-10.1817
-10.3424
-10.5026
-10.6623
-10.8216
-10.9803
-11.1385
-11.2963
-11.4537
-11.6107
-11.7672
-11.9233
-12.0789
-12.2341
-12.3889
-12.5432
-12.6971
-12.8507
-13.0039
-13.1566
-13.309
-13.4611
-13.6128
-13.7642
-13.9153
-14.066
-14.2165
-14.3666
-14.5164
-14.6659
-14.8151
-14.9641
-15.1128
-15.2613
-15.4095
-15.5575
-15.7052
-15.8528
-16.0001
-16.1471
-16.2941
-16.4408
-16.5873
-16.7337
-16.8799
-17.026
-17.1717
-17.3174
-17.4629
-17.6084
-17.7532
-17.8973
-18.0391
-18.1768
-18.3041
-18.4134
-1.01858
-1.51228
-1.90599
-2.22424
-2.53342
-2.84617
-3.14886
-3.42689
-3.69166
-3.94203
-4.17841
-4.40326
-4.61731
-4.82346
-5.02385
-5.21973
-5.41226
-5.60199
-5.78935
-5.97436
-6.15667
-6.33637
-6.51433
-6.69074
-6.86558
-7.03897
-7.21111
-7.38263
-7.55365
-7.72383
-7.8933
-8.06219
-8.23062
-8.39845
-8.56569
-8.73233
-8.89837
-9.06377
-9.22863
-9.39288
-9.55643
-9.71938
-9.88175
-10.0435
-10.2048
-10.3655
-10.5257
-10.6855
-10.8447
-11.0034
-11.1617
-11.3194
-11.4769
-11.6339
-11.7904
-11.9464
-12.1021
-12.2573
-12.4121
-12.5664
-12.7204
-12.8739
-13.0271
-13.1799
-13.3323
-13.4843
-13.6361
-13.7875
-13.9386
-14.0893
-14.2398
-14.3899
-14.5397
-14.6892
-14.8385
-14.9875
-15.1362
-15.2847
-15.4329
-15.5809
-15.7286
-15.8762
-16.0235
-16.1706
-16.3175
-16.4642
-16.6108
-16.7572
-16.9034
-17.0494
-17.1952
-17.3409
-17.4864
-17.6318
-17.7766
-17.9207
-18.0624
-18.1996
-18.3268
-18.4356
-18.2131
-18.4753
-19.2121
-19.337
-18.7957
-17.7123
-16.2521
-14.5476
-12.7861
-11.0633
-9.46969
-8.03317
-6.76967
-5.6736
-4.73139
-3.92313
-3.23134
-2.63634
-2.1227
-1.67849
-1.29202
-0.953432
-0.65592
-0.393482
-0.160753
0.0468954
0.232207
0.397513
0.545585
0.678646
0.798906
0.906971
1.00257
1.08739
1.16262
1.22904
1.2874
1.33837
1.38253
1.42039
1.45244
1.47915
1.50091
1.51812
1.53111
1.54021
1.54573
1.54795
1.54712
1.54349
1.53727
1.52867
1.51787
1.50505
1.49039
1.47401
1.45606
1.43667
1.41597
1.39406
1.37107
1.34706
1.32212
1.29632
1.26974
1.24244
1.21448
1.1859
1.15671
1.12699
1.09673
1.06599
1.03484
1.00324
0.971268
0.938911
0.906224
0.873181
0.839817
0.806134
0.77214
0.737855
0.703285
0.668362
0.633328
0.597891
0.562301
0.526499
0.490314
0.454164
0.417371
0.38077
0.343282
0.305697
0.267015
0.227497
0.185139
0.14116
0.0864424
0.0410939
-18.2528
-18.402
-19.1055
-19.2474
-18.7182
-17.6551
-16.2171
-14.5323
-12.7865
-11.075
-9.48984
-8.058
-6.79696
-5.70191
-4.7595
-3.95033
-3.25701
-2.66026
-2.14487
-1.69897
-1.31101
-0.97117
-0.672558
-0.409038
-0.175452
0.0328147
0.218566
0.384315
0.53255
0.665652
0.785116
0.892992
0.988705
1.07359
1.14889
1.21538
1.2738
1.32484
1.36905
1.40696
1.43906
1.4658
1.4876
1.50484
1.51785
1.52698
1.53252
1.53476
1.53395
1.53034
1.52414
1.51555
1.50477
1.49197
1.47732
1.46096
1.44303
1.42364
1.40296
1.38106
1.35809
1.33409
1.30918
1.28339
1.25682
1.22954
1.2016
1.17302
1.14384
1.11413
1.08386
1.05312
1.02197
0.990362
0.958383
0.926013
0.893311
0.860248
0.82686
0.793152
0.759131
0.724821
0.690223
0.655282
0.62021
0.584768
0.549145
0.513349
0.477152
0.441024
0.404267
0.367735
0.330378
0.292997
0.254696
0.215786
0.174575
0.132096
0.080792
0.0371336
-18.2475
-18.4091
-19.0305
-19.1558
-18.6312
-17.5858
-16.1702
-14.5075
-12.7811
-11.0853
-9.51065
-8.08582
-6.8291
-5.7356
-4.7928
-3.98237
-3.28713
-2.68834
-2.171
-1.7232
-1.33356
-0.992212
-0.69226
-0.427482
-0.192832
0.0163056
0.20273
0.36926
0.517996
0.65166
0.770555
0.87755
0.973207
1.05819
1.1336
1.20018
1.25869
1.30981
1.35409
1.39206
1.42422
1.45101
1.47285
1.49012
1.50317
1.51233
1.5179
1.52016
1.51937
1.51578
1.5096
1.50103
1.49027
1.47749
1.46286
1.44651
1.4286
1.40924
1.38857
1.3667
1.34373
1.31975
1.29486
1.26909
1.24253
1.21528
1.18735
1.15878
1.12961
1.0999
1.06964
1.0389
1.00774
0.976128
0.944138
0.911753
0.879033
0.845947
0.812533
0.778798
0.744746
0.710406
0.675777
0.640816
0.605701
0.570254
0.534595
0.498801
0.462595
0.42649
0.389772
0.353322
0.316109
0.278963
0.241085
0.202846
0.162909
0.122097
0.074677
0.032694
-18.2725
-18.429
-18.9683
-19.0721
-18.5424
-17.5102
-16.1153
-14.4778
-12.7723
-11.0948
-9.53255
-8.1167
-6.86557
-5.77412
-4.83101
-4.01922
-3.32197
-2.72124
-2.20196
-1.75191
-1.36018
-1.01693
-0.715298
-0.449043
-0.21311
-0.00288145
0.184408
0.351806
0.501163
0.635479
0.754274
0.860285
0.95585
1.041
1.11655
1.18326
1.24188
1.2931
1.33747
1.37552
1.40774
1.43459
1.45649
1.4738
1.4869
1.49609
1.50169
1.50399
1.50322
1.49966
1.4935
1.48496
1.47422
1.46146
1.44685
1.43053
1.41264
1.39329
1.37264
1.3508
1.32786
1.3039
1.27903
1.25328
1.22673
1.19951
1.17159
1.14302
1.11389
1.08418
1.05392
1.02318
0.992016
0.960393
0.928389
0.895988
0.863246
0.830137
0.796691
0.762925
0.728838
0.694465
0.659801
0.624818
0.589654
0.554198
0.518504
0.482706
0.446491
0.410414
0.373737
0.337383
0.30033
0.26346
0.226059
0.188565
0.149973
0.111078
0.0679867
0.0278165
-18.2916
-18.4396
-18.9059
-18.9867
-18.4553
-17.4346
-16.0576
-14.4471
-12.764
-11.1065
-9.55863
-8.1529
-6.90748
-5.81848
-4.87543
-4.06231
-3.36292
-2.75993
-2.23832
-1.78557
-1.39129
-1.04578
-0.742174
-0.474228
-0.236846
-0.0254131
0.162836
0.331043
0.48103
0.615803
0.734897
0.840649
0.936373
1.02176
1.0975
1.16438
1.22315
1.2745
1.31899
1.35714
1.38944
1.41637
1.43833
1.4557
1.46885
1.47809
1.48373
1.48606
1.48533
1.4818
1.47568
1.46717
1.45645
1.44372
1.42913
1.41284
1.39497
1.37565
1.35503
1.33321
1.31029
1.28636
1.26151
1.23579
1.20927
1.18207
1.15415
1.12561
1.0965
1.06678
1.03653
1.00581
0.974633
0.942996
0.910976
0.878558
0.845791
0.812653
0.779173
0.74537
0.711243
0.676833
0.642129
0.60712
0.571905
0.536434
0.500704
0.464896
0.428668
0.392618
0.355994
0.319736
0.282883
0.24631
0.209463
0.172747
0.135673
0.0989333
0.060601
0.022492
-18.3088
-18.4476
-18.8398
-18.8924
-18.3612
-17.3527
-15.9983
-14.4177
-12.7587
-11.1231
-9.59095
-8.19669
-6.95755
-5.87144
-4.92858
-4.11389
-3.4118
-2.80555
-2.28073
-1.82484
-1.42764
-1.07961
-0.773769
-0.503901
-0.264883
-0.0520999
0.137256
0.306325
0.457088
0.592301
0.712116
0.8184
0.914463
1.00014
1.07614
1.14325
1.20222
1.25375
1.29838
1.33666
1.36908
1.3961
1.41814
1.43559
1.44881
1.4581
1.4638
1.46618
1.46549
1.462
1.45592
1.44744
1.43676
1.42406
1.40951
1.39325
1.3754
1.35612
1.33552
1.31373
1.29085
1.26695
1.24213
1.21644
1.18995
1.16277
1.13487
1.10635
1.07725
1.04754
1.0173
0.986593
0.955402
0.923752
0.891724
0.859291
0.826492
0.793314
0.759793
0.725949
0.691777
0.657326
0.622574
0.587535
0.552264
0.516768
0.480999
0.445177
0.40894
0.372913
0.33637
0.300179
0.263584
0.227288
0.191088
0.15522
0.119906
0.0855062
0.0523603
0.0166964
-18.3246
-18.4516
-18.7697
-18.7887
-18.2575
-17.2622
-15.9323
-14.384
-12.7539
-11.1433
-9.62948
-8.24869
-7.017
-5.93392
-4.99115
-4.17452
-3.46911
-2.85889
-2.33009
-1.87046
-1.46984
-1.11886
-0.81041
-0.538301
-0.297361
-0.0830308
0.107667
0.27781
0.429597
0.565466
0.686172
0.793268
0.889754
0.975797
1.05215
1.11956
1.17879
1.23055
1.27538
1.31382
1.34638
1.37352
1.39567
1.41322
1.42652
1.43589
1.44165
1.44409
1.44346
1.44002
1.43399
1.42556
1.41491
1.40226
1.38775
1.37154
1.35373
1.33447
1.31391
1.29216
1.26932
1.24546
1.22068
1.19502
1.16857
1.1414
1.11354
1.08503
1.05595
1.02625
0.996026
0.965313
0.934118
0.902457
0.870421
0.837967
0.805136
0.771911
0.738351
0.704459
0.670244
0.635742
0.60093
0.565853
0.530519
0.494999
0.459185
0.423349
0.387102
0.351085
0.314638
0.27851
0.242211
0.206186
0.170711
0.135808
0.102425
0.070592
0.0430565
0.0103895
-18.339
-18.4511
-18.6965
-18.6774
-18.1459
-17.165
-15.8607
-14.3454
-12.7464
-11.1627
-9.6694
-8.30383
-7.08121
-6.00053
-5.05786
-4.23979
-3.53152
-2.9177
-2.38494
-1.92141
-1.51704
-1.16271
-0.851258
-0.576602
-0.333474
-0.117709
0.0743743
0.245728
0.398661
0.535345
0.656961
0.764951
0.861957
0.94848
1.02528
1.09306
1.15261
1.20462
1.24967
1.28831
1.32104
1.34833
1.37061
1.38827
1.40168
1.41115
1.417
1.41952
1.41896
1.41559
1.40962
1.40126
1.39066
1.37806
1.3636
1.34745
1.32968
1.31047
1.28995
1.26825
1.24546
1.22165
1.19691
1.1713
1.14488
1.11775
1.08992
1.06144
1.03237
1.00269
0.972474
0.941762
0.910564
0.878894
0.846836
0.814355
0.781491
0.748224
0.71462
0.680673
0.646406
0.611852
0.576978
0.541859
0.506446
0.470887
0.435008
0.399161
0.362903
0.326904
0.290544
0.254498
0.218503
0.182794
0.148086
0.114249
0.0829559
0.0539205
0.0324327
0.0034965
-18.3525
-18.4473
-18.6217
-18.5603
-18.0272
-17.0619
-15.7844
-14.3011
-12.7331
-11.1767
-9.7053
-8.35654
-7.14434
-6.06913
-5.12834
-4.30937
-3.59832
-2.98082
-2.44408
-1.9767
-1.5687
-1.21113
-0.896763
-0.61959
-0.374247
-0.156677
0.0370232
0.209816
0.364039
0.501725
0.62433
0.733301
0.830937
0.918017
0.995305
1.06348
1.12334
1.17564
1.22094
1.2598
1.29273
1.3202
1.34264
1.36044
1.37395
1.38354
1.38951
1.39214
1.39168
1.3884
1.38252
1.37424
1.36372
1.35118
1.3368
1.32071
1.303
1.28384
1.26338
1.24174
1.21901
1.19525
1.17057
1.14501
1.11865
1.09155
1.06376
1.03531
1.00626
0.976609
0.946397
0.915689
0.884499
0.852827
0.820741
0.788235
0.755332
0.722025
0.688365
0.65435
0.620006
0.585376
0.55043
0.515263
0.47977
0.444166
0.408207
0.37235
0.336057
0.3001
0.263812
0.227874
0.192173
0.156833
0.122923
0.0902367
0.0611992
0.0351036
0.0201901
-0.00412984
-18.3652
-18.4407
-18.547
-18.4394
-17.9022
-16.9528
-15.7023
-14.2542
-12.7208
-11.194
-9.74548
-8.41369
-7.21157
-6.14328
-5.20441
-4.38404
-3.66973
-3.04818
-2.50712
-2.03563
-1.62379
-1.26282
-0.945487
-0.665787
-0.418324
-0.198648
-0.00340003
0.170601
0.325875
0.464436
0.587936
0.697824
0.796078
0.883686
0.961471
1.03007
1.09032
1.14299
1.18862
1.22776
1.26096
1.28867
1.31134
1.32933
1.34303
1.35279
1.35891
1.36168
1.36135
1.35818
1.35242
1.34424
1.3338
1.32135
1.30705
1.29105
1.27342
1.25431
1.23393
1.21236
1.18971
1.16601
1.14139
1.11589
1.08959
1.06254
1.03479
1.00638
0.977358
0.94774
0.917538
0.886839
0.855637
0.823956
0.791837
0.759302
0.726353
0.692995
0.659277
0.625186
0.590772
0.556046
0.521017
0.485781
0.450184
0.414536
0.378472
0.342612
0.306257
0.270353
0.234133
0.198307
0.162907
0.12797
0.0948969
0.0634169
0.0367725
0.013697
0.00594431
-0.0128188
-18.3773
-18.4337
-18.4817
-18.3301
-17.7873
-16.8533
-15.6279
-14.2147
-12.7148
-11.2161
-9.78901
-8.47274
-7.27996
-6.21611
-5.27787
-4.4559
-3.7386
-3.11345
-2.56857
-2.09342
-1.67815
-1.31407
-0.994008
-0.71194
-0.46248
-0.241013
-0.0442459
0.130934
0.287181
0.426489
0.550713
0.661297
0.760014
0.847937
0.92601
0.994876
1.05543
1.10844
1.1544
1.19385
1.22733
1.25531
1.27822
1.29647
1.31041
1.32036
1.32665
1.32959
1.3294
1.32636
1.32072
1.31266
1.30232
1.28997
1.27575
1.25985
1.24231
1.22325
1.20295
1.18146
1.15888
1.13526
1.11072
1.08529
1.05905
1.03205
1.00435
0.975987
0.946996
0.917408
0.887223
0.856535
0.825315
0.793619
0.761474
0.728903
0.69591
0.662484
0.628705
0.594518
0.560026
0.525195
0.490066
0.45474
0.419002
0.383304
0.347101
0.311232
0.274821
0.238931
0.202827
0.167087
0.132005
0.0974656
0.0652265
0.034911
0.0106168
-0.00956888
-0.00998504
-0.022691
-18.3895
-18.43
-18.434
-18.2467
-17.6986
-16.7774
-15.5732
-14.1861
-12.7119
-11.2351
-9.8257
-8.52254
-7.33793
-6.2782
-5.34122
-4.51855
-3.79908
-3.17105
-2.62304
-2.14489
-1.72682
-1.36022
-1.03795
-0.754043
-0.503028
-0.280222
-0.0821819
0.0940217
0.251125
0.391071
0.515944
0.627056
0.726365
0.81505
0.893558
0.962656
1.02339
1.07659
1.12274
1.16237
1.19601
1.22416
1.24722
1.26562
1.2797
1.28978
1.29619
1.29925
1.29916
1.29622
1.29068
1.28272
1.27245
1.2602
1.24606
1.23024
1.21277
1.19376
1.17352
1.15211
1.12961
1.10605
1.08158
1.05621
1.03002
1.00308
0.975428
0.947106
0.918149
0.888585
0.858419
0.827734
0.796509
0.764794
0.732629
0.700007
0.666971
0.633458
0.599609
0.565296
0.530708
0.495738
0.460486
0.425054
0.389152
0.353397
0.317077
0.28116
0.244781
0.20886
0.172915
0.137255
0.102475
0.0682987
0.0367902
0.00748244
-0.0147737
-0.0325336
-0.0262073
-0.0332376
-18.4019
-18.4303
-18.4031
-18.1891
-17.636
-16.7242
-15.5354
-14.1673
-12.7125
-11.253
-9.85739
-8.56439
-7.38616
-6.3297
-5.39374
-4.57051
-3.84939
-3.2191
-2.66865
-2.18819
-1.76796
-1.39941
-1.07542
-0.790082
-0.537808
-0.313969
-0.115143
0.0617319
0.219373
0.359706
0.484993
0.596429
0.696108
0.78545
0.864383
0.933957
0.99512
1.04853
1.09488
1.13466
1.16844
1.19671
1.21988
1.23838
1.25254
1.2627
1.26918
1.27231
1.27228
1.26939
1.26392
1.256
1.24575
1.23353
1.21949
1.20374
1.18632
1.16732
1.14713
1.12578
1.10332
1.07982
1.05539
1.03007
1.00393
0.977023
0.949406
0.921111
0.892177
0.862624
0.83247
0.801773
0.770537
0.738784
0.706588
0.673895
0.640801
0.607175
0.573242
0.538773
0.504079
0.468951
0.433573
0.398037
0.361999
0.32617
0.289833
0.253847
0.217571
0.181622
0.145851
0.110292
0.0757719
0.0419161
0.0109797
-0.0175001
-0.0381277
-0.0539983
-0.0418771
-0.0440138
-18.4148
-18.4341
-18.3851
-18.1515
-17.5944
-16.6895
-15.512
-14.1579
-12.7176
-11.2711
-9.8858
-8.60026
-7.42685
-6.37282
-5.43758
-4.61382
-3.8914
-3.25935
-2.70702
-2.22482
-1.80297
-1.43293
-1.10768
-0.821264
-0.568048
-0.343353
-0.143897
0.0335882
0.191693
0.332336
0.457963
0.569742
0.669579
0.759041
0.838242
0.908355
0.969963
1.02359
1.07012
1.11005
1.14397
1.17234
1.19562
1.2142
1.22844
1.23866
1.24519
1.24837
1.2484
1.24555
1.24013
1.23224
1.22194
1.2096
1.19566
1.18003
1.16267
1.14367
1.1235
1.10219
1.07976
1.05628
1.03188
1.00659
0.980471
0.953585
0.925984
0.897702
0.868774
0.839218
0.809058
0.778331
0.747064
0.715253
0.683007
0.65022
0.61705
0.583287
0.549257
0.514616
0.479819
0.444534
0.409055
0.373414
0.337322
0.301419
0.265135
0.229101
0.192955
0.157026
0.121423
0.0859981
0.0517043
0.0181528
-0.0123579
-0.040166
-0.0595594
-0.0740145
-0.0569965
-0.0550266
-18.4282
-18.4409
-18.3765
-18.129
-17.569
-16.6693
-15.5003
-14.1565
-12.7269
-11.29
-9.91229
-8.63205
-7.46208
-6.40973
-5.47488
-4.65058
-3.92707
-3.29359
-2.73978
-2.25625
-1.83317
-1.46199
-1.13577
-0.848576
-0.59469
-0.369364
-0.16943
0.00862976
0.167369
0.308388
0.434325
0.546393
0.646437
0.736047
0.815475
0.885841
0.947646
1.00143
1.04807
1.08815
1.12218
1.15065
1.17401
1.19265
1.20694
1.21721
1.22379
1.227
1.22705
1.22422
1.21889
1.21117
1.20127
1.18945
1.1748
1.15896
1.14153
1.12247
1.1023
1.081
1.05858
1.03511
1.01072
0.985448
0.95934
0.932463
0.904864
0.876578
0.847641
0.818064
0.78788
0.757105
0.725789
0.693899
0.661587
0.628687
0.595432
0.56152
0.527396
0.492585
0.457706
0.422281
0.386746
0.351018
0.314929
0.278987
0.242769
0.206737
0.170701
0.134831
0.0993603
0.0640852
0.0299818
-0.00325238
-0.0334178
-0.0606596
-0.0791703
-0.0926432
-0.0715658
-0.0662318
-18.4418
-18.4501
-18.3752
-18.1181
-17.5563
-16.6606
-15.4979
-14.1617
-12.7396
-11.3097
-9.93755
-8.66095
-7.49319
-6.44181
-5.50704
-4.68218
-3.95773
-3.32308
-2.76806
-2.28347
-1.85941
-1.48725
-1.16012
-0.872219
-0.617786
-0.392067
-0.192081
-0.0139404
0.145541
0.287264
0.41362
0.525958
0.626243
0.715921
0.795589
0.866073
0.927985
0.981896
1.02862
1.06881
1.10294
1.13147
1.15488
1.17356
1.18787
1.19813
1.2047
1.20785
1.20781
1.20484
1.19928
1.19117
1.1806
1.16802
1.15463
1.13942
1.12218
1.10319
1.08312
1.06189
1.0395
1.01607
0.991703
0.966444
0.940342
0.913464
0.885856
0.857554
0.828594
0.798981
0.768755
0.737919
0.706539
0.674561
0.642175
0.60916
0.575821
0.54177
0.507575
0.472621
0.437693
0.402177
0.366624
0.330863
0.294799
0.258865
0.222702
0.186702
0.150724
0.114892
0.0794413
0.0441996
0.0100596
-0.0230713
-0.0531095
-0.0798168
-0.097389
-0.11004
-0.0855914
-0.0775489
-18.4553
-18.4607
-18.3791
-18.1159
-17.5533
-16.6608
-15.5027
-14.1718
-12.755
-11.3299
-9.96169
-8.68754
-7.52113
-6.47024
-5.53531
-4.70985
-3.98454
-3.34886
-2.79278
-2.30727
-1.88234
-1.50928
-1.18117
-0.892371
-0.636941
-0.410033
-0.209145
-0.0306992
0.127929
0.269676
0.396011
0.508553
0.608994
0.698621
0.778457
0.849048
0.911047
0.96506
1.01188
1.05217
1.0864
1.11504
1.13857
1.15738
1.17183
1.18226
1.18903
1.1924
1.19259
1.18991
1.18482
1.17726
1.16721
1.15505
1.14042
1.12445
1.1068
1.08755
1.06725
1.04585
1.02332
0.999768
0.975283
0.949923
0.923725
0.896759
0.869063
0.840678
0.811634
0.781935
0.751623
0.720693
0.689223
0.65714
0.624672
0.591547
0.558141
0.523978
0.48975
0.454718
0.419787
0.384282
0.348774
0.313091
0.277134
0.241348
0.205348
0.169571
0.133823
0.0982988
0.0631588
0.0283138
-0.00545435
-0.0381971
-0.0680609
-0.0946917
-0.112398
-0.125168
-0.098608
-0.0890413
-18.4701
-18.4734
-18.3873
-18.1203
-17.5574
-16.6673
-15.5124
-14.185
-12.7717
-11.3498
-9.98409
-8.71138
-7.54571
-6.495
-5.55979
-4.73376
-4.00777
-3.37133
-2.81456
-2.32857
-1.9033
-1.53007
-1.20193
-0.913354
-0.658335
-0.431827
-0.230806
-0.0514193
0.108271
0.250485
0.376975
0.489834
0.590443
0.680222
0.760129
0.830767
0.892798
0.946829
0.99364
1.03389
1.06806
1.09661
1.12001
1.13865
1.1529
1.16308
1.16955
1.17271
1.17263
1.16961
1.16407
1.15612
1.14583
1.13357
1.11988
1.10451
1.08722
1.06832
1.04813
1.02689
1.00451
0.981088
0.95672
0.931463
0.905351
0.878456
0.850814
0.822469
0.793448
0.763757
0.733437
0.70248
0.670976
0.638831
0.606318
0.573107
0.539655
0.50538
0.471102
0.435989
0.400993
0.365424
0.329847
0.294086
0.258061
0.222181
0.186074
0.150181
0.114248
0.0785899
0.0431584
0.00820924
-0.0259276
-0.0585528
-0.0884288
-0.114595
-0.131053
-0.143313
-0.113631
-0.102704
-18.4784
-18.4815
-18.3942
-18.1263
-17.5645
-16.6766
-15.5242
-14.1993
-12.7881
-11.3681
-10.0035
-8.73101
-7.56512
-6.51376
-5.57757
-4.75036
-4.0231
-3.38533
-2.82728
-2.34017
-1.91383
-1.53944
-1.21042
-0.920959
-0.665139
-0.43812
-0.236825
-0.058184
0.101355
0.243525
0.370076
0.48292
0.583564
0.673355
0.753304
0.824008
0.886086
0.940173
0.987052
1.02738
1.06164
1.09029
1.11381
1.13259
1.147
1.15736
1.16402
1.16723
1.16724
1.16434
1.15901
1.15118
1.14086
1.12843
1.11423
1.09848
1.08088
1.06183
1.04145
1.02003
0.997496
0.973916
0.949398
0.923996
0.897741
0.87071
0.842934
0.814464
0.785323
0.755519
0.725094
0.694044
0.66246
0.630249
0.597698
0.564447
0.530998
0.496736
0.462504
0.427461
0.392553
0.357111
0.321665
0.286076
0.25022
0.214544
0.17864
0.14298
0.107287
0.0718712
0.0367222
0.00197297
-0.031898
-0.0644315
-0.0943002
-0.120596
-0.13757
-0.150331
-0.120639
-0.106179
-18.5004
-18.5032
-18.4151
-18.1473
-17.5869
-16.701
-15.5505
-14.227
-12.8169
-11.3976
-10.0332
-8.76028
-7.59381
-6.54168
-5.60465
-4.77662
-4.04861
-3.4102
-2.85163
-2.3642
-1.9376
-1.56315
-1.23386
-0.944408
-0.688626
-0.46157
-0.260179
-0.0811979
0.0784595
0.220696
0.347275
0.460155
0.560814
0.650609
0.73057
0.80128
0.863344
0.917411
0.964261
1.00455
1.03877
1.06737
1.09083
1.10954
1.12388
1.13414
1.14072
1.14389
1.14386
1.14088
1.13548
1.12764
1.1173
1.10489
1.09083
1.07514
1.05758
1.03855
1.01819
0.996786
0.97426
0.950688
0.926176
0.900778
0.874522
0.847488
0.819703
0.791224
0.76207
0.732253
0.701813
0.670746
0.639154
0.606917
0.574364
0.541097
0.507646
0.473385
0.439149
0.40412
0.369207
0.333781
0.298333
0.262753
0.226894
0.191223
0.155302
0.119651
0.0839122
0.0485163
0.0132742
-0.0214219
-0.0553966
-0.0878448
-0.117671
-0.143906
-0.160489
-0.173199
-0.1427
-0.135697
-18.4576
-18.4463
-18.4814
-18.4672
-18.4473
-18.4217
-18.3918
-18.3602
-18.33
-18.3025
-18.2785
-18.2585
-18.243
-18.2345
-18.2341
-18.2258
-18.9371
-18.9144
-18.9177
-18.9288
-18.9206
-18.8971
-18.8674
-18.8358
-18.8049
-18.7764
-18.7518
-18.7317
-18.7163
-18.7047
-18.6971
-18.682
-19.392
-19.4599
-19.5481
-19.5815
-19.581
-19.5615
-19.5324
-19.501
-19.4712
-19.4448
-19.4228
-19.406
-19.3949
-19.3889
-19.3836
-19.3717
-19.4623
-19.5545
-19.6048
-19.6301
-19.6374
-19.6253
-19.6001
-19.5708
-19.5426
-19.5182
-19.4983
-19.4831
-19.4727
-19.4666
-19.4619
-19.4491
-18.8942
-18.9554
-18.9914
-19.02
-19.0304
-19.0225
-19.0028
-18.9767
-18.9501
-18.9242
-18.9
-18.8783
-18.8597
-18.8449
-18.8339
-18.8151
-17.7796
-17.8254
-17.8608
-17.8879
-17.8989
-17.8937
-17.876
-17.8508
-17.8232
-17.7953
-17.7677
-17.7411
-17.7159
-17.6933
-17.675
-17.6507
-16.2909
-16.3216
-16.3479
-16.3677
-16.3763
-16.3721
-16.3555
-16.3309
-16.3029
-16.2726
-16.2404
-16.2066
-16.1717
-16.1376
-16.1071
-16.0766
-14.5628
-14.5795
-14.5946
-14.6054
-14.6096
-14.6039
-14.5867
-14.5617
-14.5325
-14.5001
-14.4642
-14.4251
-14.3834
-14.3414
-14.3035
-14.269
-12.7833
-12.7838
-12.7865
-12.7888
-12.7886
-12.7807
-12.7622
-12.7362
-12.706
-12.6719
-12.6336
-12.5908
-12.5444
-12.497
-12.4539
-12.4163
-11.0471
-11.033
-11.0242
-11.0188
-11.0136
-11.0022
-10.9811
-10.9538
-10.9228
-10.8876
-10.8479
-10.8033
-10.7547
-10.7048
-10.6594
-10.6204
-9.44263
-9.41688
-9.39944
-9.38804
-9.37862
-9.36359
-9.34028
-9.31195
-9.28023
-9.24459
-9.20435
-9.15932
-9.11017
-9.05973
-9.01389
-8.97463
-7.99987
-7.96607
-7.942
-7.92568
-7.91216
-7.89348
-7.86784
-7.83853
-7.80639
-7.77068
-7.73071
-7.68627
-7.63806
-7.58881
-7.54409
-7.50558
-6.73332
-6.69552
-6.66806
-6.64885
-6.63193
-6.60995
-6.58259
-6.55282
-6.52072
-6.48541
-6.44626
-6.40313
-6.35668
-6.30952
-6.26675
-6.22949
-5.63586
-5.59634
-5.56734
-5.54593
-5.52487
-5.4992
-5.47057
-5.44069
-5.4089
-5.37429
-5.33635
-5.29498
-5.25084
-5.20634
-5.16603
-5.13037
-4.69367
-4.65428
-4.62528
-4.60247
-4.57828
-4.55036
-4.52127
-4.49149
-4.46012
-4.42635
-4.38975
-4.35029
-4.30862
-4.267
-4.22947
-4.19573
-3.88645
-3.848
-3.81925
-3.79549
-3.76983
-3.74122
-3.71216
-3.68266
-3.65184
-3.61903
-3.58389
-3.54642
-3.50731
-3.46867
-3.43402
-3.40226
-3.19656
-3.1599
-3.13165
-3.10606
-3.07851
-3.04979
-3.02133
-2.99256
-2.96265
-2.93107
-2.89757
-2.86219
-2.82561
-2.78982
-2.75787
-2.72787
-2.60383
-2.5695
-2.54189
-2.51455
-2.48554
-2.45697
-2.42903
-2.40089
-2.37184
-2.34146
-2.30953
-2.27612
-2.24189
-2.20869
-2.17919
-2.15075
-2.09249
-2.06004
-2.03299
-2.00557
-1.97678
-1.94869
-1.92124
-1.89367
-1.86541
-1.83611
-1.80561
-1.77399
-1.74188
-1.71104
-1.68377
-1.65671
-1.65059
-1.61962
-1.59197
-1.56387
-1.53556
-1.50825
-1.48152
-1.45471
-1.42736
-1.3992
-1.37011
-1.3402
-1.31006
-1.28134
-1.25609
-1.23025
-1.26626
-1.23671
-1.20834
-1.17946
-1.15162
-1.12501
-1.09896
-1.07288
-1.04642
-1.01934
-0.991569
-0.963194
-0.934797
-0.907931
-0.884452
-0.859633
-0.929304
-0.900659
-0.872498
-0.843983
-0.816733
-0.790645
-0.765103
-0.739629
-0.713914
-0.687775
-0.661144
-0.634118
-0.607242
-0.581986
-0.560064
-0.536113
-0.633128
-0.60484
-0.57681
-0.548867
-0.522232
-0.496667
-0.471637
-0.446746
-0.421738
-0.396463
-0.370872
-0.34506
-0.319538
-0.2957
-0.27517
-0.251967
-0.371896
-0.34324
-0.314882
-0.287563
-0.261644
-0.236682
-0.212221
-0.187946
-0.163644
-0.139196
-0.114571
-0.0898579
-0.0655398
-0.0429647
-0.0237335
-0.000976359
-0.140146
-0.111401
-0.0829278
-0.0560783
-0.0306724
-0.00617571
0.0178061
0.0415403
0.0652087
0.0889106
0.112668
0.136399
0.159656
0.181131
0.199193
0.22161
0.0668642
0.0951251
0.123074
0.149439
0.174459
0.198602
0.222199
0.245483
0.268613
0.291671
0.314674
0.337547
0.359881
0.380424
0.397513
0.419465
0.25179
0.279669
0.307145
0.333091
0.357759
0.381564
0.404798
0.427664
0.450299
0.472773
0.495094
0.517199
0.538713
0.55844
0.574673
0.59621
0.417154
0.445235
0.472233
0.497681
0.521955
0.545408
0.56828
0.590743
0.612916
0.634854
0.656559
0.677977
0.698764
0.717775
0.733238
0.754421
0.565451
0.593751
0.620414
0.645477
0.669413
0.692539
0.715063
0.737141
0.758877
0.780316
0.801457
0.822251
0.842388
0.860769
0.875537
0.896417
0.698692
0.726583
0.752861
0.777672
0.801398
0.824299
0.846564
0.868336
0.889711
0.910726
0.931379
0.95163
0.971201
0.989039
1.00318
1.02381
0.819514
0.846775
0.872498
0.896938
0.920358
0.942965
0.964925
0.986367
1.00737
1.02798
1.04817
1.06792
1.08697
1.10432
1.1179
1.1383
0.927362
0.954215
0.979595
1.00374
1.02689
1.04922
1.0709
1.09205
1.11272
1.13295
1.15273
1.17203
1.19063
1.20757
1.22064
1.24086
1.0228
1.0495
1.07474
1.09874
1.12172
1.14388
1.16536
1.18626
1.20666
1.22658
1.246
1.26491
1.28311
1.29968
1.3123
1.33236
1.10754
1.13412
1.15925
1.18314
1.20601
1.22803
1.24934
1.27004
1.2902
1.30984
1.32894
1.34749
1.36533
1.38159
1.39379
1.41371
1.18268
1.20913
1.23415
1.25794
1.28071
1.3026
1.32375
1.34427
1.36421
1.38359
1.4024
1.42063
1.43815
1.45413
1.46594
1.48575
1.24901
1.27534
1.30027
1.32397
1.34663
1.36841
1.38942
1.40977
1.42951
1.44865
1.46719
1.48513
1.50235
1.51808
1.52953
1.54924
1.30728
1.33351
1.35835
1.38196
1.40453
1.42619
1.44707
1.46726
1.48681
1.50573
1.52403
1.54169
1.55863
1.57414
1.58525
1.60487
1.35818
1.38431
1.40906
1.43259
1.45506
1.47662
1.49737
1.51741
1.53678
1.5555
1.57356
1.59096
1.60765
1.62296
1.63376
1.65329
1.40226
1.4283
1.45297
1.47642
1.4988
1.52026
1.5409
1.56079
1.57999
1.59852
1.61636
1.63353
1.64998
1.6651
1.6756
1.69507
1.44006
1.46602
1.49062
1.51399
1.53629
1.55766
1.57818
1.59794
1.61698
1.63533
1.65297
1.66991
1.68614
1.70111
1.71132
1.73073
1.47206
1.49795
1.52248
1.54579
1.56801
1.58929
1.6097
1.62933
1.64823
1.66641
1.68386
1.70059
1.71661
1.73144
1.74138
1.76074
1.49871
1.52454
1.54901
1.57225
1.59441
1.6156
1.63591
1.65543
1.67419
1.69221
1.70948
1.72601
1.74184
1.75654
1.76623
1.78554
1.52043
1.54621
1.57062
1.5938
1.61589
1.637
1.65722
1.67662
1.69525
1.71312
1.73022
1.74657
1.76221
1.77681
1.78626
1.80553
1.5376
1.56332
1.58768
1.61081
1.63284
1.65388
1.67401
1.69331
1.71181
1.72955
1.74649
1.76266
1.77814
1.79264
1.80186
1.82109
1.55055
1.57623
1.60054
1.62362
1.64558
1.66655
1.68659
1.70579
1.72418
1.74178
1.75858
1.77459
1.78991
1.80433
1.81333
1.83254
1.55962
1.58525
1.60952
1.63255
1.65446
1.67536
1.69532
1.71443
1.73271
1.75019
1.76685
1.78271
1.79787
1.81222
1.82102
1.8402
1.56512
1.59071
1.61493
1.63792
1.65978
1.68061
1.7005
1.71952
1.7377
1.75506
1.77159
1.78731
1.80233
1.81663
1.82523
1.84438
1.56731
1.59286
1.61705
1.63999
1.6618
1.68257
1.70239
1.72132
1.73941
1.75667
1.77308
1.78866
1.80354
1.81779
1.82621
1.84535
1.56645
1.59197
1.61612
1.63902
1.66078
1.6815
1.70125
1.7201
1.73809
1.75525
1.77155
1.787
1.80176
1.81597
1.82421
1.84333
1.5628
1.58828
1.6124
1.63526
1.65697
1.67764
1.69732
1.7161
1.73401
1.75107
1.76726
1.78259
1.79723
1.81141
1.81949
1.83859
1.55656
1.582
1.60608
1.62891
1.65058
1.67119
1.69081
1.70952
1.72734
1.74431
1.76041
1.77562
1.79015
1.8043
1.81223
1.83132
1.54793
1.57335
1.5974
1.62018
1.64181
1.66237
1.68194
1.70058
1.71833
1.73521
1.75121
1.76633
1.78074
1.79487
1.80266
1.82174
1.53711
1.5625
1.58651
1.60926
1.63085
1.65136
1.67088
1.68945
1.70713
1.72393
1.73984
1.75486
1.76917
1.78329
1.79094
1.81001
1.52428
1.54963
1.57362
1.59633
1.61788
1.63835
1.65781
1.67632
1.69393
1.71066
1.72649
1.74141
1.75563
1.76973
1.77726
1.79632
1.50959
1.53491
1.55887
1.58155
1.60306
1.62348
1.64289
1.66134
1.67888
1.69554
1.71129
1.72613
1.74026
1.75435
1.76176
1.78082
1.49319
1.51849
1.54241
1.56506
1.58653
1.60691
1.62627
1.64466
1.66215
1.67874
1.69442
1.70917
1.72321
1.7373
1.7446
1.76365
1.47522
1.50048
1.52437
1.54699
1.56843
1.58877
1.60808
1.62642
1.64385
1.66037
1.67599
1.69067
1.70462
1.71871
1.72591
1.74496
1.4558
1.48104
1.5049
1.52748
1.54888
1.56918
1.58845
1.60675
1.62412
1.64058
1.65614
1.67075
1.68462
1.69871
1.70582
1.72486
1.43508
1.46029
1.48412
1.50667
1.52804
1.5483
1.56753
1.58577
1.60309
1.6195
1.635
1.64954
1.66335
1.67743
1.68447
1.7035
1.41315
1.43832
1.46212
1.48465
1.50598
1.5262
1.54539
1.56359
1.58086
1.59722
1.61266
1.62715
1.64088
1.65497
1.66193
1.68096
1.39014
1.41528
1.43905
1.46154
1.48284
1.50302
1.52217
1.54033
1.55755
1.57386
1.58925
1.60369
1.61736
1.63144
1.63835
1.65737
1.3661
1.39121
1.41495
1.4374
1.45867
1.47882
1.49793
1.51605
1.53323
1.5495
1.56485
1.57924
1.59286
1.60693
1.61379
1.63281
1.34114
1.36622
1.38993
1.41236
1.43359
1.45372
1.47279
1.49088
1.50802
1.52425
1.53955
1.5539
1.56747
1.58153
1.58835
1.60737
1.31531
1.34036
1.36404
1.38645
1.40766
1.42775
1.44679
1.46485
1.48195
1.49815
1.51342
1.52773
1.54126
1.55532
1.56211
1.58112
1.28872
1.31374
1.3374
1.35978
1.38096
1.40103
1.42005
1.43807
1.45515
1.47132
1.48656
1.50084
1.51432
1.52838
1.53514
1.55414
1.26139
1.28639
1.31002
1.33237
1.35353
1.37358
1.39257
1.41057
1.42762
1.44376
1.45898
1.47323
1.48669
1.50074
1.50749
1.52649
1.23342
1.2584
1.28201
1.30435
1.3255
1.34552
1.3645
1.38248
1.39952
1.41564
1.43084
1.44507
1.45851
1.47255
1.4793
1.49831
1.20483
1.22979
1.25339
1.27572
1.29685
1.31687
1.33584
1.3538
1.37083
1.38693
1.40212
1.41635
1.42976
1.44381
1.45056
1.46959
1.17564
1.20059
1.22418
1.2465
1.26763
1.28764
1.30659
1.32455
1.34157
1.35766
1.37284
1.38706
1.40046
1.41451
1.42125
1.44029
1.14591
1.17085
1.19443
1.21674
1.23786
1.25786
1.27681
1.29476
1.31176
1.32785
1.34302
1.35723
1.37062
1.38467
1.3914
1.41044
1.11564
1.14058
1.16416
1.18646
1.20757
1.22757
1.24651
1.26446
1.28146
1.29754
1.31271
1.32691
1.34029
1.35434
1.36107
1.3801
1.0849
1.10984
1.13342
1.15572
1.17684
1.19684
1.21578
1.23374
1.25074
1.26683
1.28199
1.29619
1.30957
1.32363
1.33035
1.34939
1.05375
1.07869
1.10228
1.12459
1.14571
1.16571
1.18466
1.20262
1.21963
1.23572
1.25089
1.26509
1.27846
1.29253
1.29925
1.31828
1.02216
1.04712
1.07072
1.09305
1.11418
1.1342
1.15317
1.17114
1.18816
1.20427
1.21945
1.23366
1.24703
1.26111
1.26782
1.28685
0.990206
1.01518
1.0388
1.06113
1.08228
1.10232
1.12129
1.13928
1.15631
1.17242
1.18761
1.20182
1.21519
1.22928
1.23599
1.25501
0.957868
0.982871
1.00651
1.02887
1.05005
1.07011
1.08911
1.10712
1.12417
1.14031
1.15552
1.16974
1.18311
1.19722
1.20392
1.22294
0.925203
0.950232
0.973895
0.996281
1.01747
1.03755
1.05657
1.07459
1.09166
1.1078
1.12302
1.13725
1.1506
1.16472
1.1714
1.19041
0.89219
0.917259
0.940961
0.963386
0.984618
1.00473
1.02379
1.04185
1.05895
1.07513
1.09037
1.10462
1.11798
1.13214
1.1388
1.15781
0.858858
0.883969
0.907707
0.930163
0.951424
0.971562
0.990643
1.00872
1.02584
1.04202
1.05727
1.07152
1.08486
1.09902
1.10565
1.12466
0.825211
0.850368
0.874152
0.896654
0.917959
0.938142
0.957266
0.975384
0.992539
1.00876
1.02404
1.03831
1.05164
1.06584
1.07244
1.09145
0.791256
0.816462
0.840288
0.862826
0.884163
0.904373
0.923518
0.941653
0.958819
0.975047
0.990324
1.00458
1.01788
1.03211
1.03865
1.05766
0.757007
0.782262
0.806135
0.828722
0.850106
0.870364
0.889557
0.907736
0.924942
0.941203
0.956506
0.970772
0.984044
0.998318
1.0048
1.0238
0.722476
0.747783
0.771702
0.794327
0.815743
0.836024
0.855233
0.87342
0.890626
0.90688
0.922173
0.936422
0.949642
0.963968
0.970364
0.989383
0.687583
0.712927
0.736884
0.759548
0.781007
0.801333
0.820589
0.838822
0.856068
0.872353
0.887665
0.901911
0.915076
0.929453
0.935757
0.954772
0.652598
0.678007
0.70202
0.72473
0.74622
0.766564
0.785822
0.804042
0.821263
0.837517
0.852798
0.867011
0.880094
0.894542
0.900732
0.919765
0.617169
0.642587
0.666608
0.689329
0.710836
0.731205
0.750493
0.768748
0.786002
0.802279
0.817573
0.831779
0.844778
0.859302
0.86537
0.884397
0.581633
0.607128
0.631219
0.653998
0.675549
0.695941
0.715233
0.73347
0.750688
0.766921
0.782173
0.796337
0.809211
0.823844
0.829751
0.848817
0.545817
0.571288
0.595355
0.618112
0.639645
0.660027
0.679319
0.697562
0.714788
0.731023
0.746272
0.76042
0.773157
0.787887
0.793647
0.812687
0.509655
0.535168
0.559286
0.582097
0.603678
0.624092
0.643393
0.66162
0.678806
0.694987
0.710185
0.724293
0.736841
0.751745
0.757281
0.776398
0.473467
0.498925
0.522977
0.545716
0.567226
0.587577
0.606824
0.625009
0.642157
0.658295
0.673456
0.687548
0.699856
0.71493
0.720241
0.739359
0.436628
0.462028
0.486038
0.508751
0.530245
0.550583
0.56981
0.587955
0.605044
0.621107
0.636201
0.650292
0.662293
0.677649
0.6827
0.701852
0.399926
0.425212
0.44912
0.471728
0.493111
0.51333
0.532436
0.550465
0.567436
0.583375
0.598365
0.612473
0.624067
0.639665
0.644416
0.663643
0.362246
0.387269
0.410928
0.433317
0.454513
0.474574
0.493547
0.511459
0.528318
0.544127
0.558995
0.573227
0.584333
0.600317
0.604793
0.624047
0.324369
0.349052
0.372425
0.394567
0.415541
0.435393
0.454159
0.471869
0.488534
0.504136
0.518755
0.533106
0.543671
0.559939
0.564242
0.583522
0.285129
0.309063
0.331731
0.353223
0.373611
0.392946
0.41127
0.428613
0.444984
0.460335
0.474639
0.489105
0.499155
0.515494
0.5196
0.538895
0.24473
0.267591
0.289328
0.310009
0.329683
0.348382
0.36613
0.382946
0.398849
0.413802
0.42772
0.441786
0.451941
0.468038
0.472061
0.491309
0.200717
0.221416
0.241181
0.260106
0.278248
0.295635
0.312277
0.328178
0.343337
0.357728
0.3713
0.384615
0.395267
0.410247
0.41521
0.434075
0.154523
0.172613
0.190177
0.207189
0.223637
0.239517
0.254822
0.269543
0.283677
0.297222
0.310185
0.322674
0.334027
0.347125
0.352603
0.371121
0.0949747
0.106539
0.117862
0.129076
0.140235
0.15135
0.162403
0.173358
0.184178
0.194824
0.205265
0.215486
0.225331
0.237271
0.242904
0.26103
0.0467915
0.0547762
0.0627682
0.0707529
0.0787501
0.0867849
0.0948797
0.103058
0.111344
0.11976
0.128329
0.137059
0.145953
0.155465
0.164125
0.175071
)
;

boundaryField
{
    frontAndBack
    {
        type            empty;
    }
    inlet
    {
        type            zeroGradient;
    }
    outlet
    {
        type            fixedValue;
        value           uniform 0;
    }
    walls
    {
        type            zeroGradient;
    }
}


// ************************************************************************* //
