/*--------------------------------*- C++ -*----------------------------------*\
| =========                 |                                                 |
| \\      /  F ield         | OpenFOAM: The Open Source CFD Toolbox           |
|  \\    /   O peration     | Version:  v2012                                 |
|   \\  /    A nd           | Website:  www.openfoam.com                      |
|    \\/     M anipulation  |                                                 |
\*---------------------------------------------------------------------------*/
FoamFile
{
    version     2.0;
    format      ascii;
    class       volScalarField;
    location    "0.212";
    object      p;
}
// * * * * * * * * * * * * * * * * * * * * * * * * * * * * * * * * * * * * * //

dimensions      [0 2 -2 0 0 0 0];


internalField   nonuniform List<scalar> 
1900
(
-299.623
-300.722
-301.622
-302.283
-302.96
-303.727
-304.532
-305.361
-305.974
-306.577
-300.077
-300.876
-301.704
-302.38
-303.06
-303.821
-304.632
-305.47
-306.23
-307.05
-300.363
-300.928
-301.696
-302.409
-303.106
-303.867
-304.693
-305.577
-306.47
-307.715
-300.547
-300.991
-301.726
-302.468
-303.178
-303.94
-304.784
-305.709
-306.721
-308.095
-300.645
-301.039
-301.753
-302.505
-303.221
-303.986
-304.847
-305.807
-306.888
-308.277
-300.662
-301.061
-301.78
-302.535
-303.254
-304.027
-304.904
-305.889
-307.004
-308.371
-300.597
-301.056
-301.807
-302.557
-303.277
-304.06
-304.951
-305.951
-307.078
-308.402
-300.445
-301.036
-301.83
-302.557
-303.27
-304.065
-304.969
-305.979
-307.109
-308.391
-300.188
-301.03
-301.891
-302.579
-303.277
-304.077
-304.985
-305.995
-307.118
-308.36
-299.754
-300.929
-301.881
-302.562
-303.26
-304.073
-304.992
-306.009
-307.135
-308.357
-305.92
-318.28
-337.562
-339.208
-320.079
-286.053
-243.017
-198.246
-157.325
-122.521
-94.177
-71.7762
-54.3043
-40.7295
-30.1734
-21.8678
-15.2267
-9.85549
-5.49017
-1.90372
1.09912
3.6444
5.80613
7.63966
9.21081
10.5733
11.7547
12.7845
13.6752
14.4469
15.1179
15.7005
16.2051
16.6356
16.996
17.2984
17.5512
17.7589
17.9259
18.0542
18.1474
18.2088
18.2405
18.2459
18.2268
18.1838
18.1183
18.0326
17.9292
17.8099
17.6746
17.523
17.3563
17.1761
16.9831
16.7791
16.5645
16.3389
16.1023
15.8555
15.5993
15.3344
15.0615
14.7801
14.49
14.1914
13.885
13.5713
13.2502
12.9219
12.5866
12.2443
11.8949
11.5389
11.1762
10.8072
10.4317
10.0501
9.66205
9.26803
8.86793
8.46215
8.05045
7.6332
7.21017
6.78162
6.3475
5.90804
5.4633
5.01344
4.55856
4.09883
3.63414
3.16498
2.69015
2.21244
1.72484
1.24264
0.733536
0.279208
-309.337
-321.606
-333.412
-332.126
-313.079
-280.334
-239.749
-197.441
-158.325
-124.583
-96.6693
-74.2578
-56.5662
-42.676
-31.7813
-23.1514
-16.2317
-10.6407
-6.1
-2.37006
0.735629
3.34847
5.56471
7.44934
9.06026
10.4514
11.6528
12.6965
13.5976
14.3768
15.0513
15.6354
16.1375
16.5647
16.9278
17.2345
17.4913
17.7029
17.8734
18.0051
18.1017
18.1661
18.1994
18.206
18.1876
18.1451
18.08
17.995
17.8928
17.7746
17.64
17.4887
17.3224
17.1426
16.95
16.7463
16.5323
16.3073
16.0711
15.8246
15.5685
15.3039
15.0314
14.7501
14.4602
14.1618
13.8557
13.542
13.2212
12.893
12.5579
12.2156
11.8664
11.5103
11.1478
10.7787
10.4033
10.0216
9.6336
9.23953
8.83941
8.43357
8.02184
7.60451
7.18144
6.75285
6.31873
5.87928
5.43459
4.98482
4.5301
4.07059
3.60638
3.13768
2.6645
2.18742
1.70545
1.22185
0.72955
0.251891
-310.271
-317.92
-326.263
-324.072
-306.102
-275.372
-237.268
-197.132
-159.471
-126.583
-99.007
-76.5766
-58.6814
-44.5184
-33.3305
-24.4279
-17.2823
-11.5141
-6.82562
-2.96779
0.248225
2.94883
5.23091
7.17597
8.84599
10.2829
11.516
12.5833
13.5068
14.3044
14.9891
15.5788
16.0842
16.5134
16.8804
17.1899
17.448
17.6607
17.832
17.9645
18.0606
18.1226
18.1546
18.1617
18.1445
18.1031
18.0393
17.9557
17.8551
17.7389
17.6061
17.456
17.2909
17.1118
16.9198
16.7163
16.5019
16.2765
16.0404
15.794
15.5381
15.2737
15.0015
14.7206
14.4309
14.1329
13.8271
13.5136
13.193
12.8649
12.5299
12.1877
11.8386
11.4826
11.12
10.751
10.3755
9.99376
9.60574
9.21162
8.81144
8.4055
7.99371
7.57628
7.15316
6.72451
6.29038
5.85092
5.40628
4.95657
4.50201
4.04271
3.57899
3.11076
2.63927
2.1629
1.68653
1.20186
0.727117
0.223766
-310.492
-316.294
-321.939
-318.557
-301.089
-271.666
-235.201
-196.613
-160.106
-127.975
-100.758
-78.3797
-60.361
-45.9993
-34.5826
-25.4606
-18.1299
-12.2108
-7.39286
-3.42719
-0.130366
2.62878
4.95555
6.93482
8.63025
10.0859
11.3329
12.4114
13.3494
14.1622
14.8614
15.4641
15.9823
16.4272
16.8102
17.1326
17.4002
17.6201
17.7968
17.9329
18.0305
18.092
18.1241
18.1323
18.1157
18.0742
18.0102
17.9264
17.825
17.7073
17.5733
17.4233
17.2591
17.0803
16.8886
16.6856
16.4711
16.2457
16.01
15.7642
15.509
15.2448
14.972
14.6907
14.4012
14.1036
13.7981
13.4848
13.1643
12.8364
12.5015
12.1594
11.8103
11.4544
11.0918
10.7228
10.3472
9.9654
9.57726
9.18307
8.7828
8.37673
7.96483
7.54727
7.12409
6.69537
6.26125
5.82178
5.37722
4.92757
4.47321
4.01411
3.5509
3.08316
2.61336
2.13775
1.66709
1.18109
0.723995
0.196001
-310.518
-314.805
-318.111
-313.455
-296.275
-267.995
-233.032
-195.925
-160.557
-129.158
-102.292
-79.9792
-61.8636
-47.3311
-35.7157
-26.4042
-18.9091
-12.8523
-7.91887
-3.85532
-0.483247
2.33182
4.70476
6.72265
8.44737
9.92659
11.1943
12.2885
13.2382
14.0603
14.7686
15.377
15.8995
16.3455
16.7287
17.0523
17.3209
17.5417
17.7212
17.8614
17.9632
18.0308
18.0698
18.0835
18.0719
18.0355
17.9765
17.8968
17.7978
17.6805
17.5469
17.3982
17.235
17.0568
16.8653
16.6623
16.4477
16.2223
15.9865
15.7405
15.485
15.2201
14.9459
14.6635
14.3735
14.0756
13.7697
13.4559
13.135
12.8066
12.4714
12.1289
11.7796
11.4235
11.0608
10.6916
10.316
9.93401
9.54581
9.15161
8.75148
8.34552
7.93368
7.51612
7.093
6.66431
6.2303
5.79089
5.34649
4.89698
4.44287
3.98406
3.52138
3.0542
2.58603
2.11132
1.6459
1.15932
0.718406
0.171099
-310.4
-313.509
-315.041
-309.398
-292.508
-265.228
-231.493
-195.549
-161.045
-130.179
-103.568
-81.2928
-63.0957
-48.4235
-36.6405
-27.1724
-19.5466
-13.377
-8.34831
-4.20795
-0.775817
2.0859
4.49645
6.54529
8.29287
9.78871
11.072
12.1784
13.137
13.9653
14.6805
15.2956
15.8231
16.2738
16.6607
16.9894
17.2636
17.488
17.6678
17.8087
17.9126
17.9826
18.0225
18.0351
18.0216
17.9841
17.9246
17.8448
17.7458
17.6294
17.4972
17.35
17.1883
17.0121
16.8228
16.6216
16.4088
16.1851
15.9508
15.706
15.4514
15.1871
14.9137
14.632
14.3423
14.0442
13.738
13.4239
13.1026
12.7737
12.4382
12.0953
11.7457
11.3894
11.0265
10.6572
10.2816
9.89954
9.51145
9.11735
8.71736
8.31143
7.89969
7.48221
7.05923
6.63068
6.19685
5.7576
5.31341
4.86411
4.41031
3.95186
3.48972
3.02319
2.55648
2.0829
1.62173
1.13606
0.707816
0.152309
-310.21
-312.445
-312.667
-306.232
-289.501
-262.955
-230.134
-195.077
-161.265
-130.843
-104.474
-82.2747
-64.0421
-49.2779
-37.3789
-27.7946
-20.0702
-13.8159
-8.70771
-4.5032
-1.02714
1.86879
4.31321
6.39123
8.15703
9.66332
10.9594
12.0793
13.0468
13.8815
14.6012
15.2222
15.7563
16.2118
16.6011
16.9326
17.2087
17.4359
17.618
17.7599
17.8653
17.9376
17.9792
17.9927
17.9804
17.9447
17.887
17.8086
17.7105
17.5943
17.4619
17.3144
17.1521
16.9753
16.7849
16.5824
16.3686
16.1439
15.9086
15.6629
15.4074
15.1427
14.8691
14.5873
14.2974
13.9994
13.6934
13.3797
13.0589
12.7306
12.3957
12.0535
11.7045
11.3487
10.9865
10.6176
10.2426
9.86095
9.4734
9.07966
8.68003
8.27437
7.86299
7.44589
7.02325
6.59508
6.16159
5.72271
5.27883
4.8299
4.37646
3.91842
3.45684
2.991
2.52544
2.05316
1.59469
1.11177
0.690371
0.143277
-310.014
-311.622
-310.914
-303.872
-287.218
-261.198
-229.052
-194.665
-161.387
-131.32
-105.161
-83.0447
-64.8008
-49.965
-37.9792
-28.3179
-20.5165
-14.1821
-9.00797
-4.76061
-1.24803
1.68806
4.16499
6.25874
8.03418
9.55513
10.8684
11.9999
12.9705
13.8065
14.5323
15.1613
15.7007
16.1578
16.5464
16.879
17.1591
17.3895
17.5727
17.7142
17.8198
17.8936
17.937
17.9514
17.939
17.9031
17.8455
17.767
17.6687
17.5525
17.42
17.2724
17.1099
16.9331
16.7427
16.54
16.3262
16.1017
15.8663
15.6204
15.3645
15.0994
14.8255
14.5433
14.2529
13.9544
13.648
13.3338
13.0125
12.684
12.3488
12.0062
11.6569
11.301
10.9387
10.5699
10.1949
9.8134
9.42604
9.03263
8.63335
8.22821
7.8174
7.40094
6.97892
6.55143
6.1186
5.6804
5.23714
4.78883
4.33596
3.87849
3.41755
2.95243
2.48775
2.01696
1.55963
1.08118
0.660174
0.138641
-309.856
-311.036
-309.717
-302.257
-285.628
-259.948
-228.241
-194.298
-161.366
-131.532
-105.531
-83.4786
-65.2227
-50.3503
-38.3255
-28.6181
-20.7658
-14.3913
-9.19008
-4.91905
-1.37958
1.57999
4.06788
6.16763
7.95131
9.48078
10.7994
11.9332
12.9057
13.7451
14.4749
15.1067
15.6475
16.1057
16.4959
16.8307
17.1131
17.3445
17.5282
17.6704
17.7773
17.8527
17.8975
17.9124
17.9003
17.8649
17.8083
17.7309
17.6334
17.5178
17.3859
17.2388
17.0769
16.9006
16.7106
16.5083
16.2948
16.0705
15.8354
15.5896
15.3339
15.0692
14.7958
14.5141
14.2242
13.9261
13.6204
13.3069
12.9864
12.6586
12.3245
11.9825
11.6337
11.2782
10.9165
10.5482
10.1737
9.79263
9.40553
9.01235
8.6132
8.20801
7.79715
7.38061
6.95855
6.53099
6.09815
5.65991
5.21663
4.76829
4.31544
3.85808
3.39726
2.93226
2.46759
1.99757
1.53981
1.06573
0.639702
0.148964
-309.799
-310.776
-309.167
-301.515
-284.923
-259.447
-228.001
-194.311
-161.573
-131.867
-105.939
-83.9008
-65.6284
-50.7252
-38.6595
-28.9096
-21.0223
-14.621
-9.39523
-5.10008
-1.53918
1.44071
3.94189
6.0536
7.84612
9.37994
10.702
11.8404
12.8173
13.6592
14.3904
15.0239
15.5672
16.0278
16.4196
16.7555
17.0391
17.2719
17.4569
17.6003
17.7081
17.7844
17.8301
17.8459
17.8345
17.7999
17.744
17.6672
17.5703
17.4552
17.3238
17.1772
17.0157
16.84
16.6505
16.4486
16.2356
16.0118
15.7772
15.5318
15.2766
15.0122
14.7392
14.4578
14.1681
13.8702
13.5646
13.2512
12.9307
12.6029
12.2685
11.9274
11.579
11.2237
10.862
10.4939
10.1196
9.73883
9.35193
8.95901
8.56022
8.15562
7.74502
7.3287
6.90683
6.47941
6.04665
5.60846
5.16524
4.71689
4.26413
3.80678
3.34619
2.88158
2.41694
1.94791
1.48893
1.0201
0.591362
0.112924
-314.073
-315.342
-316.519
-316.763
-316.246
-314.976
-313.67
-313.762
-333.208
-334.724
-335.67
-336.006
-335.684
-334.97
-334.106
-333.757
-348.321
-351.157
-352.673
-353.239
-353.129
-352.819
-352.512
-352.172
-346.898
-350.263
-352.116
-352.862
-352.689
-352.174
-351.695
-351.058
-325.752
-328.651
-330.387
-330.946
-330.605
-329.869
-329.084
-328.157
-289.994
-292.05
-293.342
-293.795
-293.469
-292.521
-291.108
-289.508
-244.963
-246.036
-246.886
-247.287
-247.03
-246.001
-244.216
-242.158
-198.428
-198.459
-198.713
-198.928
-198.649
-197.568
-195.617
-193.374
-156.296
-155.6
-155.337
-155.242
-154.838
-153.722
-151.767
-149.56
-120.781
-119.659
-119.114
-118.842
-118.353
-117.25
-115.402
-113.359
-92.2152
-90.9887
-90.342
-89.9484
-89.3878
-88.3443
-86.6709
-84.8454
-69.8985
-68.7445
-68.1055
-67.6397
-67.0379
-66.0777
-64.6033
-63.0194
-52.647
-51.6366
-51.0483
-50.5826
-50.0016
-49.1369
-47.8578
-46.4956
-39.3532
-38.5179
-38.016
-37.5871
-37.0533
-36.2938
-35.2052
-34.0513
-29.0737
-28.3939
-27.9503
-27.5523
-27.0779
-26.4233
-25.5029
-24.5271
-21.0231
-20.482
-20.077
-19.696
-19.2785
-18.7189
-17.94
-17.0979
-14.5926
-14.1669
-13.8151
-13.4718
-13.1067
-12.6266
-11.965
-11.2073
-9.38152
-9.04895
-8.75559
-8.46071
-8.14332
-7.73066
-7.1682
-6.48961
-5.13241
-4.86917
-4.62374
-4.37076
-4.0943
-3.73656
-3.25441
-2.66632
-1.62929
-1.41712
-1.20942
-0.992352
-0.750903
-0.437816
-0.0186596
0.491616
1.32015
1.49449
1.67212
1.85496
2.06368
2.33805
2.70537
3.15186
3.83158
3.97662
4.13013
4.28581
4.46729
4.70887
5.0329
5.42682
5.96521
6.08686
6.21999
6.35725
6.51974
6.73612
7.02508
7.37576
7.77653
7.88269
8.00016
8.12355
8.27118
8.46709
8.72692
9.04162
9.33032
9.42427
9.52926
9.64104
9.77599
9.95454
10.1898
10.4743
10.6842
10.7713
10.8622
10.962
11.0852
11.2486
11.4628
11.722
11.8623
11.9484
12.0305
12.1205
12.2331
12.3826
12.5783
12.8153
12.882
12.9615
13.0377
13.1222
13.2275
13.3663
13.5464
13.7644
13.7626
13.8354
13.9063
13.9856
14.0845
14.214
14.3804
14.5818
14.525
14.5916
14.6574
14.732
14.8251
14.9462
15.1006
15.2875
15.1882
15.2495
15.3106
15.3808
15.4687
15.5824
15.7262
15.9005
15.7638
15.8199
15.8777
15.9445
16.028
16.1352
16.2696
16.4326
16.2642
16.3151
16.3691
16.4323
16.5114
16.6126
16.7384
16.8911
16.6917
16.7387
16.7893
16.8493
16.9245
17.0201
17.1381
17.2817
17.0494
17.0942
17.1429
17.2005
17.2725
17.3633
17.4745
17.6101
17.3491
17.3921
17.439
17.4945
17.5637
17.6504
17.7554
17.8837
17.5995
17.6407
17.6859
17.7393
17.8058
17.8886
17.988
18.1098
17.8051
17.8449
17.8886
17.9403
18.0043
18.0836
18.1779
18.2937
17.9702
18.0087
18.051
18.101
18.1628
18.2387
18.3284
18.4388
18.0968
18.1342
18.1753
18.2238
18.2836
18.3565
18.4419
18.5473
18.1883
18.2244
18.2644
18.3116
18.3694
18.4396
18.521
18.6219
18.2479
18.2829
18.3217
18.3675
18.4236
18.4912
18.569
18.6658
18.2783
18.3122
18.3501
18.3947
18.4492
18.5145
18.589
18.6821
18.2825
18.3155
18.3524
18.396
18.449
18.5121
18.5836
18.6732
18.2624
18.2947
18.3309
18.3734
18.425
18.4861
18.5547
18.6412
18.2188
18.2506
18.2861
18.3278
18.3781
18.4374
18.5033
18.5869
18.1529
18.1841
18.219
18.2599
18.309
18.3666
18.4302
18.511
18.0666
18.0973
18.1316
18.1717
18.2198
18.2758
18.3371
18.4154
17.9624
17.9925
18.0262
18.0657
18.1127
18.1672
18.2264
18.3024
17.8423
17.8719
17.905
17.9437
17.9897
18.0428
18.0999
18.1738
17.7064
17.7356
17.7682
17.8062
17.8513
17.903
17.9582
18.0301
17.5545
17.5834
17.6157
17.6531
17.6973
17.7478
17.8013
17.8713
17.3875
17.4161
17.448
17.4849
17.5284
17.5777
17.6296
17.6979
17.2069
17.2352
17.2667
17.3031
17.3458
17.394
17.4444
17.511
17.0137
17.0416
17.0728
17.1088
17.1508
17.198
17.247
17.3121
16.8092
16.8369
16.8678
16.9032
16.9445
16.9908
17.0384
17.1021
16.5942
16.6215
16.6519
16.6869
16.7275
16.7728
16.8191
16.8815
16.3682
16.3953
16.4254
16.4599
16.4998
16.5442
16.5893
16.6504
16.1314
16.1582
16.1881
16.2222
16.2616
16.3051
16.3491
16.409
15.8845
15.9111
15.9407
15.9744
16.0132
16.056
16.0988
16.1577
15.628
15.6544
15.6837
15.7171
15.7554
15.7974
15.8392
15.8971
15.3629
15.3891
15.4181
15.4512
15.4889
15.5302
15.571
15.6279
15.0896
15.1155
15.1443
15.1769
15.2141
15.2547
15.2946
15.3506
14.808
14.8337
14.8621
14.8944
14.9311
14.971
15.01
15.0651
14.5177
14.5432
14.5714
14.6034
14.6396
14.6789
14.7171
14.7714
14.219
14.2444
14.2725
14.3041
14.3399
14.3787
14.416
14.4696
13.9125
13.9377
13.9656
13.9969
14.0324
14.0705
14.1072
14.16
13.5986
13.6237
13.6513
13.6824
13.7174
13.755
13.7909
13.8431
13.2773
13.3022
13.3297
13.3605
13.3952
13.4323
13.4675
13.5191
12.949
12.9738
13.0011
13.0316
13.0659
13.1025
13.1371
13.188
12.6135
12.6382
12.6653
12.6956
12.7296
12.7658
12.7997
12.8501
12.2711
12.2957
12.3226
12.3527
12.3863
12.422
12.4554
12.5053
11.9217
11.9461
11.973
12.0029
12.0362
12.0715
12.1044
12.1537
11.5656
11.59
11.6167
11.6463
11.6793
11.7143
11.7466
11.7954
11.2028
11.2271
11.2537
11.2833
11.316
11.3506
11.3824
11.4309
10.8338
10.858
10.8845
10.9138
10.9462
10.9804
11.0117
11.0597
10.4583
10.4825
10.5089
10.538
10.5702
10.6041
10.635
10.6826
10.0765
10.1007
10.127
10.1559
10.1879
10.2214
10.2518
10.299
9.68852
9.71264
9.73885
9.76771
9.79941
9.83267
9.86265
9.90953
9.2945
9.31856
9.34468
9.37336
9.4048
9.43772
9.46726
9.51377
8.8944
8.91845
8.94451
8.97308
9.00431
9.03698
9.06615
9.11234
8.48862
8.51264
8.5386
8.56701
8.598
8.63035
8.65911
8.70495
8.07695
8.10096
8.12688
8.15517
8.18599
8.21811
8.24656
8.29213
7.65972
7.68371
7.70956
7.73773
7.76834
7.80019
7.82835
7.8737
7.23671
7.2607
7.28651
7.31458
7.34503
7.37668
7.40493
7.45072
6.80816
6.83211
6.85785
6.88579
6.91601
6.94735
6.97541
7.02131
6.37402
6.39793
6.42358
6.4514
6.48145
6.51255
6.54032
6.58598
5.93451
5.95836
5.98392
6.01159
6.04146
6.07233
6.09982
6.14523
5.48971
5.51347
5.53891
5.56641
5.59604
5.62666
5.65383
5.69891
5.03975
5.06342
5.08874
5.11609
5.14554
5.17595
5.20288
5.24775
4.5847
4.6082
4.63332
4.66043
4.68957
4.71966
4.74619
4.79064
4.12479
4.14813
4.17308
4.19999
4.22893
4.25882
4.28516
4.32952
3.65966
3.68263
3.70721
3.73374
3.76227
3.79178
3.8177
3.86165
3.19013
3.21278
3.23702
3.2632
3.29136
3.32051
3.34611
3.38982
2.71391
2.73547
2.75877
2.78413
2.81163
2.84032
2.86561
2.9092
2.23573
2.25687
2.27966
2.30443
2.33125
2.35925
2.38392
2.42683
1.74348
1.76112
1.78104
1.8036
1.82891
1.85614
1.88072
1.92465
1.2628
1.28123
1.30121
1.3231
1.34703
1.37227
1.39485
1.43517
0.739327
0.746896
0.757987
0.773182
0.792878
0.815959
0.834905
0.883325
0.302164
0.32022
0.336607
0.35174
0.366661
0.383732
0.400924
0.376905
)
;

boundaryField
{
    frontAndBack
    {
        type            empty;
    }
    inlet
    {
        type            zeroGradient;
    }
    outlet
    {
        type            fixedValue;
        value           uniform 0;
    }
    walls
    {
        type            zeroGradient;
    }
}


// ************************************************************************* //
