/*--------------------------------*- C++ -*----------------------------------*\
| =========                 |                                                 |
| \\      /  F ield         | OpenFOAM: The Open Source CFD Toolbox           |
|  \\    /   O peration     | Version:  v2012                                 |
|   \\  /    A nd           | Website:  www.openfoam.com                      |
|    \\/     M anipulation  |                                                 |
\*---------------------------------------------------------------------------*/
FoamFile
{
    version     2.0;
    format      ascii;
    class       volScalarField;
    location    "0.073";
    object      p;
}
// * * * * * * * * * * * * * * * * * * * * * * * * * * * * * * * * * * * * * //

dimensions      [0 2 -2 0 0 0 0];


internalField   nonuniform List<scalar> 
5600
(
-1.17266
-1.63081
-2.01121
-2.32979
-2.64066
-2.95093
-3.2522
-3.53399
-3.79708
-4.04713
-4.28378
-4.50848
-4.72294
-4.92917
-5.1294
-5.32514
-5.51759
-5.70731
-5.89451
-6.07925
-6.26186
-6.44211
-6.62008
-6.79661
-6.9714
-7.14504
-7.31732
-7.48827
-7.65836
-7.82798
-7.99713
-8.16574
-8.33372
-8.50144
-8.66917
-8.83601
-9.00073
-9.16326
-9.32328
-9.48033
-9.63488
-9.78753
-9.93829
-10.0883
-10.2378
-10.3867
-10.5349
-10.683
-10.8312
-10.9796
-11.1282
-11.277
-11.4258
-11.5747
-11.7236
-11.8727
-12.0217
-12.1709
-12.3197
-12.469
-12.6178
-12.7671
-12.9159
-13.0653
-13.2139
-13.3636
-13.5119
-13.6618
-13.8101
-13.9594
-14.1092
-14.2562
-14.4088
-14.5529
-14.7077
-14.8522
-15.0031
-15.1541
-15.2969
-15.4558
-15.593
-15.7532
-15.8944
-16.0467
-16.1986
-16.341
-16.5002
-16.6381
-16.8006
-16.9342
-17.0977
-17.2394
-17.3865
-17.5508
-17.6694
-17.8492
-17.9375
-18.0609
-18.1016
-17.8815
-1.23169
-1.65099
-2.02783
-2.34761
-2.65865
-2.96926
-3.27047
-3.55251
-3.81595
-4.06605
-4.30293
-4.52793
-4.74272
-4.94932
-5.14991
-5.34597
-5.5387
-5.72867
-5.91604
-6.10087
-6.28368
-6.46405
-6.64205
-6.81869
-6.99363
-7.1674
-7.33978
-7.51083
-7.68103
-7.85074
-8.01997
-8.18862
-8.35662
-8.52437
-8.69214
-8.85903
-9.02381
-9.1864
-9.34652
-9.50366
-9.65828
-9.81091
-9.96158
-10.1115
-10.261
-10.4099
-10.558
-10.7062
-10.8544
-11.0028
-11.1514
-11.3001
-11.4489
-11.5979
-11.7468
-11.8959
-12.0448
-12.194
-12.3429
-12.4921
-12.641
-12.7903
-12.9391
-13.0885
-13.2371
-13.3867
-13.5351
-13.6849
-13.8334
-13.9825
-14.1324
-14.2794
-14.4319
-14.5764
-14.7303
-14.876
-15.0257
-15.1776
-15.3203
-15.4784
-15.6174
-15.7748
-15.919
-16.069
-16.2223
-16.3645
-16.5228
-16.6624
-16.8224
-16.959
-17.1194
-17.264
-17.4101
-17.5719
-17.6956
-17.8669
-17.9664
-18.0784
-18.1341
-17.9174
-1.26994
-1.66362
-2.04057
-2.36097
-2.66985
-2.97797
-3.27809
-3.55973
-3.82292
-4.07273
-4.30931
-4.5344
-4.74922
-4.9558
-5.15642
-5.35251
-5.54527
-5.73523
-5.92259
-6.10745
-6.29028
-6.47068
-6.64888
-6.82549
-7.00038
-7.17413
-7.34644
-7.51744
-7.68757
-7.85723
-8.02639
-8.19504
-8.36306
-8.53082
-8.69861
-8.86548
-9.03022
-9.19276
-9.35274
-9.50977
-9.66429
-9.81711
-9.96811
-10.1183
-10.2678
-10.4168
-10.565
-10.7132
-10.8613
-11.0097
-11.1583
-11.307
-11.4558
-11.6048
-11.7537
-11.9028
-12.0517
-12.2009
-12.3498
-12.499
-12.6479
-12.7971
-12.9459
-13.0953
-13.244
-13.3936
-13.542
-13.6917
-13.8403
-13.9894
-14.1393
-14.2863
-14.4387
-14.5833
-14.7371
-14.8831
-15.0324
-15.1845
-15.3271
-15.485
-15.6243
-15.7813
-15.9263
-16.0753
-16.2292
-16.3711
-16.5294
-16.6692
-16.8287
-16.966
-17.1254
-17.2706
-17.4158
-17.5778
-17.7067
-17.8709
-17.9801
-18.0889
-18.1428
-17.9869
-1.31866
-1.6801
-2.05596
-2.37783
-2.68541
-2.99261
-3.2931
-3.57535
-3.83918
-4.08933
-4.32647
-4.55158
-4.76686
-4.97367
-5.17432
-5.37035
-5.56294
-5.75267
-5.93972
-6.12427
-6.30697
-6.48727
-6.66551
-6.84215
-7.01716
-7.19118
-7.36389
-7.53527
-7.70568
-7.87556
-8.04487
-8.2136
-8.38163
-8.54942
-8.7173
-8.88431
-9.04929
-9.21216
-9.37256
-9.53006
-9.68485
-9.83775
-9.98815
-10.138
-10.2875
-10.4363
-10.5845
-10.7326
-10.8808
-11.0292
-11.1778
-11.3266
-11.4754
-11.6244
-11.7733
-11.9224
-12.0714
-12.2205
-12.3694
-12.5186
-12.6675
-12.8167
-12.9656
-13.1149
-13.2637
-13.4131
-13.5618
-13.7112
-13.8601
-14.0089
-14.1588
-14.3063
-14.4575
-14.604
-14.7556
-14.9036
-15.0518
-15.2037
-15.3484
-15.5024
-15.6468
-15.7988
-15.9474
-16.0954
-16.2482
-16.3932
-16.5466
-16.6925
-16.8454
-16.9895
-17.1427
-17.2927
-17.4382
-17.5933
-17.7317
-17.8845
-18.0056
-18.1095
-18.1689
-18.0754
-1.36829
-1.69722
-2.0717
-2.39602
-2.702
-3.00838
-3.30856
-3.59062
-3.85448
-4.10444
-4.34179
-4.56666
-4.78213
-4.98917
-5.19003
-5.38624
-5.57898
-5.76887
-5.95604
-6.14068
-6.32338
-6.50372
-6.68191
-6.8584
-7.03326
-7.20709
-7.3795
-7.55072
-7.72096
-7.89075
-8.05998
-8.22863
-8.39671
-8.56456
-8.73252
-8.89959
-9.06459
-9.22744
-9.38765
-9.54488
-9.6994
-9.85181
-10.0032
-10.1535
-10.3031
-10.4519
-10.6002
-10.7483
-10.8965
-11.0449
-11.1934
-11.3422
-11.491
-11.6399
-11.7888
-11.9379
-12.0869
-12.236
-12.385
-12.5341
-12.6831
-12.8322
-12.9812
-13.1304
-13.2793
-13.4285
-13.5774
-13.7266
-13.8758
-14.0244
-14.1742
-14.3223
-14.4724
-14.6204
-14.7702
-14.9198
-15.0671
-15.2185
-15.3651
-15.516
-15.664
-15.8127
-15.9638
-16.1108
-16.2627
-16.4097
-16.5603
-16.7092
-16.8584
-17.0068
-17.1565
-17.3079
-17.4545
-17.6049
-17.7546
-17.8933
-18.0293
-18.1326
-18.2035
-18.1731
-1.41832
-1.71654
-2.08899
-2.41627
-2.72062
-3.02605
-3.32586
-3.60791
-3.87202
-4.12218
-4.35976
-4.58496
-4.80073
-5.00803
-5.20909
-5.40542
-5.59826
-5.78814
-5.97536
-6.16005
-6.34257
-6.52289
-6.70115
-6.87768
-7.0526
-7.22651
-7.39889
-7.57014
-7.7405
-7.91015
-8.07941
-8.24802
-8.41603
-8.58375
-8.75154
-8.91844
-9.08343
-9.24649
-9.40705
-9.56466
-9.71966
-9.87248
-10.0236
-10.1734
-10.3229
-10.4718
-10.62
-10.7682
-10.9163
-11.0647
-11.2133
-11.3621
-11.5109
-11.6598
-11.8088
-11.9578
-12.1069
-12.2559
-12.405
-12.554
-12.7031
-12.8521
-13.0012
-13.1502
-13.2994
-13.4483
-13.5976
-13.7464
-13.8957
-14.0446
-14.1936
-14.3432
-14.491
-14.6416
-14.7895
-14.9398
-15.088
-15.2368
-15.3878
-15.5334
-15.686
-15.8323
-15.9836
-16.1322
-16.2809
-16.4323
-16.5777
-16.7326
-16.8766
-17.0287
-17.1766
-17.3273
-17.4783
-17.6214
-17.7805
-17.9119
-18.0515
-18.1612
-18.2482
-18.2761
-1.46774
-1.73836
-2.10807
-2.43856
-2.74145
-3.04584
-3.34536
-3.62748
-3.89177
-4.14207
-4.37975
-4.60518
-4.82104
-5.02851
-5.22967
-5.42613
-5.61902
-5.80893
-5.99617
-6.18089
-6.36343
-6.5438
-6.72208
-6.89863
-7.07361
-7.24749
-7.41992
-7.59117
-7.76161
-7.93114
-8.10044
-8.26913
-8.43719
-8.60492
-8.77266
-8.93948
-9.10444
-9.26742
-9.42783
-9.58532
-9.74013
-9.89275
-10.0438
-10.1942
-10.3439
-10.4928
-10.6411
-10.7892
-10.9374
-11.0857
-11.2343
-11.383
-11.5319
-11.6807
-11.8297
-11.9787
-12.1278
-12.2768
-12.4259
-12.5749
-12.724
-12.873
-13.0222
-13.1711
-13.3204
-13.4691
-13.6185
-13.7673
-13.9165
-14.0656
-14.2142
-14.3644
-14.5117
-14.6628
-14.8103
-14.9606
-15.1093
-15.257
-15.4091
-15.5541
-15.7071
-15.8536
-16.0041
-16.1532
-16.3014
-16.4524
-16.5985
-16.7533
-16.8972
-17.0504
-17.1974
-17.3477
-17.4974
-17.6422
-17.8011
-17.9343
-18.0762
-18.1955
-18.3004
-18.3852
-1.51471
-1.76285
-2.12948
-2.46302
-2.76471
-3.06809
-3.36741
-3.6496
-3.914
-4.1644
-4.40217
-4.62782
-4.84378
-5.05142
-5.25273
-5.44933
-5.64231
-5.83225
-6.0195
-6.20427
-6.38682
-6.56719
-6.74547
-6.92202
-7.09705
-7.2709
-7.44337
-7.61463
-7.78506
-7.95466
-8.12395
-8.29265
-8.46073
-8.62848
-8.79626
-8.96304
-9.12789
-9.29073
-9.45108
-9.60869
-9.76372
-9.91684
-10.0678
-10.2179
-10.3676
-10.5165
-10.6647
-10.8128
-10.9611
-11.1095
-11.2581
-11.4068
-11.5556
-11.7045
-11.8535
-12.0025
-12.1515
-12.3005
-12.4496
-12.5986
-12.7478
-12.8967
-13.0459
-13.1948
-13.3441
-13.4929
-13.6422
-13.7911
-13.9402
-14.0894
-14.2381
-14.388
-14.5357
-14.6863
-14.8344
-14.984
-15.133
-15.281
-15.4324
-15.5786
-15.7303
-15.8779
-16.0275
-16.1769
-16.3255
-16.4759
-16.6234
-16.7763
-16.922
-17.074
-17.2216
-17.3715
-17.522
-17.6689
-17.8241
-17.9622
-18.1052
-18.2341
-18.3592
-18.5015
-1.55769
-1.78992
-2.15382
-2.4898
-2.79061
-3.09316
-3.39236
-3.67456
-3.93904
-4.18954
-4.42739
-4.65321
-4.86925
-5.07703
-5.27844
-5.47512
-5.66815
-5.8581
-6.04534
-6.23015
-6.4127
-6.59305
-6.77133
-6.94789
-7.12295
-7.29678
-7.46929
-7.64057
-7.81102
-7.98066
-8.14991
-8.31862
-8.48674
-8.65451
-8.8223
-8.98903
-9.15377
-9.31657
-9.47692
-9.63451
-9.78945
-9.9419
-10.0935
-10.2437
-10.3934
-10.5423
-10.6906
-10.8387
-10.987
-11.1354
-11.284
-11.4327
-11.5815
-11.7304
-11.8794
-12.0284
-12.1774
-12.3264
-12.4755
-12.6245
-12.7736
-12.9226
-13.0718
-13.2207
-13.3699
-13.5188
-13.6681
-13.817
-13.9661
-14.1152
-14.264
-14.4137
-14.5618
-14.7119
-14.8604
-15.0098
-15.1589
-15.3071
-15.4579
-15.6049
-15.7556
-15.904
-16.0533
-16.2028
-16.3515
-16.5015
-16.6495
-16.8014
-16.9483
-17.0993
-17.2476
-17.3974
-17.5473
-17.6945
-17.8495
-17.9917
-18.137
-18.2769
-18.424
-18.619
-1.59488
-1.81911
-2.18167
-2.51907
-2.81935
-3.12145
-3.42062
-3.70278
-3.9673
-4.21789
-4.45577
-4.6817
-4.89777
-5.10561
-5.30708
-5.50383
-5.69688
-5.88686
-6.07409
-6.25894
-6.44149
-6.62182
-6.8001
-6.97667
-7.15176
-7.32556
-7.49809
-7.66937
-7.83984
-8.00952
-8.17873
-8.34746
-8.5156
-8.68338
-8.85118
-9.01788
-9.18259
-9.34535
-9.50566
-9.66324
-9.81832
-9.9712
-10.1226
-10.2728
-10.4223
-10.5713
-10.7196
-10.8677
-11.016
-11.1644
-11.313
-11.4617
-11.6105
-11.7594
-11.9084
-12.0574
-12.2064
-12.3554
-12.5045
-12.6535
-12.8026
-12.9517
-13.1007
-13.2498
-13.3989
-13.5479
-13.697
-13.846
-13.9951
-14.1442
-14.2931
-14.4426
-14.591
-14.7407
-14.8895
-15.0387
-15.1878
-15.3363
-15.4866
-15.6343
-15.7844
-15.9331
-16.0823
-16.2317
-16.3807
-16.5304
-16.6789
-16.83
-16.9778
-17.1282
-17.277
-17.4267
-17.5769
-17.7256
-17.879
-18.0247
-18.1734
-18.3245
-18.4942
-18.7351
-1.62223
-1.84841
-2.21209
-2.54942
-2.84959
-3.15183
-3.45108
-3.73311
-3.99763
-4.24828
-4.48614
-4.71207
-4.92811
-5.13595
-5.33743
-5.53418
-5.72724
-5.91722
-6.10445
-6.28933
-6.47184
-6.65214
-6.83041
-7.00698
-7.18209
-7.35588
-7.52839
-7.69967
-7.87018
-8.03987
-8.20905
-8.37778
-8.54593
-8.71372
-8.88153
-9.04821
-9.21294
-9.3757
-9.53598
-9.69353
-9.84854
-10.0013
-10.1527
-10.3029
-10.4524
-10.6015
-10.7497
-10.8979
-11.0461
-11.1946
-11.3431
-11.4918
-11.6407
-11.7895
-11.9385
-12.0875
-12.2366
-12.3856
-12.5347
-12.6837
-12.8328
-12.9818
-13.1309
-13.2799
-13.429
-13.578
-13.7272
-13.8762
-14.0253
-14.1744
-14.3233
-14.4727
-14.6213
-14.7708
-14.9197
-15.0689
-15.218
-15.3666
-15.5165
-15.6647
-15.8144
-15.9634
-16.1125
-16.2618
-16.411
-16.5604
-16.7093
-16.8598
-17.0081
-17.1581
-17.3073
-17.4569
-17.6071
-17.756
-17.9094
-18.0586
-18.2113
-18.3732
-18.5644
-18.842
-1.63702
-1.87505
-2.24215
-2.57788
-2.87837
-3.18136
-3.4808
-3.7626
-4.0271
-4.27778
-4.51555
-4.74138
-4.95733
-5.1651
-5.36653
-5.56325
-5.75627
-5.94624
-6.13345
-6.31837
-6.50084
-6.68109
-6.85933
-7.03591
-7.21104
-7.38481
-7.55731
-7.72857
-7.89913
-8.06883
-8.23798
-8.4067
-8.57485
-8.74267
-8.91047
-9.07713
-9.2419
-9.40469
-9.56497
-9.72252
-9.87754
-10.0304
-10.1817
-10.3319
-10.4816
-10.6305
-10.7788
-10.9269
-11.0751
-11.2235
-11.3721
-11.5208
-11.6696
-11.8185
-11.9675
-12.1165
-12.2656
-12.4146
-12.5637
-12.7127
-12.8618
-13.0108
-13.1599
-13.3089
-13.458
-13.607
-13.7561
-13.9052
-14.0543
-14.2034
-14.3523
-14.5016
-14.6504
-14.7997
-14.9487
-15.0978
-15.2469
-15.3957
-15.5453
-15.6939
-15.8433
-15.9924
-16.1415
-16.2907
-16.4401
-16.5893
-16.7385
-16.8886
-17.0373
-17.1871
-17.3364
-17.4862
-17.6364
-17.7862
-17.9396
-18.091
-18.2476
-18.4187
-18.6277
-18.9318
-1.64073
-1.89862
-2.27019
-2.60323
-2.90443
-3.20853
-3.50822
-3.78975
-4.05419
-4.3049
-4.54253
-4.7682
-4.98403
-5.19166
-5.39298
-5.58963
-5.7826
-5.97257
-6.15975
-6.34472
-6.52712
-6.70733
-6.88553
-7.06211
-7.23725
-7.411
-7.58346
-7.75468
-7.92529
-8.09499
-8.26413
-8.43283
-8.60095
-8.7688
-8.93659
-9.10328
-9.26816
-9.43098
-9.59122
-9.74874
-9.90372
-10.0565
-10.2077
-10.3579
-10.5075
-10.6564
-10.8046
-10.9528
-11.101
-11.2494
-11.398
-11.5467
-11.6955
-11.8444
-11.9934
-12.1424
-12.2915
-12.4405
-12.5895
-12.7386
-12.8877
-13.0367
-13.1858
-13.3348
-13.4839
-13.633
-13.782
-13.9311
-14.0802
-14.2292
-14.3782
-14.5275
-14.6764
-14.8256
-14.9747
-15.1237
-15.2728
-15.4217
-15.5711
-15.7199
-15.8691
-16.0183
-16.1674
-16.3166
-16.4661
-16.6151
-16.7646
-16.9144
-17.0633
-17.213
-17.3623
-17.5123
-17.6622
-17.8126
-17.9657
-18.1197
-18.2795
-18.4582
-18.6811
-19.0038
-1.63566
-1.91995
-2.29616
-2.62588
-2.92814
-3.2335
-3.53349
-3.81467
-4.07904
-4.32975
-4.56723
-4.79269
-5.00839
-5.21586
-5.41705
-5.61358
-5.8065
-5.99646
-6.18359
-6.36861
-6.55093
-6.73112
-6.90928
-7.08586
-7.26101
-7.43472
-7.60716
-7.77836
-7.949
-8.11867
-8.2878
-8.45648
-8.6246
-8.79242
-8.96015
-9.12685
-9.29189
-9.45489
-9.6151
-9.77253
-9.92747
-10.0803
-10.2315
-10.3817
-10.5313
-10.6802
-10.8285
-10.9766
-11.1247
-11.2731
-11.4217
-11.5704
-11.7192
-11.8682
-12.0171
-12.1661
-12.3152
-12.4642
-12.6133
-12.7623
-12.9114
-13.0604
-13.2095
-13.3585
-13.5076
-13.6567
-13.8057
-13.9548
-14.1039
-14.253
-14.402
-14.5511
-14.7001
-14.8493
-14.9984
-15.1474
-15.2965
-15.4455
-15.5947
-15.7438
-15.8927
-16.0421
-16.1911
-16.3403
-16.4899
-16.6387
-16.7885
-16.9378
-17.0872
-17.2367
-17.3861
-17.5363
-17.686
-17.8374
-17.9903
-18.1463
-18.3079
-18.4932
-18.7262
-19.0629
-1.62433
-1.9394
-2.31979
-2.64611
-2.94968
-3.25639
-3.55678
-3.83761
-4.10189
-4.35255
-4.58986
-4.81503
-5.03054
-5.23783
-5.43889
-5.63528
-5.82812
-6.01805
-6.20513
-6.39016
-6.5724
-6.75255
-6.93065
-7.10723
-7.28237
-7.45608
-7.6284
-7.7997
-7.97036
-8.13998
-8.30908
-8.47773
-8.64583
-8.8137
-8.98152
-9.14826
-9.31337
-9.47647
-9.63666
-9.79397
-9.9488
-10.1015
-10.2526
-10.4027
-10.5522
-10.701
-10.8493
-10.9974
-11.1456
-11.294
-11.4426
-11.5913
-11.7402
-11.8891
-12.0381
-12.1871
-12.3361
-12.4851
-12.6342
-12.7833
-12.9323
-13.0814
-13.2304
-13.3795
-13.5286
-13.6776
-13.8267
-13.9757
-14.1248
-14.2739
-14.4229
-14.5721
-14.7211
-14.8702
-15.0194
-15.1684
-15.3175
-15.4664
-15.6156
-15.7647
-15.9137
-16.0631
-16.2119
-16.3614
-16.5106
-16.6598
-16.8096
-16.9586
-17.1084
-17.2573
-17.4073
-17.557
-17.7072
-17.8582
-18.0109
-18.1688
-18.3323
-18.5235
-18.7633
-19.111
-1.60879
-1.95738
-2.34102
-2.66428
-2.96923
-3.27716
-3.57803
-3.85853
-4.1228
-4.3734
-4.61061
-4.83551
-5.05074
-5.25781
-5.45878
-5.65504
-5.84788
-6.03771
-6.22489
-6.40991
-6.59214
-6.7722
-6.95025
-7.12676
-7.30181
-7.47552
-7.64782
-7.81925
-7.98986
-8.1595
-8.32862
-8.4973
-8.66552
-8.83354
-9.00153
-9.16841
-9.3335
-9.49647
-9.65654
-9.81377
-9.96853
-10.1212
-10.2723
-10.4225
-10.5722
-10.721
-10.8693
-11.0174
-11.1656
-11.314
-11.4626
-11.6113
-11.7601
-11.909
-12.058
-12.207
-12.356
-12.5051
-12.6541
-12.8032
-12.9522
-13.1013
-13.2503
-13.3994
-13.5485
-13.6975
-13.8466
-13.9957
-14.1447
-14.2938
-14.4428
-14.592
-14.741
-14.8901
-15.0393
-15.1883
-15.3374
-15.4862
-15.6357
-15.7845
-15.9337
-16.083
-16.2318
-16.3815
-16.5302
-16.6801
-16.8291
-16.9787
-17.1284
-17.2771
-17.4274
-17.5767
-17.7277
-17.8781
-18.0333
-18.1904
-18.3551
-18.5492
-18.794
-19.1492
-1.59006
-1.97407
-2.36008
-2.68113
-2.98741
-3.29624
-3.59733
-3.87735
-4.14157
-4.39196
-4.62884
-4.85401
-5.06877
-5.27545
-5.4762
-5.67227
-5.86497
-6.05465
-6.24188
-6.42676
-6.60901
-6.78912
-6.96732
-7.14399
-7.31918
-7.49306
-7.66557
-7.83708
-8.00769
-8.17736
-8.34647
-8.51509
-8.68328
-8.85124
-9.01911
-9.18583
-9.3507
-9.51341
-9.67326
-9.83026
-9.98479
-10.1373
-10.2882
-10.4382
-10.5877
-10.7365
-10.8847
-11.0328
-11.181
-11.3294
-11.478
-11.6268
-11.7756
-11.9245
-12.0735
-12.2225
-12.3716
-12.5206
-12.6697
-12.8187
-12.9678
-13.1168
-13.2659
-13.415
-13.564
-13.7131
-13.8622
-14.0112
-14.1603
-14.3094
-14.4584
-14.6076
-14.7565
-14.9057
-15.0548
-15.2038
-15.353
-15.5018
-15.6513
-15.7999
-15.9494
-16.0984
-16.2474
-16.3971
-16.5456
-16.6959
-16.8444
-16.9945
-17.1437
-17.2927
-17.443
-17.5922
-17.7434
-17.893
-18.0484
-18.2042
-18.3743
-18.5698
-18.8191
-19.1786
-1.5692
-1.98841
-2.37566
-2.69608
-3.00429
-3.31472
-3.61614
-3.89569
-4.15994
-4.41018
-4.64682
-4.87225
-5.08667
-5.29323
-5.49398
-5.69017
-5.88305
-6.07308
-6.26064
-6.44576
-6.6282
-6.80834
-6.98664
-7.16333
-7.33845
-7.51211
-7.68441
-7.85578
-8.02632
-8.19597
-8.36511
-8.5338
-8.70201
-8.86997
-9.03783
-9.20457
-9.36946
-9.53218
-9.69208
-9.84919
-10.0038
-10.1565
-10.3075
-10.4577
-10.6073
-10.7562
-10.9044
-11.0526
-11.2008
-11.3492
-11.4977
-11.6465
-11.7953
-11.9442
-12.0932
-12.2422
-12.3912
-12.5402
-12.6893
-12.8383
-12.9874
-13.1365
-13.2855
-13.4346
-13.5837
-13.7327
-13.8818
-14.0308
-14.1799
-14.329
-14.478
-14.6272
-14.7761
-14.9253
-15.0744
-15.2235
-15.3726
-15.5214
-15.6709
-15.8195
-15.9691
-16.1179
-16.2671
-16.4167
-16.5652
-16.7157
-16.8638
-17.0144
-17.1631
-17.3126
-17.4625
-17.612
-17.7632
-17.9131
-18.0696
-18.2255
-18.3952
-18.5894
-18.8409
-19.2017
-1.5546
-2.00299
-2.38791
-2.70562
-3.01465
-3.32686
-3.6288
-3.90781
-4.17222
-4.42246
-4.65898
-4.88404
-5.09827
-5.30472
-5.50535
-5.70144
-5.8942
-6.08411
-6.27155
-6.45648
-6.63861
-6.81835
-6.99644
-7.17294
-7.34793
-7.52147
-7.69355
-7.8648
-8.03523
-8.20479
-8.37385
-8.54245
-8.71059
-8.87847
-9.04625
-9.21287
-9.3776
-9.54015
-9.69987
-9.85678
-10.0113
-10.1637
-10.3146
-10.4646
-10.6142
-10.763
-10.9112
-11.0593
-11.2075
-11.3559
-11.5045
-11.6533
-11.8021
-11.951
-12.1
-12.249
-12.398
-12.5471
-12.6961
-12.8452
-12.9943
-13.1433
-13.2924
-13.4414
-13.5905
-13.7396
-13.8886
-14.0377
-14.1867
-14.3358
-14.4849
-14.634
-14.783
-14.9322
-15.0812
-15.2303
-15.3795
-15.5282
-15.6778
-15.8263
-15.976
-16.1248
-16.274
-16.4235
-16.5721
-16.7225
-16.8706
-17.0213
-17.1699
-17.3195
-17.4693
-17.6188
-17.7699
-17.9196
-18.0759
-18.2312
-18.4031
-18.599
-18.8535
-19.2153
-1.52412
-2.01781
-2.41152
-2.72977
-3.039
-3.35172
-3.6544
-3.93247
-4.19719
-4.44754
-4.68395
-4.90883
-5.12286
-5.329
-5.52937
-5.72523
-5.91781
-6.10757
-6.29492
-6.47976
-6.66193
-6.84172
-7.0198
-7.19629
-7.37122
-7.54473
-7.71682
-7.88801
-8.05839
-8.22792
-8.39696
-8.56556
-8.73368
-8.90155
-9.0693
-9.2359
-9.40063
-9.56316
-9.72289
-9.87982
-10.0343
-10.1868
-10.3378
-10.4878
-10.6374
-10.7862
-10.9344
-11.0826
-11.2308
-11.3791
-11.5277
-11.6765
-11.8253
-11.9742
-12.1232
-12.2722
-12.4212
-12.5703
-12.7193
-12.8684
-13.0175
-13.1665
-13.3156
-13.4646
-13.6137
-13.7628
-13.9118
-14.0609
-14.2099
-14.359
-14.5081
-14.6572
-14.8062
-14.9554
-15.1044
-15.2535
-15.4026
-15.5514
-15.701
-15.8495
-15.9992
-16.1479
-16.2973
-16.4466
-16.5953
-16.7457
-16.8938
-17.0446
-17.1929
-17.3429
-17.4924
-17.6421
-17.7931
-17.943
-18.0993
-18.2548
-18.4265
-18.6214
-18.8752
-19.2359
-17.9189
-20.0706
-23.3447
-25.0757
-25.9951
-26.0317
-25.1281
-21.6963
-15.2441
-8.53416
-4.54738
-2.4816
-1.50305
-0.790972
-8.59791e-06
0.792031
1.41968
1.84806
2.1354
2.33
2.46298
2.55393
2.61531
2.65372
2.67317
2.67775
2.671
2.65673
2.6355
2.60602
2.57038
2.53327
2.49703
2.46461
2.43298
2.39955
2.36285
2.32749
2.29228
2.2565
2.22059
2.18456
2.14843
2.11228
2.07609
2.03987
2.00363
1.96738
1.93112
1.89487
1.85861
1.82235
1.78609
1.74984
1.71358
1.67732
1.64106
1.6048
1.56855
1.53229
1.49603
1.45977
1.42351
1.38725
1.35099
1.31473
1.27848
1.24222
1.20596
1.1697
1.13344
1.09718
1.06092
1.02467
0.988406
0.952148
0.915891
0.879634
0.843375
0.807115
0.770856
0.734598
0.698339
0.662078
0.625813
0.589544
0.553269
0.516984
0.480678
0.444335
0.407923
0.371393
0.334655
0.297563
0.259807
0.221009
0.180051
0.136601
0.0860948
0.0352896
-17.9988
-20.0452
-23.2086
-24.9392
-25.8605
-25.8621
-24.9004
-21.4661
-15.1719
-8.64578
-4.83338
-2.82182
-1.79092
-0.993932
-0.116749
0.736169
1.39794
1.84239
2.1338
2.32737
2.45804
2.54664
2.60605
2.64307
2.66162
2.66555
2.65841
2.64396
2.6224
2.5927
2.55702
2.52028
2.4848
2.45239
2.42042
2.38613
2.35016
2.31485
2.27956
2.2438
2.20787
2.17182
2.13567
2.09952
2.06332
2.0271
1.99086
1.9546
1.91835
1.88209
1.84584
1.80958
1.77332
1.73706
1.7008
1.66455
1.62829
1.59203
1.55577
1.51951
1.48325
1.447
1.41074
1.37448
1.33822
1.30196
1.2657
1.22944
1.19318
1.15692
1.12066
1.08441
1.04815
1.01189
0.975632
0.939374
0.903117
0.86686
0.830601
0.794341
0.758082
0.721824
0.685566
0.649306
0.613042
0.576774
0.540503
0.504223
0.467928
0.431601
0.395221
0.358748
0.32211
0.285192
0.247747
0.209474
0.169483
0.127498
0.079871
0.0319168
-18.1246
-20.0586
-23.0679
-24.7731
-25.6711
-25.6284
-24.5835
-21.213
-15.0155
-8.76032
-5.13995
-3.19482
-2.11195
-1.22117
-0.24642
0.675393
1.37457
1.83682
2.13272
2.32495
2.45287
2.53875
2.59591
2.63137
2.64893
2.65214
2.64456
2.6299
2.608
2.57798
2.54234
2.50582
2.47116
2.43891
2.40642
2.37144
2.33614
2.3009
2.26545
2.22973
2.19378
2.15771
2.12154
2.08539
2.04919
2.01296
1.97671
1.94046
1.90421
1.86795
1.83169
1.79544
1.75918
1.72292
1.68666
1.6504
1.61414
1.57789
1.54163
1.50537
1.46911
1.43285
1.3966
1.36034
1.32408
1.28782
1.25156
1.2153
1.17904
1.14278
1.10652
1.07027
1.03401
0.997749
0.96149
0.925232
0.888975
0.852717
0.816458
0.780199
0.74394
0.707682
0.671424
0.635165
0.598902
0.562636
0.526368
0.490095
0.45381
0.417504
0.38116
0.34475
0.308223
0.271499
0.234403
0.19672
0.157807
0.117463
0.0730388
0.0282377
-18.2678
-20.0963
-22.9094
-24.5928
-25.4137
-25.3076
-24.1562
-20.8799
-14.7514
-8.90434
-5.47404
-3.60578
-2.47271
-1.4758
-0.390488
0.609234
1.34965
1.83155
2.13239
2.32288
2.44752
2.53024
2.58484
2.61853
2.63499
2.63741
2.62934
2.61443
2.59216
2.56182
2.52621
2.48971
2.45585
2.42401
2.39072
2.35547
2.32069
2.28545
2.24987
2.21415
2.17818
2.14209
2.10589
2.06974
2.03354
1.9973
1.96106
1.9248
1.88855
1.85229
1.81604
1.77978
1.74352
1.70726
1.671
1.63474
1.59849
1.56223
1.52597
1.48971
1.45345
1.41719
1.38094
1.34468
1.30842
1.27216
1.2359
1.19964
1.16338
1.12712
1.09086
1.05461
1.01835
0.98209
0.945831
0.909573
0.873316
0.837059
0.8008
0.76454
0.728282
0.692024
0.655767
0.619507
0.583246
0.546983
0.510719
0.474453
0.43818
0.401896
0.365592
0.329252
0.29285
0.256344
0.219636
0.182612
0.144902
0.10639
0.0655192
0.0242175
-18.4142
-20.1416
-22.737
-24.3785
-25.0905
-24.8831
-23.5956
-20.3498
-14.4484
-9.08758
-5.83896
-4.06072
-2.88037
-1.76159
-0.550696
0.537297
1.32374
1.82718
2.13321
2.3214
2.44207
2.52111
2.57278
2.60447
2.6197
2.62123
2.61261
2.59738
2.57472
2.54406
2.50847
2.47191
2.43864
2.40744
2.37334
2.33803
2.30356
2.26829
2.23268
2.19691
2.16091
2.1248
2.08877
2.05244
2.01622
1.97998
1.94373
1.90747
1.87122
1.83496
1.7987
1.76244
1.72618
1.68993
1.65367
1.61741
1.58115
1.54489
1.50864
1.47238
1.43612
1.39986
1.3636
1.32734
1.29108
1.25482
1.21857
1.18231
1.14605
1.10979
1.07353
1.03727
1.00101
0.964755
0.928496
0.892238
0.855981
0.819724
0.783465
0.747206
0.710947
0.67469
0.638433
0.602174
0.565914
0.529654
0.493395
0.457136
0.420877
0.384618
0.348357
0.312096
0.275833
0.239569
0.203293
0.167001
0.130627
0.0941552
0.0572134
0.019809
-18.5755
-20.1781
-22.5515
-24.1114
-24.7087
-24.3616
-22.8979
-19.6302
-14.1778
-9.27636
-6.23284
-4.56735
-3.34387
-2.08324
-0.728953
0.459198
1.29758
1.82453
2.13571
2.3208
2.43665
2.51136
2.55967
2.58909
2.60293
2.60349
2.59422
2.5786
2.55551
2.52454
2.48897
2.45237
2.41932
2.38883
2.35428
2.31884
2.28453
2.24932
2.2137
2.17785
2.14178
2.10562
2.06912
2.03322
1.99701
1.96077
1.92452
1.88827
1.85201
1.81575
1.7795
1.74324
1.70698
1.67072
1.63446
1.5982
1.56195
1.52569
1.48943
1.45317
1.41691
1.38066
1.3444
1.30814
1.27188
1.23562
1.19936
1.1631
1.12684
1.09058
1.05432
1.01807
0.981809
0.945551
0.909292
0.873034
0.836777
0.800519
0.764261
0.728002
0.691743
0.655486
0.619229
0.582972
0.546713
0.510456
0.474202
0.437952
0.401708
0.365476
0.329265
0.293091
0.256982
0.220986
0.185189
0.149709
0.114812
0.0806021
0.0479971
0.0149436
-18.749
-20.2108
-22.3522
-23.7968
-24.2674
-23.7573
-22.1058
-18.8554
-13.9097
-9.45336
-6.65723
-5.13222
-3.87095
-2.44567
-0.926804
0.375107
1.2724
1.82475
2.14061
2.32147
2.43142
2.50102
2.54545
2.57228
2.58457
2.58403
2.57401
2.55789
2.53431
2.50303
2.46752
2.43096
2.39773
2.36801
2.3333
2.29765
2.26342
2.22831
2.19267
2.15675
2.12065
2.0845
2.04842
2.01208
1.97583
1.93957
1.90331
1.86705
1.83079
1.79454
1.75828
1.72202
1.68576
1.6495
1.61324
1.57699
1.54073
1.50447
1.46821
1.43195
1.39569
1.35944
1.32318
1.28692
1.25066
1.2144
1.17814
1.14188
1.10562
1.06936
1.03311
0.996849
0.960591
0.924332
0.888074
0.851816
0.815558
0.779301
0.743042
0.706783
0.670525
0.634268
0.598012
0.561755
0.525499
0.489245
0.452995
0.416754
0.380527
0.344323
0.308165
0.272083
0.23614
0.200435
0.165159
0.130568
0.0972914
0.0655697
0.0377391
0.00953556
-18.9203
-20.2426
-22.1455
-23.4522
-23.7847
-23.1015
-21.2837
-18.0674
-13.6092
-9.61174
-7.11195
-5.75507
-4.46394
-2.85241
-1.14549
0.2854
1.24975
1.8294
2.14886
2.32389
2.42656
2.4901
2.53007
2.55397
2.5645
2.56269
2.55176
2.53504
2.51092
2.47932
2.44388
2.40745
2.37387
2.34475
2.31004
2.27424
2.24004
2.20505
2.16936
2.13334
2.09713
2.06087
2.02424
1.9884
1.95219
1.91594
1.87969
1.84343
1.80718
1.77092
1.73466
1.6984
1.66215
1.62589
1.58963
1.55337
1.51711
1.48085
1.4446
1.40834
1.37208
1.33582
1.29956
1.2633
1.22705
1.19079
1.15453
1.11827
1.08201
1.04575
1.00949
0.973233
0.936975
0.900716
0.864458
0.8282
0.791942
0.755685
0.719427
0.683168
0.64691
0.610653
0.574398
0.538142
0.501888
0.465638
0.429395
0.393165
0.356957
0.320789
0.284694
0.248722
0.21297
0.177593
0.142898
0.109283
0.0777852
0.048787
0.0262165
0.00341825
-19.08
-20.2705
-21.9399
-23.0929
-23.2801
-22.4199
-20.4438
-17.2574
-13.264
-9.7411
-7.59655
-6.44883
-5.13054
-3.30342
-1.38416
0.191713
1.2315
1.84024
2.16168
2.32868
2.42231
2.47859
2.51343
2.53403
2.54259
2.53929
2.52722
2.50979
2.48507
2.45313
2.4178
2.38159
2.34775
2.31865
2.2843
2.24835
2.21409
2.17929
2.1436
2.10758
2.0714
2.03521
1.99955
1.9627
1.92639
1.89012
1.85384
1.81758
1.78132
1.74506
1.7088
1.67254
1.63628
1.60002
1.56376
1.5275
1.49125
1.45499
1.41873
1.38247
1.34621
1.30996
1.2737
1.23744
1.20118
1.16492
1.12866
1.0924
1.05614
1.01988
0.983625
0.947367
0.911109
0.874851
0.838592
0.802334
0.766077
0.72982
0.693561
0.657303
0.621045
0.584788
0.548533
0.512278
0.476026
0.439779
0.403541
0.367319
0.331127
0.294987
0.258944
0.223068
0.187494
0.15244
0.118342
0.0857564
0.0561687
0.030095
0.0133
-0.00354184
-19.2265
-20.2957
-21.7411
-22.729
-22.7656
-21.727
-19.5783
-16.4244
-12.8579
-9.84078
-8.12922
-7.23658
-5.87644
-3.79849
-1.63981
0.0995271
1.22184
1.85919
2.18034
2.33657
2.41896
2.46648
2.49541
2.51241
2.51868
2.51349
2.50012
2.4819
2.45653
2.4242
2.389
2.35306
2.31917
2.28948
2.25577
2.21975
2.18533
2.15065
2.11483
2.07862
2.04223
2.00586
1.96895
1.93336
1.89715
1.86089
1.82464
1.78838
1.75212
1.71586
1.67961
1.64335
1.60709
1.57083
1.53457
1.49831
1.46205
1.4258
1.38954
1.35328
1.31702
1.28076
1.24451
1.20825
1.17199
1.13573
1.09947
1.06321
1.02695
0.990692
0.954433
0.918176
0.881918
0.845659
0.809401
0.773143
0.736885
0.700628
0.66437
0.628111
0.591854
0.555598
0.519344
0.483091
0.446842
0.4106
0.374371
0.338166
0.302002
0.265912
0.229955
0.194226
0.158898
0.124246
0.0908378
0.0593862
0.0318798
0.00893317
-0.00149445
-0.0117974
-19.3525
-20.3175
-21.5637
-22.3881
-22.2781
-21.0618
-18.738
-15.5999
-12.4001
-9.912
-8.66936
-8.0458
-6.61152
-4.28886
-1.89506
0.0138441
1.22836
1.88754
2.20434
2.3477
2.41712
2.45451
2.47685
2.49005
2.49378
2.48651
2.47168
2.45255
2.42653
2.39384
2.35879
2.32316
2.28939
2.25876
2.22572
2.1898
2.15525
2.12075
2.08507
2.049
2.01274
1.97657
1.94073
1.90386
1.86749
1.83119
1.79491
1.75864
1.72238
1.68612
1.64986
1.6136
1.57734
1.54108
1.50482
1.46856
1.4323
1.39604
1.35979
1.32353
1.28727
1.25101
1.21475
1.1785
1.14224
1.10598
1.06972
1.03346
0.9972
0.96094
0.924681
0.888424
0.852165
0.815907
0.779649
0.743391
0.707133
0.670876
0.634618
0.598359
0.562103
0.525846
0.489592
0.45334
0.417091
0.380851
0.344623
0.308422
0.272264
0.23619
0.200264
0.164602
0.129414
0.0950487
0.062218
0.0317981
0.00632
-0.0136048
-0.0174198
-0.0211203
-19.4522
-20.3359
-21.4215
-22.1032
-21.8637
-20.4873
-17.9913
-14.8383
-11.9473
-9.94713
-9.10939
-8.68515
-7.18721
-4.67129
-2.08565
-0.0621522
1.24112
1.92137
2.22824
2.35886
2.41623
2.44414
2.45988
2.46876
2.46976
2.4609
2.44485
2.42471
2.39792
2.365
2.33004
2.29471
2.26123
2.2296
2.19698
2.16123
2.12639
2.09172
2.05581
2.01946
1.98287
1.94635
1.91032
1.87407
1.8378
1.80153
1.76527
1.72901
1.69275
1.65649
1.62023
1.58397
1.54771
1.51145
1.47519
1.43893
1.40268
1.36642
1.33016
1.2939
1.25764
1.22139
1.18513
1.14887
1.11261
1.07635
1.04009
1.00383
0.967574
0.931314
0.895055
0.858797
0.822539
0.78628
0.750022
0.713765
0.677507
0.64125
0.604992
0.568734
0.532478
0.496221
0.459969
0.423718
0.387474
0.351241
0.315025
0.278844
0.242721
0.206706
0.170883
0.135391
0.100473
0.0665202
0.0343556
0.004958
-0.0186083
-0.0358813
-0.0334335
-0.0311797
-19.5285
-20.3518
-21.3119
-21.8789
-21.5317
-20.0171
-17.3576
-14.1712
-11.5421
-9.94363
-9.41276
-9.089
-7.56793
-4.92322
-2.20843
-0.101305
1.26033
1.95369
2.24954
2.36828
2.41504
2.43493
2.44511
2.45022
2.44844
2.43775
2.42035
2.39939
2.37209
2.33912
2.30418
2.26909
2.23591
2.20352
2.17121
2.13582
2.10099
2.06649
2.03089
1.99484
1.95848
1.92247
1.88573
1.84927
1.8129
1.77659
1.7403
1.70403
1.66776
1.6315
1.59524
1.55898
1.52272
1.48646
1.4502
1.41394
1.37769
1.34143
1.30517
1.26891
1.23265
1.1964
1.16014
1.12388
1.08762
1.05136
1.0151
0.978843
0.942584
0.906325
0.870065
0.833808
0.79755
0.761291
0.725033
0.688776
0.652518
0.616261
0.580002
0.543744
0.507488
0.471232
0.434979
0.398727
0.362483
0.326247
0.290029
0.253843
0.217712
0.181688
0.145853
0.110354
0.0754577
0.0416121
0.00975704
-0.0189987
-0.0410881
-0.0563565
-0.0484021
-0.0413288
-19.5884
-20.3678
-21.2283
-21.7043
-21.2704
-19.6372
-16.8277
-13.607
-11.2
-9.91549
-9.5923
-9.31499
-7.78565
-5.08327
-2.281
-0.102488
1.28308
1.97879
2.26718
2.37528
2.41231
2.42506
2.43067
2.43295
2.42913
2.41725
2.39888
2.37652
2.34868
2.31566
2.28065
2.24589
2.21265
2.17983
2.14741
2.11202
2.07681
2.04188
2.00586
1.96955
1.93299
1.89664
1.86043
1.82414
1.78785
1.75157
1.7153
1.67903
1.64277
1.60651
1.57025
1.534
1.49774
1.46148
1.42522
1.38896
1.3527
1.31644
1.28019
1.24393
1.20767
1.17141
1.13515
1.09889
1.06264
1.02638
0.990118
0.953858
0.917599
0.88134
0.84508
0.808823
0.772565
0.736306
0.700048
0.663791
0.627533
0.591276
0.555017
0.518759
0.482504
0.446248
0.409997
0.373748
0.337507
0.30128
0.265071
0.228909
0.192811
0.156848
0.121117
0.0857923
0.051164
0.0177054
-0.0135628
-0.0415335
-0.0621508
-0.0757629
-0.0628369
-0.0518927
-19.6355
-20.3847
-21.1702
-21.5714
-21.0724
-19.341
-16.4005
-13.1497
-10.9306
-9.89483
-9.67848
-9.42425
-7.90075
-5.16807
-2.30571
-0.0942609
1.29721
1.99348
2.27674
2.37681
2.40655
2.41386
2.41584
2.41579
2.41071
2.39847
2.37972
2.35625
2.3279
2.29491
2.26008
2.22556
2.19229
2.15964
2.12729
2.09234
2.05736
2.02271
1.98719
1.95099
1.91463
1.87801
1.84151
1.80504
1.76867
1.73235
1.69606
1.65979
1.62352
1.58726
1.551
1.51474
1.47848
1.44222
1.40596
1.36971
1.33345
1.29719
1.26093
1.22467
1.18842
1.15216
1.1159
1.07964
1.04338
1.00712
0.970864
0.934605
0.898346
0.862087
0.825827
0.789569
0.753311
0.717052
0.680794
0.644537
0.60828
0.572022
0.535763
0.499505
0.46325
0.426993
0.390743
0.35449
0.318251
0.282014
0.245806
0.209627
0.173515
0.137522
0.101743
0.0663439
0.0316275
-0.00191121
-0.0331773
-0.0609277
-0.0807148
-0.0934554
-0.076198
-0.0625326
-19.672
-20.401
-21.1367
-21.4753
-20.9306
-19.123
-16.07
-12.7927
-10.737
-9.90019
-9.71925
-9.46627
-7.95047
-5.19262
-2.31021
-0.0911865
1.30053
1.99695
2.2772
2.3725
2.39782
2.40166
2.40129
2.39977
2.39387
2.38107
2.36182
2.33789
2.30914
2.27567
2.24036
2.20546
2.17196
2.13923
2.10653
2.07116
2.03572
2.00046
1.96461
1.92828
1.89208
1.85562
1.81931
1.78297
1.74667
1.71038
1.6741
1.63783
1.60157
1.56531
1.52905
1.49279
1.45653
1.42027
1.38401
1.34776
1.3115
1.27524
1.23898
1.20272
1.16647
1.13021
1.09395
1.05769
1.02143
0.985172
0.948914
0.912654
0.876395
0.840136
0.803876
0.767618
0.73136
0.695101
0.658844
0.622586
0.586329
0.550071
0.513813
0.477555
0.4413
0.405045
0.368794
0.332546
0.296307
0.260081
0.223881
0.187726
0.151642
0.115708
0.0800308
0.0448077
0.0103539
-0.0227898
-0.0534685
-0.080523
-0.0989653
-0.110953
-0.0895112
-0.0736263
-19.7004
-20.416
-21.1216
-21.4115
-20.8369
-18.9727
-15.8239
-12.5277
-10.6219
-9.92314
-9.75311
-9.48235
-7.96296
-5.19083
-2.30898
-0.0917715
1.29811
1.99408
2.27295
2.3657
2.38822
2.38975
2.38778
2.38526
2.37886
2.36599
2.34694
2.32326
2.29485
2.26167
2.22637
2.19139
2.1578
2.12507
2.09252
2.05776
2.0225
1.98782
1.95212
1.91553
1.87916
1.84258
1.80611
1.76968
1.73331
1.697
1.66071
1.62444
1.58818
1.55192
1.51566
1.4794
1.44314
1.40688
1.37062
1.33436
1.2981
1.26184
1.22559
1.18933
1.15307
1.11681
1.08055
1.04429
1.00804
0.971777
0.935518
0.899258
0.862999
0.82674
0.79048
0.754223
0.717965
0.681706
0.645448
0.609191
0.572933
0.536675
0.500417
0.464159
0.427904
0.391648
0.355396
0.319147
0.282907
0.246672
0.210473
0.174292
0.138203
0.102218
0.0664963
0.0311607
-0.00344166
-0.0367928
-0.0677237
-0.094938
-0.113365
-0.125542
-0.101319
-0.0842549
-19.7229
-20.4293
-21.1186
-21.375
-20.783
-18.8791
-15.6538
-12.3554
-10.582
-9.95596
-9.78856
-9.49446
-7.9603
-5.17823
-2.29898
-0.0857713
1.30045
1.9941
2.27068
2.36043
2.37992
2.37888
2.37493
2.37083
2.3631
2.3492
2.32932
2.30481
2.27559
2.24179
2.20615
2.17096
2.13715
2.10424
2.07136
2.03593
2.00065
1.96557
1.92978
1.8935
1.85727
1.8208
1.78443
1.74807
1.71174
1.67544
1.63916
1.60289
1.56663
1.53037
1.49411
1.45785
1.42159
1.38533
1.34907
1.31281
1.27656
1.2403
1.20404
1.16778
1.13152
1.09527
1.05901
1.02275
0.986491
0.950232
0.913973
0.877714
0.841454
0.805196
0.768936
0.732678
0.696419
0.660161
0.623903
0.587646
0.551388
0.515131
0.478872
0.442615
0.406359
0.370106
0.333851
0.29761
0.261362
0.225146
0.188938
0.152791
0.116706
0.0807784
0.0451214
0.00991642
-0.0244808
-0.0575184
-0.0879446
-0.114595
-0.131782
-0.143658
-0.115938
-0.0985849
-19.7364
-20.4366
-21.1161
-21.3549
-20.7591
-18.8348
-15.5635
-12.2904
-10.6029
-9.99973
-9.82114
-9.50802
-7.95375
-5.15761
-2.27665
-0.0680982
1.3119
2.00016
2.27267
2.35924
2.37675
2.37459
2.36991
2.36535
2.35753
2.34348
2.32367
2.29928
2.27021
2.23647
2.20065
2.1653
2.13144
2.09852
2.06571
2.03062
1.99535
1.96044
1.92464
1.88819
1.85185
1.81532
1.7789
1.7425
1.70615
1.66985
1.63356
1.59729
1.56103
1.52477
1.48851
1.45225
1.41599
1.37973
1.34347
1.30721
1.27095
1.23469
1.19844
1.16218
1.12592
1.08966
1.05341
1.01715
0.980888
0.944629
0.90837
0.87211
0.835851
0.799592
0.763332
0.727075
0.690816
0.654558
0.6183
0.582043
0.545785
0.509528
0.473269
0.437011
0.400756
0.364502
0.328247
0.292004
0.255756
0.219537
0.183326
0.14717
0.111075
0.0751263
0.0394324
0.00416678
-0.0303348
-0.0635136
-0.0941844
-0.121037
-0.138656
-0.150839
-0.122925
-0.101585
-19.7562
-20.4533
-21.1341
-21.3647
-20.7707
-18.846
-15.5666
-12.3219
-10.6599
-10.0521
-9.85663
-9.52658
-7.95281
-5.14579
-2.25919
-0.0554359
1.31784
1.99864
2.26426
2.3459
2.36037
2.35616
2.34997
2.3444
2.33563
2.32127
2.30099
2.27625
2.24689
2.21299
2.17715
2.14182
2.10795
2.07503
2.04217
2.00698
1.97167
1.93668
1.90088
1.86449
1.82818
1.79168
1.75527
1.71888
1.68255
1.64624
1.60996
1.57369
1.53743
1.50117
1.46491
1.42865
1.39239
1.35613
1.31987
1.28361
1.24735
1.21109
1.17484
1.13858
1.10232
1.06606
1.0298
0.993545
0.957286
0.921027
0.884769
0.848509
0.81225
0.775991
0.739731
0.703474
0.667215
0.630957
0.594698
0.558442
0.522183
0.485927
0.449668
0.41341
0.377155
0.340901
0.304645
0.268405
0.232155
0.19594
0.159727
0.123579
0.0874838
0.0515476
0.0158695
-0.0193694
-0.053819
-0.086934
-0.117467
-0.144218
-0.161475
-0.173716
-0.144824
-0.13174
-18.1503
-18.1845
-18.3263
-18.4273
-18.4956
-18.5132
-18.4873
-18.4295
-18.3537
-18.2722
-18.195
-18.1294
-18.0828
-18.0649
-18.073
-18.0758
-20.2452
-20.4826
-20.7297
-20.917
-21.0404
-21.112
-21.1378
-21.1278
-21.0919
-21.041
-20.9858
-20.9349
-20.891
-20.8526
-20.83
-20.8219
-23.5659
-23.7621
-23.9167
-24.0355
-24.1143
-24.1575
-24.1704
-24.1639
-24.1434
-24.1139
-24.0821
-24.0542
-24.0357
-24.0288
-24.027
-24.0241
-25.2361
-25.3635
-25.4603
-25.5252
-25.5598
-25.5699
-25.563
-25.5465
-25.5286
-25.5122
-25.4979
-25.488
-25.4849
-25.4888
-25.4943
-25.4901
-26.1532
-26.2858
-26.3752
-26.4293
-26.4545
-26.4567
-26.4377
-26.4012
-26.3574
-26.3189
-26.2907
-26.2718
-26.2607
-26.2556
-26.253
-26.2446
-26.2384
-26.4191
-26.5246
-26.5654
-26.555
-26.5089
-26.4393
-26.3542
-26.2553
-26.1676
-26.0907
-26.0251
-25.9722
-25.9338
-25.9093
-25.8846
-25.3954
-25.6232
-25.725
-25.7236
-25.6501
-25.5335
-25.3947
-25.2465
-25.0948
-24.947
-24.8122
-24.6963
-24.6
-24.5221
-24.4616
-24.4113
-22.0163
-22.2973
-22.3988
-22.3585
-22.2219
-22.0251
-21.7961
-21.5568
-21.3202
-21.1002
-20.9039
-20.7319
-20.5772
-20.4319
-20.3004
-20.1934
-15.3021
-15.2952
-15.1982
-15.0337
-14.8279
-14.5948
-14.3427
-14.0824
-13.8338
-13.6087
-13.4153
-13.2481
-13.0852
-12.9101
-12.7321
-12.5817
-8.35809
-8.07516
-7.76585
-7.4547
-7.1528
-6.86363
-6.59278
-6.34731
-6.13008
-5.94139
-5.78349
-5.65316
-5.52921
-5.37866
-5.206
-5.0544
-4.12077
-3.54373
-2.99984
-2.52242
-2.11715
-1.77632
-1.49278
-1.25991
-1.0707
-0.919136
-0.801369
-0.709566
-0.618024
-0.497792
-0.355321
-0.229125
-1.98203
-1.33551
-0.75153
-0.252743
0.160027
0.495865
0.764307
0.975087
1.13765
1.2598
1.34931
1.42243
1.50079
1.59507
1.69616
1.78357
-1.08184
-0.542135
-0.0557122
0.36734
0.71816
0.999206
1.21953
1.38946
1.51781
1.6127
1.68648
1.75289
1.81897
1.88714
1.95275
2.00941
-0.495744
-0.115869
0.232592
0.542645
0.804667
1.01634
1.18247
1.31085
1.40944
1.48701
1.55218
1.60914
1.66015
1.70713
1.74809
1.78488
0.17124
0.396533
0.607675
0.799338
0.965821
1.10375
1.2133
1.29896
1.36747
1.42481
1.47374
1.51546
1.55188
1.58385
1.60956
1.6362
0.875257
0.986024
1.08941
1.18166
1.26254
1.33475
1.39892
1.45303
1.49829
1.53733
1.57088
1.59989
1.62573
1.64855
1.66495
1.68741
1.45248
1.49608
1.53669
1.57463
1.60981
1.64304
1.67631
1.70901
1.7382
1.76354
1.78585
1.80586
1.8246
1.84228
1.85335
1.87402
1.85746
1.87187
1.88747
1.90539
1.92476
1.94397
1.96218
1.98048
1.99908
2.01618
2.03176
2.04686
2.06207
2.07745
2.08669
2.10612
2.13872
2.14529
2.15367
2.16469
2.1777
2.19165
2.2057
2.21999
2.23413
2.24766
2.2611
2.27481
2.28891
2.30341
2.31228
2.3313
2.33452
2.34201
2.35067
2.36101
2.37281
2.38562
2.39919
2.41259
2.42564
2.43902
2.4526
2.46638
2.48043
2.49477
2.5037
2.52283
2.47065
2.48172
2.4932
2.50542
2.51855
2.53231
2.54585
2.55928
2.57309
2.58706
2.60104
2.61511
2.62932
2.64371
2.65272
2.67204
2.56487
2.57984
2.59452
2.60916
2.62396
2.63924
2.65447
2.66922
2.68395
2.69854
2.71301
2.7274
2.74179
2.75625
2.76527
2.78451
2.62903
2.64745
2.66513
2.68237
2.69925
2.71576
2.73203
2.74805
2.7638
2.77917
2.79422
2.809
2.82358
2.83815
2.8471
2.86623
2.66945
2.69045
2.71054
2.72992
2.74886
2.7668
2.78413
2.80136
2.81801
2.83406
2.84961
2.86471
2.87939
2.89403
2.90274
2.92174
2.69022
2.71295
2.73468
2.7555
2.77556
2.79505
2.81391
2.8321
2.84943
2.866
2.8819
2.89713
2.91176
2.92644
2.93472
2.95361
2.69576
2.7198
2.74274
2.76468
2.78559
2.8059
2.82548
2.84408
2.86171
2.87845
2.89438
2.90951
2.92389
2.93857
2.94627
2.96508
2.6896
2.71436
2.73801
2.7605
2.78239
2.80335
2.82304
2.84166
2.85925
2.87591
2.89175
2.90674
2.92083
2.93566
2.94269
2.96147
2.67556
2.70058
2.72452
2.74778
2.76997
2.79063
2.81013
2.8286
2.84601
2.86248
2.87822
2.89318
2.90689
2.92194
2.92827
2.94707
2.65486
2.68064
2.70526
2.7284
2.74996
2.7704
2.78967
2.80765
2.82465
2.84087
2.85646
2.87133
2.88424
2.89953
2.90508
2.92404
2.62558
2.65134
2.67573
2.69883
2.72049
2.74055
2.75933
2.77717
2.79409
2.81012
2.82542
2.84033
2.85205
2.86792
2.87247
2.89172
2.59007
2.61611
2.64044
2.66288
2.68377
2.70367
2.72258
2.74032
2.75704
2.77288
2.78757
2.80301
2.81297
2.82988
2.83427
2.85353
2.55228
2.57708
2.6005
2.62298
2.6446
2.66522
2.68445
2.70211
2.71848
2.73426
2.74847
2.76372
2.77437
2.79062
2.79505
2.81428
2.51493
2.53871
2.56202
2.58452
2.6058
2.62591
2.64506
2.66335
2.68042
2.69627
2.71037
2.72502
2.73578
2.75165
2.7562
2.77539
2.48261
2.50712
2.53056
2.55233
2.5728
2.59202
2.61
2.62695
2.64295
2.65846
2.67262
2.68738
2.69772
2.71395
2.71837
2.73765
2.45187
2.47731
2.50044
2.52208
2.5425
2.56163
2.57955
2.59636
2.61208
2.62724
2.64069
2.65561
2.66525
2.68162
2.68591
2.70521
2.41898
2.4434
2.46622
2.48787
2.50825
2.5274
2.54543
2.5624
2.57825
2.59357
2.60701
2.62191
2.63182
2.64796
2.65245
2.67169
2.38139
2.40574
2.42887
2.45057
2.47091
2.49008
2.50814
2.52519
2.54109
2.55656
2.56997
2.58504
2.59491
2.61113
2.61561
2.63489
2.34615
2.37066
2.39356
2.41508
2.43536
2.45446
2.47243
2.4894
2.50514
2.52065
2.53383
2.54869
2.55887
2.57478
2.57944
2.59866
2.31089
2.33523
2.35814
2.37972
2.40003
2.41915
2.43712
2.45413
2.46985
2.48545
2.49902
2.51342
2.52393
2.53954
2.54438
2.56352
2.27511
2.29955
2.32257
2.34423
2.36461
2.38381
2.40183
2.41889
2.43472
2.45
2.46372
2.47803
2.48867
2.50419
2.5091
2.52822
2.23925
2.26376
2.28683
2.30853
2.32895
2.34819
2.36623
2.38328
2.39922
2.41449
2.42826
2.44251
2.45321
2.46868
2.47361
2.49272
2.20325
2.22781
2.25091
2.27265
2.29309
2.31234
2.33044
2.3475
2.36346
2.37873
2.39253
2.40676
2.41747
2.43294
2.43787
2.45698
2.16715
2.19173
2.21486
2.23662
2.25709
2.27635
2.29447
2.31154
2.32752
2.34278
2.35659
2.37083
2.38153
2.39701
2.40194
2.42104
2.13101
2.15561
2.17875
2.20052
2.221
2.24027
2.25839
2.27547
2.29145
2.30672
2.32053
2.33477
2.34547
2.36095
2.36588
2.38499
2.09483
2.11943
2.14258
2.16436
2.18484
2.20412
2.22224
2.23933
2.25531
2.27058
2.28438
2.29863
2.30932
2.32481
2.32973
2.34884
2.05861
2.08322
2.10637
2.12815
2.14864
2.16792
2.18605
2.20313
2.21911
2.23439
2.24819
2.26244
2.27313
2.28862
2.29354
2.31265
2.02237
2.04698
2.07014
2.09192
2.11241
2.13169
2.14982
2.16691
2.18289
2.19817
2.21196
2.22622
2.23691
2.2524
2.25732
2.27643
1.98612
2.01074
2.03389
2.05568
2.07617
2.09545
2.11358
2.13067
2.14665
2.16193
2.17572
2.18998
2.20066
2.21616
2.22107
2.24019
1.94987
1.97448
1.99764
2.01942
2.03992
2.0592
2.07733
2.09442
2.1104
2.12568
2.13947
2.15373
2.16441
2.17991
2.18482
2.20394
1.91361
1.93823
1.96139
1.98317
2.00366
2.02295
2.04107
2.05816
2.07414
2.08942
2.10322
2.11748
2.12816
2.14366
2.14857
2.16768
1.87736
1.90197
1.92513
1.94691
1.96741
1.98669
2.00482
2.02191
2.03788
2.05317
2.06696
2.08122
2.0919
2.1074
2.11231
2.13143
1.8411
1.86571
1.88887
1.91066
1.93115
1.95043
1.96856
1.98565
2.00163
2.01691
2.0307
2.04496
2.05564
2.07114
2.07606
2.09517
1.80484
1.82946
1.85261
1.8744
1.89489
1.91417
1.9323
1.94939
1.96537
1.98065
1.99445
2.0087
2.01939
2.03489
2.0398
2.05891
1.76858
1.7932
1.81636
1.83814
1.85863
1.87792
1.89604
1.91313
1.92911
1.94439
1.95819
1.97245
1.98313
1.99863
2.00354
2.02265
1.73232
1.75694
1.7801
1.80188
1.82238
1.84166
1.85979
1.87687
1.89285
1.90813
1.92193
1.93619
1.94687
1.96237
1.96728
1.9864
1.69606
1.72068
1.74384
1.76562
1.78612
1.8054
1.82353
1.84062
1.85659
1.87188
1.88567
1.89993
1.91061
1.92611
1.93102
1.95014
1.65981
1.68442
1.70758
1.72936
1.74986
1.76914
1.78727
1.80436
1.82034
1.83562
1.84941
1.86367
1.87435
1.88985
1.89477
1.91388
1.62355
1.64816
1.67132
1.69311
1.7136
1.73288
1.75101
1.7681
1.78408
1.79936
1.81316
1.82741
1.8381
1.8536
1.85851
1.87762
1.58729
1.61191
1.63506
1.65685
1.67734
1.69662
1.71475
1.73184
1.74782
1.7631
1.7769
1.79115
1.80184
1.81734
1.82225
1.84136
1.55103
1.57565
1.59881
1.62059
1.64108
1.66037
1.67849
1.69558
1.71156
1.72684
1.74064
1.7549
1.76558
1.78108
1.78599
1.8051
1.51477
1.53939
1.56255
1.58433
1.60483
1.62411
1.64224
1.65932
1.6753
1.69058
1.70438
1.71864
1.72932
1.74482
1.74973
1.76885
1.47852
1.50313
1.52629
1.54807
1.56857
1.58785
1.60598
1.62307
1.63904
1.65433
1.66812
1.68238
1.69306
1.70856
1.71347
1.73259
1.44226
1.46687
1.49003
1.51182
1.53231
1.55159
1.56972
1.58681
1.60279
1.61807
1.63186
1.64612
1.6568
1.6723
1.67722
1.69633
1.406
1.43061
1.45377
1.47556
1.49605
1.51533
1.53346
1.55055
1.56653
1.58181
1.5956
1.60986
1.62054
1.63604
1.64096
1.66007
1.36974
1.39435
1.41751
1.4393
1.45979
1.47907
1.4972
1.51429
1.53027
1.54555
1.55934
1.5736
1.58428
1.59978
1.6047
1.62381
1.33348
1.3581
1.38125
1.40304
1.42353
1.44281
1.46094
1.47803
1.49401
1.50929
1.52308
1.53734
1.54803
1.56352
1.56844
1.58755
1.29722
1.32184
1.34499
1.36678
1.38727
1.40655
1.42468
1.44177
1.45775
1.47303
1.48683
1.50108
1.51177
1.52727
1.53218
1.55129
1.26096
1.28558
1.30874
1.33052
1.35101
1.3703
1.38842
1.40551
1.42149
1.43677
1.45057
1.46483
1.47551
1.49101
1.49592
1.51503
1.2247
1.24932
1.27248
1.29426
1.31475
1.33404
1.35217
1.36925
1.38523
1.40051
1.41431
1.42857
1.43925
1.45475
1.45966
1.47877
1.18844
1.21306
1.23622
1.258
1.27849
1.29778
1.31591
1.33299
1.34897
1.36425
1.37805
1.39231
1.40299
1.41849
1.4234
1.44252
1.15218
1.1768
1.19996
1.22174
1.24224
1.26152
1.27965
1.29674
1.31271
1.328
1.34179
1.35605
1.36673
1.38223
1.38714
1.40626
1.11593
1.14054
1.1637
1.18549
1.20598
1.22526
1.24339
1.26048
1.27646
1.29174
1.30553
1.31979
1.33048
1.34597
1.35089
1.37
1.07967
1.10429
1.12744
1.14923
1.16972
1.189
1.20713
1.22422
1.2402
1.25548
1.26928
1.28353
1.29422
1.30972
1.31463
1.33374
1.04341
1.06803
1.09118
1.11297
1.13346
1.15274
1.17087
1.18796
1.20394
1.21922
1.23302
1.24728
1.25796
1.27346
1.27837
1.29748
1.00715
1.03177
1.05493
1.07671
1.0972
1.11649
1.13461
1.1517
1.16768
1.18296
1.19676
1.21102
1.2217
1.2372
1.24211
1.26122
0.970894
0.99551
1.01867
1.04045
1.06095
1.08023
1.09836
1.11544
1.13142
1.14671
1.1605
1.17476
1.18544
1.20094
1.20585
1.22497
0.934637
0.959253
0.982409
1.00419
1.02469
1.04397
1.0621
1.07919
1.09516
1.11045
1.12424
1.1385
1.14918
1.16468
1.16959
1.18871
0.89838
0.922995
0.946152
0.967937
0.98843
1.00771
1.02584
1.04293
1.05891
1.07419
1.08798
1.10224
1.11292
1.12842
1.13333
1.15245
0.86212
0.886736
0.909893
0.931678
0.952171
0.971453
0.989582
1.00667
1.02265
1.03793
1.05172
1.06598
1.07667
1.09217
1.09708
1.11619
0.82586
0.850476
0.873633
0.895417
0.91591
0.935192
0.953321
0.970409
0.986387
1.00167
1.01546
1.02972
1.0404
1.0559
1.06082
1.07993
0.789601
0.814216
0.837373
0.859158
0.879651
0.898933
0.917061
0.934149
0.950127
0.965409
0.979204
0.993462
1.00414
1.01965
1.02456
1.04367
0.753343
0.777958
0.801114
0.822899
0.843391
0.862673
0.880801
0.897889
0.913867
0.929149
0.942943
0.957201
0.967883
0.983382
0.988294
1.00741
0.717084
0.741698
0.764854
0.786637
0.807129
0.82641
0.844538
0.861625
0.877603
0.892884
0.906679
0.920937
0.931621
0.94712
0.952032
0.971146
0.680822
0.705435
0.72859
0.750373
0.770864
0.790145
0.808273
0.825359
0.841337
0.856618
0.870413
0.884669
0.895352
0.910848
0.915761
0.934874
0.644556
0.669167
0.69232
0.714102
0.734592
0.753871
0.771998
0.789084
0.80506
0.82034
0.834135
0.848391
0.859077
0.874576
0.879489
0.898603
0.608284
0.632892
0.656043
0.677822
0.69831
0.717587
0.735712
0.752797
0.768772
0.784051
0.797848
0.8121
0.822785
0.838275
0.843191
0.862301
0.572004
0.596607
0.619752
0.641526
0.66201
0.681284
0.699405
0.716487
0.732461
0.747735
0.761529
0.775778
0.786468
0.801964
0.80688
0.825993
0.535711
0.560303
0.583438
0.605204
0.625681
0.644948
0.663064
0.68014
0.696111
0.71138
0.725179
0.739421
0.750116
0.765591
0.770514
0.78962
0.499391
0.523965
0.547085
0.568837
0.589301
0.608558
0.626665
0.643733
0.659699
0.67496
0.688756
0.702981
0.713686
0.72916
0.734088
0.753197
0.463022
0.487563
0.510654
0.53238
0.552821
0.572058
0.590148
0.6072
0.623155
0.638399
0.652201
0.666414
0.677131
0.692574
0.697517
0.716613
0.426564
0.451048
0.474087
0.495767
0.516168
0.535369
0.55343
0.570454
0.586392
0.60161
0.615409
0.629571
0.640315
0.655721
0.660683
0.679775
0.389953
0.414334
0.437281
0.458879
0.479207
0.498345
0.51635
0.533324
0.549227
0.564395
0.578195
0.592297
0.603077
0.618416
0.623418
0.642488
0.35307
0.377269
0.400052
0.421504
0.441703
0.460727
0.478634
0.495521
0.511359
0.526444
0.540237
0.554229
0.565083
0.580299
0.585366
0.604401
0.315727
0.339608
0.362106
0.383306
0.403283
0.422113
0.439851
0.45659
0.472314
0.48727
0.501033
0.51486
0.525793
0.540824
0.545993
0.564981
0.27752
0.30083
0.322814
0.343556
0.363126
0.381596
0.399022
0.415487
0.430989
0.44572
0.459392
0.472956
0.484018
0.498747
0.504079
0.522974
0.237959
0.260307
0.28143
0.301406
0.320302
0.338184
0.3551
0.371123
0.386261
0.400661
0.414134
0.427379
0.438494
0.45286
0.458364
0.477168
0.1956
0.216155
0.235646
0.254144
0.271705
0.288383
0.304218
0.319272
0.333556
0.347181
0.360052
0.372597
0.383664
0.397259
0.403089
0.421658
0.150023
0.1679
0.185004
0.2014
0.217131
0.23224
0.246752
0.260717
0.274178
0.287243
0.299855
0.312217
0.323496
0.336843
0.342987
0.3615
0.095316
0.107703
0.119685
0.131297
0.142561
0.15351
0.164163
0.174556
0.184676
0.194558
0.204206
0.213859
0.223109
0.234589
0.240238
0.258363
0.0403112
0.0473083
0.0543919
0.0616045
0.0689831
0.0765629
0.0843536
0.0924092
0.100725
0.109293
0.118079
0.127149
0.136226
0.146077
0.154824
0.165696
)
;

boundaryField
{
    frontAndBack
    {
        type            empty;
    }
    inlet
    {
        type            zeroGradient;
    }
    outlet
    {
        type            fixedValue;
        value           uniform 0;
    }
    walls
    {
        type            zeroGradient;
    }
}


// ************************************************************************* //
