/*--------------------------------*- C++ -*----------------------------------*\
| =========                 |                                                 |
| \\      /  F ield         | OpenFOAM: The Open Source CFD Toolbox           |
|  \\    /   O peration     | Version:  v2012                                 |
|   \\  /    A nd           | Website:  www.openfoam.com                      |
|    \\/     M anipulation  |                                                 |
\*---------------------------------------------------------------------------*/
FoamFile
{
    version     2.0;
    format      ascii;
    class       volScalarField;
    location    "0.153";
    object      p;
}
// * * * * * * * * * * * * * * * * * * * * * * * * * * * * * * * * * * * * * //

dimensions      [0 2 -2 0 0 0 0];


internalField   nonuniform List<scalar> 
5600
(
-0.935041
-1.39318
-1.77363
-2.09213
-2.40304
-2.71324
-3.01465
-3.29631
-3.55941
-3.80962
-4.0461
-4.27091
-4.48515
-4.6917
-4.89155
-5.08773
-5.2798
-5.46968
-5.65698
-5.84167
-6.0248
-6.20461
-6.38307
-6.55807
-6.73431
-6.90688
-7.07939
-7.25117
-7.42152
-7.59255
-7.76048
-7.93113
-8.09818
-8.26665
-8.43405
-8.60039
-8.76733
-8.93115
-9.0977
-9.26017
-9.42542
-9.58791
-9.75034
-9.91303
-10.0725
-10.2352
-10.3925
-10.5546
-10.7125
-10.8727
-11.0316
-11.1868
-11.3471
-11.5011
-11.6607
-11.8146
-11.9717
-12.1268
-12.2803
-12.4367
-12.5886
-12.7439
-12.8952
-13.0492
-13.2015
-13.3531
-13.5055
-13.6557
-13.8078
-13.9576
-14.1088
-14.2584
-14.4081
-14.558
-14.7068
-14.8565
-15.0047
-15.1543
-15.3018
-15.4509
-15.5984
-15.7469
-15.8949
-16.0428
-16.1916
-16.3395
-16.489
-16.6376
-16.7877
-16.9373
-17.0867
-17.2372
-17.3864
-17.5378
-17.6877
-17.8388
-17.9937
-18.1495
-18.315
-18.5445
-0.994076
-1.41336
-1.79024
-2.10995
-2.42103
-2.73157
-3.03291
-3.31483
-3.57828
-3.82854
-4.06525
-4.29036
-4.50493
-4.71186
-4.91206
-5.10856
-5.30093
-5.49103
-5.67852
-5.86328
-6.04663
-6.22652
-6.40508
-6.58015
-6.75657
-6.92923
-7.10182
-7.27374
-7.44413
-7.6153
-7.78328
-7.95403
-8.12109
-8.28957
-8.45707
-8.62334
-8.79041
-8.95418
-9.12083
-9.28329
-9.44855
-9.61117
-9.77349
-9.93637
-10.0957
-10.2586
-10.4158
-10.5778
-10.7359
-10.8959
-11.055
-11.2099
-11.3706
-11.5243
-11.6841
-11.838
-11.9948
-12.1503
-12.3033
-12.4602
-12.6117
-12.7671
-12.9185
-13.0722
-13.2249
-13.3761
-13.5287
-13.6788
-13.8309
-13.9809
-14.1317
-14.2817
-14.4311
-14.5812
-14.7299
-14.8796
-15.028
-15.1772
-15.325
-15.474
-15.6215
-15.7701
-15.918
-16.066
-16.2147
-16.3627
-16.5121
-16.6608
-16.8109
-16.9606
-17.1098
-17.2605
-17.4096
-17.5612
-17.7106
-17.8628
-18.0151
-18.1748
-18.3345
-18.5589
-1.03232
-1.42599
-1.80299
-2.12331
-2.43225
-2.74027
-3.04054
-3.32204
-3.58529
-3.83518
-4.07166
-4.29681
-4.51146
-4.71832
-4.91858
-5.11511
-5.30744
-5.49769
-5.68498
-5.86996
-6.05312
-6.2332
-6.41182
-6.58702
-6.76328
-6.936
-7.10849
-7.28035
-7.45072
-7.6218
-7.7897
-7.9604
-8.12756
-8.29598
-8.46353
-8.62971
-8.79681
-8.96051
-9.12712
-9.2896
-9.4547
-9.61745
-9.7795
-9.94242
-10.1016
-10.2645
-10.4217
-10.5837
-10.7419
-10.9018
-11.061
-11.2159
-11.3765
-11.5304
-11.6901
-11.8442
-12.001
-12.1565
-12.3097
-12.4665
-12.6182
-12.7737
-12.9251
-13.0788
-13.2316
-13.3829
-13.5355
-13.6857
-13.8377
-13.9879
-14.1386
-14.2887
-14.4381
-14.5882
-14.737
-14.8866
-15.0351
-15.1843
-15.3322
-15.4811
-15.6286
-15.7772
-15.9251
-16.073
-16.2217
-16.3696
-16.519
-16.6677
-16.8176
-16.9673
-17.1165
-17.2672
-17.4162
-17.5678
-17.7173
-17.8696
-18.022
-18.1829
-18.3404
-18.5606
-1.08105
-1.44247
-1.81837
-2.14016
-2.44782
-2.7549
-3.05555
-3.33766
-3.60157
-3.85175
-4.08884
-4.31395
-4.52917
-4.73612
-4.93654
-5.13287
-5.32518
-5.51509
-5.7021
-5.88683
-6.06972
-6.24988
-6.42831
-6.60381
-6.78003
-6.9531
-7.12597
-7.29811
-7.46878
-7.64003
-7.80817
-7.97889
-8.14625
-8.31457
-8.48229
-8.64849
-8.81571
-8.97953
-9.14618
-9.30892
-9.474
-9.63705
-9.79913
-9.96232
-10.1217
-10.2845
-10.442
-10.6038
-10.7623
-10.922
-11.0815
-11.2362
-11.3971
-11.5509
-11.7104
-11.8649
-12.021
-12.1772
-12.3295
-12.4867
-12.6382
-12.7933
-12.9452
-13.0983
-13.2515
-13.4022
-13.555
-13.7053
-13.8569
-14.0075
-14.1577
-14.3081
-14.4573
-14.6074
-14.7563
-14.9056
-15.0544
-15.2032
-15.3513
-15.5002
-15.6477
-15.7963
-15.9443
-16.0922
-16.241
-16.389
-16.5383
-16.6873
-16.8372
-16.987
-17.1364
-17.2867
-17.4364
-17.5872
-17.7373
-17.8888
-18.0414
-18.2007
-18.3602
-18.5634
-1.13067
-1.45959
-1.83412
-2.15835
-2.46441
-2.77066
-3.07101
-3.35294
-3.61687
-3.86685
-4.10416
-4.32902
-4.54446
-4.75161
-4.95228
-5.14872
-5.34125
-5.53128
-5.71838
-5.90332
-6.08606
-6.26642
-6.44455
-6.6203
-6.79592
-6.96907
-7.14166
-7.3135
-7.48419
-7.65501
-7.82346
-7.99384
-8.16148
-8.32971
-8.49751
-8.66372
-8.83087
-8.99481
-9.16121
-9.32435
-9.48888
-9.65221
-9.81393
-9.97708
-10.1364
-10.299
-10.4569
-10.6181
-10.7771
-10.9363
-11.096
-11.2504
-11.411
-11.5654
-11.7243
-11.8795
-12.035
-12.1916
-12.3441
-12.5012
-12.6531
-12.8079
-12.9603
-13.1132
-13.2668
-13.4175
-13.5703
-13.7208
-13.8723
-14.0231
-14.1732
-14.3238
-14.4731
-14.623
-14.7722
-14.9213
-15.0704
-15.2191
-15.3673
-15.516
-15.6637
-15.8122
-15.9602
-16.1081
-16.2568
-16.4048
-16.554
-16.7029
-16.8527
-17.0025
-17.1519
-17.3021
-17.4519
-17.6026
-17.7529
-17.9045
-18.0566
-18.2165
-18.3728
-18.5695
-1.1807
-1.47891
-1.85141
-2.1786
-2.48304
-2.78832
-3.08829
-3.37025
-3.6344
-3.88458
-4.12211
-4.34735
-4.56303
-4.77048
-4.97134
-5.1679
-5.36054
-5.55056
-5.73769
-5.92271
-6.10516
-6.28572
-6.46362
-6.6398
-6.81508
-6.98854
-7.16111
-7.33279
-7.50394
-7.6741
-7.84327
-8.01286
-8.18094
-8.34879
-8.51645
-8.68285
-8.84943
-9.01409
-9.1797
-9.34341
-9.50763
-9.67114
-9.83295
-9.99599
-10.1559
-10.318
-10.4767
-10.6372
-10.7968
-10.9558
-11.1155
-11.2702
-11.4306
-11.5859
-11.7439
-11.8999
-12.0546
-12.2116
-12.364
-12.5209
-12.6734
-12.8272
-12.9807
-13.1325
-13.2863
-13.4371
-13.5895
-13.7407
-13.8914
-14.0426
-14.1924
-14.3431
-14.4925
-14.6421
-14.7917
-14.9404
-15.0897
-15.2383
-15.3865
-15.5353
-15.6829
-15.8314
-15.9795
-16.1274
-16.2761
-16.4243
-16.5733
-16.7225
-16.8723
-17.0221
-17.1718
-17.3217
-17.4719
-17.6223
-17.7726
-17.9241
-18.0755
-18.2346
-18.3897
-18.5776
-1.23012
-1.50073
-1.87047
-2.2009
-2.50386
-2.80811
-3.10778
-3.38984
-3.65415
-3.90447
-4.1421
-4.36759
-4.58335
-4.79094
-4.99196
-5.18858
-5.38132
-5.57134
-5.75853
-5.94355
-6.12597
-6.30662
-6.48451
-6.66085
-6.83598
-7.0096
-7.18216
-7.35372
-7.52523
-7.69488
-7.8647
-8.03359
-8.2022
-8.36981
-8.53734
-8.70422
-8.87002
-9.03577
-9.20023
-9.3646
-9.52847
-9.69195
-9.854
-10.0163
-10.1774
-10.338
-10.4979
-10.6571
-10.8171
-10.9764
-11.1353
-11.291
-11.4502
-11.607
-11.7636
-11.9205
-12.0748
-12.2316
-12.3846
-12.5408
-12.6946
-12.8471
-13.0013
-13.1529
-13.3066
-13.458
-13.6097
-13.7617
-13.9118
-14.0633
-14.2131
-14.3637
-14.5134
-14.6627
-14.8127
-14.961
-15.1106
-15.2591
-15.4074
-15.556
-15.7039
-15.8522
-16.0003
-16.1483
-16.2968
-16.4454
-16.5941
-16.7436
-16.8932
-17.0431
-17.1929
-17.3426
-17.493
-17.6433
-17.7936
-17.9451
-18.0959
-18.254
-18.4075
-18.5865
-1.27709
-1.52523
-1.89188
-2.22537
-2.52711
-2.83038
-3.12982
-3.41197
-3.67638
-3.9268
-4.16452
-4.39023
-4.60608
-4.81385
-5.01505
-5.21176
-5.4046
-5.59466
-5.78189
-5.96691
-6.14937
-6.32996
-6.50791
-6.68428
-6.85937
-7.03305
-7.20563
-7.37717
-7.54869
-7.71834
-7.88828
-8.05698
-8.22576
-8.39333
-8.56075
-8.72789
-8.89329
-9.05964
-9.22348
-9.38836
-9.55189
-9.71531
-9.87781
-10.0392
-10.2018
-10.3608
-10.5218
-10.6805
-10.8405
-10.9996
-11.1577
-11.316
-11.4728
-11.6313
-11.7866
-11.9436
-12.0982
-12.2543
-12.4087
-12.5633
-12.7184
-12.8697
-13.0243
-13.1762
-13.3292
-13.4815
-13.6324
-13.7849
-13.9347
-14.0863
-14.2365
-14.3866
-14.5367
-14.6857
-14.8358
-14.9841
-15.1337
-15.2823
-15.4306
-15.579
-15.7271
-15.8753
-16.0234
-16.1716
-16.3197
-16.4687
-16.617
-16.7669
-16.9166
-17.0663
-17.2164
-17.366
-17.5165
-17.6667
-17.817
-17.9684
-18.1185
-18.2752
-18.4266
-18.5961
-1.32007
-1.5523
-1.91622
-2.25216
-2.553
-2.85547
-3.15475
-3.43694
-3.70142
-3.95193
-4.18975
-4.41561
-4.63155
-4.83944
-5.04079
-5.23754
-5.43045
-5.6205
-5.80776
-5.99277
-6.17526
-6.35574
-6.53379
-6.71017
-6.88527
-7.05896
-7.23157
-7.40313
-7.57454
-7.74439
-7.91419
-8.08299
-8.25169
-8.41935
-8.58671
-8.75383
-8.9193
-9.08552
-9.24946
-9.41433
-9.57787
-9.74117
-9.90387
-10.0651
-10.2278
-10.3867
-10.5478
-10.7066
-10.8664
-11.0254
-11.1832
-11.3428
-11.4983
-11.6575
-11.8126
-11.9695
-12.1244
-12.2794
-12.4353
-12.5889
-12.7445
-12.8958
-13.0496
-13.2023
-13.3547
-13.5077
-13.6583
-13.8107
-13.9606
-14.1117
-14.2623
-14.4122
-14.5624
-14.7114
-14.8613
-15.01
-15.1592
-15.3076
-15.4563
-15.6042
-15.7528
-15.9007
-16.0489
-16.197
-16.3451
-16.4943
-16.6425
-16.7925
-16.9423
-17.092
-17.2421
-17.3919
-17.5424
-17.6926
-17.8428
-17.9939
-18.1437
-18.2982
-18.4472
-18.6066
-1.35725
-1.58149
-1.94406
-2.28144
-2.58174
-2.88377
-3.183
-3.46516
-3.72968
-3.98027
-4.21814
-4.44409
-4.66008
-4.86801
-5.06945
-5.26623
-5.45919
-5.64925
-5.83653
-6.02155
-6.20407
-6.38445
-6.56257
-6.73897
-6.91406
-7.08777
-7.26038
-7.43196
-7.60326
-7.77331
-7.94295
-8.11188
-8.28047
-8.44824
-8.61555
-8.78256
-8.94824
-9.11417
-9.27845
-9.44307
-9.6068
-9.76996
-9.93267
-10.094
-10.2563
-10.4158
-10.5765
-10.7357
-10.8952
-11.0543
-11.2122
-11.3714
-11.5273
-11.6859
-11.8416
-11.9981
-12.1534
-12.3081
-12.4642
-12.6178
-12.773
-12.925
-13.0782
-13.2313
-13.3836
-13.5365
-13.6872
-13.8393
-13.9896
-14.1403
-14.2912
-14.4409
-14.5912
-14.7403
-14.8899
-15.0391
-15.1878
-15.3364
-15.4851
-15.633
-15.7814
-15.9294
-16.0776
-16.2253
-16.3738
-16.5226
-16.6711
-16.8209
-16.9708
-17.1206
-17.2705
-17.4208
-17.571
-17.7212
-17.8714
-18.0219
-18.1717
-18.3234
-18.4696
-18.6183
-1.38461
-1.61078
-1.97448
-2.31179
-2.61196
-2.91417
-3.21346
-3.49549
-3.76001
-4.01066
-4.24852
-4.47445
-4.69043
-4.89834
-5.09981
-5.29658
-5.48956
-5.6796
-5.8669
-6.05191
-6.23445
-6.41473
-6.59288
-6.7693
-6.94436
-7.1181
-7.29067
-7.46228
-7.63352
-7.80368
-7.97324
-8.14222
-8.31077
-8.47858
-8.64591
-8.8128
-8.97864
-9.14436
-9.30886
-9.47335
-9.63719
-9.80027
-9.96292
-10.1245
-10.2864
-10.4463
-10.6066
-10.7662
-10.9255
-11.0846
-11.2426
-11.4015
-11.558
-11.7159
-11.8721
-12.0283
-12.1838
-12.3386
-12.4943
-12.6482
-12.8029
-12.9555
-13.1086
-13.2616
-13.4141
-13.5666
-13.7176
-13.8695
-14.02
-14.1707
-14.3215
-14.4713
-14.6214
-14.7707
-14.9203
-15.0693
-15.2181
-15.3667
-15.5152
-15.6633
-15.8116
-15.9597
-16.1078
-16.2557
-16.4041
-16.5529
-16.7016
-16.8512
-17.0013
-17.1509
-17.3008
-17.4511
-17.6013
-17.7515
-17.9016
-18.0515
-18.2007
-18.3502
-18.4932
-18.632
-1.3994
-1.63743
-2.00454
-2.34025
-2.64074
-2.9437
-3.24317
-3.52499
-3.78947
-4.04016
-4.27793
-4.50375
-4.71967
-4.92748
-5.12891
-5.32563
-5.5186
-5.70862
-5.8959
-6.08093
-6.26345
-6.44366
-6.6218
-6.79825
-6.97328
-7.14704
-7.31958
-7.49119
-7.66241
-7.83262
-8.00216
-8.17114
-8.3397
-8.50749
-8.67487
-8.84166
-9.00759
-9.17324
-9.33779
-9.50227
-9.66612
-9.82918
-9.99175
-10.1535
-10.3151
-10.4753
-10.6355
-10.7951
-10.9544
-11.1134
-11.2716
-11.4302
-11.5871
-11.7447
-11.9011
-12.0571
-12.2126
-12.3677
-12.523
-12.6772
-12.8316
-12.9846
-13.1374
-13.2904
-13.4431
-13.5953
-13.7467
-13.8982
-14.049
-14.1996
-14.3504
-14.5004
-14.6502
-14.7999
-14.9492
-15.0984
-15.2472
-15.3958
-15.5444
-15.6924
-15.8409
-15.9888
-16.137
-16.2849
-16.4333
-16.5824
-16.7308
-16.8806
-17.0304
-17.1801
-17.33
-17.48
-17.6303
-17.7803
-17.9303
-18.0799
-18.2282
-18.376
-18.5159
-18.6473
-1.40311
-1.661
-2.03258
-2.3656
-2.6668
-2.97088
-3.27058
-3.55213
-3.81657
-4.06727
-4.30491
-4.53057
-4.74637
-4.95403
-5.15536
-5.35201
-5.54496
-5.73495
-5.9222
-6.10726
-6.28976
-6.46989
-6.648
-6.82447
-6.99946
-7.17322
-7.34572
-7.51731
-7.68854
-7.85876
-8.0283
-8.19726
-8.36584
-8.5336
-8.70104
-8.86776
-9.03373
-9.19937
-9.36392
-9.52845
-9.69229
-9.85534
-10.0178
-10.1797
-10.3412
-10.5014
-10.6616
-10.8213
-10.9806
-11.1394
-11.2978
-11.4562
-11.6133
-11.7707
-11.9273
-12.0832
-12.2389
-12.3939
-12.5492
-12.7035
-12.8577
-13.011
-13.1637
-13.3169
-13.4694
-13.6216
-13.7732
-13.9244
-14.0757
-14.226
-14.377
-14.5269
-14.6768
-14.8266
-14.9756
-15.1251
-15.2737
-15.4225
-15.571
-15.719
-15.8676
-16.0153
-16.1636
-16.3114
-16.4599
-16.6089
-16.7574
-16.9071
-17.0567
-17.2065
-17.3563
-17.5063
-17.6564
-17.8063
-17.9562
-18.1055
-18.2533
-18.3995
-18.5372
-18.663
-1.39803
-1.68232
-2.05854
-2.38825
-2.6905
-2.99586
-3.29585
-3.57706
-3.84142
-4.09213
-4.32961
-4.55506
-4.77074
-4.97822
-5.17942
-5.37598
-5.56886
-5.75883
-5.94603
-6.13113
-6.3136
-6.49367
-6.67174
-6.84823
-7.02319
-7.19694
-7.36941
-7.54096
-7.71223
-7.88242
-8.05198
-8.22091
-8.3895
-8.55727
-8.72465
-8.89139
-9.05734
-9.22291
-9.38752
-9.55208
-9.71593
-9.8789
-10.0415
-10.2032
-10.3648
-10.5251
-10.6853
-10.8451
-11.0043
-11.1633
-11.3215
-11.4799
-11.6372
-11.7946
-11.9513
-12.1072
-12.263
-12.4179
-12.5733
-12.7275
-12.8818
-13.0352
-13.1879
-13.3412
-13.4934
-13.6458
-13.7972
-13.9485
-14.0997
-14.25
-14.401
-14.5508
-14.7008
-14.8505
-14.9997
-15.1491
-15.2976
-15.4465
-15.5949
-15.7431
-15.8916
-16.0394
-16.1877
-16.3354
-16.484
-16.6327
-16.7814
-16.9309
-17.0805
-17.2303
-17.3799
-17.5299
-17.68
-17.8299
-17.9796
-18.1286
-18.2761
-18.4212
-18.5572
-18.6789
-1.3867
-1.70178
-2.08217
-2.40848
-2.71204
-3.01875
-3.31915
-3.59998
-3.86427
-4.11494
-4.35223
-4.5774
-4.7929
-5.0002
-5.20126
-5.39769
-5.59049
-5.78042
-5.96756
-6.15269
-6.33509
-6.51509
-6.69311
-6.8696
-7.04455
-7.21828
-7.39069
-7.56224
-7.73356
-7.90368
-8.07328
-8.24219
-8.41079
-8.57865
-8.74591
-8.91282
-9.07869
-9.24434
-9.40909
-9.57358
-9.73748
-9.90044
-10.0632
-10.2249
-10.3866
-10.547
-10.7071
-10.867
-11.0262
-11.1853
-11.3434
-11.5018
-11.6591
-11.8164
-11.9731
-12.1289
-12.2848
-12.4396
-12.5951
-12.7492
-12.9035
-13.0569
-13.2096
-13.3629
-13.515
-13.6675
-13.8188
-13.9702
-14.1214
-14.2717
-14.4227
-14.5724
-14.7224
-14.872
-15.0212
-15.1706
-15.3191
-15.4679
-15.6163
-15.7645
-15.9129
-16.0608
-16.2091
-16.3569
-16.5054
-16.6541
-16.8029
-16.9523
-17.1019
-17.2516
-17.4012
-17.5512
-17.7012
-17.8511
-18.0007
-18.1496
-18.2968
-18.441
-18.5758
-18.6945
-1.37117
-1.71976
-2.1034
-2.42666
-2.73159
-3.03954
-3.3404
-3.6209
-3.88518
-4.1358
-4.37297
-4.59787
-4.8131
-5.02017
-5.22115
-5.41746
-5.61025
-5.80007
-5.9873
-6.17246
-6.35482
-6.53475
-6.71268
-6.88913
-7.06403
-7.2377
-7.41011
-7.58171
-7.75306
-7.92317
-8.09286
-8.26177
-8.43047
-8.59851
-8.76574
-8.9329
-9.09871
-9.26454
-9.42927
-9.59367
-9.75755
-9.92044
-10.0833
-10.2448
-10.4066
-10.5669
-10.7271
-10.887
-11.0461
-11.2053
-11.3633
-11.5218
-11.679
-11.8364
-11.993
-12.1489
-12.3047
-12.4596
-12.6151
-12.7691
-12.9235
-13.0768
-13.2296
-13.3828
-13.535
-13.6875
-13.8388
-13.9903
-14.1414
-14.2919
-14.4427
-14.5926
-14.7426
-14.8922
-15.0415
-15.1908
-15.3395
-15.4882
-15.6367
-15.7849
-15.9333
-16.0812
-16.2292
-16.3772
-16.5254
-16.6741
-16.8228
-16.9721
-17.1216
-17.2713
-17.4209
-17.5708
-17.7208
-17.8707
-18.0202
-18.169
-18.3159
-18.4595
-18.5932
-18.7099
-1.35243
-1.73646
-2.12246
-2.44351
-2.74976
-3.05862
-3.3597
-3.6397
-3.90395
-4.15437
-4.3912
-4.61637
-4.83113
-5.03782
-5.23858
-5.43468
-5.62734
-5.817
-6.00429
-6.18931
-6.37169
-6.55168
-6.72974
-6.90636
-7.08143
-7.25519
-7.42781
-7.59951
-7.77096
-7.9411
-8.11077
-8.27956
-8.44816
-8.61618
-8.78329
-8.95044
-9.11613
-9.28195
-9.44658
-9.61096
-9.77484
-9.93765
-10.1005
-10.2619
-10.4236
-10.5839
-10.7441
-10.9039
-11.063
-11.2221
-11.3801
-11.5386
-11.6957
-11.8531
-12.0096
-12.1655
-12.3213
-12.4761
-12.6315
-12.7855
-12.9399
-13.0931
-13.2459
-13.399
-13.5512
-13.7036
-13.8548
-14.0063
-14.1572
-14.3077
-14.4585
-14.6082
-14.7582
-14.9077
-15.0569
-15.2061
-15.3547
-15.5034
-15.6518
-15.8
-15.9484
-16.0964
-16.2445
-16.3926
-16.5409
-16.6897
-16.8385
-16.9878
-17.1374
-17.2871
-17.4368
-17.5866
-17.7366
-17.8865
-18.036
-18.1848
-18.3317
-18.4753
-18.6087
-18.7244
-1.33157
-1.75079
-2.13805
-2.45846
-2.76664
-3.0771
-3.37851
-3.65804
-3.92232
-4.17259
-4.40918
-4.63461
-4.84904
-5.05559
-5.25636
-5.45258
-5.64543
-5.83544
-6.02303
-6.2083
-6.39088
-6.57093
-6.74908
-6.92569
-7.10068
-7.2742
-7.44663
-7.6182
-7.78959
-7.9597
-8.12938
-8.29822
-8.46682
-8.63489
-8.80199
-8.96918
-9.13489
-9.30076
-9.46539
-9.62982
-9.7937
-9.95653
-10.1193
-10.2808
-10.4425
-10.6028
-10.763
-10.9228
-11.082
-11.2411
-11.3992
-11.5576
-11.7148
-11.8722
-12.0287
-12.1848
-12.3405
-12.4954
-12.6508
-12.8049
-12.9593
-13.1125
-13.2655
-13.4185
-13.5708
-13.7233
-13.8745
-14.0261
-14.177
-14.3276
-14.4784
-14.6284
-14.7783
-14.9278
-15.0772
-15.2263
-15.3751
-15.5237
-15.6723
-15.8204
-15.9688
-16.1167
-16.2647
-16.4127
-16.5609
-16.7096
-16.8583
-17.0075
-17.157
-17.3067
-17.4563
-17.6061
-17.7561
-17.9059
-18.0554
-18.204
-18.3507
-18.4936
-18.6261
-18.7404
-1.31697
-1.76537
-2.15029
-2.468
-2.777
-3.08924
-3.39117
-3.67015
-3.9346
-4.18487
-4.42135
-4.64639
-4.86064
-5.06708
-5.26773
-5.46385
-5.65657
-5.84647
-6.03393
-6.21903
-6.4013
-6.58094
-6.75888
-6.93529
-7.11016
-7.28356
-7.4558
-7.62725
-7.79855
-7.96858
-8.13819
-8.30694
-8.47545
-8.64343
-8.81046
-8.97758
-9.14321
-9.30901
-9.47358
-9.63794
-9.80176
-9.96454
-10.1273
-10.2887
-10.4504
-10.6106
-10.7708
-10.9306
-11.0897
-11.2487
-11.4068
-11.5652
-11.7223
-11.8797
-12.0361
-12.1921
-12.3478
-12.5027
-12.6581
-12.812
-12.9664
-13.1196
-13.2725
-13.4255
-13.5778
-13.7302
-13.8814
-14.0329
-14.1838
-14.3343
-14.485
-14.635
-14.7848
-14.9343
-15.0836
-15.2328
-15.3815
-15.5301
-15.6786
-15.8267
-15.9751
-16.1231
-16.2712
-16.4192
-16.5675
-16.7163
-16.865
-17.0143
-17.1639
-17.3135
-17.4632
-17.613
-17.7631
-17.9128
-18.0624
-18.211
-18.3578
-18.5009
-18.6338
-18.7484
-1.2865
-1.78019
-2.1739
-2.49216
-2.80134
-3.1141
-3.41679
-3.6948
-3.95957
-4.20995
-4.44632
-4.67118
-4.88522
-5.09137
-5.29176
-5.48764
-5.68018
-5.86992
-6.0573
-6.24232
-6.42462
-6.60431
-6.78223
-6.95862
-7.13343
-7.30682
-7.47906
-7.65048
-7.82172
-7.99173
-8.16129
-8.33005
-8.49854
-8.66652
-8.83355
-9.00064
-9.1663
-9.33208
-9.49666
-9.66103
-9.82484
-9.98764
-10.1504
-10.3118
-10.4735
-10.6337
-10.7939
-10.9537
-11.1128
-11.2719
-11.4299
-11.5883
-11.7454
-11.9028
-12.0593
-12.2153
-12.371
-12.5259
-12.6813
-12.8353
-12.9897
-13.1428
-13.2958
-13.4487
-13.601
-13.7534
-13.9047
-14.0561
-14.2071
-14.3576
-14.5083
-14.6583
-14.8081
-14.9577
-15.107
-15.2561
-15.4049
-15.5535
-15.702
-15.8501
-15.9985
-16.1465
-16.2946
-16.4426
-16.5908
-16.7396
-16.8883
-17.0376
-17.1871
-17.3368
-17.4864
-17.6362
-17.7863
-17.936
-18.0856
-18.2341
-18.3809
-18.5238
-18.6564
-18.7707
-18.5496
-18.9205
-19.5655
-19.6678
-19.0904
-17.9726
-16.5054
-14.8609
-13.2382
-11.6984
-10.2621
-8.90716
-7.6018
-6.33219
-5.1213
-4.019
-3.05961
-2.28875
-1.72478
-1.33697
-1.07101
-0.882953
-0.751015
-0.667456
-0.618849
-0.609763
-0.67266
-0.802977
-0.931232
-1.02936
-1.01035
-0.821409
-0.445448
-0.04289
0.15904
0.248603
0.321829
0.407829
0.501866
0.592996
0.693241
0.800306
0.909978
1.00438
1.08997
1.17879
1.27172
1.35606
1.4189
1.46205
1.49141
1.50933
1.51691
1.51552
1.50676
1.49224
1.47336
1.451
1.42593
1.39895
1.37051
1.34086
1.30969
1.27683
1.24331
1.2095
1.17493
1.14146
1.10874
1.07692
1.04405
1.0106
0.977766
0.944824
0.911805
0.878762
0.845669
0.812513
0.779329
0.746125
0.71291
0.679685
0.646455
0.613218
0.579977
0.546731
0.513474
0.480198
0.446893
0.413535
0.380089
0.346495
0.312649
0.278395
0.243391
0.207289
0.168904
0.128164
0.0803603
0.0332317
-18.599
-18.8433
-19.4626
-19.5789
-19.0149
-17.9183
-16.4723
-14.8458
-13.2365
-11.7045
-10.2716
-8.91837
-7.61428
-6.34763
-5.14079
-4.04301
-3.08842
-2.32254
-1.75907
-1.36859
-1.09956
-0.908542
-0.77483
-0.697587
-0.650734
-0.64942
-0.740021
-0.895267
-1.03861
-1.14837
-1.12971
-0.923043
-0.504129
-0.0575465
0.166918
0.269494
0.346179
0.427528
0.513015
0.595771
0.688096
0.789164
0.893967
0.983259
1.0659
1.15699
1.25203
1.33804
1.40276
1.44735
1.47801
1.49646
1.50408
1.50261
1.4938
1.4793
1.46046
1.43814
1.41308
1.38609
1.35767
1.32796
1.29667
1.26383
1.23036
1.1966
1.16222
1.12891
1.09611
1.06402
1.03129
0.997952
0.965051
0.932116
0.89908
0.866018
0.832914
0.799748
0.766561
0.733354
0.700139
0.666913
0.633683
0.600447
0.567208
0.533965
0.500713
0.467446
0.434155
0.400823
0.367421
0.333902
0.300184
0.266143
0.231506
0.195996
0.158665
0.119438
0.0745382
0.0300444
-18.5897
-18.8417
-19.3927
-19.4887
-18.9296
-17.8526
-16.4286
-14.8222
-13.2289
-11.7061
-10.278
-8.92696
-7.62497
-6.36207
-5.16063
-4.06866
-3.12059
-2.36077
-1.79783
-1.4045
-1.13109
-0.937772
-0.801107
-0.727872
-0.687398
-0.694825
-0.812081
-0.998532
-1.1584
-1.28018
-1.26413
-1.04193
-0.571583
-0.0720303
0.178233
0.297033
0.378044
0.453377
0.52843
0.601566
0.683647
0.778041
0.876246
0.958729
1.03916
1.13212
1.22911
1.31739
1.38481
1.43123
1.46337
1.48236
1.49
1.48841
1.47952
1.46501
1.44621
1.42393
1.39888
1.37188
1.34347
1.31372
1.28233
1.24946
1.21601
1.18226
1.14817
1.11505
1.08222
1.04978
1.01704
0.983942
0.950986
0.918026
0.884984
0.851907
0.818791
0.785616
0.752424
0.719215
0.685998
0.652772
0.619543
0.586308
0.553071
0.519831
0.486584
0.453327
0.420053
0.386749
0.353396
0.319961
0.286386
0.252584
0.218357
0.18351
0.147352
0.109819
0.0681374
0.026571
-18.622
-18.8507
-19.3343
-19.4061
-18.8431
-17.7812
-16.378
-14.7951
-13.2177
-11.7037
-10.2808
-8.93044
-7.63195
-6.37391
-5.17989
-4.09665
-3.15774
-2.40494
-1.84257
-1.44607
-1.1672
-0.969877
-0.831395
-0.756588
-0.725252
-0.748445
-0.887545
-1.10911
-1.28817
-1.42056
-1.40731
-1.17692
-0.655129
-0.0844667
0.195314
0.332563
0.419431
0.487146
0.549002
0.610773
0.680804
0.767075
0.856377
0.930564
1.00935
1.10342
1.20287
1.29422
1.36501
1.41364
1.44738
1.46693
1.47455
1.47278
1.46377
1.44923
1.43046
1.40822
1.38318
1.35617
1.32776
1.29798
1.2665
1.2336
1.20012
1.16635
1.13257
1.09966
1.06686
1.03408
1.00124
0.968433
0.935428
0.902421
0.869374
0.836282
0.803154
0.769967
0.736771
0.70356
0.670342
0.637116
0.603886
0.570653
0.537418
0.504182
0.470942
0.437695
0.404439
0.371168
0.337869
0.304528
0.271112
0.237576
0.203806
0.169699
0.134847
0.0992067
0.0610863
0.0227832
-18.6422
-18.8511
-19.274
-19.3213
-18.7586
-17.7108
-16.3261
-14.7681
-13.2051
-11.7003
-10.2816
-8.93109
-7.6345
-6.38238
-5.19823
-4.12717
-3.20045
-2.4539
-1.89277
-1.4919
-1.20698
-1.00244
-0.861762
-0.787761
-0.764556
-0.807362
-0.968929
-1.22382
-1.42325
-1.5652
-1.55598
-1.30193
-0.770335
-0.0997435
0.222305
0.379533
0.472177
0.531025
0.575776
0.623305
0.679747
0.756229
0.834143
0.899022
0.97573
1.07079
1.17339
1.26842
1.34319
1.39454
1.42995
1.45006
1.45761
1.45559
1.4464
1.4318
1.41306
1.39085
1.36582
1.33879
1.31039
1.28058
1.24902
1.21609
1.18258
1.14876
1.11523
1.08257
1.04979
1.01664
0.983904
0.951254
0.918195
0.88517
0.852098
0.818987
0.785846
0.752645
0.719442
0.686228
0.653009
0.619782
0.586553
0.55332
0.520089
0.486857
0.453623
0.420389
0.387153
0.353917
0.32068
0.287442
0.254203
0.220963
0.187702
0.154418
0.121015
0.0874834
0.0533001
0.0186381
-18.6604
-18.8498
-19.2087
-19.2274
-18.6672
-17.6344
-16.2735
-14.743
-13.194
-11.6977
-10.2802
-8.92952
-7.63281
-6.38795
-5.21536
-4.1551
-3.24258
-2.50101
-1.94249
-1.53683
-1.24767
-1.03816
-0.894808
-0.822691
-0.80816
-0.869428
-1.05394
-1.33807
-1.56104
-1.71096
-1.70775
-1.41284
-0.875775
-0.143252
0.255058
0.444983
0.537644
0.586916
0.610197
0.639203
0.680117
0.745661
0.810698
0.864157
0.938181
1.03471
1.14089
1.24016
1.31924
1.37383
1.41092
1.43157
1.43899
1.43667
1.42724
1.41255
1.39382
1.37165
1.34661
1.31957
1.29116
1.26132
1.2297
1.19674
1.1632
1.12936
1.09593
1.0636
1.03075
0.997449
0.964783
0.932169
0.899132
0.86609
0.832977
0.799838
0.766677
0.73346
0.700252
0.667036
0.633815
0.600588
0.56736
0.534129
0.5009
0.467672
0.434446
0.401226
0.368012
0.334815
0.301646
0.268523
0.235481
0.202567
0.169869
0.137497
0.105699
0.0745069
0.0446748
0.0140722
-18.6762
-18.8448
-19.138
-19.1242
-18.5662
-17.5491
-16.2147
-14.7132
-13.1814
-11.6937
-10.2765
-8.92343
-7.6248
-6.38611
-5.22431
-4.17087
-3.27439
-2.5484
-1.99631
-1.58687
-1.29115
-1.07631
-0.932668
-0.862142
-0.854761
-0.932986
-1.14047
-1.44704
-1.69904
-1.85466
-1.8529
-1.53594
-0.937614
-0.203547
0.29101
0.529836
0.621626
0.655751
0.653474
0.659028
0.68277
0.738217
0.785416
0.826216
0.896187
0.994604
1.105
1.20945
1.29319
1.35136
1.39012
1.41128
1.41851
1.41582
1.40612
1.3913
1.37256
1.35041
1.32536
1.29828
1.26988
1.24002
1.20834
1.17534
1.14179
1.10796
1.07453
1.04253
1.0096
0.976293
0.943594
0.911024
0.878046
0.844968
0.811816
0.778652
0.745482
0.712238
0.679017
0.645796
0.612573
0.579344
0.546116
0.512887
0.479661
0.446438
0.41322
0.380014
0.346825
0.313671
0.280576
0.24758
0.214753
0.1822
0.15012
0.118752
0.0887216
0.0601115
0.0350887
0.00899689
-18.6899
-18.8354
-19.0631
-19.0133
-18.4571
-17.457
-16.1501
-14.6774
-13.1635
-11.6835
-10.2661
-8.90846
-7.60504
-6.36885
-5.2175
-4.18338
-3.30966
-2.60286
-2.05549
-1.6421
-1.33623
-1.11624
-0.973477
-0.905349
-0.905216
-0.998159
-1.2269
-1.5484
-1.82975
-1.99197
-1.98582
-1.66101
-0.99527
-0.242665
0.340802
0.630306
0.729739
0.737102
0.705428
0.684931
0.692484
0.731096
0.755117
0.785276
0.85129
0.951734
1.06677
1.1763
1.2651
1.32691
1.3674
1.38905
1.39599
1.39287
1.38284
1.36785
1.34907
1.32692
1.30184
1.27472
1.24631
1.21644
1.1847
1.15168
1.11813
1.08435
1.05091
1.01906
0.98619
0.952866
0.920112
0.887595
0.854674
0.821546
0.788346
0.755152
0.721958
0.688704
0.655484
0.622259
0.589035
0.555806
0.522578
0.489351
0.456128
0.42291
0.389702
0.356512
0.32335
0.290244
0.25723
0.224372
0.191781
0.159621
0.128218
0.0979479
0.0698574
0.0440742
0.0243748
0.00326609
-18.7023
-18.8234
-18.9852
-18.8957
-18.34
-17.358
-16.0799
-14.6336
-13.1364
-11.663
-10.2428
-8.88014
-7.57726
-6.34763
-5.20965
-4.20038
-3.34927
-2.65625
-2.11277
-1.69749
-1.38526
-1.16161
-1.01951
-0.954448
-0.961021
-1.06364
-1.30793
-1.64173
-1.94626
-2.11886
-2.10213
-1.76488
-1.05805
-0.262319
0.402795
0.747028
0.858042
0.831007
0.764911
0.719357
0.708047
0.718413
0.721976
0.742527
0.805784
0.908713
1.02728
1.14086
1.23525
1.30045
1.34256
1.3647
1.37125
1.3676
1.35722
1.34203
1.32316
1.30091
1.27576
1.2486
1.22021
1.19034
1.15855
1.12553
1.092
1.05832
1.02493
0.992937
0.960272
0.926968
0.894164
0.861682
0.828842
0.795676
0.762437
0.729215
0.696016
0.66271
0.629478
0.596248
0.56302
0.529789
0.496561
0.463335
0.430115
0.396901
0.363704
0.330531
0.297397
0.26434
0.231413
0.198702
0.166364
0.134627
0.103954
0.0748664
0.0488897
0.0261647
0.0123722
-0.00330131
-18.7137
-18.8092
-18.9061
-18.7731
-18.2148
-17.2509
-16.0013
-14.5835
-13.1064
-11.6408
-10.218
-8.85058
-7.55046
-6.32901
-5.20501
-4.21643
-3.3866
-2.70768
-2.16977
-1.75432
-1.43802
-1.21137
-1.0717
-1.01229
-1.024
-1.13055
-1.38056
-1.72703
-2.04775
-2.22783
-2.19599
-1.83811
-1.1105
-0.265868
0.464466
0.871255
0.990164
0.932828
0.833705
0.756147
0.71723
0.700231
0.689113
0.701005
0.761569
0.866641
0.986499
1.10208
1.20236
1.27206
1.31573
1.33819
1.34425
1.33992
1.32905
1.31357
1.2945
1.27211
1.24694
1.21972
1.1913
1.16144
1.12961
1.09653
1.06302
1.02942
0.996226
0.963899
0.931474
0.898234
0.865372
0.832854
0.80007
0.766856
0.733569
0.700314
0.66698
0.633811
0.600585
0.567351
0.534124
0.500892
0.467666
0.434442
0.401227
0.368018
0.334833
0.30168
0.268577
0.235577
0.202745
0.170196
0.138132
0.10685
0.0769635
0.0491394
0.0254546
0.00598909
-0.0012111
-0.0110662
-18.7243
-18.7951
-18.8354
-18.6608
-18.0983
-17.1519
-15.9278
-14.5385
-13.0807
-11.6218
-10.1972
-8.82609
-7.52588
-6.31057
-5.19921
-4.2307
-3.42092
-2.7556
-2.22412
-1.80925
-1.49057
-1.26401
-1.1284
-1.07377
-1.08788
-1.19854
-1.44998
-1.79881
-2.12767
-2.30496
-2.25616
-1.87667
-1.13625
-0.254845
0.515688
0.972419
1.0985
1.02361
0.896707
0.777224
0.714753
0.68055
0.658612
0.663796
0.722307
0.828477
0.949219
1.06523
1.16638
1.24125
1.28763
1.31019
1.31592
1.31117
1.2998
1.28389
1.26451
1.24196
1.21672
1.18933
1.16081
1.13109
1.09936
1.06626
1.03285
0.999325
0.966292
0.933519
0.901316
0.868217
0.835385
0.802834
0.770092
0.736863
0.703538
0.670192
0.636872
0.603632
0.570392
0.537147
0.503917
0.470682
0.437455
0.404232
0.371022
0.337816
0.304641
0.271504
0.238426
0.205477
0.172731
0.14033
0.108528
0.0776831
0.0485675
0.0219807
0.00061693
-0.0156537
-0.0158386
-0.0200309
-18.7345
-18.7855
-18.7827
-18.5743
-18.0076
-17.0755
-15.8722
-14.5039
-13.0598
-11.6054
-10.1791
-8.80492
-7.50524
-6.29595
-5.1958
-4.24327
-3.44993
-2.796
-2.26968
-1.85582
-1.53828
-1.31494
-1.1831
-1.13122
-1.14975
-1.26389
-1.51214
-1.85413
-2.1827
-2.349
-2.2834
-1.88613
-1.13561
-0.239007
0.550196
1.03206
1.16424
1.08021
0.933929
0.7833
0.705993
0.661491
0.631897
0.63341
0.690604
0.797253
0.916419
1.03342
1.1345
1.21242
1.26056
1.28312
1.28872
1.28381
1.27203
1.25566
1.236
1.21339
1.18816
1.16078
1.13202
1.10205
1.0703
1.0372
1.00377
0.970447
0.937398
0.9045
0.872325
0.839284
0.806438
0.773812
0.741051
0.70779
0.674555
0.641167
0.607881
0.574637
0.541401
0.508165
0.474929
0.4417
0.408471
0.375255
0.342045
0.308852
0.275685
0.24257
0.209518
0.176628
0.143971
0.111721
0.0801736
0.0497354
0.0213232
-0.0041695
-0.0234083
-0.036929
-0.0303388
-0.0297461
-18.7453
-18.7816
-18.748
-18.5145
-17.9436
-17.0216
-15.8333
-14.4795
-13.0456
-11.5949
-10.1675
-8.79149
-7.49261
-6.28788
-5.19543
-4.25439
-3.4751
-2.8298
-2.30644
-1.89515
-1.58207
-1.3628
-1.23391
-1.18516
-1.20746
-1.32292
-1.56391
-1.89649
-2.2199
-2.37543
-2.29249
-1.88023
-1.12345
-0.223667
0.56829
1.056
1.19209
1.10432
0.949329
0.785287
0.695119
0.643705
0.609575
0.609081
0.6655
0.770629
0.886979
1.0058
1.10871
1.18732
1.2358
1.25857
1.26403
1.25878
1.24662
1.23
1.21024
1.18765
1.16247
1.13533
1.10662
1.07653
1.04476
1.01171
0.978301
0.944931
0.911737
0.878951
0.846734
0.813801
0.781014
0.74831
0.715606
0.682184
0.64883
0.615458
0.582109
0.548855
0.515585
0.482358
0.449106
0.415883
0.382646
0.349434
0.31622
0.283034
0.249875
0.216754
0.183729
0.150849
0.118251
0.0860802
0.054694
0.0245415
-0.00333106
-0.0279722
-0.0454333
-0.0568183
-0.0441641
-0.0398445
-18.757
-18.7825
-18.7272
-18.4754
-17.9009
-16.9862
-15.8087
-14.4655
-13.0391
-11.5911
-10.1629
-8.78538
-7.48737
-6.28613
-5.19869
-4.26684
-3.49946
-2.85955
-2.33793
-1.93141
-1.62369
-1.40774
-1.2815
-1.23523
-1.25894
-1.37269
-1.60705
-1.93172
-2.24788
-2.39477
-2.2949
-1.87002
-1.10863
-0.210869
0.574098
1.05941
1.19984
1.11259
0.952682
0.785452
0.682386
0.625377
0.589123
0.587977
0.644188
0.746083
0.862872
0.982584
1.08559
1.16415
1.21309
1.23604
1.2414
1.23596
1.22367
1.20699
1.18717
1.16451
1.1392
1.11184
1.083
1.05285
1.02099
0.987808
0.954242
0.920852
0.887659
0.85482
0.822456
0.789492
0.756611
0.723931
0.691027
0.65806
0.624751
0.59145
0.558108
0.524889
0.491617
0.458405
0.425152
0.391936
0.358699
0.325493
0.292282
0.259101
0.225959
0.192842
0.15987
0.127028
0.094526
0.0624884
0.0313084
0.00146913
-0.0259026
-0.0498341
-0.0657825
-0.075706
-0.0576307
-0.0504428
-18.7695
-18.7873
-18.7168
-18.4519
-17.8749
-16.9656
-15.796
-14.4605
-13.0395
-11.5934
-10.1645
-8.78584
-7.48872
-6.29005
-5.20565
-4.28139
-3.52294
-2.88601
-2.3666
-1.9659
-1.6628
-1.44935
-1.3247
-1.27873
-1.30162
-1.4132
-1.64398
-1.96335
-2.2718
-2.41057
-2.29564
-1.85949
-1.0934
-0.199363
0.57699
1.05933
1.20299
1.11554
0.950156
0.782875
0.668123
0.606355
0.569447
0.568429
0.625249
0.723935
0.842481
0.961964
1.06488
1.14342
1.19255
1.21549
1.22079
1.21529
1.20302
1.18647
1.16684
1.14444
1.11939
1.09223
1.06343
1.03324
1.00139
0.96823
0.934618
0.901112
0.86783
0.835005
0.802771
0.769855
0.736853
0.704195
0.67113
0.637934
0.604486
0.571126
0.537756
0.504511
0.471235
0.438013
0.404761
0.37154
0.338302
0.305095
0.27188
0.238701
0.205546
0.172435
0.139442
0.106598
0.0740727
0.0420219
0.0108419
-0.0189242
-0.0460975
-0.0696336
-0.0844654
-0.0936408
-0.0708716
-0.0615008
-18.7825
-18.795
-18.7142
-18.4403
-17.8618
-16.9565
-15.7928
-14.463
-13.0459
-11.601
-10.1715
-8.79187
-7.49557
-6.29869
-5.21611
-4.29774
-3.5455
-2.9104
-2.3943
-1.99886
-1.69901
-1.48696
-1.36156
-1.3141
-1.33575
-1.44689
-1.67679
-1.99257
-2.29407
-2.42523
-2.29646
-1.84878
-1.0772
-0.184928
0.585687
1.06448
1.20683
1.11577
0.94393
0.777514
0.653116
0.587529
0.550801
0.5504
0.607789
0.704317
0.824457
0.943926
1.04687
1.12524
1.17427
1.19714
1.20228
1.19654
1.18395
1.16703
1.14693
1.12408
1.0986
1.07106
1.04204
1.01169
0.979695
0.946403
0.912729
0.879228
0.845958
0.813123
0.780564
0.747938
0.715103
0.682526
0.649743
0.616707
0.583438
0.550104
0.516793
0.483539
0.450288
0.417057
0.383818
0.350594
0.317364
0.284157
0.250948
0.21778
0.184632
0.151557
0.118588
0.0858218
0.0533868
0.0215011
-0.00943282
-0.0388608
-0.0655245
-0.0885139
-0.102184
-0.110851
-0.0841428
-0.07291
-18.7957
-18.8048
-18.7173
-18.4377
-17.8587
-16.9565
-15.7971
-14.4714
-13.0571
-11.6132
-10.1831
-8.80283
-7.50738
-6.31189
-5.23038
-4.31566
-3.56778
-2.93446
-2.42173
-2.03056
-1.73191
-1.51918
-1.39206
-1.34255
-1.36357
-1.47571
-1.70616
-2.01979
-2.31557
-2.43974
-2.29761
-1.83753
-1.05846
-0.164637
0.60244
1.07546
1.21153
1.11368
0.935273
0.769711
0.637497
0.569147
0.533103
0.534232
0.593136
0.687844
0.808682
0.928201
1.03113
1.10932
1.1583
1.18137
1.18679
1.18146
1.16937
1.15296
1.1335
1.11094
1.08578
1.05842
1.0294
0.998989
0.96699
0.933719
0.90003
0.866481
0.833166
0.800332
0.767914
0.734951
0.701917
0.669161
0.636141
0.602945
0.569557
0.536169
0.502838
0.469569
0.436313
0.403081
0.369838
0.336612
0.303378
0.270172
0.236956
0.203785
0.170622
0.13754
0.104525
0.0717395
0.03921
0.00725071
-0.0238575
-0.0534515
-0.0803646
-0.103452
-0.117046
-0.125918
-0.0966492
-0.0843599
-18.8102
-18.817
-18.7251
-18.4419
-17.8628
-16.963
-15.8066
-14.4837
-13.0713
-11.6282
-10.1979
-8.81725
-7.52281
-6.3287
-5.2476
-4.33465
-3.59005
-2.95844
-2.44759
-2.05876
-1.76001
-1.54571
-1.41743
-1.36702
-1.38745
-1.50032
-1.73161
-2.0442
-2.33549
-2.45558
-2.29854
-1.82524
-1.03641
-0.138602
0.625751
1.09064
1.21665
1.10825
0.92674
0.757886
0.621319
0.551298
0.515372
0.516895
0.572331
0.671583
0.793002
0.91259
1.01522
1.09285
1.14112
1.16344
1.16805
1.16184
1.14894
1.13193
1.11168
1.08902
1.06361
1.03607
1.00697
0.976538
0.944503
0.911221
0.877535
0.843992
0.810699
0.777879
0.745426
0.712734
0.679901
0.64724
0.614431
0.581321
0.548062
0.514687
0.48139
0.448118
0.414871
0.381634
0.3484
0.31517
0.281945
0.248734
0.21553
0.182357
0.149216
0.116139
0.0831793
0.050425
0.0180078
-0.0138334
-0.044687
-0.0739904
-0.100322
-0.12295
-0.135374
-0.143933
-0.111798
-0.0983591
-18.8185
-18.825
-18.7318
-18.448
-17.8699
-16.9723
-15.8183
-14.4974
-13.0865
-11.6441
-10.214
-8.83364
-7.5406
-6.34774
-5.26627
-4.35394
-3.61194
-2.98088
-2.46867
-2.07867
-1.77783
-1.56047
-1.42927
-1.37748
-1.39919
-1.51589
-1.75019
-2.06326
-2.35112
-2.45904
-2.29865
-1.8143
-1.01553
-0.112753
0.648998
1.10479
1.22091
1.11003
0.922654
0.747724
0.610224
0.540673
0.50612
0.509298
0.567605
0.664989
0.7861
0.905529
1.00806
1.08563
1.13406
1.15684
1.1618
1.15602
1.14364
1.12678
1.10686
1.0842
1.05884
1.03133
1.00222
0.971767
0.939713
0.906425
0.872725
0.839167
0.805866
0.773012
0.74054
0.707702
0.674752
0.642032
0.609108
0.575946
0.542619
0.509228
0.475919
0.442645
0.409396
0.37616
0.342923
0.309693
0.276466
0.243255
0.210047
0.176874
0.143722
0.110642
0.077655
0.0448807
0.0124101
-0.0195004
-0.0504762
-0.0799388
-0.106544
-0.129399
-0.142258
-0.151247
-0.11901
-0.102478
-18.8405
-18.8466
-18.7528
-18.4692
-17.8926
-16.9969
-15.8446
-14.525
-13.115
-11.6733
-10.2437
-8.864
-7.57224
-6.38008
-5.29813
-4.3858
-3.64459
-3.01285
-2.49765
-2.10523
-1.80276
-1.58455
-1.45355
-1.40204
-1.425
-1.54225
-1.77709
-2.08959
-2.37481
-2.48393
-2.31113
-1.81644
-1.00912
-0.103032
0.655127
1.1015
1.20785
1.08712
0.901341
0.725104
0.586953
0.51742
0.483533
0.487501
0.543807
0.643007
0.764595
0.884158
0.986508
1.06376
1.11186
1.13404
1.13879
1.13273
1.12009
1.10315
1.0831
1.0604
1.03502
1.00748
0.978365
0.947905
0.915842
0.882549
0.84885
0.81529
0.781989
0.749139
0.71666
0.68386
0.650961
0.618242
0.585362
0.552208
0.518915
0.485526
0.452223
0.418949
0.385701
0.352464
0.31923
0.285997
0.252773
0.21956
0.186356
0.153179
0.120037
0.0869515
0.0539841
0.021208
-0.0112312
-0.0431185
-0.0740372
-0.103433
-0.129892
-0.15269
-0.165216
-0.174201
-0.141222
-0.131034
-18.7911
-18.7808
-18.8257
-18.8193
-18.8024
-18.7784
-18.7482
-18.7145
-18.6812
-18.6508
-18.624
-18.6009
-18.5824
-18.5716
-18.5704
-18.5664
-19.3785
-19.3543
-19.3644
-19.3755
-19.3656
-19.3406
-19.31
-19.2778
-19.2466
-19.2181
-19.1935
-19.1736
-19.1584
-19.147
-19.1397
-19.1253
-19.743
-19.8122
-19.8941
-19.9221
-19.9177
-19.8962
-19.8664
-19.8352
-19.8063
-19.7814
-19.7612
-19.7464
-19.7371
-19.7329
-19.729
-19.7174
-19.7918
-19.8784
-19.9209
-19.9393
-19.9417
-19.9266
-19.8996
-19.869
-19.8397
-19.8142
-19.7933
-19.7774
-19.7663
-19.7596
-19.7545
-19.7414
-19.1852
-19.2418
-19.2725
-19.2957
-19.3019
-19.2912
-19.2697
-19.2432
-19.2161
-19.19
-19.1656
-19.1435
-19.1244
-19.109
-19.0978
-19.0786
-18.0369
-18.0795
-18.1118
-18.1368
-18.1468
-18.1417
-18.1244
-18.1
-18.0731
-18.0455
-18.0182
-17.9917
-17.9665
-17.944
-17.9257
-17.9017
-16.5422
-16.5702
-16.5955
-16.6163
-16.6273
-16.6261
-16.6128
-16.5914
-16.5662
-16.5385
-16.5086
-16.477
-16.4443
-16.4124
-16.3838
-16.3546
-14.8751
-14.8906
-14.907
-14.9214
-14.9299
-14.9286
-14.9158
-14.895
-14.8699
-14.8413
-14.8093
-14.7742
-14.7367
-14.699
-14.6649
-14.6328
-13.2369
-13.2395
-13.2454
-13.2511
-13.2536
-13.2482
-13.2325
-13.2097
-13.1828
-13.1524
-13.1181
-13.0802
-13.0392
-12.9975
-12.9596
-12.9253
-11.6889
-11.6808
-11.675
-11.6696
-11.6627
-11.6499
-11.6285
-11.6014
-11.5711
-11.5378
-11.501
-11.4606
-11.417
-11.3726
-11.3323
-11.2964
-10.2479
-10.2315
-10.2157
-10.2002
-10.184
-10.1632
-10.1354
-10.1032
-10.0689
-10.0322
-9.99248
-9.94928
-9.90303
-9.8561
-9.81349
-9.77617
-8.8898
-8.8659
-8.84097
-8.81614
-8.7913
-8.76278
-8.72867
-8.69151
-8.65304
-8.61281
-8.56995
-8.52389
-8.47492
-8.42537
-8.38049
-8.34164
-7.58179
-7.55126
-7.51836
-7.48587
-7.45437
-7.42031
-7.38186
-7.34132
-7.30002
-7.25724
-7.21194
-7.16346
-7.11199
-7.05996
-7.01288
-6.97251
-6.30754
-6.2696
-6.2299
-6.19246
-6.15777
-6.1215
-6.08156
-6.04008
-5.99798
-5.95428
-5.90787
-5.85803
-5.80502
-5.75134
-5.70276
-5.66147
-5.09118
-5.04721
-5.00384
-4.96538
-4.93121
-4.89565
-4.85657
-4.81611
-4.7748
-4.73148
-4.68502
-4.6348
-4.5812
-4.5269
-4.47788
-4.4364
-3.9828
-3.93328
-3.88799
-3.85086
-3.81925
-3.78581
-3.7487
-3.71032
-3.67076
-3.62877
-3.58328
-3.53383
-3.48095
-3.42742
-3.37927
-3.33857
-3.01747
-2.96409
-2.91941
-2.8855
-2.85661
-2.82482
-2.78984
-2.75399
-2.71672
-2.67668
-2.63299
-2.58536
-2.53446
-2.48312
-2.43709
-2.39792
-2.24083
-2.18497
-2.14191
-2.11043
-2.08197
-2.05027
-2.01678
-1.9829
-1.94753
-1.90942
-1.86791
-1.82282
-1.77492
-1.7269
-1.68403
-1.64703
-1.67637
-1.62092
-1.5788
-1.54704
-1.5166
-1.4835
-1.44995
-1.41645
-1.38179
-1.34489
-1.30518
-1.26255
-1.21773
-1.17321
-1.13366
-1.09891
-1.292
-1.2394
-1.19799
-1.16469
-1.13178
-1.09712
-1.06294
-1.02918
-0.994596
-0.958258
-0.919672
-0.878776
-0.836289
-0.794587
-0.757725
-0.724267
-1.02961
-0.980181
-0.940537
-0.907181
-0.873314
-0.838043
-0.803329
-0.768819
-0.733548
-0.69686
-0.658424
-0.618238
-0.577008
-0.537004
-0.501822
-0.468838
-0.846327
-0.801288
-0.763233
-0.72885
-0.692866
-0.655533
-0.618753
-0.582315
-0.545536
-0.507894
-0.469057
-0.428954
-0.388193
-0.348927
-0.314517
-0.281875
-0.714982
-0.668428
-0.627336
-0.588564
-0.548206
-0.507743
-0.468818
-0.430916
-0.393198
-0.355047
-0.316046
-0.276042
-0.235567
-0.196703
-0.162702
-0.13032
-0.62314
-0.570233
-0.523785
-0.47978
-0.435482
-0.392393
-0.351431
-0.311966
-0.27321
-0.234536
-0.195454
-0.155711
-0.115731
-0.0774768
-0.0440471
-0.0120476
-0.574827
-0.518144
-0.463546
-0.412346
-0.363302
-0.316479
-0.272512
-0.230906
-0.190882
-0.151677
-0.112597
-0.0731743
-0.0336365
0.0042125
0.037402
0.0694258
-0.552048
-0.476458
-0.410096
-0.352892
-0.301085
-0.253124
-0.208902
-0.167559
-0.128069
-0.0894691
-0.0509331
-0.0118784
0.0275552
0.0655376
0.0988972
0.130996
-0.576648
-0.465932
-0.377053
-0.304881
-0.244418
-0.191813
-0.144803
-0.101987
-0.0619885
-0.0235263
0.0144615
0.0526866
0.0909978
0.127368
0.158416
0.18828
-0.673242
-0.519607
-0.394975
-0.296744
-0.217716
-0.151501
-0.0948361
-0.0456773
-0.00196034
0.0380936
0.0758749
0.112274
0.147175
0.17851
0.202889
0.226742
-0.778419
-0.593745
-0.443353
-0.325175
-0.230671
-0.152871
-0.08847
-0.0344193
0.0120794
0.0531718
0.090254
0.123862
0.153283
0.17622
0.194178
0.215421
-0.861022
-0.669901
-0.520328
-0.399909
-0.299046
-0.213887
-0.142869
-0.0838001
-0.0337679
0.00949814
0.0479788
0.0843604
0.117797
0.144772
0.160713
0.173425
-0.84354
-0.660484
-0.517513
-0.402617
-0.308693
-0.231568
-0.165996
-0.108367
-0.0572917
-0.012386
0.0256255
0.0543911
0.0743599
0.0877158
0.0952077
0.105009
-0.680983
-0.529233
-0.408013
-0.309692
-0.229498
-0.163917
-0.109916
-0.0655227
-0.0296203
-0.00146501
0.0195869
0.0341983
0.0433795
0.0479476
0.0495519
0.0587286
-0.363928
-0.274302
-0.199941
-0.138685
-0.0883124
-0.0471436
-0.0140659
0.0117896
0.0312011
0.0448035
0.0534022
0.0582144
0.0608589
0.0625238
0.0636359
0.0752033
-0.0211455
0.00592195
0.031012
0.0533217
0.0724885
0.0881963
0.10023
0.108678
0.11418
0.117715
0.120034
0.121817
0.123779
0.126464
0.129205
0.143937
0.150529
0.145995
0.146331
0.14917
0.153294
0.157921
0.162549
0.166864
0.17048
0.173392
0.176082
0.179282
0.183809
0.189679
0.193891
0.210353
0.223111
0.201057
0.18955
0.185159
0.185213
0.187868
0.192001
0.197042
0.202757
0.208918
0.215386
0.222244
0.230012
0.239209
0.244262
0.262486
0.291711
0.265048
0.250274
0.243919
0.243336
0.246622
0.252422
0.259797
0.268134
0.277078
0.286453
0.296163
0.306349
0.320128
0.325331
0.344342
0.383664
0.363368
0.353526
0.351195
0.353977
0.36007
0.368418
0.378383
0.389426
0.401146
0.413138
0.424523
0.435529
0.447001
0.455241
0.474576
0.489011
0.480448
0.479241
0.483489
0.491472
0.501463
0.512019
0.52275
0.534029
0.545922
0.55836
0.571972
0.586526
0.600789
0.611163
0.63085
0.591826
0.596019
0.604564
0.616217
0.629885
0.644726
0.66027
0.676442
0.692875
0.709198
0.725448
0.741773
0.758124
0.773749
0.785331
0.80524
0.701882
0.717331
0.735416
0.754968
0.77505
0.795007
0.814577
0.833834
0.852828
0.871543
0.889999
0.908226
0.926102
0.942816
0.954989
0.974988
0.817658
0.842654
0.867905
0.893042
0.917517
0.94081
0.962919
0.984195
1.00486
1.02498
1.04461
1.06378
1.08234
1.09946
1.11159
1.1315
0.933444
0.964777
0.994794
1.02333
1.05006
1.07487
1.09806
1.12022
1.14165
1.16238
1.18245
1.20189
1.22054
1.23762
1.24934
1.26916
1.03433
1.07192
1.10612
1.13723
1.16547
1.1911
1.21479
1.23738
1.25919
1.28015
1.30026
1.31953
1.33781
1.35453
1.3656
1.3853
1.1241
1.16499
1.20149
1.23429
1.26365
1.28995
1.3141
1.33703
1.35892
1.37971
1.39948
1.41823
1.43585
1.45203
1.46231
1.48183
1.21095
1.25222
1.28835
1.32056
1.34932
1.37523
1.39925
1.42196
1.44339
1.4636
1.4827
1.50066
1.51746
1.53311
1.5426
1.56194
1.29982
1.33714
1.37104
1.4009
1.42776
1.45227
1.47517
1.49681
1.51719
1.53643
1.55458
1.57158
1.58746
1.60256
1.61132
1.63048
1.38139
1.41376
1.44378
1.47094
1.49581
1.51881
1.54043
1.56084
1.58009
1.59828
1.61544
1.63149
1.6465
1.66113
1.66926
1.68827
1.44219
1.47167
1.49905
1.52439
1.54784
1.56977
1.59044
1.60993
1.62832
1.64571
1.66211
1.67744
1.69177
1.70611
1.71375
1.73266
1.4836
1.51101
1.53651
1.56077
1.58345
1.6047
1.62475
1.64363
1.66146
1.67832
1.69422
1.70906
1.72292
1.73711
1.74439
1.76326
1.51127
1.53752
1.56213
1.58546
1.60738
1.62798
1.64746
1.66584
1.68323
1.69968
1.7152
1.7297
1.74322
1.75732
1.76435
1.78319
1.52838
1.55383
1.57819
1.60107
1.62239
1.64255
1.66162
1.67964
1.69668
1.71283
1.72807
1.74233
1.7556
1.76968
1.77649
1.7953
1.53587
1.5611
1.58515
1.60771
1.62888
1.64889
1.66776
1.68559
1.70247
1.71847
1.7336
1.74773
1.7608
1.77492
1.7815
1.80031
1.53457
1.55986
1.58377
1.60624
1.62742
1.64735
1.66613
1.68388
1.70074
1.71676
1.7319
1.746
1.75887
1.77307
1.7794
1.79822
1.52585
1.55111
1.57499
1.5975
1.6187
1.63861
1.65739
1.67521
1.69216
1.70823
1.72338
1.73743
1.75007
1.7644
1.77047
1.7893
1.51131
1.53644
1.5603
1.58285
1.60404
1.62398
1.64285
1.66077
1.67775
1.69378
1.70883
1.72282
1.73519
1.74972
1.7555
1.77438
1.49236
1.51739
1.54113
1.56361
1.58481
1.60482
1.62375
1.64168
1.65864
1.6746
1.68956
1.70351
1.71557
1.73034
1.73583
1.75476
1.46994
1.49488
1.51852
1.54089
1.56205
1.58211
1.60108
1.619
1.6359
1.65176
1.66663
1.68058
1.69228
1.70737
1.71252
1.73158
1.44484
1.46972
1.49331
1.51559
1.53668
1.5567
1.57566
1.59353
1.61035
1.62611
1.64086
1.6549
1.66618
1.68161
1.68645
1.70555
1.41784
1.44274
1.46628
1.48849
1.50948
1.52935
1.54817
1.56592
1.58266
1.59834
1.6129
1.62718
1.63789
1.65383
1.65838
1.67762
1.38937
1.41436
1.43792
1.46003
1.48091
1.50065
1.51932
1.53693
1.55359
1.56922
1.58347
1.59812
1.60822
1.62471
1.62891
1.64825
1.35987
1.38491
1.40839
1.4305
1.45137
1.47103
1.48957
1.50706
1.52358
1.53924
1.55304
1.56816
1.57779
1.59438
1.59849
1.61786
1.3288
1.35379
1.37735
1.39949
1.42029
1.43993
1.45841
1.47582
1.49221
1.50777
1.52149
1.53628
1.54622
1.56266
1.56682
1.58618
1.29592
1.32096
1.34438
1.36638
1.38717
1.40675
1.42517
1.44255
1.45891
1.47424
1.48835
1.50288
1.51304
1.52932
1.53354
1.55288
1.26228
1.28705
1.31036
1.33238
1.35309
1.37258
1.39094
1.40827
1.42458
1.43995
1.45416
1.46852
1.47876
1.495
1.49926
1.51859
1.22836
1.25317
1.27657
1.29854
1.31914
1.33846
1.3567
1.37392
1.39019
1.40553
1.41958
1.43404
1.44414
1.46047
1.4647
1.48405
1.19363
1.21844
1.24197
1.2642
1.28505
1.30438
1.32245
1.33963
1.35589
1.3712
1.38512
1.39975
1.4096
1.42608
1.43022
1.44962
1.16
1.1845
1.20749
1.22916
1.24969
1.26928
1.28779
1.30509
1.32132
1.33668
1.35044
1.36521
1.37502
1.39154
1.39572
1.41514
1.12741
1.15195
1.175
1.19667
1.21703
1.23624
1.25443
1.27158
1.2877
1.30306
1.31678
1.33149
1.34167
1.35774
1.3622
1.38152
1.09571
1.12018
1.14326
1.16494
1.1853
1.20446
1.22257
1.23964
1.25563
1.27087
1.28469
1.29893
1.30949
1.32523
1.32989
1.34913
1.06268
1.08717
1.11025
1.13193
1.15231
1.1715
1.18964
1.20675
1.22279
1.23802
1.25197
1.26611
1.27679
1.29243
1.29715
1.31636
1.02921
1.0537
1.0767
1.09834
1.11872
1.13794
1.15608
1.1732
1.18926
1.20445
1.21848
1.23257
1.24334
1.25895
1.26369
1.28291
0.996407
1.02082
1.04379
1.06541
1.08578
1.10496
1.12308
1.14017
1.15623
1.17136
1.18542
1.1994
1.21026
1.22576
1.23057
1.24975
0.963459
0.987931
1.01097
1.03265
1.05305
1.07226
1.09036
1.1074
1.12344
1.13856
1.15264
1.16658
1.1775
1.19296
1.1978
1.21698
0.930478
0.955005
0.978083
0.999797
1.02023
1.03947
1.0576
1.07467
1.09072
1.10583
1.11991
1.13382
1.14475
1.16018
1.16504
1.1842
0.897464
0.922026
0.945135
0.966881
0.987342
1.00659
1.02471
1.04177
1.05781
1.07292
1.08701
1.10093
1.11186
1.1273
1.13215
1.15132
0.864387
0.888968
0.912095
0.933854
0.954327
0.973595
0.991735
1.0088
1.02486
1.03996
1.05405
1.06796
1.07889
1.09432
1.09918
1.11834
0.831244
0.855841
0.878982
0.900753
0.921236
0.940504
0.958634
0.975693
0.991746
1.00686
1.02094
1.03487
1.04579
1.06124
1.06609
1.08526
0.798066
0.822671
0.845819
0.867596
0.888084
0.907362
0.925501
0.942565
0.958617
0.973726
0.987806
1.00173
1.01265
1.02809
1.03294
1.05211
0.764866
0.789476
0.812627
0.834407
0.854896
0.874171
0.892304
0.909366
0.925419
0.940531
0.954614
0.968541
0.979463
0.994913
0.999757
1.01893
0.731653
0.756265
0.779419
0.801201
0.821693
0.840973
0.859111
0.876172
0.892225
0.907334
0.921414
0.935338
0.946258
0.961706
0.966549
0.985717
0.698429
0.723041
0.746195
0.767978
0.788469
0.807746
0.825882
0.842944
0.858996
0.874107
0.888187
0.902115
0.913034
0.928485
0.933327
0.952496
0.665198
0.68981
0.712964
0.734746
0.755238
0.774516
0.792652
0.809713
0.825765
0.840875
0.854955
0.868881
0.879799
0.895248
0.90009
0.919259
0.63196
0.65657
0.679723
0.701504
0.721995
0.741271
0.759406
0.776466
0.792516
0.807625
0.821704
0.83563
0.846549
0.862
0.866842
0.886012
0.598717
0.623324
0.646473
0.668251
0.688738
0.708012
0.726145
0.743203
0.759255
0.774365
0.788445
0.802369
0.813289
0.828736
0.833579
0.852747
0.565465
0.590067
0.613212
0.634985
0.655468
0.674741
0.692873
0.709931
0.725977
0.741081
0.755158
0.76908
0.780002
0.79545
0.800294
0.819463
0.532202
0.556794
0.57993
0.601696
0.622173
0.641436
0.659557
0.676607
0.692652
0.707759
0.72184
0.735757
0.746684
0.762118
0.766969
0.786132
0.498912
0.523488
0.546609
0.568361
0.588825
0.608079
0.626199
0.643249
0.659287
0.67438
0.688451
0.702358
0.713291
0.728723
0.733576
0.752743
0.465586
0.490136
0.513233
0.534964
0.555411
0.574647
0.592743
0.609769
0.625795
0.64089
0.654974
0.66887
0.67982
0.695219
0.700089
0.719242
0.432191
0.456694
0.479748
0.501441
0.521854
0.541062
0.559143
0.576162
0.592173
0.607242
0.621303
0.635162
0.646129
0.661508
0.666394
0.685548
0.398682
0.423104
0.446085
0.467713
0.488068
0.507225
0.52525
0.542214
0.55819
0.573237
0.587304
0.601134
0.612136
0.627453
0.632372
0.651504
0.364979
0.389262
0.412118
0.433634
0.453888
0.472958
0.490912
0.507817
0.52374
0.538741
0.552781
0.566532
0.577583
0.592824
0.597792
0.616908
0.330948
0.354994
0.377636
0.398959
0.419042
0.43796
0.455783
0.472578
0.488413
0.50334
0.51735
0.531004
0.542135
0.557224
0.562276
0.58135
0.296384
0.320037
0.342325
0.36333
0.383131
0.401801
0.419409
0.436021
0.4517
0.466499
0.480431
0.493932
0.505156
0.520061
0.525226
0.544252
0.260847
0.283818
0.305486
0.325934
0.345235
0.36346
0.380678
0.396959
0.412363
0.42694
0.440722
0.453991
0.465341
0.47987
0.485243
0.504155
0.223885
0.245766
0.266455
0.28603
0.30456
0.322113
0.338756
0.354555
0.369568
0.383839
0.397403
0.410425
0.421851
0.436102
0.441654
0.460524
0.183967
0.203869
0.222738
0.240642
0.257643
0.273803
0.28919
0.30387
0.317908
0.331356
0.344254
0.356673
0.368018
0.381506
0.387406
0.406024
0.141029
0.158162
0.174561
0.190294
0.20542
0.219991
0.234071
0.247783
0.261206
0.27432
0.287086
0.299447
0.311045
0.32434
0.330621
0.349192
0.0889705
0.100471
0.11152
0.12216
0.132432
0.142392
0.152148
0.161833
0.171521
0.181267
0.191119
0.201079
0.210982
0.222765
0.228677
0.246949
0.0379864
0.0446616
0.0514743
0.0584952
0.0657884
0.0733883
0.0813188
0.0896083
0.0982269
0.107123
0.116253
0.125568
0.135
0.145033
0.153572
0.165765
)
;

boundaryField
{
    frontAndBack
    {
        type            empty;
    }
    inlet
    {
        type            zeroGradient;
    }
    outlet
    {
        type            fixedValue;
        value           uniform 0;
    }
    walls
    {
        type            zeroGradient;
    }
}


// ************************************************************************* //
