/*--------------------------------*- C++ -*----------------------------------*\
| =========                 |                                                 |
| \\      /  F ield         | OpenFOAM: The Open Source CFD Toolbox           |
|  \\    /   O peration     | Version:  v2012                                 |
|   \\  /    A nd           | Website:  www.openfoam.com                      |
|    \\/     M anipulation  |                                                 |
\*---------------------------------------------------------------------------*/
FoamFile
{
    version     2.0;
    format      ascii;
    class       Cloud<basicKinematicParcel>;
    location    "0.086/lagrangian/kinematicCloud";
    object      coordinates;
}
// * * * * * * * * * * * * * * * * * * * * * * * * * * * * * * * * * * * * * //

54
(
(0.756142 0.121929 0.0994443 0.0224849) 381 763 1
(0.478816 0.0589808 0.201611 0.260592) 884 1768 1
(0.289021 0.211263 0.144226 0.35549) 1183 2167 2
(0.613719 0.0139769 0.179164 0.193141) 681 1163 2
(0.496533 0.251733 0.143413 0.10832) 1380 2761 1
(0.257933 0.371033 0.18675 0.184284) 1179 2358 2
(0.33947 0.160704 0.169561 0.330265) 57 114 1
(0.412935 0.0161617 0.277371 0.293533) 1574 3148 1
(0.287184 0.246188 0.11022 0.356408) 1573 3146 1
(0.314362 0.199061 0.143758 0.342819) 774 1548 1
(0.143168 0.235294 0.428416 0.193121) 874 1749 2
(0.758634 0.120683 0.0103604 0.110323) 572 1144 2
(0.210529 0.394736 0.00663525 0.3881) 1862 3722 2
(0.0336715 0.483164 0.38877 0.0943945) 160 320 2
(0.161222 0.419389 0.291251 0.128138) 1862 3525 1
(0.754042 0.122979 0.0806753 0.0423035) 968 1937 1
(0.742431 0.128785 0.103986 0.0247988) 364 728 2
(0.00287776 0.377742 0.498561 0.120819) 1761 3520 1
(0.667777 0.00667692 0.166111 0.159434) 564 1126 1
(0.441625 0.0721371 0.279187 0.20705) 1563 3124 1
(0.0220836 0.488958 0.366974 0.121984) 1363 2527 1
(0.22323 0.388385 0.0149527 0.373432) 1758 3516 2
(0.26194 0.36903 0.218142 0.150888) 1360 2720 2
(0.110293 0.218513 0.226341 0.444853) 458 916 1
(0.641449 0.179275 0.149795 0.02948) 859 1519 1
(0.17069 0.414655 0.218972 0.195683) 1358 2517 1
(0.189595 0.00437357 0.400829 0.405203) 355 710 1
(0.337797 0.331102 0.326166 0.0049352) 1456 2912 2
(0.284296 0.357852 0.252749 0.105103) 151 303 1
(0.171211 0.414395 0.0352605 0.379134) 1455 2911 1
(0.177575 0.411212 0.0924702 0.318742) 28 22248 2
(0.0550591 0.305592 0.47247 0.166878) 251 500 1
(0.0702934 0.0157878 0.449065 0.464853) 1843 3686 1
(0.0705767 0.411391 0.464712 0.0533207) 1051 2100 1
(0.201633 0.00789791 0.391285 0.399183) 650 1101 2
(0.0727195 0.251755 0.46364 0.211885) 1250 2498 1
(0.279579 0.36021 0.191942 0.168269) 748 1496 2
(0.186044 0.406978 0.168169 0.238809) 847 1694 2
(0.402687 0.0437703 0.298656 0.254886) 1246 2493 2
(0.0256306 0.487185 0.0746476 0.412537) 39 79 1
(0.3255 0.0948289 0.33725 0.242421) 644 1289 2
(0.812106 0.0133341 0.0806129 0.093947) 1243 2287 2
(0.176223 0.411889 0.0342092 0.37768) 542 1085 1
(0.464558 0.267721 0.267191 0.000529959) 541 883 1
(0.206259 0.396871 0.357296 0.0395742) 740 1281 1
(0.320871 0.339565 0.086199 0.253366) 1139 2279 1
(0.0812967 0.459352 0.234617 0.224735) 1538 2877 1
(0.675776 0.144067 0.162112 0.0180448) 937 1872 1
(0.25167 0.374165 0.123561 0.250604) 836 1473 1
(0.146389 0.426805 0.244929 0.181876) 1335 2671 1
(0.274903 0.362549 0.125018 0.23753) 333 666 2
(0.0680265 0.465987 0.239021 0.226965) 733 1467 1
(0.132827 0.433586 0.319942 0.113645) 1532 3065 1
(0.0397916 0.480104 0.190409 0.289695) 230 261 1
)


// ************************************************************************* //
