/*--------------------------------*- C++ -*----------------------------------*\
| =========                 |                                                 |
| \\      /  F ield         | OpenFOAM: The Open Source CFD Toolbox           |
|  \\    /   O peration     | Version:  v2012                                 |
|   \\  /    A nd           | Website:  www.openfoam.com                      |
|    \\/     M anipulation  |                                                 |
\*---------------------------------------------------------------------------*/
FoamFile
{
    version     2.0;
    format      ascii;
    class       vectorField;
    location    "0.079/lagrangian/kinematicCloud";
    object      UCorrect;
}
// * * * * * * * * * * * * * * * * * * * * * * * * * * * * * * * * * * * * * //


82
(
(0 0 0)
(0 0 0)
(-2.65223e-25 2.41458e-28 0)
(0 0 0)
(0 0 0)
(0 0 0)
(0 0 0)
(-2.64451e-25 1.93941e-28 0)
(-2.63614e-25 8.42781e-28 0)
(-2.34566e-11 -5.79537e-13 0)
(1.16081e-11 8.30917e-13 0)
(0 0 0)
(-9.42282e-28 6.14129e-32 0)
(0 0 0)
(0 0 0)
(-3.47709e-25 2.33487e-26 0)
(0 0 0)
(0 0 0)
(-5.74949e-25 1.18098e-25 0)
(-4.80533e-25 1.71968e-26 0)
(0 0 0)
(0 0 0)
(-7.62361e-25 4.14467e-26 0)
(-1.37289e-26 2.26082e-27 0)
(0 0 0)
(-1.01617e-24 4.48325e-26 0)
(0 0 0)
(0 0 0)
(0 0 0)
(1.17677e-09 5.97963e-11 0)
(2.1083e-08 2.14561e-12 0)
(0 0 0)
(0 0 0)
(0 0 0)
(0 0 0)
(0 0 0)
(-1.32975e-09 -7.22457e-11 0)
(8.92513e-10 4.37293e-11 0)
(-9.60497e-27 -4.05817e-28 0)
(0 0 0)
(0 0 0)
(-1.03396e-24 -7.00909e-26 0)
(0 0 0)
(-6.25711e-27 -1.0855e-27 0)
(0 0 0)
(-3.30439e-27 -1.86866e-28 0)
(0 0 0)
(0 0 0)
(0 0 0)
(0 0 0)
(0 0 0)
(-1.07309e-24 -1.24149e-26 0)
(0 0 0)
(-2.12906e-08 -2.16482e-12 0)
(0 0 0)
(0 0 0)
(0 0 0)
(0 0 0)
(0 0 0)
(0 0 0)
(0 0 0)
(-8.45527e-10 -2.16089e-13 0)
(5.88207e-10 1.17966e-13 0)
(0 0 0)
(0 0 0)
(0 0 0)
(0 0 0)
(0 0 0)
(0 0 0)
(0 0 0)
(0 0 0)
(0 0 0)
(0 0 0)
(0 0 0)
(-4.45168e-08 3.18968e-12 0)
(1.86292e-08 -8.89697e-13 0)
(-1.92632e-09 -1.16233e-12 0)
(0 0 0)
(2.33384e-08 -4.15959e-13 0)
(0 0 0)
(-1.02905e-09 1.53146e-14 0)
(7.15188e-10 -2.15745e-16 0)
)


// ************************************************************************* //
