/*--------------------------------*- C++ -*----------------------------------*\
| =========                 |                                                 |
| \\      /  F ield         | OpenFOAM: The Open Source CFD Toolbox           |
|  \\    /   O peration     | Version:  v2012                                 |
|   \\  /    A nd           | Website:  www.openfoam.com                      |
|    \\/     M anipulation  |                                                 |
\*---------------------------------------------------------------------------*/
FoamFile
{
    version     2.0;
    format      ascii;
    class       volScalarField;
    location    "0.272";
    object      p;
}
// * * * * * * * * * * * * * * * * * * * * * * * * * * * * * * * * * * * * * //

dimensions      [0 2 -2 0 0 0 0];


internalField   nonuniform List<scalar> 
1900
(
-299.623
-300.722
-301.622
-302.283
-302.96
-303.727
-304.532
-305.361
-305.974
-306.578
-300.077
-300.876
-301.704
-302.38
-303.06
-303.821
-304.632
-305.47
-306.23
-307.05
-300.363
-300.928
-301.696
-302.409
-303.106
-303.867
-304.693
-305.577
-306.47
-307.715
-300.547
-300.991
-301.726
-302.468
-303.178
-303.94
-304.784
-305.709
-306.722
-308.095
-300.645
-301.039
-301.754
-302.505
-303.221
-303.986
-304.848
-305.807
-306.888
-308.277
-300.662
-301.061
-301.78
-302.535
-303.254
-304.027
-304.904
-305.889
-307.004
-308.371
-300.597
-301.056
-301.807
-302.557
-303.277
-304.061
-304.951
-305.952
-307.079
-308.402
-300.445
-301.036
-301.83
-302.557
-303.27
-304.065
-304.969
-305.979
-307.11
-308.391
-300.188
-301.03
-301.891
-302.579
-303.277
-304.077
-304.985
-305.995
-307.118
-308.36
-299.754
-300.929
-301.881
-302.562
-303.26
-304.073
-304.992
-306.009
-307.135
-308.357
-305.92
-318.28
-337.562
-339.208
-320.079
-286.052
-243.02
-198.243
-157.318
-122.53
-94.1807
-71.7586
-54.2996
-40.7551
-30.1816
-21.8386
-15.2103
-9.88182
-5.51571
-1.88751
1.12871
3.64328
5.78156
7.63001
9.22548
10.5878
11.752
12.7723
13.6681
14.4488
15.1244
15.7045
16.203
16.6305
16.9932
17.3003
17.5554
17.7613
17.9247
18.0513
18.1453
18.2095
18.2436
18.248
18.2255
18.1806
18.1165
18.0335
17.9317
17.8116
17.6743
17.5214
17.3549
17.1759
16.9844
16.7807
16.5651
16.3382
16.1012
15.8549
15.5996
15.3352
15.0621
14.7801
14.4897
14.1911
13.885
13.5715
13.2506
12.9222
12.5866
12.2441
11.8948
11.539
11.1764
10.8074
10.4318
10.05
9.66197
9.26801
8.86795
8.46216
8.05044
7.63314
7.21009
6.78156
6.34746
5.90799
5.46325
5.01337
4.55849
4.09877
3.63409
3.16494
2.69011
2.21241
1.72481
1.24261
0.733523
0.279204
-309.337
-321.606
-333.412
-332.127
-313.079
-280.334
-239.752
-197.437
-158.319
-124.594
-96.6696
-74.2419
-56.5664
-42.6984
-31.7813
-23.1254
-16.2259
-10.6665
-6.11454
-2.35069
0.756253
3.34233
5.54543
7.44477
9.07297
10.4619
11.6498
12.6865
13.5916
14.378
15.0573
15.6393
16.1349
16.5594
16.9255
17.2371
17.4956
17.7048
17.8718
18.0021
18.0998
18.1673
18.2027
18.2077
18.186
18.1419
18.0783
17.9963
17.8953
17.7759
17.6394
17.4871
17.3212
17.1426
16.9514
16.748
16.5329
16.3065
16.0699
15.824
15.5689
15.3048
15.032
14.7502
14.4598
14.1615
13.8556
13.5423
13.2216
12.8932
12.5578
12.2154
11.8663
11.5104
11.1479
10.7789
10.4033
10.0215
9.63354
9.23951
8.83943
8.43358
8.02182
7.60445
7.18137
6.7528
6.31868
5.87923
5.43453
4.98475
4.53003
4.07053
3.60633
3.13764
2.66446
2.18738
1.70542
1.22183
0.729537
0.251886
-310.271
-317.92
-326.263
-324.072
-306.103
-275.371
-237.271
-197.126
-159.468
-126.594
-99.0031
-76.5627
-58.6879
-44.5356
-33.3226
-24.4079
-17.2869
-11.5359
-6.82787
-2.94668
0.256078
2.9332
5.22157
7.18507
8.85618
10.2816
11.5098
12.579
13.5049
14.3044
14.9931
15.5828
16.0821
16.5079
16.8777
17.1928
17.4527
17.6627
17.8302
17.9613
18.0586
18.1241
18.1583
18.163
18.1422
18.0998
18.0382
17.9575
17.8576
17.7398
17.6051
17.4544
17.2899
17.112
16.9213
16.7178
16.5021
16.2756
16.0393
15.7936
15.5385
15.2745
15.0021
14.7206
14.4305
14.1326
13.8271
13.5139
13.1934
12.8651
12.5299
12.1876
11.8385
11.4827
11.1202
10.7511
10.3755
9.99371
9.6057
9.21161
8.81146
8.4055
7.99368
7.57623
7.1531
6.72445
6.29033
5.85087
5.40621
4.95651
4.50194
4.04265
3.57894
3.11071
2.63922
2.16286
1.6865
1.20183
0.727104
0.223761
-310.492
-316.294
-321.939
-318.557
-301.089
-271.666
-235.203
-196.607
-160.106
-127.985
-100.749
-78.369
-60.373
-46.0113
-34.5693
-25.4469
-18.1405
-12.2263
-7.38829
-3.41103
-0.129053
2.61416
4.95053
6.94595
8.63956
10.0811
11.3255
12.4115
13.3513
14.1605
14.86
15.4649
15.9831
16.4264
16.8087
17.1337
17.4026
17.6209
17.7952
17.931
18.0293
18.0938
18.1278
18.1328
18.1125
18.0709
18.0097
17.9287
17.8276
17.708
17.572
17.4216
17.2579
17.0807
16.8906
16.687
16.471
16.2447
16.0091
15.764
15.5095
15.2455
14.9725
14.6907
14.4009
14.1033
13.7981
13.4851
13.1647
12.8366
12.5015
12.1593
11.8103
11.4545
11.0919
10.7228
10.3472
9.96537
9.57725
9.18307
8.7828
8.37672
7.96479
7.54722
7.12404
6.69532
6.2612
5.82172
5.37715
4.92751
4.47314
4.01405
3.55085
3.08311
2.61332
2.13772
1.66705
1.18106
0.723981
0.195996
-310.518
-314.805
-318.112
-313.455
-296.276
-267.995
-233.033
-195.92
-160.56
-129.163
-102.28
-79.9752
-61.8781
-47.3371
-35.6996
-26.3948
-18.9241
-12.8643
-7.90717
-3.84235
-0.489375
2.31862
4.70554
6.73489
8.45401
9.91911
11.1854
12.2893
13.2436
14.0626
14.7662
15.3734
15.8973
16.3467
16.7292
17.0535
17.3227
17.5428
17.7203
17.8597
17.9621
18.0318
18.0723
18.0838
18.0697
18.0335
17.9763
17.8982
17.7993
17.6811
17.5463
17.397
17.2338
17.057
16.8672
16.6636
16.4475
16.2212
15.9857
15.7405
15.4856
15.2208
14.9462
14.6634
14.3732
14.0753
13.7698
13.4562
13.1353
12.8067
12.4713
12.1289
11.7796
11.4236
11.0608
10.6916
10.3159
9.934
9.54582
9.15162
8.75148
8.34549
7.93364
7.51608
7.09296
6.66426
6.23024
5.79083
5.34642
4.89692
4.44282
3.984
3.52133
3.05415
2.58598
2.11128
1.64587
1.1593
0.718393
0.171095
-310.4
-313.509
-315.041
-309.398
-292.508
-265.228
-231.494
-195.545
-161.05
-130.179
-103.555
-81.299
-63.11
-48.4176
-36.6258
-27.1735
-19.5617
-13.381
-8.33296
-4.20004
-0.78807
2.07527
4.50337
6.55714
8.29472
9.7801
11.0658
12.1808
13.1421
13.9669
14.6766
15.2907
15.8214
16.2776
16.6644
16.9894
17.2612
17.4858
17.6681
17.811
17.9146
17.9827
18.0219
18.0336
18.02
17.9837
17.9255
17.8461
17.7467
17.6293
17.4963
17.3491
17.1877
17.0126
16.8243
16.6226
16.4086
16.1843
15.9501
15.706
15.4519
15.1878
14.914
14.6318
14.3419
14.0441
13.7382
13.4242
13.1029
12.7737
12.4381
12.0953
11.7458
11.3895
11.0265
10.6571
10.2815
9.89957
9.51151
9.11736
8.71734
8.31138
7.89964
7.48219
7.0592
6.63063
6.19678
5.75753
5.31334
4.86405
4.41026
3.9518
3.48967
3.02314
2.55643
2.08286
1.6217
1.13604
0.707802
0.152305
-310.21
-312.446
-312.668
-306.232
-289.501
-262.955
-230.134
-195.076
-161.265
-130.839
-104.469
-82.2842
-64.0504
-49.2653
-37.3678
-27.8071
-20.0834
-13.8057
-8.69351
-4.50968
-1.04145
1.87147
4.32567
6.39316
8.15043
9.65949
10.9615
12.0823
13.0464
13.88
14.5998
15.2201
15.7553
16.2134
16.6032
16.933
17.2078
17.4339
17.6183
17.7621
17.8673
17.9373
17.9775
17.9913
17.9801
17.9454
17.8878
17.8088
17.7103
17.5941
17.4617
17.3142
17.1519
16.9755
16.7857
16.5832
16.3686
16.1433
15.9079
15.6628
15.408
15.1434
14.8693
14.587
14.297
13.9993
13.6936
13.3801
13.0591
12.7306
12.3956
12.0535
11.7046
11.3489
10.9865
10.6176
10.2426
9.86097
9.47348
9.07969
8.67999
8.2743
7.86293
7.44587
7.02324
6.59504
6.16152
5.72263
5.27877
4.82984
4.37641
3.91837
3.45679
2.99095
2.52539
2.05313
1.59466
1.11175
0.690357
0.143273
-310.014
-311.622
-310.914
-303.872
-287.218
-261.199
-229.052
-194.666
-161.383
-131.313
-105.167
-83.0538
-64.7934
-49.9556
-37.985
-28.327
-20.5121
-14.1738
-9.0115
-4.76786
-1.24544
1.69492
4.16319
6.25255
8.03652
9.56257
10.8679
11.992
12.9663
13.8118
14.5379
15.1585
15.6934
16.1554
16.551
16.8843
17.1595
17.3848
17.5696
17.7161
17.8241
17.8951
17.935
17.9487
17.9382
17.9039
17.8464
17.7673
17.6687
17.5526
17.42
17.272
17.1094
16.9329
16.7433
16.5412
16.3267
16.1012
15.8653
15.62
15.365
15.1002
14.8259
14.5431
14.2526
13.9542
13.6482
13.3342
13.0127
12.684
12.3487
12.0061
11.657
11.3011
10.9388
10.5698
10.1948
9.81342
9.42613
9.03267
8.63331
8.22813
7.81734
7.40092
6.97891
6.55139
6.11852
5.68032
5.23708
4.78878
4.33592
3.87844
3.41749
2.95238
2.48771
2.01693
1.55961
1.08116
0.66016
0.138636
-309.857
-311.036
-309.718
-302.257
-285.629
-259.948
-228.241
-194.297
-161.363
-131.533
-105.534
-83.4752
-65.2196
-50.3534
-38.3285
-28.6165
-20.7624
-14.3916
-9.19426
-4.91985
-1.37487
1.58195
4.0632
6.16466
7.95687
9.48702
10.7959
11.9245
12.9038
13.7523
14.4799
15.102
15.6392
16.1043
16.502
16.8364
17.1123
17.3388
17.5252
17.6733
17.7824
17.8541
17.8945
17.9092
17.8998
17.8665
17.8095
17.7309
17.633
17.5177
17.3859
17.2387
17.0765
16.9005
16.7112
16.5094
16.2953
16.0699
15.8343
15.5892
15.3345
15.0701
14.7962
14.5138
14.2237
13.926
13.6206
13.3073
12.9866
12.6586
12.3243
11.9825
11.6338
11.2784
10.9165
10.5481
10.1736
9.79263
9.40562
9.01241
8.61318
8.20792
7.79708
7.38058
6.95854
6.53096
6.09807
5.65982
5.21657
4.76824
4.3154
3.85802
3.39721
2.93221
2.46754
1.99753
1.53978
1.06571
0.639689
0.148959
-309.799
-310.776
-309.167
-301.515
-284.923
-259.448
-228.001
-194.311
-161.572
-131.866
-105.94
-83.9018
-65.6275
-50.7236
-38.6596
-28.9118
-21.0223
-14.6182
-9.39554
-5.10317
-1.5386
1.44414
3.9412
6.05001
7.84815
9.3859
10.7012
11.8327
12.8138
13.6649
14.396
15.0206
15.5593
16.0257
16.4251
16.7613
17.0388
17.2665
17.4537
17.6028
17.713
17.786
17.8273
17.8427
17.834
17.8014
17.7451
17.6672
17.5699
17.4552
17.3239
17.1771
17.0154
16.8397
16.651
16.4497
16.2362
16.0113
15.7761
15.5314
15.2771
15.0131
14.7396
14.4575
14.1677
13.8701
13.5648
13.2516
12.9309
12.6028
12.2684
11.9274
11.5791
11.2238
10.8621
10.4939
10.1195
9.73884
9.35201
8.95907
8.56018
8.15553
7.74495
7.32868
6.90682
6.47938
6.04657
5.60836
5.16518
4.71684
4.26408
3.80672
3.34613
2.88153
2.41689
1.94788
1.4889
1.02008
0.591348
0.11292
-314.073
-315.342
-316.519
-316.764
-316.246
-314.976
-313.67
-313.762
-333.208
-334.725
-335.67
-336.006
-335.684
-334.97
-334.106
-333.757
-348.321
-351.157
-352.673
-353.239
-353.129
-352.819
-352.512
-352.172
-346.898
-350.263
-352.116
-352.862
-352.69
-352.175
-351.696
-351.058
-325.752
-328.652
-330.387
-330.946
-330.605
-329.869
-329.084
-328.157
-289.994
-292.05
-293.341
-293.795
-293.469
-292.521
-291.108
-289.508
-244.965
-246.037
-246.888
-247.289
-247.031
-246.002
-244.217
-242.159
-198.426
-198.457
-198.711
-198.926
-198.647
-197.566
-195.615
-193.372
-156.289
-155.594
-155.332
-155.236
-154.834
-153.718
-151.763
-149.557
-120.788
-119.665
-119.119
-118.847
-118.357
-117.254
-115.406
-113.363
-92.2214
-90.9956
-90.3485
-89.9543
-89.3929
-88.3486
-86.6743
-84.8481
-69.8802
-68.7272
-68.0906
-67.6266
-67.0263
-66.067
-64.5932
-63.0096
-52.6419
-51.6316
-51.0424
-50.5763
-49.9956
-49.1316
-47.8535
-46.492
-39.3787
-38.5413
-38.0366
-37.6054
-37.0698
-36.3089
-35.2195
-34.0651
-29.0833
-28.4031
-27.9603
-27.563
-27.0883
-26.4329
-25.5115
-24.5347
-20.9948
-20.4568
-20.0552
-19.6769
-19.2612
-18.7029
-17.9248
-17.083
-14.5739
-14.1491
-13.7972
-13.4536
-13.089
-12.6099
-11.9495
-11.1929
-9.40561
-9.06939
-8.77205
-8.47435
-8.15521
-7.74152
-7.17871
-6.50021
-5.15969
-4.89477
-4.64843
-4.39505
-4.11764
-3.75863
-3.27531
-2.68627
-1.61629
-1.4077
-1.20375
-0.989207
-0.749097
-0.436567
-0.0173096
0.49344
1.34997
1.522
1.6981
1.87988
2.08734
2.36044
2.72683
3.17272
3.83332
3.98107
4.13746
4.29493
4.47714
4.71877
5.04237
5.43562
5.94207
6.06635
6.20141
6.3401
6.50385
6.72123
7.01071
7.36155
7.76518
7.86988
7.98554
8.10797
8.25543
8.45162
8.71195
9.02725
9.34302
9.43449
9.53737
9.64771
9.78163
9.95956
10.1946
10.4794
10.699
10.7863
10.8778
10.9778
11.1008
11.2638
11.4776
11.7364
11.861
11.9486
12.0324
12.1235
12.2366
12.3864
12.5819
12.8186
12.8702
12.9503
13.0268
13.1115
13.2171
13.3563
13.5365
13.7545
13.7552
13.8275
13.8975
13.9763
14.0751
14.2046
14.3712
14.5728
14.5266
14.5928
14.6582
14.7325
14.8254
14.9465
15.101
15.2881
15.1944
15.2555
15.3168
15.3871
15.4749
15.5886
15.7324
15.9065
15.768
15.8244
15.8823
15.9491
16.0324
16.1395
16.2738
16.4366
16.2625
16.3137
16.3678
16.4311
16.5103
16.6114
16.7372
16.8899
16.6865
16.7336
16.7843
16.8444
16.9198
17.0155
17.1336
17.2773
17.0462
17.0908
17.1394
17.197
17.269
17.36
17.4713
17.607
17.3507
17.3935
17.4402
17.4955
17.5646
17.6512
17.7563
17.8846
17.6037
17.6449
17.69
17.7433
17.8097
17.8924
17.9917
18.1134
17.8078
17.8478
17.8916
17.9432
18.0072
18.0864
18.1807
18.2964
17.9693
18.0079
18.0504
18.1005
18.1624
18.2384
18.328
18.4384
18.0939
18.1313
18.1725
18.2211
18.2809
18.3539
18.4393
18.5448
18.186
18.2221
18.2621
18.3093
18.3671
18.4374
18.5189
18.6199
18.2484
18.2832
18.3219
18.3676
18.4237
18.4913
18.5691
18.666
18.2812
18.315
18.3526
18.3971
18.4515
18.5167
18.5911
18.6842
18.2847
18.3178
18.3548
18.3984
18.4513
18.5144
18.5858
18.6754
18.2614
18.294
18.3304
18.3731
18.4248
18.486
18.5546
18.6411
18.2158
18.2477
18.2833
18.3251
18.3755
18.4349
18.5009
18.5845
18.1511
18.1821
18.2168
18.2576
18.3068
18.3644
18.4279
18.5088
18.0672
18.0977
18.1319
18.1719
18.2199
18.2759
18.3372
18.4155
17.9647
17.9948
18.0285
18.0679
18.1149
18.1693
18.2284
18.3044
17.8441
17.8738
17.907
17.9457
17.9917
18.0448
18.1019
18.1757
17.7062
17.7355
17.7682
17.8063
17.8514
17.9031
17.9583
18.0302
17.5529
17.5818
17.614
17.6515
17.6958
17.7463
17.7998
17.8698
17.386
17.4146
17.4464
17.4834
17.5268
17.5762
17.6281
17.6964
17.2067
17.2349
17.2664
17.3028
17.3455
17.3938
17.4442
17.5108
17.0149
17.0428
17.074
17.1099
17.1519
17.1991
17.248
17.3132
16.8109
16.8385
16.8693
16.9048
16.946
16.9922
17.0398
17.1035
16.5949
16.6222
16.6527
16.6877
16.7283
16.7735
16.8198
16.8822
16.3677
16.3947
16.4249
16.4595
16.4994
16.5438
16.5889
16.65
16.1303
16.1571
16.1869
16.2211
16.2605
16.3041
16.348
16.408
15.8838
15.9104
15.9399
15.9737
16.0125
16.0553
16.0981
16.157
15.6282
15.6546
15.6839
15.7173
15.7556
15.7976
15.8394
15.8973
15.3638
15.39
15.419
15.452
15.4897
15.531
15.5718
15.6287
15.0903
15.1163
15.145
15.1776
15.2149
15.2555
15.2953
15.3513
14.8081
14.8338
14.8623
14.8945
14.9312
14.9711
15.0101
15.0652
14.5173
14.5428
14.5711
14.603
14.6392
14.6786
14.7167
14.7711
14.2186
14.244
14.2721
14.3037
14.3395
14.3783
14.4156
14.4692
13.9124
13.9376
13.9655
13.9969
14.0323
14.0705
14.1071
14.16
13.5989
13.6239
13.6516
13.6827
13.7177
13.7553
13.7912
13.8434
13.2777
13.3027
13.3301
13.3609
13.3956
13.4327
13.4679
13.5195
12.9492
12.9741
13.0013
13.0319
13.0662
13.1028
13.1374
13.1883
12.6135
12.6382
12.6653
12.6957
12.7296
12.7658
12.7998
12.8502
12.2709
12.2955
12.3225
12.3526
12.3862
12.4219
12.4553
12.5051
11.9215
11.946
11.9729
12.0028
12.0361
12.0714
12.1043
12.1536
11.5656
11.59
11.6167
11.6464
11.6794
11.7143
11.7466
11.7955
11.203
11.2273
11.2539
11.2834
11.3162
11.3508
11.3825
11.431
10.8339
10.8582
10.8846
10.914
10.9464
10.9806
11.0119
11.0599
10.4583
10.4825
10.5089
10.5381
10.5703
10.6042
10.635
10.6826
10.0765
10.1006
10.1269
10.1559
10.1878
10.2213
10.2517
10.2989
9.68844
9.71255
9.73876
9.76762
9.79932
9.83258
9.86256
9.90944
9.29447
9.31853
9.34464
9.37332
9.40476
9.43768
9.46722
9.51373
8.89442
8.91848
8.94454
8.9731
9.00434
9.037
9.06618
9.11236
8.48865
8.51266
8.53863
8.56704
8.59803
8.63038
8.65914
8.70498
8.07694
8.10094
8.12687
8.15516
8.18598
8.2181
8.24655
8.29212
7.65965
7.68364
7.7095
7.73767
7.76827
7.80013
7.82829
7.87363
7.23663
7.26062
7.28643
7.3145
7.34494
7.3766
7.40484
7.45064
6.8081
6.83204
6.85778
6.88572
6.91595
6.94729
6.97534
7.02125
6.37397
6.39788
6.42354
6.45136
6.4814
6.5125
6.54028
6.58594
5.93447
5.95832
5.98388
6.01156
6.04142
6.07229
6.09978
6.1452
5.48965
5.51341
5.53886
5.56636
5.59599
5.62661
5.65378
5.69886
5.03968
5.06335
5.08867
5.11602
5.14547
5.17588
5.20281
5.24768
4.58463
4.60812
4.63325
4.66035
4.6895
4.71958
4.74611
4.79056
4.12473
4.14806
4.17302
4.19993
4.22886
4.25876
4.2851
4.32946
3.65961
3.68258
3.70716
3.73369
3.76222
3.79173
3.81765
3.8616
3.19009
3.21273
3.23698
3.26316
3.29132
3.32047
3.34607
3.38978
2.71387
2.73543
2.75873
2.7841
2.81159
2.84028
2.86557
2.90916
2.2357
2.25683
2.27962
2.30439
2.33121
2.35921
2.38388
2.42679
1.74345
1.76109
1.78101
1.80357
1.82888
1.85611
1.88069
1.92461
1.26277
1.28121
1.30118
1.32307
1.34701
1.37225
1.39482
1.43514
0.739313
0.746883
0.757974
0.773168
0.792864
0.815946
0.834892
0.883311
0.302159
0.320216
0.336603
0.351736
0.366657
0.383727
0.40092
0.376901
)
;

boundaryField
{
    frontAndBack
    {
        type            empty;
    }
    inlet
    {
        type            zeroGradient;
    }
    outlet
    {
        type            fixedValue;
        value           uniform 0;
    }
    walls
    {
        type            zeroGradient;
    }
}


// ************************************************************************* //
