/*--------------------------------*- C++ -*----------------------------------*\
| =========                 |                                                 |
| \\      /  F ield         | OpenFOAM: The Open Source CFD Toolbox           |
|  \\    /   O peration     | Version:  v2012                                 |
|   \\  /    A nd           | Website:  www.openfoam.com                      |
|    \\/     M anipulation  |                                                 |
\*---------------------------------------------------------------------------*/
FoamFile
{
    version     2.0;
    format      ascii;
    class       Cloud<basicKinematicParcel>;
    location    "0.155/lagrangian/kinematicCloud";
    object      positions;
}
// * * * * * * * * * * * * * * * * * * * * * * * * * * * * * * * * * * * * * //

54
(
(1.5009 0.00408385 0.03) 2300
(1.57322 0.0157129 0.03) 2805
(1.56544 0.0237593 0.03) 3104
(1.539 0.00938711 0.03) 2502
(1.52517 0.030686 0.03) 3401
(1.53426 0.0241981 0.03) 3102
(1.07479 0.000499001 0.03) 71
(1.45013 0.0345506 0.03) 1696
(1.44498 0.0341852 0.03) 1596
(1.48926 0.0129886 0.03) 799
(1.49116 0.0165827 0.03) 899
(1.45183 0.00779101 0.03) 596
(1.25334 0.0383421 0.03) 1883
(1.24508 0.00148317 0.03) 183
(1.27867 0.037884 0.03) 1885
(1.4378 0.0188082 0.03) 995
(1.35231 0.00446998 0.03) 390
(1.28764 0.0371472 0.03) 1785
(1.38282 0.00862689 0.03) 592
(1.35112 0.034027 0.03) 1590
(1.38427 0.0283247 0.03) 1392
(1.28358 0.0363158 0.03) 1785
(1.35944 0.0290548 0.03) 1390
(1.32305 0.00679904 0.03) 488
(1.35462 0.0150765 0.03) 890
(1.33752 0.0284183 0.03) 1389
(1.28291 0.00533348 0.03) 385
(1.31189 0.0315284 0.03) 1487
(1.18977 0.00224747 0.03) 179
(1.29426 0.0323863 0.03) 1486
(0.589207 4.27933e-05 0.03) 39
(1.21354 0.00328142 0.03) 280
(1.06507 0.0386427 0.03) 1871
(1.27738 0.0216146 0.03) 1085
(1.26539 0.0097134 0.03) 684
(1.26414 0.0274434 0.03) 1284
(1.25339 0.0125879 0.03) 783
(1.24727 0.0149524 0.03) 883
(1.23272 0.0276348 0.03) 1282
(1.01984 0.000965662 0.03) 67
(1.21344 0.0114252 0.03) 680
(1.20381 0.0266445 0.03) 1280
(1.1856 0.00938437 0.03) 579
(1.1712 0.00798576 0.03) 578
(1.17284 0.0120745 0.03) 778
(1.16441 0.0251935 0.03) 1177
(1.13547 0.0324409 0.03) 1475
(1.14459 0.0185185 0.03) 976
(1.13268 0.0146298 0.03) 875
(1.11629 0.0301209 0.03) 1374
(1.0711 0.00445109 0.03) 371
(1.1026 0.0142192 0.03) 773
(1.06618 0.0340636 0.03) 1571
(1.00716 0.00262412 0.03) 267
)


// ************************************************************************* //
