/*--------------------------------*- C++ -*----------------------------------*\
| =========                 |                                                 |
| \\      /  F ield         | OpenFOAM: The Open Source CFD Toolbox           |
|  \\    /   O peration     | Version:  v2012                                 |
|   \\  /    A nd           | Website:  www.openfoam.com                      |
|    \\/     M anipulation  |                                                 |
\*---------------------------------------------------------------------------*/
FoamFile
{
    version     2.0;
    format      ascii;
    class       Cloud<basicKinematicParcel>;
    location    "0.101/lagrangian/kinematicCloud";
    object      coordinates;
}
// * * * * * * * * * * * * * * * * * * * * * * * * * * * * * * * * * * * * * //

54
(
(0.618807 0.181949 0.190596 0.0086478) 397 795 2
(0.551916 0.224042 0.192487 0.0315546) 2803 5599 1
(0.158558 0.420721 0.389368 0.0313528) 3102 6191 2
(0.467116 0.266442 0.132416 0.134025) 699 1396 2
(0.381303 0.13264 0.176708 0.309348) 1397 2794 1
(0.0424658 0.478767 0.222111 0.256656) 1198 2394 2
(0.0321947 0.307142 0.176761 0.483903) 68 136 1
(0.230105 0.19708 0.384947 0.187867) 1591 3180 1
(0.529733 0.217715 0.235134 0.017419) 1590 3178 1
(0.614966 0.0303511 0.192517 0.162166) 792 1585 2
(0.102416 0.259214 0.448792 0.189578) 892 1785 2
(0.801629 0.0991854 0.0655848 0.0336006) 589 1178 2
(0.531039 0.234481 0.16295 0.0715305) 1875 3750 2
(0.885069 0.0574654 0.0173671 0.0400983) 174 348 2
(0.012895 0.342297 0.151256 0.493552) 1876 3553 2
(0.347352 0.200667 0.326324 0.125657) 986 1970 1
(0.786777 0.0457284 0.106611 0.0608829) 380 758 1
(0.454753 0.238963 0.0336608 0.272623) 1775 3550 1
(0.489179 0.0103553 0.255411 0.245055) 581 1160 1
(0.790933 0.00178171 0.104533 0.102752) 1579 3156 1
(0.132208 0.278303 0.433896 0.155593) 1280 2561 2
(0.0358666 0.482067 0.0236872 0.458379) 1774 3349 1
(0.0436384 0.478181 0.23829 0.239891) 1377 2754 2
(0.350542 0.324729 0.180591 0.144138) 475 951 1
(0.448306 0.275847 0.130828 0.145019) 876 1752 2
(0.00356627 0.498217 0.111503 0.386714) 1275 2551 1
(0.0117409 0.214333 0.279797 0.49413) 471 743 2
(0.775853 0.112073 0.0595737 0.0524997) 1473 2747 1
(0.11045 0.444775 0.108684 0.33609) 165 331 1
(0.251222 0.0682301 0.306159 0.374389) 1471 2942 1
(0.0118021 0.494099 0.412394 0.0817054) 33 64 2
(0.0343589 0.221809 0.261011 0.482821) 265 530 1
(0.245684 0.377158 0.0616489 0.315509) 1856 3713 1
(0.177563 0.376285 0.0349337 0.411218) 1067 2134 1
(0.37195 0.282545 0.0314799 0.314025) 667 1135 2
(0.396062 0.164496 0.137473 0.301969) 1266 2532 1
(0.783206 0.0322306 0.0761663 0.108397) 765 1331 2
(0.593052 0.110235 0.0932392 0.203474) 864 1529 2
(0.55385 0.223075 0.158857 0.0642178) 1263 2527 1
(0.0664428 0.0361025 0.430676 0.466779) 151 103 2
(0.171912 0.414044 0.30689 0.107154) 661 1323 1
(0.0030142 0.498493 0.337318 0.161175) 1259 2518 2
(0.0235861 0.300716 0.187491 0.488207) 658 1117 2
(0.677561 0.139039 0.0221804 0.161219) 557 915 2
(0.332862 0.164532 0.169037 0.333569) 756 1313 2
(0.416238 0.224808 0.291881 0.0670726) 1155 2311 2
(0.118381 0.0277714 0.44081 0.413038) 1454 2906 1
(0.69541 0.12919 0.152295 0.0231052) 953 1904 1
(0.323952 0.338024 0.0235227 0.314501) 852 1505 1
(0.139237 0.10535 0.430382 0.325032) 1351 2700 1
(0.366927 0.316537 0.203592 0.112945) 348 696 2
(0.0161798 0.0172031 0.474707 0.49191) 848 1497 2
(0.410167 0.294916 0.104618 0.190298) 1547 3095 1
(0.268914 0.365543 0.0596155 0.305928) 244 289 1
)


// ************************************************************************* //
