/*--------------------------------*- C++ -*----------------------------------*\
| =========                 |                                                 |
| \\      /  F ield         | OpenFOAM: The Open Source CFD Toolbox           |
|  \\    /   O peration     | Version:  v2012                                 |
|   \\  /    A nd           | Website:  www.openfoam.com                      |
|    \\/     M anipulation  |                                                 |
\*---------------------------------------------------------------------------*/
FoamFile
{
    version     2.0;
    format      ascii;
    class       Cloud<basicKinematicParcel>;
    location    "0.15/lagrangian/kinematicCloud";
    object      positions;
}
// * * * * * * * * * * * * * * * * * * * * * * * * * * * * * * * * * * * * * //

54
(
(2.2385 0.000635848 0.03) 2052
(2.42799 0.011812 0.03) 2766
(2.40168 0.0199223 0.03) 2964
(2.33746 0.00612813 0.03) 2459
(2.29617 0.0277883 0.03) 3256
(2.3482 0.020914 0.03) 3060
(1.58906 0.000728503 0.03) 2006
(2.15356 0.0326414 0.03) 3546
(2.14742 0.0322988 0.03) 3446
(2.27234 0.0104571 0.03) 2655
(2.28699 0.0139813 0.03) 2756
(2.18208 0.00541396 0.03) 2348
(1.81924 0.0377122 0.03) 3822
(1.80031 0.000593562 0.03) 2021
(1.86278 0.0370594 0.03) 3725
(2.19624 0.0167002 0.03) 2849
(1.99369 0.00276436 0.03) 2235
(1.87514 0.0362361 0.03) 3726
(2.06934 0.00694726 0.03) 2440
(1.99563 0.0326342 0.03) 3535
(2.07846 0.0266193 0.03) 3241
(1.87151 0.0353673 0.03) 3626
(2.03342 0.027488 0.03) 3238
(1.9584 0.00570229 0.03) 2432
(2.04931 0.0136737 0.03) 2739
(2.00091 0.0269464 0.03) 3235
(1.88135 0.00459955 0.03) 2327
(1.94272 0.0302055 0.03) 3331
(1.69842 0.00227353 0.03) 2114
(1.90942 0.0311428 0.03) 3429
(0.685467 9.11332e-05 0.03) 45
(1.74905 0.0032776 0.03) 2217
(1.48128 0.0383901 0.03) 1898
(1.91594 0.0205638 0.03) 3029
(1.87317 0.00924885 0.03) 2526
(1.87789 0.0263124 0.03) 3226
(1.8633 0.0121338 0.03) 2725
(1.85749 0.0144371 0.03) 2825
(1.82278 0.0266533 0.03) 3223
(1.41202 0.00137752 0.03) 194
(1.7861 0.0113701 0.03) 2620
(1.77472 0.0258284 0.03) 3219
(1.73025 0.00962544 0.03) 2616
(1.69739 0.00838966 0.03) 2514
(1.71631 0.0122617 0.03) 2715
(1.70735 0.0246229 0.03) 3114
(1.63384 0.031684 0.03) 3409
(1.67594 0.0184381 0.03) 2912
(1.65118 0.0148583 0.03) 2810
(1.60833 0.0294538 0.03) 3307
(1.50597 0.00513483 0.03) 2300
(1.59562 0.0145541 0.03) 2806
(1.50517 0.0333286 0.03) 3500
(1.38277 0.0031295 0.03) 292
)


// ************************************************************************* //
