/*--------------------------------*- C++ -*----------------------------------*\
| =========                 |                                                 |
| \\      /  F ield         | OpenFOAM: The Open Source CFD Toolbox           |
|  \\    /   O peration     | Version:  v2012                                 |
|   \\  /    A nd           | Website:  www.openfoam.com                      |
|    \\/     M anipulation  |                                                 |
\*---------------------------------------------------------------------------*/
FoamFile
{
    version     2.0;
    format      ascii;
    class       Cloud<basicKinematicParcel>;
    location    "0.151/lagrangian/kinematicCloud";
    object      coordinates;
}
// * * * * * * * * * * * * * * * * * * * * * * * * * * * * * * * * * * * * * //

54
(
(0.0562936 0.328912 0.142941 0.471853) 397 595 2
(0.556444 0.175067 0.221778 0.0467106) 2802 5594 1
(0.539179 0.00856042 0.22185 0.23041) 3101 5993 2
(0.110321 0.0115929 0.433247 0.44484) 599 1199 1
(0.075824 0.462088 0.392541 0.0695466) 1499 2996 2
(0.856588 0.0416313 0.0300747 0.0717061) 1199 2198 2
(0.422244 0.288878 0.0816807 0.207197) 70 138 2
(0.29632 0.35184 0.0484234 0.303417) 1694 3189 1
(0.131694 0.100819 0.434153 0.333334) 1593 3187 2
(0.891324 0.0543381 0.0509661 0.00337196) 796 1592 2
(0.281401 0.215626 0.3593 0.143674) 896 1793 2
(0.27558 0.36221 0.0460596 0.316151) 594 989 1
(0.655691 0.172154 0.0107311 0.161423) 1881 3763 1
(0.126588 0.436706 0.136789 0.299917) 180 360 2
(0.135849 0.432075 0.170496 0.261579) 1883 3764 2
(0.154196 0.315658 0.422902 0.107244) 993 1984 1
(0.512875 0.0328808 0.210682 0.243562) 387 575 2
(0.388083 0.243619 0.305959 0.06234) 1783 3567 2
(0.892416 0.00501311 0.0487788 0.0537919) 589 1178 1
(0.298165 0.286839 0.350918 0.0640791) 1587 3175 2
(0.0902384 0.370488 0.0843923 0.454881) 1389 2579 2
(0.421668 0.289166 0.249467 0.0396987) 1783 3564 2
(0.112222 0.443889 0.31664 0.127249) 1387 2774 2
(0.739477 0.0255382 0.104723 0.130262) 485 970 1
(0.61172 0.139496 0.054644 0.19414) 887 1575 2
(0.175913 0.412044 0.38013 0.0319133) 1386 2573 1
(0.0424967 0.2003 0.478752 0.278452) 383 764 1
(0.322516 0.306706 0.032036 0.338742) 1484 2968 1
(0.158265 0.156526 0.420867 0.264342) 177 352 1
(0.0854989 0.265451 0.457251 0.1918) 1483 2967 2
(0.0735807 0.226801 0.236409 0.46321) 38 22258 1
(0.941946 0.0290269 0.0152156 0.0138113) 278 556 2
(0.0249511 0.0866004 0.487524 0.400924) 1869 3736 1
(0.789091 0.0699518 0.105454 0.0355026) 1082 2162 1
(0.15597 0.237563 0.184452 0.422015) 681 1163 2
(0.629777 0.128383 0.185111 0.056728) 1281 2563 2
(0.335473 0.332264 0.162633 0.169631) 780 1560 2
(0.520531 0.239735 0.141751 0.0979839) 880 1561 1
(0.474555 0.262723 0.0368257 0.225897) 1279 2559 1
(0.0690024 0.165301 0.465499 0.300198) 66 130 1
(0.310939 0.344531 0.316767 0.0277633) 678 1357 1
(0.723916 0.114735 0.0233075 0.138042) 1277 2355 2
(0.154916 0.422542 0.134119 0.288423) 576 1153 1
(0.459242 0.270379 0.213443 0.056936) 575 951 1
(0.244305 0.377847 0.344159 0.0336879) 775 1351 1
(0.230678 0.0885062 0.296155 0.384661) 1174 2348 1
(0.0289398 0.48553 0.415183 0.0703469) 1473 2947 1
(0.897499 0.0400398 0.0112105 0.0512504) 973 1946 1
(0.283908 0.0897361 0.26831 0.358046) 872 1545 2
(0.29648 0.114234 0.35176 0.237526) 1371 2743 2
(0.180073 0.409964 0.152502 0.257461) 368 736 2
(0.0186047 0.224555 0.490698 0.266143) 770 1541 2
(0.252993 0.355127 0.373504 0.0183763) 1568 3137 2
(0.079177 0.169643 0.290768 0.460411) 264 329 2
)


// ************************************************************************* //
