/*--------------------------------*- C++ -*----------------------------------*\
| =========                 |                                                 |
| \\      /  F ield         | OpenFOAM: The Open Source CFD Toolbox           |
|  \\    /   O peration     | Version:  v2012                                 |
|   \\  /    A nd           | Website:  www.openfoam.com                      |
|    \\/     M anipulation  |                                                 |
\*---------------------------------------------------------------------------*/
FoamFile
{
    version     2.0;
    format      ascii;
    class       volScalarField;
    location    "0.373";
    object      p;
}
// * * * * * * * * * * * * * * * * * * * * * * * * * * * * * * * * * * * * * //

dimensions      [0 2 -2 0 0 0 0];


internalField   nonuniform List<scalar> 
1900
(
-299.623
-300.722
-301.622
-302.283
-302.96
-303.727
-304.532
-305.361
-305.974
-306.578
-300.077
-300.876
-301.704
-302.38
-303.06
-303.821
-304.632
-305.47
-306.23
-307.05
-300.363
-300.928
-301.696
-302.409
-303.106
-303.867
-304.693
-305.577
-306.47
-307.715
-300.547
-300.991
-301.726
-302.468
-303.178
-303.94
-304.784
-305.709
-306.722
-308.095
-300.645
-301.039
-301.753
-302.505
-303.221
-303.986
-304.847
-305.807
-306.888
-308.277
-300.662
-301.061
-301.78
-302.535
-303.254
-304.027
-304.904
-305.889
-307.004
-308.371
-300.597
-301.056
-301.807
-302.557
-303.277
-304.06
-304.951
-305.952
-307.078
-308.402
-300.445
-301.036
-301.83
-302.557
-303.27
-304.065
-304.969
-305.979
-307.109
-308.391
-300.188
-301.03
-301.891
-302.579
-303.277
-304.077
-304.985
-305.995
-307.118
-308.36
-299.754
-300.929
-301.881
-302.562
-303.26
-304.073
-304.992
-306.009
-307.135
-308.357
-305.92
-318.28
-337.562
-339.208
-320.079
-286.052
-243.02
-198.243
-157.32
-122.531
-94.1774
-71.7585
-54.3052
-40.756
-30.1744
-21.8362
-15.2179
-9.88689
-5.5095
-1.88019
1.12585
3.63558
5.78059
7.63578
9.22878
10.5849
11.7478
12.7716
13.6706
14.4511
15.1248
15.7033
16.2015
16.6302
16.9945
17.3015
17.5552
17.7602
17.9238
18.0511
18.1459
18.2103
18.2438
18.2472
18.2245
18.1805
18.1172
18.0342
17.9318
17.811
17.6736
17.5212
17.3552
17.1764
16.9847
16.7806
16.5647
16.3379
16.1011
15.8551
15.5998
15.3353
15.0619
14.7799
14.4895
14.191
13.885
13.5716
13.2505
12.9221
12.5865
12.2441
11.8949
11.539
11.1764
10.8074
10.4318
10.05
9.66204
9.26811
8.86805
8.46225
8.05052
7.63322
7.21019
6.78167
6.34756
5.9081
5.46335
5.01347
4.55858
4.09887
3.63417
3.16502
2.69017
2.21246
1.72485
1.24264
0.733541
0.27921
-309.337
-321.606
-333.412
-332.127
-313.079
-280.334
-239.752
-197.436
-158.321
-124.594
-96.6662
-74.2427
-56.5715
-42.6978
-31.7749
-23.1252
-16.233
-10.669
-6.10793
-2.34576
0.752231
3.33616
5.54584
7.44986
9.07514
10.459
11.6463
12.6861
13.594
14.38
15.0575
15.638
16.1334
16.5593
16.927
17.2382
17.4951
17.7036
17.871
18.002
18.1005
18.1681
18.2028
18.2068
18.1851
18.1419
18.0791
17.997
17.8952
17.7753
17.6389
17.487
17.3215
17.143
16.9516
16.7478
16.5324
16.3062
16.0699
15.8242
15.5691
15.3047
15.0318
14.7499
14.4597
14.1614
13.8557
13.5423
13.2215
12.8931
12.5577
12.2154
11.8663
11.5105
11.148
10.7789
10.4034
10.0216
9.63361
9.2396
8.83952
8.43366
8.0219
7.60454
7.18147
6.7529
6.31879
5.87934
5.43463
4.98485
4.53013
4.07063
3.60641
3.13772
2.66453
2.18743
1.70546
1.22186
0.729556
0.251893
-310.271
-317.92
-326.263
-324.072
-306.103
-275.371
-237.271
-197.126
-159.47
-126.594
-99.0001
-76.5647
-58.692
-44.5333
-33.3176
-24.4101
-17.2929
-11.5354
-6.82139
-2.94491
0.250525
2.92983
5.22512
7.18873
8.85491
10.2783
11.5085
12.5797
13.5069
14.3055
14.993
15.5818
16.0807
16.5078
16.8795
17.1938
17.4521
17.6614
17.8295
17.9613
18.0593
18.125
18.1582
18.1619
18.1414
18.1001
18.0391
17.9581
17.8573
17.7391
17.6046
17.4544
17.2902
17.1125
16.9214
16.7175
16.5017
16.2754
16.0393
15.7938
15.5386
15.2744
15.0019
14.7204
14.4304
14.1326
13.8271
13.5139
13.1933
12.865
12.5298
12.1875
11.8385
11.4827
11.1202
10.7511
10.3756
9.99376
9.60577
9.21169
8.81154
8.40559
7.99377
7.57632
7.1532
6.72456
6.29043
5.85097
5.40632
4.95661
4.50204
4.04274
3.57902
3.11079
2.63929
2.16291
1.68654
1.20186
0.727122
0.223768
-310.492
-316.294
-321.939
-318.557
-301.089
-271.666
-235.203
-196.607
-160.108
-127.983
-100.747
-78.3723
-60.3759
-46.0075
-34.5659
-25.4507
-18.1449
-12.2237
-7.38292
-3.41145
-0.134319
2.61254
4.95489
6.94902
8.6371
10.0773
11.3253
12.4134
13.3526
14.1601
14.8595
15.4653
15.9828
16.4261
16.8098
17.1339
17.4019
17.6203
17.795
17.931
18.0299
18.0945
18.1275
18.1316
18.1118
18.0714
18.0107
17.9292
17.8272
17.7072
17.5716
17.4216
17.2583
17.0812
16.8907
16.6866
16.4706
16.2445
16.0092
15.7642
15.5096
15.2454
14.9723
14.6905
14.4008
14.1033
13.7981
13.4851
13.1646
12.8365
12.5014
12.1593
11.8103
11.4545
11.0919
10.7229
10.3473
9.96542
9.57732
9.18315
8.78288
8.3768
7.96488
7.54732
7.12414
6.69542
6.2613
5.82183
5.37725
4.92761
4.47324
4.01415
3.55093
3.08319
2.61338
2.13777
1.6671
1.1811
0.724
0.196003
-310.518
-314.805
-318.111
-313.455
-296.276
-267.995
-233.033
-195.921
-160.561
-129.161
-102.279
-79.979
-61.8792
-47.3325
-35.6979
-26.3999
-18.9272
-12.8594
-7.903
-3.84555
-0.494146
2.31964
4.71036
6.73619
8.45037
9.91566
11.186
12.2925
13.245
14.0613
14.7639
15.3738
15.8985
16.3466
16.73
17.0534
17.3215
17.5424
17.7203
17.8596
17.9623
18.0324
18.0722
18.0829
18.0693
18.0339
17.9769
17.8984
17.7991
17.6806
17.546
17.397
17.2341
17.0574
16.8673
16.6632
16.4471
16.2212
15.9859
15.7406
15.4856
15.2206
14.946
14.6633
14.3732
14.0754
13.7698
13.4562
13.1352
12.8066
12.4713
12.1289
11.7797
11.4236
11.0608
10.6916
10.316
9.93406
9.54588
9.15168
8.75155
8.34558
7.93373
7.51618
7.09306
6.66436
6.23034
5.79093
5.34653
4.89702
4.44291
3.98409
3.52141
3.05422
2.58605
2.11134
1.64592
1.15933
0.718412
0.171101
-310.4
-313.509
-315.041
-309.398
-292.508
-265.228
-231.494
-195.546
-161.05
-130.176
-103.556
-81.3027
-63.108
-48.4135
-36.6274
-27.1783
-19.5616
-13.3755
-8.33139
-4.20512
-0.791005
2.07895
4.50732
6.55599
8.29073
9.77868
11.0669
12.1834
13.1426
13.965
14.6749
15.2918
15.8234
16.2777
16.6635
16.9886
17.2604
17.4863
17.669
17.8112
17.9138
17.9822
18.0217
18.0334
18.0202
17.9842
17.9257
17.8459
17.7463
17.629
17.4963
17.3492
17.188
17.0128
16.8242
16.6222
16.4084
16.1842
15.9502
15.7061
15.4519
15.1876
14.9138
14.6317
14.3419
14.0441
13.7382
13.4241
13.1028
12.7736
12.4381
12.0953
11.7458
11.3895
11.0265
10.6572
10.2816
9.89964
9.51157
9.11741
8.7174
8.31146
7.89974
7.48229
7.05931
6.63073
6.19688
5.75763
5.31344
4.86415
4.41035
3.95189
3.48975
3.02321
2.5565
2.08292
1.62174
1.13607
0.707822
0.152311
-310.21
-312.445
-312.668
-306.232
-289.501
-262.955
-230.134
-195.077
-161.264
-130.838
-104.471
-82.2858
-64.0471
-49.263
-37.3719
-27.8105
-20.0794
-13.8016
-8.69635
-4.51435
-1.03976
1.87609
4.32564
6.38984
8.14909
9.6609
10.9623
12.0816
13.0462
13.8797
14.5992
15.2213
15.7565
16.2126
16.6027
16.9327
17.207
17.4346
17.6189
17.7619
17.8665
17.9367
17.9775
17.9916
17.9806
17.9456
17.8876
17.8084
17.7101
17.5941
17.4619
17.3143
17.1519
16.9754
16.7857
16.583
16.3684
16.1432
15.908
15.6629
15.408
15.1432
14.8691
14.5869
14.2971
13.9993
13.6936
13.38
13.0589
12.7305
12.3956
12.0535
11.7047
11.3489
10.9865
10.6176
10.2426
9.86105
9.47355
9.07974
8.68005
8.27438
7.86303
7.44598
7.02334
6.59514
6.16162
5.72273
5.27887
4.82994
4.3765
3.91845
3.45686
2.99102
2.52546
2.05318
1.59471
1.11178
0.690377
0.143279
-310.014
-311.622
-310.914
-303.872
-287.218
-261.199
-229.052
-194.666
-161.382
-131.314
-105.169
-83.0519
-64.791
-49.9577
-37.9879
-28.3254
-20.5091
-14.1748
-9.01428
-4.76738
-1.24278
1.69493
4.16108
6.25241
8.03839
9.5626
10.8654
11.9908
12.9682
13.8134
14.5369
15.1574
15.6938
16.156
16.5518
16.884
17.1579
17.3845
17.5705
17.7168
17.8238
17.8942
17.9345
17.9489
17.9387
17.9042
17.8462
17.767
17.6686
17.5526
17.42
17.272
17.1094
16.933
16.7434
16.5411
16.3265
16.101
15.8653
15.6201
15.3651
15.1001
14.8257
14.543
14.2525
13.9543
13.6481
13.3341
13.0126
12.6839
12.3487
12.0062
11.6571
11.3011
10.9388
10.5698
10.1949
9.8135
9.4262
9.03272
8.63337
8.22821
7.81744
7.40103
6.97901
6.55149
6.11863
5.68042
5.23718
4.78888
4.33601
3.87852
3.41757
2.95245
2.48777
2.01698
1.55965
1.08119
0.66018
0.138642
-309.856
-311.036
-309.717
-302.257
-285.628
-259.948
-228.241
-194.296
-161.363
-131.534
-105.534
-83.4743
-65.2205
-50.3547
-38.3281
-28.6151
-20.7621
-14.393
-9.19492
-4.91843
-1.37379
1.58081
4.06201
6.16576
7.9584
9.48598
10.7933
11.924
12.9061
13.7537
14.4784
15.1005
15.6399
16.1055
16.5029
16.8357
17.1105
17.3384
17.5263
17.6742
17.782
17.853
17.8939
17.9095
17.9005
17.8668
17.8093
17.7305
17.6328
17.5177
17.386
17.2387
17.0765
16.9005
16.7113
16.5093
16.2951
16.0697
15.8343
15.5894
15.3346
15.07
14.796
14.5137
14.2237
13.9261
13.6206
13.3073
12.9865
12.6585
12.3243
11.9825
11.6338
11.2784
10.9165
10.5482
10.1736
9.79272
9.4057
9.01246
8.61323
8.208
7.79718
7.3807
6.95866
6.53106
6.09817
5.65992
5.21668
4.76834
4.31549
3.85811
3.39729
2.93229
2.46761
1.99759
1.53983
1.06574
0.639708
0.148965
-309.799
-310.776
-309.167
-301.515
-284.923
-259.448
-228.001
-194.311
-161.572
-131.866
-105.94
-83.9014
-65.6275
-50.7243
-38.6601
-28.9112
-21.0215
-14.6187
-9.39657
-5.10261
-1.53728
1.44382
3.9399
6.05039
7.84968
9.38544
10.6988
11.8318
12.8158
13.6666
14.3948
15.019
15.5596
16.0268
16.426
16.7608
17.0371
17.266
17.4548
17.6038
17.7127
17.7848
17.8266
17.8429
17.8347
17.8018
17.7449
17.6668
17.5697
17.4552
17.324
17.1771
17.0154
16.8398
16.6511
16.4497
16.236
16.0111
15.7761
15.5315
15.2773
15.013
14.7394
14.4573
14.1677
13.8701
13.5648
13.2515
12.9308
12.6027
12.2684
11.9275
11.5792
11.2238
10.8621
10.4939
10.1196
9.73892
9.35209
8.95912
8.56023
8.15561
7.74505
7.32879
6.90694
6.47948
6.04667
5.60847
5.16528
4.71694
4.26417
3.8068
3.34621
2.88161
2.41696
1.94794
1.48894
1.02011
0.591368
0.112925
-314.073
-315.342
-316.519
-316.763
-316.246
-314.976
-313.67
-313.762
-333.208
-334.724
-335.67
-336.006
-335.684
-334.97
-334.106
-333.757
-348.321
-351.157
-352.673
-353.239
-353.129
-352.819
-352.512
-352.172
-346.898
-350.263
-352.116
-352.862
-352.689
-352.174
-351.696
-351.058
-325.752
-328.651
-330.387
-330.946
-330.605
-329.869
-329.084
-328.157
-289.994
-292.05
-293.342
-293.795
-293.469
-292.521
-291.108
-289.508
-244.965
-246.037
-246.888
-247.289
-247.031
-246.002
-244.217
-242.158
-198.425
-198.456
-198.711
-198.925
-198.647
-197.566
-195.615
-193.371
-156.291
-155.595
-155.333
-155.237
-154.835
-153.719
-151.764
-149.558
-120.789
-119.667
-119.121
-118.848
-118.358
-117.255
-115.407
-113.364
-92.2184
-90.993
-90.3462
-89.9523
-89.3911
-88.3469
-86.6727
-84.8466
-69.8795
-68.7263
-68.0896
-67.6257
-67.0254
-66.0663
-64.5927
-63.0093
-52.6475
-51.6367
-51.047
-50.5804
-49.9993
-49.1349
-47.8566
-46.495
-39.3797
-38.5424
-38.0379
-37.6069
-37.0713
-36.3103
-35.2207
-34.0661
-29.0761
-28.3966
-27.9546
-27.5578
-27.0836
-26.4286
-25.5075
-24.5308
-20.9919
-20.4539
-20.0522
-19.6736
-19.258
-18.6999
-17.922
-17.0804
-14.5812
-14.1556
-13.8027
-13.4584
-13.0933
-12.6138
-11.9532
-11.1965
-9.41121
-9.07478
-8.77743
-8.47979
-8.1605
-7.74653
-7.18341
-6.50465
-5.15421
-4.89028
-4.64498
-4.39232
-4.11537
-3.75664
-3.27343
-2.68438
-1.60874
-1.40056
-1.19682
-0.982435
-0.742618
-0.430449
-0.0115113
0.498999
1.34799
1.52095
1.69798
1.88038
2.08817
2.36142
2.72779
3.17357
3.82587
3.97423
4.13104
4.28885
4.47144
4.71343
5.0373
5.43071
5.94042
6.06404
6.1984
6.33667
6.50027
6.71765
7.00724
7.35824
7.77036
7.87432
7.98941
8.11141
8.25849
8.45439
8.71456
9.02981
9.34662
9.43836
9.5416
9.65211
9.78602
9.96383
10.1988
10.4834
10.6967
10.7847
10.8768
10.9772
11.1004
11.2636
11.4775
11.7362
11.8569
11.9447
12.0284
12.1195
12.2328
12.3827
12.5784
12.8151
12.8692
12.949
13.0251
13.1096
13.2151
13.3542
13.5345
13.7526
13.7574
13.8295
13.8993
13.978
14.0766
14.206
14.3726
14.5742
14.5288
14.5951
14.6607
14.735
14.828
14.949
15.1034
15.2905
15.1949
15.2561
15.3176
15.3879
15.4758
15.5895
15.7332
15.9074
15.7669
15.8234
15.8812
15.948
16.0315
16.1386
16.2728
16.4356
16.2609
16.3121
16.3662
16.4295
16.5088
16.6099
16.7357
16.8884
16.6861
16.7331
16.7838
16.8438
16.9192
17.0149
17.133
17.2768
17.0474
17.0919
17.1404
17.1979
17.2699
17.3608
17.4721
17.6078
17.3519
17.3947
17.4414
17.4968
17.5658
17.6524
17.7574
17.8857
17.6037
17.645
17.6901
17.7435
17.8099
17.8926
17.9919
18.1136
17.8067
17.8467
17.8906
17.9423
18.0063
18.0856
18.1799
18.2956
17.9683
18.0069
18.0493
18.0994
18.1613
18.2373
18.327
18.4374
18.0936
18.1309
18.1721
18.2207
18.2805
18.3535
18.4389
18.5444
18.1865
18.2226
18.2626
18.3097
18.3675
18.4378
18.5192
18.6202
18.2492
18.284
18.3227
18.3685
18.4244
18.492
18.5698
18.6667
18.2815
18.3153
18.353
18.3975
18.4519
18.5171
18.5915
18.6846
18.284
18.3172
18.3543
18.3979
18.4508
18.514
18.5854
18.675
18.2605
18.2931
18.3295
18.3722
18.4239
18.4851
18.5538
18.6402
18.2156
18.2474
18.2829
18.3247
18.3751
18.4345
18.5005
18.5841
18.1517
18.1826
18.2173
18.2581
18.3072
18.3648
18.4283
18.5092
18.0679
18.0984
18.1326
18.1727
18.2207
18.2766
18.3379
18.4162
17.9649
17.9951
18.0288
18.0682
18.1152
18.1696
18.2287
18.3047
17.8436
17.8733
17.9066
17.9453
17.9913
18.0444
18.1015
18.1753
17.7056
17.7348
17.7675
17.8056
17.8507
17.9024
17.9577
18.0295
17.5526
17.5815
17.6137
17.6512
17.6954
17.7459
17.7995
17.8695
17.3863
17.4148
17.4466
17.4835
17.527
17.5763
17.6283
17.6965
17.2072
17.2354
17.2669
17.3033
17.346
17.3942
17.4446
17.5112
17.0152
17.0432
17.0743
17.1102
17.1522
17.1994
17.2483
17.3134
16.8108
16.8384
16.8693
16.9047
16.946
16.9922
17.0397
17.1034
16.5944
16.6218
16.6523
16.6873
16.7279
16.7732
16.8194
16.8818
16.3673
16.3943
16.4245
16.459
16.499
16.5434
16.5885
16.6497
16.1302
16.157
16.1868
16.221
16.2604
16.304
16.3479
16.4079
15.884
15.9106
15.9401
15.9739
16.0127
16.0554
16.0983
16.1572
15.6285
15.6549
15.6842
15.7176
15.7558
15.7978
15.8396
15.8975
15.3638
15.39
15.4191
15.4521
15.4898
15.5311
15.5719
15.6288
15.0901
15.1161
15.1448
15.1775
15.2147
15.2553
15.2952
15.3511
14.8078
14.8335
14.862
14.8942
14.9309
14.9709
15.0099
15.065
14.5172
14.5426
14.5709
14.6028
14.6391
14.6784
14.7165
14.7709
14.2186
14.244
14.272
14.3037
14.3395
14.3782
14.4156
14.4691
13.9125
13.9377
13.9656
13.9969
14.0323
14.0705
14.1072
14.16
13.5989
13.624
13.6516
13.6827
13.7177
13.7554
13.7912
13.8434
13.2777
13.3026
13.3301
13.3609
13.3955
13.4327
13.4679
13.5194
12.9491
12.9739
13.0012
13.0318
13.0661
13.1027
13.1373
13.1882
12.6134
12.6381
12.6652
12.6955
12.7295
12.7657
12.7997
12.8501
12.2709
12.2954
12.3224
12.3525
12.3861
12.4219
12.4552
12.5051
11.9216
11.946
11.9729
12.0028
12.0361
12.0714
12.1043
12.1536
11.5657
11.5901
11.6167
11.6464
11.6794
11.7144
11.7466
11.7955
11.203
11.2274
11.254
11.2835
11.3162
11.3508
11.3826
11.4311
10.8339
10.8582
10.8846
10.914
10.9464
10.9806
11.0119
11.0599
10.4583
10.4825
10.5089
10.5381
10.5703
10.6042
10.635
10.6827
10.0765
10.1006
10.1269
10.1559
10.1878
10.2214
10.2518
10.299
9.68851
9.71262
9.73883
9.76769
9.79939
9.83265
9.86263
9.90951
9.29457
9.31863
9.34474
9.37342
9.40486
9.43778
9.46732
9.51383
8.89453
8.91858
8.94464
8.9732
9.00444
9.0371
9.06628
9.11247
8.48873
8.51275
8.53872
8.56713
8.59812
8.63047
8.65924
8.70507
8.07702
8.10103
8.12695
8.15524
8.18606
8.21818
8.24663
8.2922
7.65974
7.68373
7.70959
7.73775
7.76836
7.80022
7.82837
7.87372
7.23673
7.26071
7.28653
7.3146
7.34504
7.3767
7.40494
7.45074
6.8082
6.83215
6.85789
6.88583
6.91605
6.94739
6.97545
7.02135
6.37408
6.39799
6.42365
6.45146
6.48151
6.51261
6.54039
6.58605
5.93457
5.95842
5.98399
6.01166
6.04152
6.07239
6.09989
6.1453
5.48975
5.51351
5.53896
5.56646
5.59609
5.62671
5.65388
5.69896
5.03978
5.06344
5.08877
5.11612
5.14557
5.17598
5.2029
5.24778
4.58473
4.60822
4.63335
4.66045
4.68959
4.71968
4.74621
4.79066
4.12482
4.14816
4.17311
4.20003
4.22896
4.25885
4.28519
4.32955
3.6597
3.68267
3.70725
3.73378
3.76231
3.79182
3.81774
3.86169
3.19016
3.21281
3.23706
3.26324
3.29139
3.32055
3.34615
3.38985
2.71393
2.7355
2.7588
2.78416
2.81166
2.84034
2.86563
2.90922
2.23575
2.25688
2.27967
2.30444
2.33126
2.35926
2.38393
2.42684
1.74349
1.76113
1.78105
1.80361
1.82892
1.85615
1.88073
1.92465
1.2628
1.28124
1.30121
1.3231
1.34704
1.37227
1.39485
1.43517
0.739331
0.746901
0.757992
0.773186
0.792882
0.815964
0.83491
0.883329
0.302166
0.320222
0.336609
0.351742
0.366663
0.383734
0.400926
0.376907
)
;

boundaryField
{
    frontAndBack
    {
        type            empty;
    }
    inlet
    {
        type            zeroGradient;
    }
    outlet
    {
        type            fixedValue;
        value           uniform 0;
    }
    walls
    {
        type            zeroGradient;
    }
}


// ************************************************************************* //
