/*--------------------------------*- C++ -*----------------------------------*\
| =========                 |                                                 |
| \\      /  F ield         | OpenFOAM: The Open Source CFD Toolbox           |
|  \\    /   O peration     | Version:  v2012                                 |
|   \\  /    A nd           | Website:  www.openfoam.com                      |
|    \\/     M anipulation  |                                                 |
\*---------------------------------------------------------------------------*/
FoamFile
{
    version     2.0;
    format      ascii;
    class       volScalarField;
    location    "0.023";
    object      p;
}
// * * * * * * * * * * * * * * * * * * * * * * * * * * * * * * * * * * * * * //

dimensions      [0 2 -2 0 0 0 0];


internalField   nonuniform List<scalar> 
5600
(
1.84535
1.3869
1.00703
0.688059
0.377305
0.0675741
-0.235927
-0.520765
-0.785595
-1.02847
-1.24435
-1.43744
-1.6162
-1.78953
-1.95988
-2.128
-2.29621
-2.46534
-2.6346
-2.80397
-2.97344
-3.14294
-3.31245
-3.48197
-3.65149
-3.82101
-3.99053
-4.16005
-4.32957
-4.49909
-4.66861
-4.83813
-5.00765
-5.17717
-5.3467
-5.51622
-5.68574
-5.85526
-6.02478
-6.1943
-6.36383
-6.53335
-6.70287
-6.87239
-7.04191
-7.21144
-7.38096
-7.55048
-7.72
-7.88953
-8.05905
-8.22858
-8.3981
-8.56762
-8.73714
-8.90667
-9.07619
-9.24571
-9.41524
-9.58476
-9.75428
-9.92381
-10.0933
-10.2629
-10.4324
-10.6019
-10.7714
-10.941
-11.1105
-11.28
-11.4495
-11.6191
-11.7886
-11.9581
-12.1276
-12.2972
-12.4667
-12.6362
-12.8057
-12.9753
-13.1448
-13.3143
-13.4838
-13.6534
-13.8227
-13.9927
-14.1614
-14.3322
-14.5001
-14.6712
-14.8398
-15.0087
-15.1798
-15.3461
-15.5145
-15.6799
-15.8161
-15.9331
-15.9872
-15.3267
1.78635
1.36671
0.990366
0.670294
0.359307
0.0491384
-0.254132
-0.538999
-0.80418
-1.04779
-1.26476
-1.45886
-1.63871
-1.81283
-1.98326
-2.15084
-2.31914
-2.48832
-2.65763
-2.82703
-2.99652
-3.16603
-3.33555
-3.50507
-3.67459
-3.84411
-4.01363
-4.18315
-4.35268
-4.5222
-4.69172
-4.86124
-5.03076
-5.20028
-5.3698
-5.53933
-5.70885
-5.87837
-6.04789
-6.21741
-6.38694
-6.55646
-6.72598
-6.8955
-7.06502
-7.23454
-7.40407
-7.57359
-7.74311
-7.91264
-8.08216
-8.25168
-8.42121
-8.59073
-8.76025
-8.92978
-9.0993
-9.26882
-9.43834
-9.60787
-9.77739
-9.94692
-10.1164
-10.286
-10.4555
-10.625
-10.7945
-10.9641
-11.1336
-11.3031
-11.4726
-11.6422
-11.8117
-11.9812
-12.1507
-12.3203
-12.4898
-12.6593
-12.8288
-12.9984
-13.1679
-13.3374
-13.5069
-13.6765
-13.846
-14.0156
-14.1849
-14.3547
-14.5238
-14.6939
-14.863
-15.0325
-15.2019
-15.3696
-15.5396
-15.6977
-15.8474
-15.9487
-16.0234
-15.4638
1.74804
1.35416
0.977588
0.656959
0.34807
0.0402427
-0.261766
-0.546048
-0.810572
-1.05363
-1.27072
-1.46481
-1.64424
-1.81693
-1.98856
-2.15757
-2.3258
-2.49484
-2.66405
-2.83337
-3.00281
-3.1723
-3.3418
-3.51131
-3.68083
-3.85035
-4.01987
-4.18939
-4.35891
-4.52843
-4.69795
-4.86748
-5.037
-5.20652
-5.37604
-5.54556
-5.71508
-5.88461
-6.05413
-6.22365
-6.39317
-6.56269
-6.73222
-6.90174
-7.07126
-7.24078
-7.4103
-7.57983
-7.74935
-7.91887
-8.0884
-8.25792
-8.42744
-8.59697
-8.76649
-8.93601
-9.10554
-9.27506
-9.44458
-9.6141
-9.78363
-9.95315
-10.1227
-10.2922
-10.4617
-10.6313
-10.8008
-10.9703
-11.1398
-11.3093
-11.4789
-11.6484
-11.8179
-11.9874
-12.157
-12.3265
-12.496
-12.6655
-12.8351
-13.0046
-13.1741
-13.3436
-13.5132
-13.6827
-13.8522
-14.0217
-14.1913
-14.3608
-14.5302
-14.7
-14.8693
-15.0387
-15.208
-15.3756
-15.5465
-15.7021
-15.8585
-15.9635
-16.0465
-15.6382
1.69922
1.33777
0.962162
0.640179
0.332557
0.0254415
-0.276895
-0.561737
-0.826261
-1.06942
-1.28776
-1.48337
-1.66469
-1.84054
-2.01012
-2.17847
-2.34678
-2.51597
-2.68534
-2.85477
-3.02427
-3.1938
-3.36332
-3.53284
-3.70236
-3.87188
-4.04141
-4.21093
-4.38045
-4.54997
-4.71949
-4.88901
-5.05853
-5.22805
-5.39757
-5.5671
-5.73662
-5.90614
-6.07566
-6.24518
-6.41471
-6.58423
-6.75375
-6.92327
-7.09279
-7.26232
-7.43184
-7.60136
-7.77088
-7.94041
-8.10993
-8.27945
-8.44898
-8.6185
-8.78802
-8.95755
-9.12707
-9.29659
-9.46612
-9.63564
-9.80516
-9.97469
-10.1442
-10.3137
-10.4833
-10.6528
-10.8223
-10.9918
-11.1614
-11.3309
-11.5004
-11.6699
-11.8395
-12.009
-12.1785
-12.348
-12.5176
-12.6871
-12.8566
-13.0261
-13.1957
-13.3652
-13.5347
-13.7042
-13.8738
-14.0432
-14.2129
-14.3823
-14.5518
-14.7215
-14.8908
-15.0605
-15.2294
-15.3981
-15.5674
-15.7271
-15.8822
-15.9883
-16.0935
-15.8571
1.64957
1.32068
0.946381
0.622045
0.315966
0.00956858
-0.292451
-0.577227
-0.841226
-1.08322
-1.30091
-1.4963
-1.67698
-1.85055
-2.02337
-2.19211
-2.36035
-2.52937
-2.69854
-2.86781
-3.03721
-3.20668
-3.37617
-3.54568
-3.71519
-3.88471
-4.05423
-4.22375
-4.39327
-4.56279
-4.73231
-4.90184
-5.07136
-5.24088
-5.4104
-5.57992
-5.74944
-5.91897
-6.08849
-6.25801
-6.42753
-6.59705
-6.76658
-6.9361
-7.10562
-7.27514
-7.44466
-7.61419
-7.78371
-7.95323
-8.12276
-8.29228
-8.4618
-8.63133
-8.80085
-8.97037
-9.1399
-9.30942
-9.47894
-9.64846
-9.81799
-9.98751
-10.157
-10.3266
-10.4961
-10.6656
-10.8351
-11.0047
-11.1742
-11.3437
-11.5132
-11.6828
-11.8523
-12.0218
-12.1913
-12.3609
-12.5304
-12.6999
-12.8694
-13.039
-13.2085
-13.378
-13.5475
-13.717
-13.8866
-14.0561
-14.2257
-14.3951
-14.5647
-14.7343
-14.9037
-15.0732
-15.2423
-15.4105
-15.5804
-15.7379
-15.8967
-16.0152
-16.1387
-16.0856
1.59953
1.30137
0.929072
0.601821
0.297339
-0.00815764
-0.309844
-0.594675
-0.858375
-1.10005
-1.31819
-1.51488
-1.69758
-1.87466
-2.04523
-2.21382
-2.38222
-2.55146
-2.72083
-2.89024
-3.05973
-3.22926
-3.39878
-3.5683
-3.73782
-3.90734
-4.07686
-4.24639
-4.41591
-4.58543
-4.75495
-4.92447
-5.09399
-5.26351
-5.43303
-5.60256
-5.77208
-5.9416
-6.11112
-6.28064
-6.45017
-6.61969
-6.78921
-6.95873
-7.12825
-7.29777
-7.4673
-7.63682
-7.80634
-7.97587
-8.14539
-8.31491
-8.48444
-8.65396
-8.82348
-8.99301
-9.16253
-9.33205
-9.50157
-9.6711
-9.84062
-10.0101
-10.1797
-10.3492
-10.5187
-10.6882
-10.8578
-11.0273
-11.1968
-11.3663
-11.5359
-11.7054
-11.8749
-12.0444
-12.214
-12.3835
-12.553
-12.7225
-12.8921
-13.0616
-13.2311
-13.4006
-13.5702
-13.7397
-13.9092
-14.0787
-14.2483
-14.4178
-14.5873
-14.7569
-14.9263
-15.0959
-15.2651
-15.4339
-15.6031
-15.7657
-15.9231
-16.0474
-16.1945
-16.3013
1.55012
1.27954
0.909978
0.57955
0.276528
-0.0279993
-0.329424
-0.614385
-0.877911
-1.1192
-1.33719
-1.53407
-1.71607
-1.89239
-2.06416
-2.23303
-2.40157
-2.57066
-2.73983
-2.90908
-3.07847
-3.24793
-3.41742
-3.58692
-3.75644
-3.92596
-4.09548
-4.265
-4.43452
-4.60404
-4.77356
-4.94308
-5.1126
-5.28212
-5.45164
-5.62117
-5.79069
-5.96021
-6.12973
-6.29925
-6.46878
-6.6383
-6.80782
-6.97734
-7.14686
-7.31638
-7.48591
-7.65543
-7.82495
-7.99448
-8.164
-8.33352
-8.50305
-8.67257
-8.84209
-9.01162
-9.18114
-9.35066
-9.52018
-9.68971
-9.85923
-10.0288
-10.1983
-10.3678
-10.5373
-10.7069
-10.8764
-11.0459
-11.2154
-11.385
-11.5545
-11.724
-11.8935
-12.063
-12.2326
-12.4021
-12.5716
-12.7412
-12.9107
-13.0802
-13.2497
-13.4193
-13.5888
-13.7583
-13.9278
-14.0973
-14.2669
-14.4364
-14.6059
-14.7755
-14.9449
-15.1144
-15.2837
-15.4523
-15.6217
-15.7822
-15.9453
-16.0834
-16.2553
-16.4892
1.50314
1.25505
0.888552
0.555097
0.253282
-0.050306
-0.351541
-0.636617
-0.900003
-1.14093
-1.35883
-1.55614
-1.7412
-1.91733
-2.08898
-2.25775
-2.42659
-2.59589
-2.76519
-2.93455
-3.10402
-3.27352
-3.44304
-3.61255
-3.78207
-3.9516
-4.12112
-4.29064
-4.46016
-4.62968
-4.7992
-4.96872
-5.13824
-5.30776
-5.47729
-5.64681
-5.81633
-5.98585
-6.15537
-6.32489
-6.49442
-6.66394
-6.83346
-7.00298
-7.1725
-7.34203
-7.51155
-7.68107
-7.85059
-8.02012
-8.18964
-8.35917
-8.52869
-8.69821
-8.86773
-9.03726
-9.20678
-9.3763
-9.54583
-9.71535
-9.88487
-10.0544
-10.2239
-10.3934
-10.563
-10.7325
-10.902
-11.0715
-11.2411
-11.4106
-11.5801
-11.7496
-11.9192
-12.0887
-12.2582
-12.4277
-12.5973
-12.7668
-12.9363
-13.1058
-13.2754
-13.4449
-13.6144
-13.7839
-13.9535
-14.123
-14.2925
-14.462
-14.6316
-14.8011
-14.9706
-15.1401
-15.3095
-15.4786
-15.648
-15.8136
-15.9756
-16.1253
-16.3204
-16.6466
1.46015
1.22799
0.864206
0.528326
0.227385
-0.0754231
-0.3765
-0.661682
-0.925027
-1.16567
-1.38353
-1.58124
-1.76486
-1.94145
-2.11364
-2.2825
-2.45118
-2.62043
-2.78964
-2.95894
-3.12834
-3.29781
-3.4673
-3.63681
-3.80632
-3.97584
-4.14536
-4.31488
-4.4844
-4.65392
-4.82344
-4.99296
-5.16248
-5.33201
-5.50153
-5.67105
-5.84057
-6.01009
-6.17962
-6.34914
-6.51866
-6.68818
-6.8577
-7.02722
-7.19675
-7.36627
-7.53579
-7.70531
-7.87484
-8.04436
-8.21388
-8.38341
-8.55293
-8.72245
-8.89198
-9.0615
-9.23102
-9.40055
-9.57007
-9.73959
-9.90912
-10.0786
-10.2482
-10.4177
-10.5872
-10.7567
-10.9263
-11.0958
-11.2653
-11.4348
-11.6044
-11.7739
-11.9434
-12.1129
-12.2825
-12.452
-12.6215
-12.791
-12.9606
-13.1301
-13.2996
-13.4691
-13.6387
-13.8082
-13.9777
-14.1472
-14.3168
-14.4863
-14.6558
-14.8254
-14.9949
-15.1644
-15.3338
-15.5028
-15.6722
-15.8369
-16.0058
-16.1698
-16.3867
-16.7721
1.42297
1.19879
0.836353
0.499071
0.198654
-0.103755
-0.404779
-0.689987
-0.95336
-1.19391
-1.4117
-1.60951
-1.79388
-1.97072
-2.14366
-2.31288
-2.48177
-2.65105
-2.82019
-2.98944
-3.15885
-3.32833
-3.49783
-3.66734
-3.83686
-4.00638
-4.1759
-4.34542
-4.51494
-4.68446
-4.85399
-5.02351
-5.19303
-5.36255
-5.53207
-5.70159
-5.87112
-6.04064
-6.21016
-6.37968
-6.5492
-6.71872
-6.88825
-7.05777
-7.22729
-7.39681
-7.56634
-7.73586
-7.90538
-8.0749
-8.24443
-8.41395
-8.58348
-8.753
-8.92252
-9.09204
-9.26157
-9.43109
-9.60061
-9.77014
-9.93966
-10.1092
-10.2787
-10.4482
-10.6178
-10.7873
-10.9568
-11.1263
-11.2959
-11.4654
-11.6349
-11.8044
-11.974
-12.1435
-12.313
-12.4825
-12.6521
-12.8216
-12.9911
-13.1606
-13.3302
-13.4997
-13.6692
-13.8387
-14.0083
-14.1778
-14.3473
-14.5168
-14.6864
-14.8559
-15.0254
-15.195
-15.3645
-15.534
-15.7042
-15.8734
-16.0426
-16.2185
-16.4537
-16.8683
1.3956
1.1695
0.805944
0.468742
0.168447
-0.134173
-0.435286
-0.720358
-0.983809
-1.22447
-1.44218
-1.63986
-1.82404
-2.00063
-2.17264
-2.34105
-2.50973
-2.67924
-2.84864
-3.01803
-3.18748
-3.35696
-3.52646
-3.69597
-3.86549
-4.03501
-4.20453
-4.37405
-4.54357
-4.71309
-4.88261
-5.05213
-5.22165
-5.39117
-5.5607
-5.73022
-5.89974
-6.06926
-6.23878
-6.40831
-6.57783
-6.74735
-6.91687
-7.08639
-7.25591
-7.42544
-7.59496
-7.76448
-7.934
-8.10353
-8.27305
-8.44258
-8.6121
-8.78162
-8.95115
-9.12067
-9.29019
-9.45971
-9.62924
-9.79876
-9.96828
-10.1378
-10.3073
-10.4769
-10.6464
-10.8159
-10.9854
-11.155
-11.3245
-11.494
-11.6635
-11.8331
-12.0026
-12.1721
-12.3416
-12.5112
-12.6807
-12.8502
-13.0197
-13.1893
-13.3588
-13.5283
-13.6978
-13.8674
-14.0369
-14.2064
-14.3759
-14.5455
-14.715
-14.8845
-15.0541
-15.2236
-15.3932
-15.5627
-15.7327
-15.9013
-16.0782
-16.2659
-16.5144
-16.9314
1.3808
1.14285
0.775904
0.4403
0.139704
-0.163739
-0.465069
-0.749847
-1.01344
-1.25439
-1.47205
-1.66941
-1.85326
-2.03031
-2.20329
-2.3728
-2.54149
-2.71047
-2.87946
-3.04865
-3.21803
-3.38749
-3.55698
-3.72649
-3.89601
-4.06553
-4.23505
-4.40457
-4.57409
-4.74361
-4.91313
-5.08265
-5.25217
-5.42169
-5.59121
-5.76074
-5.93026
-6.09978
-6.2693
-6.43882
-6.60835
-6.77787
-6.94739
-7.11691
-7.28643
-7.45595
-7.62548
-7.795
-7.96452
-8.13405
-8.30357
-8.47309
-8.64262
-8.81214
-8.98166
-9.15119
-9.32071
-9.49023
-9.65975
-9.82928
-9.9988
-10.1683
-10.3378
-10.5074
-10.6769
-10.8464
-11.0159
-11.1855
-11.355
-11.5245
-11.694
-11.8636
-12.0331
-12.2026
-12.3721
-12.5417
-12.7112
-12.8807
-13.0502
-13.2198
-13.3893
-13.5588
-13.7284
-13.8979
-14.0674
-14.2369
-14.4065
-14.576
-14.7455
-14.9151
-15.0846
-15.2542
-15.4239
-15.5938
-15.765
-15.9381
-16.1142
-16.3096
-16.5654
-16.9699
1.37707
1.11928
0.747886
0.414975
0.113693
-0.190939
-0.49254
-0.776929
-1.04077
-1.28218
-1.49976
-1.69667
-1.88003
-2.05652
-2.22721
-2.3954
-2.56419
-2.7337
-2.90333
-3.07277
-3.24224
-3.41174
-3.58126
-3.75077
-3.92029
-4.08981
-4.25933
-4.42885
-4.59838
-4.7679
-4.93742
-5.10694
-5.27646
-5.44598
-5.6155
-5.78502
-5.95455
-6.12407
-6.29359
-6.46311
-6.63263
-6.80216
-6.97168
-7.1412
-7.31072
-7.48024
-7.64977
-7.81929
-7.98881
-8.15834
-8.32786
-8.49738
-8.66691
-8.83643
-9.00595
-9.17548
-9.345
-9.51452
-9.68404
-9.85357
-10.0231
-10.1926
-10.3621
-10.5317
-10.7012
-10.8707
-11.0402
-11.2098
-11.3793
-11.5488
-11.7183
-11.8879
-12.0574
-12.2269
-12.3964
-12.566
-12.7355
-12.905
-13.0745
-13.2441
-13.4136
-13.5831
-13.7526
-13.9222
-14.0917
-14.2612
-14.4307
-14.6003
-14.7698
-14.9394
-15.1089
-15.2785
-15.4482
-15.6181
-15.789
-15.9605
-16.1435
-16.3455
-16.6051
-16.9919
1.38213
1.09795
0.721944
0.392339
0.0900263
-0.215943
-0.517815
-0.801768
-1.06596
-1.30792
-1.5254
-1.72168
-1.90463
-2.08144
-2.25376
-2.42291
-2.59146
-2.76066
-2.92932
-3.09852
-3.2679
-3.43736
-3.60685
-3.77636
-3.94587
-4.11539
-4.28491
-4.45443
-4.62395
-4.79347
-4.96299
-5.13251
-5.30203
-5.47156
-5.64108
-5.8106
-5.98012
-6.14964
-6.31917
-6.48869
-6.65821
-6.82773
-6.99725
-7.16677
-7.3363
-7.50582
-7.67534
-7.84486
-8.01439
-8.18391
-8.35343
-8.52296
-8.69248
-8.862
-9.03153
-9.20105
-9.37057
-9.5401
-9.70962
-9.87914
-10.0487
-10.2182
-10.3877
-10.5572
-10.7268
-10.8963
-11.0658
-11.2353
-11.4049
-11.5744
-11.7439
-11.9134
-12.083
-12.2525
-12.422
-12.5915
-12.7611
-12.9306
-13.1001
-13.2696
-13.4392
-13.6087
-13.7782
-13.9477
-14.1173
-14.2868
-14.4563
-14.6259
-14.7954
-14.9649
-15.1345
-15.3041
-15.474
-15.6442
-15.8161
-15.9916
-16.1727
-16.3776
-16.6381
-17.0072
1.39343
1.0785
0.698337
0.372127
0.068529
-0.238864
-0.541061
-0.824584
-1.08922
-1.33179
-1.54919
-1.74464
-1.92634
-2.1016
-2.27204
-2.4399
-2.60841
-2.7777
-2.94752
-3.11697
-3.28648
-3.456
-3.62552
-3.79504
-3.96456
-4.13408
-4.30361
-4.47313
-4.64265
-4.81217
-4.98169
-5.15121
-5.32073
-5.49025
-5.65977
-5.8293
-5.99882
-6.16834
-6.33786
-6.50738
-6.67691
-6.84643
-7.01595
-7.18547
-7.35499
-7.52452
-7.69404
-7.86356
-8.03308
-8.20261
-8.37213
-8.54165
-8.71118
-8.8807
-9.05022
-9.21975
-9.38927
-9.55879
-9.72832
-9.89784
-10.0674
-10.2369
-10.4064
-10.5759
-10.7455
-10.915
-11.0845
-11.254
-11.4236
-11.5931
-11.7626
-11.9321
-12.1017
-12.2712
-12.4407
-12.6102
-12.7798
-12.9493
-13.1188
-13.2883
-13.4579
-13.6274
-13.7969
-13.9664
-14.136
-14.3055
-14.475
-14.6445
-14.8141
-14.9836
-15.1532
-15.3228
-15.4926
-15.6628
-15.8342
-16.0078
-16.1939
-16.4034
-16.6642
-17.0166
1.40894
1.06054
0.677106
0.353968
0.0490467
-0.259679
-0.562238
-0.845392
-1.11063
-1.35375
-1.57105
-1.76614
-1.94774
-2.12357
-2.29556
-2.46446
-2.6326
-2.80161
-2.97047
-3.1397
-3.30911
-3.47857
-3.64807
-3.81758
-3.98709
-4.15661
-4.32613
-4.49565
-4.66517
-4.83469
-5.00421
-5.17373
-5.34325
-5.51278
-5.6823
-5.85182
-6.02134
-6.19086
-6.36039
-6.52991
-6.69943
-6.86895
-7.03847
-7.208
-7.37752
-7.54704
-7.71656
-7.88608
-8.05561
-8.22513
-8.39465
-8.56418
-8.7337
-8.90322
-9.07275
-9.24227
-9.41179
-9.58132
-9.75084
-9.92036
-10.0899
-10.2594
-10.4289
-10.5985
-10.768
-10.9375
-11.107
-11.2766
-11.4461
-11.6156
-11.7851
-11.9547
-12.1242
-12.2937
-12.4632
-12.6328
-12.8023
-12.9718
-13.1413
-13.3109
-13.4804
-13.6499
-13.8194
-13.989
-14.1585
-14.328
-14.4975
-14.6671
-14.8366
-15.0062
-15.1757
-15.3454
-15.5153
-15.6857
-15.858
-16.0348
-16.2194
-16.428
-16.6878
-17.0272
1.42767
1.04385
0.65805
0.337113
0.0309418
-0.278752
-0.581441
-0.864056
-1.12998
-1.37401
-1.59057
-1.78412
-1.964
-2.13804
-2.30795
-2.47567
-2.6441
-2.81349
-2.98297
-3.15243
-3.32196
-3.49148
-3.661
-3.83053
-4.00005
-4.16957
-4.33909
-4.50861
-4.67813
-4.84765
-5.01717
-5.18669
-5.35622
-5.52574
-5.69526
-5.86478
-6.0343
-6.20382
-6.37335
-6.54287
-6.71239
-6.88191
-7.05143
-7.22096
-7.39048
-7.56
-7.72952
-7.89904
-8.06857
-8.23809
-8.40761
-8.57714
-8.74666
-8.91618
-9.08571
-9.25523
-9.42475
-9.59428
-9.7638
-9.93332
-10.1028
-10.2724
-10.4419
-10.6114
-10.7809
-10.9505
-11.12
-11.2895
-11.459
-11.6286
-11.7981
-11.9676
-12.1371
-12.3067
-12.4762
-12.6457
-12.8152
-12.9848
-13.1543
-13.3238
-13.4933
-13.6629
-13.8324
-14.0019
-14.1714
-14.341
-14.5105
-14.68
-14.8496
-15.0191
-15.1887
-15.3583
-15.5282
-15.6985
-15.8704
-16.0452
-16.2322
-16.4459
-16.7053
-17.0313
1.44862
1.02939
0.642487
0.322145
0.0140841
-0.297128
-0.600108
-0.882317
-1.14912
-1.39395
-1.61025
-1.80392
-1.98433
-2.15889
-2.32982
-2.49818
-2.66659
-2.83564
-3.00471
-3.17399
-3.34343
-3.51292
-3.68242
-3.85193
-4.02145
-4.19097
-4.36049
-4.53001
-4.69953
-4.86905
-5.03857
-5.20809
-5.37762
-5.54714
-5.71666
-5.88618
-6.0557
-6.22522
-6.39475
-6.56427
-6.73379
-6.90331
-7.07283
-7.24236
-7.41188
-7.5814
-7.75092
-7.92044
-8.08997
-8.25949
-8.42901
-8.59854
-8.76806
-8.93759
-9.10711
-9.27663
-9.44615
-9.61568
-9.7852
-9.95472
-10.1242
-10.2938
-10.4633
-10.6328
-10.8023
-10.9719
-11.1414
-11.3109
-11.4804
-11.65
-11.8195
-11.989
-12.1585
-12.3281
-12.4976
-12.6671
-12.8366
-13.0062
-13.1757
-13.3452
-13.5147
-13.6843
-13.8538
-14.0233
-14.1928
-14.3624
-14.5319
-14.7014
-14.871
-15.0405
-15.2101
-15.3798
-15.5497
-15.7202
-15.8926
-16.0695
-16.2563
-16.4677
-16.7248
-17.0439
1.46333
1.0147
0.630232
0.312674
0.00377412
-0.30919
-0.612845
-0.894687
-1.16193
-1.40639
-1.62138
-1.81362
-1.99262
-2.16618
-2.33655
-2.50385
-2.67215
-2.84146
-3.01076
-3.18018
-3.34969
-3.51921
-3.68872
-3.85824
-4.02776
-4.19728
-4.3668
-4.53632
-4.70585
-4.87537
-5.04489
-5.21441
-5.38393
-5.55345
-5.72297
-5.8925
-6.06202
-6.23154
-6.40106
-6.57058
-6.7401
-6.90963
-7.07915
-7.24867
-7.41819
-7.58771
-7.75724
-7.92676
-8.09628
-8.26581
-8.43533
-8.60485
-8.77438
-8.9439
-9.11342
-9.28295
-9.45247
-9.62199
-9.79151
-9.96104
-10.1306
-10.3001
-10.4696
-10.6391
-10.8087
-10.9782
-11.1477
-11.3172
-11.4868
-11.6563
-11.8258
-11.9953
-12.1649
-12.3344
-12.5039
-12.6734
-12.843
-13.0125
-13.182
-13.3515
-13.5211
-13.6906
-13.8601
-14.0296
-14.1992
-14.3687
-14.5382
-14.7077
-14.8773
-15.0468
-15.2164
-15.3861
-15.556
-15.7264
-15.8986
-16.0746
-16.262
-16.4754
-16.734
-17.048
1.49377
0.999873
0.606593
0.288538
-0.0204645
-0.334001
-0.638491
-0.91965
-1.1872
-1.43126
-1.64558
-1.83722
-2.01591
-2.1893
-2.35961
-2.52726
-2.69554
-2.86476
-3.03397
-3.20333
-3.37281
-3.54231
-3.71182
-3.88134
-4.05086
-4.22038
-4.3899
-4.55942
-4.72894
-4.89846
-5.06798
-5.2375
-5.40703
-5.57655
-5.74607
-5.91559
-6.08511
-6.25463
-6.42416
-6.59368
-6.7632
-6.93272
-7.10224
-7.27177
-7.44129
-7.61081
-7.78033
-7.94986
-8.11938
-8.2889
-8.45843
-8.62795
-8.79747
-8.967
-9.13652
-9.30604
-9.47556
-9.64509
-9.81461
-9.98413
-10.1537
-10.3232
-10.4927
-10.6622
-10.8318
-11.0013
-11.1708
-11.3403
-11.5099
-11.6794
-11.8489
-12.0184
-12.188
-12.3575
-12.527
-12.6965
-12.8661
-13.0356
-13.2051
-13.3746
-13.5442
-13.7137
-13.8832
-14.0527
-14.2223
-14.3918
-14.5613
-14.7308
-14.9004
-15.0699
-15.2395
-15.4092
-15.5791
-15.7495
-15.9219
-16.0985
-16.2857
-16.4988
-16.7566
-17.0681
-16.9115
-29.7275
-34.4258
-18.9834
-4.62927
1.2465
3.51251
4.14675
4.28147
4.27163
4.20487
4.12671
4.07523
4.03377
3.98299
3.92879
3.88386
3.83935
3.79313
3.74725
3.7016
3.65586
3.61012
3.56437
3.51862
3.47286
3.42709
3.38132
3.33556
3.28979
3.24402
3.19825
3.15248
3.10671
3.06095
3.01518
2.96941
2.92364
2.87787
2.83211
2.78634
2.74057
2.6948
2.64903
2.60326
2.5575
2.51173
2.46596
2.42019
2.37443
2.32866
2.28289
2.23712
2.19136
2.14559
2.09982
2.05405
2.00829
1.96252
1.91675
1.87099
1.82522
1.77945
1.73368
1.68792
1.64215
1.59639
1.55062
1.50485
1.45908
1.41332
1.36755
1.32179
1.27602
1.23025
1.18449
1.13872
1.09295
1.04719
1.00142
0.955656
0.90989
0.864124
0.818357
0.772589
0.726818
0.681042
0.635259
0.589462
0.543638
0.497766
0.451803
0.40567
0.359236
0.312208
0.264221
0.214151
0.161519
0.101579
0.0408869
-17.0848
-28.9493
-33.6629
-18.2808
-4.76097
0.986332
3.28366
3.99726
4.18937
4.21409
4.16795
4.10235
4.0565
4.01751
3.9672
3.91509
3.87059
3.82641
3.78035
3.73448
3.68883
3.64309
3.59735
3.5516
3.50585
3.46008
3.41432
3.36855
3.32278
3.27702
3.23125
3.18548
3.13971
3.09394
3.04817
3.0024
2.95664
2.91087
2.8651
2.81933
2.77356
2.7278
2.68203
2.63626
2.59049
2.54472
2.49896
2.45319
2.40742
2.36165
2.31588
2.27012
2.22435
2.17858
2.13282
2.08705
2.04128
1.99551
1.94975
1.90398
1.85821
1.81244
1.76668
1.72091
1.67514
1.62938
1.58361
1.53784
1.49208
1.44631
1.40054
1.35478
1.30901
1.26325
1.21748
1.17171
1.12595
1.08018
1.03441
0.988648
0.942882
0.897116
0.851351
0.805584
0.759816
0.714046
0.668273
0.622494
0.576703
0.530891
0.485041
0.43912
0.393063
0.346768
0.300002
0.252475
0.203292
0.152071
0.0950296
0.0373087
-17.3676
-27.9355
-32.406
-17.6081
-4.88656
0.703943
3.04031
3.83665
4.08959
4.15143
4.12729
4.07507
4.03563
3.99952
3.95008
3.9
3.85602
3.81201
3.76618
3.72034
3.67469
3.62896
3.58321
3.53746
3.49171
3.44594
3.40018
3.35441
3.30864
3.26287
3.21711
3.17134
3.12557
3.0798
3.03403
2.98826
2.94249
2.89673
2.85096
2.80519
2.75942
2.71365
2.66788
2.62212
2.57635
2.53058
2.48481
2.43905
2.39328
2.34751
2.30174
2.25597
2.21021
2.16444
2.11867
2.07291
2.02714
1.98137
1.9356
1.88984
1.84407
1.7983
1.75254
1.70677
1.661
1.61524
1.56947
1.5237
1.47794
1.43217
1.3864
1.34064
1.29487
1.2491
1.20334
1.15757
1.11181
1.06604
1.02027
0.974506
0.92874
0.882974
0.837209
0.791442
0.745675
0.699907
0.654135
0.60836
0.562576
0.516778
0.470953
0.425078
0.379108
0.332968
0.286496
0.239487
0.191298
0.141657
0.0878466
0.0334027
-17.5961
-26.7524
-30.7027
-17.0156
-5.01709
0.405944
2.78341
3.66475
3.98194
4.08347
4.08277
4.04466
4.01238
3.97956
3.93146
3.88339
3.83993
3.79603
3.75046
3.70468
3.65903
3.6133
3.56756
3.52181
3.47605
3.43029
3.38452
3.33875
3.29298
3.24722
3.20145
3.15568
3.10991
3.06414
3.01837
2.9726
2.92684
2.88107
2.8353
2.78953
2.74376
2.69799
2.65223
2.60646
2.56069
2.51492
2.46916
2.42339
2.37762
2.33185
2.28608
2.24032
2.19455
2.14878
2.10301
2.05725
2.01148
1.96571
1.91995
1.87418
1.82841
1.78264
1.73688
1.69111
1.64534
1.59958
1.55381
1.50804
1.46228
1.41651
1.37074
1.32498
1.27921
1.23345
1.18768
1.14191
1.09615
1.05038
1.00461
0.958848
0.913082
0.867316
0.821551
0.775785
0.730019
0.684251
0.638482
0.592711
0.546936
0.501153
0.455356
0.409533
0.363658
0.317694
0.271549
0.225118
0.178038
0.130162
0.0799334
0.0291327
-17.7555
-25.4802
-28.8135
-16.4758
-5.14724
0.101792
2.51388
3.48153
3.86631
4.01003
4.03426
4.01098
3.98646
3.95752
3.91106
3.86507
3.82209
3.77836
3.73303
3.68733
3.6417
3.59598
3.55023
3.50448
3.45872
3.41295
3.36718
3.32142
3.27565
3.22988
3.18411
3.13834
3.09257
3.0468
3.00104
2.95527
2.9095
2.86373
2.81796
2.77219
2.72643
2.68066
2.63489
2.58912
2.54335
2.49759
2.45182
2.40605
2.36028
2.31452
2.26875
2.22298
2.17721
2.13145
2.08568
2.03991
1.99414
1.94838
1.90261
1.85684
1.81108
1.76531
1.71954
1.67377
1.62801
1.58224
1.53647
1.49071
1.44494
1.39917
1.35341
1.30764
1.26187
1.21611
1.17034
1.12458
1.07881
1.03304
0.987278
0.941511
0.895746
0.84998
0.804215
0.75845
0.712684
0.666918
0.621152
0.575386
0.52962
0.483854
0.438088
0.392322
0.346554
0.300784
0.255003
0.209215
0.163365
0.117452
0.0711729
0.0244393
-17.8485
-24.2118
-26.9087
-15.9457
-5.28342
-0.203852
2.23288
3.28776
3.74296
3.931
3.98163
3.9739
3.95759
3.9332
3.88868
3.84479
3.80233
3.75887
3.71373
3.66812
3.6225
3.57674
3.53103
3.48529
3.43952
3.39376
3.34799
3.30222
3.25645
3.21069
3.16492
3.11915
3.07338
3.02761
2.98184
2.93607
2.89031
2.84454
2.79877
2.753
2.70723
2.66146
2.6157
2.56993
2.52416
2.47839
2.43262
2.38686
2.34109
2.29532
2.24955
2.20379
2.15802
2.11225
2.06648
2.02072
1.97495
1.92918
1.88342
1.83765
1.79188
1.74611
1.70035
1.65458
1.60881
1.56305
1.51728
1.47151
1.42575
1.37998
1.33421
1.28845
1.24268
1.19691
1.15115
1.10538
1.05962
1.01385
0.968083
0.922317
0.876552
0.830786
0.785021
0.739256
0.693491
0.647727
0.601964
0.556203
0.510447
0.4647
0.418969
0.373266
0.327616
0.28206
0.236681
0.191603
0.147109
0.103369
0.0614365
0.0192523
-17.9013
-23.0089
-25.0447
-15.4073
-5.43504
-0.512061
1.94049
3.08402
3.61237
3.84659
3.92494
3.93338
3.92554
3.90632
3.86421
3.82228
3.78051
3.73734
3.69237
3.64685
3.60129
3.55574
3.50981
3.46405
3.41828
3.37251
3.32674
3.28097
3.23521
3.18944
3.14367
3.0979
3.05213
3.00636
2.96059
2.91482
2.86906
2.82329
2.77752
2.73175
2.68598
2.64021
2.59445
2.54868
2.50291
2.45714
2.41138
2.36561
2.31984
2.27407
2.2283
2.18254
2.13677
2.091
2.04523
1.99947
1.9537
1.90793
1.86217
1.8164
1.77063
1.72486
1.6791
1.63333
1.58756
1.5418
1.49603
1.45026
1.4045
1.35873
1.31296
1.2672
1.22143
1.17567
1.1299
1.08413
1.03837
0.992601
0.946834
0.901068
0.855302
0.809537
0.763772
0.718008
0.672244
0.626482
0.580722
0.534967
0.489222
0.443495
0.397802
0.352168
0.306646
0.261325
0.216387
0.172087
0.129082
0.0877295
0.0505752
0.0134744
-17.9231
-21.8927
-23.2755
-14.8605
-5.59954
-0.820885
1.63867
2.87097
3.47474
3.75677
3.86409
3.88939
3.89017
3.87648
3.83758
3.79736
3.75644
3.71356
3.66873
3.62325
3.57763
3.5315
3.4862
3.44047
3.39472
3.34896
3.30319
3.25742
3.21166
3.16589
3.12012
3.07435
3.02858
2.98281
2.93704
2.89128
2.84551
2.79974
2.75397
2.7082
2.66243
2.61667
2.5709
2.52513
2.47936
2.43359
2.38783
2.34206
2.29629
2.25052
2.20476
2.15899
2.11322
2.06745
2.02169
1.97592
1.93015
1.88438
1.83862
1.79285
1.74708
1.70132
1.65555
1.60978
1.56401
1.51825
1.47248
1.42672
1.38095
1.33518
1.28941
1.24365
1.19788
1.15212
1.10635
1.06058
1.01482
0.969052
0.923285
0.877519
0.831754
0.785989
0.740224
0.69446
0.648697
0.602937
0.557181
0.511433
0.4657
0.419996
0.374344
0.328787
0.283407
0.238344
0.193885
0.150432
0.10905
0.0703009
0.038395
0.00696062
-17.9015
-20.8644
-21.6264
-14.3077
-5.77087
-1.1277
1.33245
2.65206
3.33195
3.66234
3.79945
3.84212
3.85155
3.84328
3.80866
3.76986
3.72982
3.68724
3.64261
3.59732
3.55189
3.50672
3.4604
3.41459
3.3688
3.32302
3.27724
3.23147
3.1857
3.13993
3.09416
3.04839
3.00262
2.95685
2.91108
2.86532
2.81955
2.77378
2.72801
2.68224
2.63647
2.59071
2.54494
2.49917
2.4534
2.40763
2.36187
2.3161
2.27033
2.22456
2.1788
2.13303
2.08726
2.04149
1.99573
1.94996
1.90419
1.85842
1.81266
1.76689
1.72112
1.67536
1.62959
1.58382
1.53806
1.49229
1.44652
1.40076
1.35499
1.30922
1.26346
1.21769
1.17192
1.12616
1.08039
1.03462
0.988858
0.943092
0.897326
0.85156
0.805794
0.760029
0.714265
0.668502
0.62274
0.576981
0.531228
0.485486
0.439765
0.394082
0.348469
0.302985
0.257745
0.212942
0.168983
0.126424
0.0867796
0.0508216
0.0246583
-0.000496184
-17.8356
-19.934
-20.123
-13.7579
-5.94923
-1.43769
1.02401
2.43007
3.18587
3.56431
3.73152
3.79188
3.81004
3.80672
3.77708
3.73953
3.70037
3.65811
3.61354
3.56814
3.52243
3.47614
3.43104
3.38537
3.33964
3.29389
3.24813
3.20236
3.15659
3.11083
3.06506
3.01929
2.97352
2.92775
2.88198
2.83621
2.79045
2.74468
2.69891
2.65314
2.60737
2.5616
2.51584
2.47007
2.4243
2.37853
2.33276
2.287
2.24123
2.19546
2.14969
2.10393
2.05816
2.01239
1.96662
1.92086
1.87509
1.82932
1.78356
1.73779
1.69202
1.64625
1.60049
1.55472
1.50895
1.46319
1.41742
1.37165
1.32589
1.28012
1.23435
1.18859
1.14282
1.09705
1.05129
1.00552
0.959756
0.91399
0.868224
0.822458
0.776693
0.730928
0.685164
0.639402
0.593641
0.547885
0.502138
0.456405
0.410702
0.365051
0.319497
0.274117
0.229062
0.184578
0.141191
0.0996108
0.0618417
0.0288498
0.00896695
-0.00925146
-17.7378
-19.1498
-18.8532
-13.2475
-6.12032
-1.73999
0.729689
2.21798
3.04559
3.46887
3.66432
3.74152
3.76817
3.76905
3.74419
3.70789
3.66948
3.62763
3.58339
3.53842
3.49327
3.44797
3.40163
3.35577
3.30996
3.26416
3.21838
3.1726
3.12683
3.08106
3.03529
2.98952
2.94375
2.89798
2.85221
2.80644
2.76067
2.71491
2.66914
2.62337
2.5776
2.53183
2.48607
2.4403
2.39453
2.34876
2.30299
2.25723
2.21146
2.16569
2.11992
2.07416
2.02839
1.98262
1.93685
1.89109
1.84532
1.79955
1.75378
1.70802
1.66225
1.61648
1.57072
1.52495
1.47918
1.43342
1.38765
1.34188
1.29612
1.25035
1.20458
1.15882
1.11305
1.06728
1.02152
0.975752
0.929986
0.884219
0.838453
0.792687
0.746922
0.701157
0.655394
0.609631
0.563871
0.518116
0.47237
0.42664
0.380941
0.3353
0.289765
0.244428
0.199467
0.155188
0.112249
0.0715221
0.0355353
0.0053675
-0.0080974
-0.019211
-17.6289
-18.5516
-17.8862
-12.8274
-6.27133
-2.0111
0.475996
2.03686
2.92614
3.38705
3.60555
3.69646
3.73026
3.73416
3.71318
3.67808
3.64011
3.59845
3.55404
3.5086
3.46269
3.41687
3.37153
3.32587
3.28015
3.2344
3.18864
3.14287
3.09711
3.05134
3.00557
2.9598
2.91403
2.86826
2.82249
2.77672
2.73096
2.68519
2.63942
2.59365
2.54788
2.50212
2.45635
2.41058
2.36481
2.31904
2.27328
2.22751
2.18174
2.13597
2.09021
2.04444
1.99867
1.9529
1.90714
1.86137
1.8156
1.76983
1.72407
1.6783
1.63253
1.58677
1.541
1.49523
1.44946
1.4037
1.35793
1.31216
1.2664
1.22063
1.17486
1.1291
1.08333
1.03757
0.9918
0.946034
0.900268
0.854501
0.808735
0.76297
0.717205
0.67144
0.625677
0.579916
0.534158
0.488406
0.442667
0.39695
0.351274
0.305674
0.260214
0.215006
0.170265
0.126336
0.0839778
0.0441445
0.00985294
-0.0178364
-0.0253441
-0.0298865
-17.5383
-18.1104
-17.1754
-12.5
-6.40225
-2.24493
0.267533
1.88982
2.82941
3.32056
3.55687
3.65842
3.69786
3.70364
3.68543
3.65142
3.61383
3.57258
3.52871
3.48402
3.43931
3.39323
3.34714
3.30128
3.25547
3.20967
3.16388
3.1181
3.07233
3.02656
2.98079
2.93502
2.88925
2.84348
2.79771
2.75194
2.70617
2.66041
2.61464
2.56887
2.5231
2.47733
2.43156
2.3858
2.34003
2.29426
2.24849
2.20272
2.15696
2.11119
2.06542
2.01965
1.97389
1.92812
1.88235
1.83658
1.79082
1.74505
1.69928
1.65352
1.60775
1.56198
1.51621
1.47045
1.42468
1.37891
1.33315
1.28738
1.24161
1.19585
1.15008
1.10432
1.05855
1.01278
0.967016
0.92125
0.875484
0.829718
0.783952
0.738186
0.692421
0.646657
0.600893
0.555132
0.509373
0.463621
0.417879
0.372159
0.326477
0.280867
0.23539
0.190161
0.145402
0.101502
0.0593071
0.0199186
-0.0131962
-0.039092
-0.0415364
-0.0405781
-17.4639
-17.7824
-16.6466
-12.2416
-6.51299
-2.44497
0.096886
1.77041
2.75107
3.26676
3.51667
3.62634
3.66983
3.67735
3.66065
3.62742
3.58986
3.54833
3.50388
3.45829
3.41181
3.36697
3.32147
3.27578
3.23005
3.1843
3.13854
3.09277
3.047
3.00123
2.95547
2.9097
2.86393
2.81816
2.77239
2.72662
2.68085
2.63509
2.58932
2.54355
2.49778
2.45201
2.40624
2.36048
2.31471
2.26894
2.22317
2.17741
2.13164
2.08587
2.0401
1.99433
1.94857
1.9028
1.85703
1.81127
1.7655
1.71973
1.67396
1.6282
1.58243
1.53666
1.4909
1.44513
1.39936
1.3536
1.30783
1.26206
1.2163
1.17053
1.12476
1.079
1.03323
0.987463
0.941697
0.895931
0.850165
0.804399
0.758633
0.712867
0.667102
0.621338
0.575575
0.529814
0.484058
0.43831
0.392575
0.346868
0.30121
0.255643
0.210244
0.165148
0.120616
0.0770628
0.0354206
-0.0032403
-0.035008
-0.0593923
-0.0572882
-0.0516306
-17.4038
-17.5369
-16.2481
-12.0356
-6.61124
-2.62036
-0.0438043
1.67361
2.68802
3.2238
3.48372
3.59945
3.64578
3.65483
3.63877
3.60632
3.56925
3.52836
3.4848
3.44043
3.39538
3.34903
3.30308
3.25722
3.2114
3.1656
3.11982
3.07404
3.02826
2.98249
2.93672
2.89095
2.84518
2.79941
2.75364
2.70788
2.66211
2.61634
2.57057
2.5248
2.47904
2.43327
2.3875
2.34173
2.29596
2.2502
2.20443
2.15866
2.11289
2.06712
2.02136
1.97559
1.92982
1.88405
1.83829
1.79252
1.74675
1.70098
1.65522
1.60945
1.56368
1.51792
1.47215
1.42638
1.38062
1.33485
1.28908
1.24332
1.19755
1.15178
1.10602
1.06025
1.01448
0.968717
0.922951
0.877185
0.831419
0.785653
0.739887
0.694121
0.648356
0.602592
0.556829
0.511067
0.46531
0.419559
0.373821
0.328106
0.282435
0.236845
0.191405
0.146241
0.101604
0.0579226
0.0161537
-0.0224798
-0.0537907
-0.0775655
-0.0717021
-0.0625593
-17.3588
-17.3553
-15.9507
-11.88
-6.70834
-2.77724
-0.158531
1.59651
2.6379
3.18977
3.45648
3.57645
3.62558
3.63475
3.61865
3.58608
3.54848
3.50676
3.46229
3.41633
3.37071
3.32566
3.28009
3.23439
3.18864
3.14288
3.09712
3.05135
3.00558
2.95981
2.91404
2.86827
2.8225
2.77673
2.73096
2.6852
2.63943
2.59366
2.54789
2.50212
2.45635
2.41059
2.36482
2.31905
2.27328
2.22751
2.18175
2.13598
2.09021
2.04444
1.99868
1.95291
1.90714
1.86137
1.81561
1.76984
1.72407
1.6783
1.63254
1.58677
1.541
1.49524
1.44947
1.4037
1.35794
1.31217
1.2664
1.22064
1.17487
1.1291
1.08334
1.03757
0.991803
0.946037
0.900271
0.854505
0.808738
0.762972
0.717206
0.671441
0.625676
0.579912
0.534149
0.488389
0.442634
0.396886
0.351155
0.305452
0.259803
0.214253
0.168886
0.123849
0.0794314
0.0360925
-0.00511369
-0.0430686
-0.0730571
-0.0960034
-0.0863132
-0.0740662
-17.326
-17.2232
-15.7335
-11.7657
-6.79572
-2.90889
-0.245991
1.53873
2.59986
3.16311
3.43534
3.55821
3.60893
3.61812
3.60276
3.5712
3.53436
3.49347
3.44997
3.40522
3.35968
3.31374
3.26784
3.222
3.17619
3.1304
3.08462
3.03884
2.99306
2.94729
2.90152
2.85575
2.80998
2.76422
2.71845
2.67268
2.62691
2.58114
2.53537
2.4896
2.44384
2.39807
2.3523
2.30653
2.26076
2.215
2.16923
2.12346
2.07769
2.03193
1.98616
1.94039
1.89462
1.84886
1.80309
1.75732
1.71155
1.66579
1.62002
1.57425
1.52848
1.48272
1.43695
1.39118
1.34542
1.29965
1.25388
1.20812
1.16235
1.11658
1.07082
1.02505
0.979285
0.933519
0.887753
0.841986
0.79622
0.750454
0.704688
0.658923
0.613157
0.567393
0.52163
0.47587
0.430113
0.384363
0.338628
0.292917
0.247255
0.201679
0.156267
0.111151
0.0666016
0.0230651
-0.0184362
-0.0566511
-0.0869201
-0.110067
-0.0985317
-0.0839911
-17.3073
-17.1354
-15.5835
-11.683
-6.86051
-3.00615
-0.308192
1.49842
2.56977
3.14234
3.41771
3.54029
3.59036
3.59931
3.58342
3.55124
3.5134
3.47178
3.42733
3.38198
3.33653
3.29107
3.24541
3.19967
3.1539
3.10813
3.06236
3.01659
2.97082
2.92505
2.87928
2.83351
2.78774
2.74197
2.6962
2.65043
2.60467
2.5589
2.51313
2.46736
2.42159
2.37582
2.33006
2.28429
2.23852
2.19275
2.14698
2.10122
2.05545
2.00968
1.96391
1.91815
1.87238
1.82661
1.78084
1.73508
1.68931
1.64354
1.59777
1.55201
1.50624
1.46047
1.41471
1.36894
1.32317
1.27741
1.23164
1.18587
1.14011
1.09434
1.04857
1.00281
0.957041
0.911275
0.865508
0.819742
0.773976
0.72821
0.682444
0.636679
0.590914
0.545149
0.499387
0.453627
0.407872
0.362125
0.316393
0.270691
0.225044
0.179496
0.134134
0.0891087
0.0447161
0.00143824
-0.0396189
-0.0772868
-0.106337
-0.12907
-0.113848
-0.100238
-17.2973
-17.0859
-15.4986
-11.6423
-6.90976
-3.06569
-0.341232
1.47475
2.55364
3.13158
3.40869
3.53199
3.58251
3.59184
3.57654
3.54493
3.50751
3.46634
3.42231
3.37734
3.33169
3.28598
3.24018
3.19437
3.14858
3.10279
3.05701
3.01124
2.96546
2.91969
2.87392
2.82815
2.78239
2.73662
2.69085
2.64508
2.59931
2.55354
2.50777
2.46201
2.41624
2.37047
2.3247
2.27893
2.23317
2.1874
2.14163
2.09586
2.05009
2.00433
1.95856
1.91279
1.86702
1.82126
1.77549
1.72972
1.68396
1.63819
1.59242
1.54665
1.50089
1.45512
1.40935
1.36359
1.31782
1.27205
1.22629
1.18052
1.13475
1.08899
1.04322
0.997453
0.951686
0.90592
0.860154
0.814388
0.768622
0.722856
0.67709
0.631324
0.585559
0.539795
0.494032
0.448272
0.402516
0.356768
0.311034
0.265328
0.219673
0.174112
0.128725
0.0836559
0.0391861
-0.00421292
-0.0454768
-0.0833766
-0.112859
-0.135923
-0.120831
-0.099148
-17.3108
-17.0881
-15.4955
-11.6631
-6.95609
-3.11639
-0.36258
1.45337
2.53684
3.11439
3.38964
3.51173
3.56128
3.56999
3.55419
3.52212
3.48435
3.44295
3.39871
3.35355
3.30794
3.26231
3.21656
3.17077
3.12499
3.07921
3.03343
2.98766
2.94189
2.89612
2.85035
2.80458
2.75881
2.71304
2.66727
2.6215
2.57573
2.52997
2.4842
2.43843
2.39266
2.34689
2.30113
2.25536
2.20959
2.16382
2.11805
2.07229
2.02652
1.98075
1.93498
1.88922
1.84345
1.79768
1.75191
1.70615
1.66038
1.61461
1.56884
1.52308
1.47731
1.43154
1.38578
1.34001
1.29424
1.24848
1.20271
1.15694
1.11118
1.06541
1.01964
0.973876
0.92811
0.882344
0.836577
0.790811
0.745045
0.699279
0.653513
0.607747
0.561983
0.516218
0.470456
0.424696
0.37894
0.333192
0.28746
0.241756
0.196104
0.15055
0.105174
0.0601302
0.0156937
-0.0276326
-0.0687904
-0.106536
-0.135659
-0.158718
-0.14229
-0.134239
-17.3564
-17.9672
-18.5984
-19.1041
-19.3428
-19.3121
-19.0818
-18.7039
-18.2384
-17.7374
-17.2564
-16.837
-16.4977
-16.2526
-16.1335
-16.1446
-30.6929
-31.6319
-32.4724
-33.0836
-33.4559
-33.6035
-33.5441
-33.3028
-32.9107
-32.4218
-31.8833
-31.3349
-30.8274
-30.4246
-30.178
-30.0865
-35.18
-35.8695
-36.4193
-36.7781
-36.8985
-36.7762
-36.4564
-36.0064
-35.4779
-34.9099
-34.3511
-33.8661
-33.5012
-33.2323
-33.0333
-32.9165
-19.9468
-20.6027
-20.7527
-20.6216
-20.3463
-19.9693
-19.5164
-19.0247
-18.4948
-17.9455
-17.4301
-16.9752
-16.5808
-16.2691
-16.0809
-15.9657
-4.46543
-4.29651
-4.05548
-3.7363
-3.33865
-2.88083
-2.39815
-1.9231
-1.48229
-1.10206
-0.775618
-0.505594
-0.311423
-0.200532
-0.0936708
0.087763
1.63819
2.20007
2.79272
3.39553
3.98205
4.52186
5.00342
5.42536
5.7861
6.08514
6.32501
6.50668
6.63438
6.72511
6.81736
6.93342
3.85924
4.31979
4.76791
5.2156
5.65328
6.06895
6.44694
6.77761
7.05744
7.28501
7.46179
7.59278
7.6867
7.75937
7.83138
7.90772
4.37249
4.68049
4.97642
5.25992
5.533
5.79161
6.02533
6.22665
6.39345
6.52763
6.63364
6.71643
6.7806
6.83374
6.88252
6.93011
4.41926
4.60726
4.78849
4.96106
5.12432
5.27534
5.40991
5.52614
5.62498
5.7085
5.77839
5.83562
5.88175
5.92007
5.95193
5.98337
4.35724
4.47232
4.58138
4.68287
4.77598
4.86152
4.9406
5.01196
5.07455
5.12871
5.17464
5.21274
5.24456
5.27163
5.29131
5.31541
4.25894
4.32887
4.39352
4.45386
4.5113
4.56704
4.62106
4.67074
4.7136
4.74996
4.78081
4.80685
4.82928
4.84989
4.86112
4.88235
4.16202
4.20804
4.25178
4.29439
4.3377
4.38123
4.42256
4.45965
4.49102
4.51683
4.53887
4.55816
4.57462
4.59311
4.59961
4.61883
4.10262
4.13963
4.17683
4.21386
4.24784
4.27667
4.30134
4.32485
4.34818
4.36913
4.38697
4.40373
4.41667
4.43406
4.44058
4.45931
4.0585
4.09347
4.12519
4.1523
4.17558
4.19651
4.2159
4.23399
4.25161
4.26975
4.28607
4.30101
4.31304
4.32837
4.33417
4.35244
4.00593
4.03395
4.05897
4.08215
4.10388
4.12445
4.14382
4.16172
4.17804
4.1933
4.20815
4.22299
4.23472
4.24976
4.2551
4.27365
3.94886
3.97521
4.00014
4.02337
4.04507
4.06538
4.08437
4.10211
4.11859
4.13385
4.14798
4.1621
4.1728
4.18832
4.19323
4.212
3.90349
3.92901
3.95277
3.97501
3.9959
4.01548
4.03384
4.05108
4.06725
4.08257
4.09639
4.111
4.12103
4.13714
4.14156
4.16059
3.85823
3.88291
3.90616
3.928
3.94855
3.96785
3.98598
4.00306
4.01895
4.03442
4.04761
4.06294
4.0719
4.08878
4.09293
4.11215
3.81187
3.83649
3.85968
3.88148
3.90198
3.92128
3.93934
3.95659
3.97216
3.98825
4.0004
4.01667
4.02525
4.04231
4.04642
4.06568
3.766
3.79061
3.81376
3.83553
3.85599
3.8753
3.89324
3.91098
3.92636
3.94216
3.95527
3.97038
3.98001
3.99635
4.00086
4.02
3.72034
3.74495
3.7681
3.78988
3.81035
3.82965
3.84774
3.86487
3.88072
3.89623
3.90959
3.92449
3.93436
3.95052
3.95516
3.97426
3.67461
3.69921
3.72237
3.74415
3.76463
3.78391
3.80202
3.81913
3.83503
3.85048
3.86391
3.87874
3.8887
3.90478
3.90948
3.92856
3.62886
3.65347
3.67663
3.69841
3.7189
3.73817
3.7563
3.7734
3.78931
3.80474
3.81822
3.833
3.843
3.85906
3.86378
3.88285
3.58312
3.60773
3.63088
3.65266
3.67315
3.69243
3.71056
3.72765
3.74358
3.75899
3.77249
3.78726
3.79728
3.81332
3.81805
3.83712
3.53736
3.56197
3.58513
3.60691
3.6274
3.64668
3.66481
3.6819
3.69784
3.71324
3.72675
3.74151
3.75154
3.76757
3.77231
3.79138
3.4916
3.51621
3.53937
3.56115
3.58164
3.60092
3.61905
3.63615
3.65208
3.66749
3.681
3.69575
3.70579
3.72182
3.72656
3.74563
3.44584
3.47045
3.49361
3.51539
3.53588
3.55516
3.57329
3.59039
3.60632
3.62173
3.63524
3.64999
3.66003
3.67606
3.6808
3.69987
3.40007
3.42468
3.44784
3.46962
3.49012
3.5094
3.52753
3.54462
3.56056
3.57596
3.58948
3.60423
3.61427
3.6303
3.63504
3.6541
3.3543
3.37892
3.40207
3.42386
3.44435
3.46363
3.48176
3.49886
3.51479
3.5302
3.54371
3.55846
3.56851
3.58453
3.58927
3.60834
3.30853
3.33315
3.35631
3.37809
3.39858
3.41786
3.43599
3.45309
3.46903
3.48443
3.49794
3.51269
3.52274
3.53876
3.54351
3.56257
3.26277
3.28738
3.31054
3.33232
3.35282
3.3721
3.39023
3.40732
3.42326
3.43866
3.45218
3.46693
3.47697
3.493
3.49774
3.5168
3.217
3.24161
3.26477
3.28655
3.30705
3.32633
3.34446
3.36155
3.37749
3.39289
3.40641
3.42116
3.4312
3.44723
3.45197
3.47104
3.17123
3.19584
3.219
3.24079
3.26128
3.28056
3.29869
3.31578
3.33172
3.34712
3.36064
3.37539
3.38543
3.40146
3.4062
3.42527
3.12546
3.15008
3.17323
3.19502
3.21551
3.23479
3.25292
3.27002
3.28595
3.30136
3.31487
3.32962
3.33967
3.35569
3.36043
3.3795
3.07969
3.10431
3.12746
3.14925
3.16974
3.18902
3.20715
3.22425
3.24019
3.25559
3.2691
3.28385
3.2939
3.30992
3.31467
3.33373
3.03392
3.05854
3.0817
3.10348
3.12397
3.14325
3.16138
3.17848
3.19442
3.20982
3.22334
3.23809
3.24813
3.26415
3.2689
3.28796
2.98816
3.01277
3.03593
3.05771
3.07821
3.09749
3.11562
3.13271
3.14865
3.16405
3.17757
3.19232
3.20236
3.21839
3.22313
3.24219
2.94239
2.967
2.99016
3.01194
3.03244
3.05172
3.06985
3.08694
3.10288
3.11828
3.1318
3.14655
3.15659
3.17262
3.17736
3.19643
2.89662
2.92123
2.94439
2.96618
2.98667
3.00595
3.02408
3.04117
3.05711
3.07251
3.08603
3.10078
3.11083
3.12685
3.13159
3.15066
2.85085
2.87547
2.89862
2.92041
2.9409
2.96018
2.97831
2.99541
3.01134
3.02675
3.04026
3.05501
3.06506
3.08108
3.08583
3.10489
2.80508
2.8297
2.85285
2.87464
2.89513
2.91441
2.93254
2.94964
2.96558
2.98098
2.99449
3.00924
3.01929
3.03531
3.04006
3.05912
2.75931
2.78393
2.80709
2.82887
2.84936
2.86864
2.88677
2.90387
2.91981
2.93521
2.94873
2.96348
2.97352
2.98954
2.99429
3.01335
2.71355
2.73816
2.76132
2.7831
2.8036
2.82288
2.84101
2.8581
2.87404
2.88944
2.90296
2.91771
2.92775
2.94378
2.94852
2.96759
2.66778
2.69239
2.71555
2.73733
2.75783
2.77711
2.79524
2.81233
2.82827
2.84367
2.85719
2.87194
2.88198
2.89801
2.90275
2.92182
2.62201
2.64663
2.66978
2.69157
2.71206
2.73134
2.74947
2.76657
2.7825
2.79791
2.81142
2.82617
2.83622
2.85224
2.85698
2.87605
2.57624
2.60086
2.62401
2.6458
2.66629
2.68557
2.7037
2.7208
2.73674
2.75214
2.76565
2.7804
2.79045
2.80647
2.81122
2.83028
2.53047
2.55509
2.57825
2.60003
2.62052
2.6398
2.65793
2.67503
2.69097
2.70637
2.71989
2.73464
2.74468
2.7607
2.76545
2.78451
2.48471
2.50932
2.53248
2.55426
2.57476
2.59404
2.61217
2.62926
2.6452
2.6606
2.67412
2.68887
2.69891
2.71494
2.71968
2.73875
2.43894
2.46355
2.48671
2.5085
2.52899
2.54827
2.5664
2.58349
2.59943
2.61483
2.62835
2.6431
2.65315
2.66917
2.67391
2.69298
2.39317
2.41779
2.44094
2.46273
2.48322
2.5025
2.52063
2.53773
2.55366
2.56907
2.58258
2.59733
2.60738
2.6234
2.62815
2.64721
2.3474
2.37202
2.39518
2.41696
2.43745
2.45673
2.47486
2.49196
2.5079
2.5233
2.53682
2.55157
2.56161
2.57763
2.58238
2.60144
2.30164
2.32625
2.34941
2.37119
2.39169
2.41097
2.4291
2.44619
2.46213
2.47753
2.49105
2.5058
2.51584
2.53187
2.53661
2.55568
2.25587
2.28048
2.30364
2.32543
2.34592
2.3652
2.38333
2.40042
2.41636
2.43176
2.44528
2.46003
2.47007
2.4861
2.49084
2.50991
2.2101
2.23472
2.25787
2.27966
2.30015
2.31943
2.33756
2.35466
2.37059
2.386
2.39951
2.41426
2.42431
2.44033
2.44508
2.46414
2.16433
2.18895
2.21211
2.23389
2.25438
2.27366
2.29179
2.30889
2.32483
2.34023
2.35375
2.3685
2.37854
2.39456
2.39931
2.41837
2.11857
2.14318
2.16634
2.18812
2.20862
2.2279
2.24603
2.26312
2.27906
2.29446
2.30798
2.32273
2.33277
2.3488
2.35354
2.37261
2.0728
2.09741
2.12057
2.14236
2.16285
2.18213
2.20026
2.21735
2.23329
2.2487
2.26221
2.27696
2.28701
2.30303
2.30777
2.32684
2.02703
2.05165
2.0748
2.09659
2.11708
2.13636
2.15449
2.17159
2.18753
2.20293
2.21644
2.23119
2.24124
2.25726
2.26201
2.28107
1.98127
2.00588
2.02904
2.05082
2.07132
2.0906
2.10873
2.12582
2.14176
2.15716
2.17068
2.18543
2.19547
2.2115
2.21624
2.2353
1.9355
1.96011
1.98327
2.00505
2.02555
2.04483
2.06296
2.08005
2.09599
2.11139
2.12491
2.13966
2.1497
2.16573
2.17047
2.18954
1.88973
1.91435
1.9375
1.95929
1.97978
1.99906
2.01719
2.03429
2.05022
2.06563
2.07914
2.09389
2.10394
2.11996
2.12471
2.14377
1.84396
1.86858
1.89174
1.91352
1.93401
1.95329
1.97142
1.98852
2.00446
2.01986
2.03338
2.04813
2.05817
2.07419
2.07894
2.098
1.7982
1.82281
1.84597
1.86775
1.88825
1.90753
1.92566
1.94275
1.95869
1.97409
1.98761
2.00236
2.0124
2.02843
2.03317
2.05224
1.75243
1.77705
1.8002
1.82199
1.84248
1.86176
1.87989
1.89698
1.91292
1.92833
1.94184
1.95659
1.96664
1.98266
1.9874
2.00647
1.70666
1.73128
1.75444
1.77622
1.79671
1.81599
1.83412
1.85122
1.86716
1.88256
1.89607
1.91082
1.92087
1.93689
1.94164
1.9607
1.6609
1.68551
1.70867
1.73045
1.75095
1.77023
1.78836
1.80545
1.82139
1.83679
1.85031
1.86506
1.8751
1.89113
1.89587
1.91494
1.61513
1.63975
1.6629
1.68469
1.70518
1.72446
1.74259
1.75969
1.77562
1.79103
1.80454
1.81929
1.82934
1.84536
1.8501
1.86917
1.56936
1.59398
1.61714
1.63892
1.65941
1.67869
1.69682
1.71392
1.72986
1.74526
1.75878
1.77353
1.78357
1.79959
1.80434
1.8234
1.5236
1.54821
1.57137
1.59315
1.61365
1.63293
1.65106
1.66815
1.68409
1.69949
1.71301
1.72776
1.7378
1.75383
1.75857
1.77764
1.47783
1.50245
1.5256
1.54739
1.56788
1.58716
1.60529
1.62238
1.63832
1.65373
1.66724
1.68199
1.69204
1.70806
1.7128
1.73187
1.43206
1.45668
1.47984
1.50162
1.52211
1.54139
1.55952
1.57662
1.59256
1.60796
1.62148
1.63622
1.64627
1.66229
1.66704
1.6861
1.3863
1.41091
1.43407
1.45585
1.47635
1.49563
1.51376
1.53085
1.54679
1.56219
1.57571
1.59046
1.6005
1.61653
1.62127
1.64034
1.34053
1.36515
1.3883
1.41009
1.43058
1.44986
1.46799
1.48509
1.50102
1.51643
1.52994
1.54469
1.55474
1.57076
1.57551
1.59457
1.29476
1.31938
1.34254
1.36432
1.38481
1.40409
1.42222
1.43932
1.45526
1.47066
1.48418
1.49893
1.50897
1.52499
1.52974
1.5488
1.249
1.27361
1.29677
1.31856
1.33905
1.35833
1.37646
1.39355
1.40949
1.42489
1.43841
1.45316
1.4632
1.47923
1.48397
1.50304
1.20323
1.22785
1.251
1.27279
1.29328
1.31256
1.33069
1.34779
1.36373
1.37913
1.39264
1.40739
1.41744
1.43346
1.43821
1.45727
1.15747
1.18208
1.20524
1.22702
1.24752
1.2668
1.28493
1.30202
1.31796
1.33336
1.34688
1.36163
1.37167
1.3877
1.39244
1.41151
1.1117
1.13632
1.15947
1.18126
1.20175
1.22103
1.23916
1.25625
1.27219
1.2876
1.30111
1.31586
1.32591
1.34193
1.34667
1.36574
1.06593
1.09055
1.11371
1.13549
1.15598
1.17526
1.19339
1.21049
1.22643
1.24183
1.25534
1.27009
1.28014
1.29616
1.30091
1.31997
1.02017
1.04478
1.06794
1.08972
1.11022
1.1295
1.14763
1.16472
1.18066
1.19606
1.20958
1.22433
1.23437
1.2504
1.25514
1.27421
0.974401
0.999016
1.02217
1.04396
1.06445
1.08373
1.10186
1.11895
1.13489
1.1503
1.16381
1.17856
1.18861
1.20463
1.20937
1.22844
0.928635
0.95325
0.976406
0.998191
1.01868
1.03796
1.05609
1.07319
1.08913
1.10453
1.11804
1.13279
1.14284
1.15886
1.16361
1.18267
0.882869
0.907483
0.930639
0.952423
0.972916
0.992196
1.01033
1.02742
1.04336
1.05876
1.07228
1.08703
1.09707
1.11309
1.11784
1.1369
0.837102
0.861716
0.884871
0.906655
0.927147
0.946426
0.964556
0.98165
0.997589
1.01299
1.02651
1.04126
1.0513
1.06732
1.07207
1.09113
0.791332
0.815945
0.8391
0.860883
0.881375
0.900653
0.918782
0.935876
0.951814
0.967215
0.980732
0.99548
1.00553
1.02155
1.02629
1.04536
0.74556
0.770171
0.793324
0.815105
0.835596
0.854874
0.873002
0.890095
0.906032
0.921432
0.934949
0.949696
0.959743
0.975763
0.980509
0.999573
0.699782
0.72439
0.74754
0.769318
0.789806
0.809082
0.827208
0.8443
0.860237
0.875635
0.889152
0.903896
0.913945
0.929963
0.93471
0.953773
0.653994
0.678595
0.701739
0.723513
0.743997
0.763269
0.781392
0.79848
0.814416
0.82981
0.843329
0.858069
0.86812
0.884134
0.888884
0.907945
0.608187
0.632776
0.65591
0.677675
0.698151
0.717415
0.735533
0.752616
0.768548
0.783937
0.797457
0.812188
0.822245
0.838251
0.843005
0.862065
0.562346
0.586914
0.610028
0.631776
0.652237
0.671489
0.689595
0.706668
0.722596
0.737972
0.751497
0.766212
0.776279
0.792271
0.797032
0.816088
0.516441
0.540968
0.564047
0.585763
0.606197
0.625425
0.643512
0.660566
0.676484
0.691839
0.70537
0.720056
0.730143
0.746106
0.750883
0.76993
0.470419
0.494872
0.517885
0.539543
0.559927
0.579111
0.597161
0.614182
0.630081
0.645399
0.658939
0.673574
0.683694
0.699609
0.704411
0.723444
0.424176
0.448491
0.471382
0.492932
0.513221
0.532324
0.550305
0.567264
0.583125
0.598376
0.61193
0.626473
0.636652
0.652478
0.657327
0.676336
0.37754
0.401605
0.424273
0.445628
0.465747
0.484703
0.50256
0.519409
0.535197
0.550339
0.563902
0.578299
0.588565
0.604246
0.609168
0.628128
0.330136
0.353728
0.375975
0.396956
0.416748
0.435421
0.453034
0.46967
0.485301
0.500246
0.513796
0.527929
0.53834
0.553747
0.558809
0.5777
0.281485
0.304247
0.325759
0.346095
0.365327
0.383518
0.400723
0.417013
0.432378
0.447049
0.460514
0.474336
0.48487
0.499961
0.505186
0.52395
0.230131
0.251272
0.271322
0.290349
0.308411
0.325566
0.341858
0.357343
0.372022
0.386055
0.39914
0.412288
0.422929
0.437284
0.442771
0.461345
0.175457
0.194043
0.211829
0.228873
0.245218
0.260909
0.27599
0.29053
0.304526
0.318053
0.330922
0.343712
0.354612
0.368604
0.374439
0.392823
0.111313
0.124481
0.13726
0.149675
0.161763
0.173565
0.185093
0.196351
0.207326
0.218071
0.228488
0.239008
0.248183
0.2606
0.265381
0.283535
0.0462169
0.0536534
0.0611837
0.0688287
0.0765998
0.0845447
0.0926746
0.100991
0.109484
0.118165
0.126974
0.136103
0.144984
0.154841
0.164241
0.171288
)
;

boundaryField
{
    frontAndBack
    {
        type            empty;
    }
    inlet
    {
        type            zeroGradient;
    }
    outlet
    {
        type            fixedValue;
        value           uniform 0;
    }
    walls
    {
        type            zeroGradient;
    }
}


// ************************************************************************* //
