/*--------------------------------*- C++ -*----------------------------------*\
| =========                 |                                                 |
| \\      /  F ield         | OpenFOAM: The Open Source CFD Toolbox           |
|  \\    /   O peration     | Version:  v2012                                 |
|   \\  /    A nd           | Website:  www.openfoam.com                      |
|    \\/     M anipulation  |                                                 |
\*---------------------------------------------------------------------------*/
FoamFile
{
    version     2.0;
    format      ascii;
    class       Cloud<basicKinematicParcel>;
    location    "0.082/lagrangian/kinematicCloud";
    object      positions;
}
// * * * * * * * * * * * * * * * * * * * * * * * * * * * * * * * * * * * * * //

85
(
(0.30106 0.00262088 0.03) 125
(0.33036 0.0111042 0.03) 528
(0.324966 0.0162532 0.03) 727
(0.306877 0.00746066 0.03) 325
(0.309383 0.0213749 0.03) 925
(0.303136 0.0183675 0.03) 725
(0.171955 0.00382319 0.03) 211
(0.288483 0.022882 0.03) 923
(0.280444 0.0238223 0.03) 922
(0.27301 0.0113748 0.03) 522
(0.270914 0.0107392 0.03) 521
(0.255103 0.00753017 0.03) 320
(0.0243999 0.0265747 0.03) 93
(0.0225602 5.96215e-05 0.03) 3
(0.124134 0.025677 0.03) 1006
(0.23631 0.0142742 0.03) 618
(0.203435 0.00449962 0.03) 214
(0.21461 0.0246761 0.03) 1015
(0.203213 0.0072806 0.03) 314
(0.214329 0.0226367 0.03) 915
(0.20697 0.0205085 0.03) 815
(0.0742462 0.0258474 0.03) 1000
(0.192374 0.021307 0.03) 813
(0.170943 0.00594631 0.03) 311
(0.181929 0.0111551 0.03) 512
(0.176947 0.02124 0.03) 811
(0.15977 0.00626413 0.03) 309
(0.170129 0.0223513 0.03) 911
(0.0862907 0.00137072 0.03) 102
(0.162825 0.0235803 0.03) 910
(0.0192404 0.000172222 0.03) 2
(0.127438 0.00337709 0.03) 206
(0.0504553 0.0259295 0.03) 97
(0.136176 0.016103 0.03) 707
(0.132957 0.00763469 0.03) 307
(0.131311 0.0191715 0.03) 806
(0.124637 0.0115097 0.03) 506
(0.120223 0.0114091 0.03) 505
(0.115089 0.0191305 0.03) 805
(0.0345631 0.000635665 0.03) 5
(0.105289 0.00798271 0.03) 304
(0.100629 0.017833 0.03) 703
(0.0946244 0.00394835 0.03) 202
(0.0916814 0.0057482 0.03) 302
(0.0874534 0.00827353 0.03) 402
(0.083594 0.0163742 0.03) 701
(0.0793741 0.0222689 0.03) 901
(0.0756432 0.0121496 0.03) 500
(0.0714361 0.0105936 0.03) 400
(0.0680313 0.0210972 0.03) 800
(0.0641096 0.00266261 0.03) 9
(0.0610822 0.00830964 0.03) 39
(0.0578335 0.0235018 0.03) 88
(0.0210741 0.000695542 0.03) 3
(0.0506855 0.017939 0.03) 67
(0.0483121 0.0181464 0.03) 67
(0.0452728 0.0241193 0.03) 96
(0.0421588 0.0133646 0.03) 56
(0.0387714 0.0105368 0.03) 35
(0.0369101 0.0135582 0.03) 55
(0.0344065 0.0230323 0.03) 85
(0.0312424 0.0145242 0.03) 54
(0.0288069 0.0148776 0.03) 54
(0.0265266 0.0218992 0.03) 83
(0.0198367 0.0250356 0.03) 92
(0.0217478 0.0160365 0.03) 63
(0.0198712 0.00681862 0.03) 22
(0.0146897 0.00166619 0.03) 2
(0.0158949 0.00940374 0.03) 32
(0.0149128 0.0131921 0.03) 42
(0.0135549 0.0190819 0.03) 72
(0.0118471 0.0166475 0.03) 61
(0.0101262 0.00299971 0.03) 11
(0.00865307 0.0212682 0.03) 71
(0.00786927 0.0243019 0.03) 91
(0.00379491 0.0260262 0.03) 90
(0.00431167 0.0249269 0.03) 90
(0.00375984 0.00964212 0.03) 30
(0.00389351 0.0252243 0.03) 90
(0.00270236 0.0235604 0.03) 80
(0.0021663 0.016275 0.03) 60
(0.0021982 0.0176127 0.03) 60
(0.00146467 0.0151613 0.03) 50
(0.00119979 0.0168401 0.03) 60
(0.00147071 0.0254836 0.03) 90
)


// ************************************************************************* //
