/*--------------------------------*- C++ -*----------------------------------*\
| =========                 |                                                 |
| \\      /  F ield         | OpenFOAM: The Open Source CFD Toolbox           |
|  \\    /   O peration     | Version:  v2012                                 |
|   \\  /    A nd           | Website:  www.openfoam.com                      |
|    \\/     M anipulation  |                                                 |
\*---------------------------------------------------------------------------*/
FoamFile
{
    version     2.0;
    format      ascii;
    class       volScalarField;
    location    "0.154";
    object      p;
}
// * * * * * * * * * * * * * * * * * * * * * * * * * * * * * * * * * * * * * //

dimensions      [0 2 -2 0 0 0 0];


internalField   nonuniform List<scalar> 
5600
(
-0.942694
-1.40084
-1.78129
-2.09978
-2.41068
-2.72087
-3.02229
-3.30395
-3.56704
-3.81727
-4.05372
-4.27856
-4.49276
-4.69931
-4.89917
-5.09532
-5.28743
-5.47724
-5.66459
-5.84922
-6.03241
-6.21207
-6.39072
-6.56552
-6.74169
-6.91468
-7.08687
-7.25879
-7.42884
-7.6002
-7.76788
-7.9384
-8.10609
-8.27416
-8.4417
-8.60775
-8.77499
-8.93865
-9.1051
-9.2677
-9.43255
-9.5957
-9.75762
-9.92064
-10.0795
-10.2424
-10.4002
-10.562
-10.7204
-10.8797
-11.0394
-11.1942
-11.3545
-11.5084
-11.668
-11.8226
-11.9786
-12.1344
-12.2876
-12.4441
-12.5956
-12.751
-12.9031
-13.0565
-13.2091
-13.3603
-13.5126
-13.6628
-13.8149
-13.9652
-14.1161
-14.2659
-14.4154
-14.5653
-14.714
-14.8636
-15.0119
-15.1615
-15.309
-15.458
-15.6055
-15.7538
-15.9017
-16.0493
-16.1979
-16.3454
-16.4947
-16.6431
-16.7926
-16.9423
-17.0913
-17.2419
-17.391
-17.542
-17.6926
-17.8432
-17.9987
-18.1547
-18.3207
-18.557
-1.00173
-1.42102
-1.7979
-2.11759
-2.42867
-2.7392
-3.04055
-3.32247
-3.58591
-3.8362
-4.07287
-4.29801
-4.51253
-4.71947
-4.91967
-5.11615
-5.30856
-5.49859
-5.68613
-5.87083
-6.05424
-6.23398
-6.41273
-6.5876
-6.76393
-6.93705
-7.10929
-7.28136
-7.45145
-7.62294
-7.79067
-7.96129
-8.12901
-8.29706
-8.46472
-8.6307
-8.79807
-8.96169
-9.12821
-9.29084
-9.45568
-9.61898
-9.78076
-9.94398
-10.1028
-10.2657
-10.4234
-10.5852
-10.7439
-10.9029
-11.0629
-11.2174
-11.378
-11.5316
-11.6912
-11.846
-12.0017
-12.158
-12.3107
-12.4675
-12.6188
-12.7741
-12.9264
-13.0795
-13.2325
-13.3833
-13.5359
-13.686
-13.838
-13.9885
-14.1391
-14.2892
-14.4384
-14.5885
-14.7371
-14.8867
-15.0351
-15.1845
-15.3322
-15.4811
-15.6286
-15.7769
-15.9248
-16.0724
-16.221
-16.3686
-16.5178
-16.6663
-16.8157
-16.9656
-17.1145
-17.2652
-17.4142
-17.5655
-17.7154
-17.8674
-18.0201
-18.18
-18.3402
-18.5709
-1.03998
-1.43364
-1.81065
-2.13096
-2.43989
-2.7479
-3.04818
-3.32967
-3.59292
-3.84283
-4.07928
-4.30446
-4.51906
-4.72593
-4.92619
-5.1227
-5.31506
-5.50526
-5.69259
-5.87751
-6.06073
-6.24066
-6.41948
-6.59447
-6.77065
-6.9438
-7.11598
-7.28795
-7.45804
-7.62945
-7.7971
-7.96766
-8.1355
-8.30346
-8.47117
-8.63708
-8.80446
-8.96803
-9.13448
-9.29717
-9.46183
-9.62525
-9.78676
-9.95
-10.1087
-10.2716
-10.4294
-10.5911
-10.7499
-10.9088
-11.0688
-11.2234
-11.3839
-11.5377
-11.6972
-11.8522
-12.0079
-12.1642
-12.3171
-12.4739
-12.6253
-12.7807
-12.933
-13.0861
-13.2392
-13.3901
-13.5427
-13.6928
-13.8448
-13.9954
-14.146
-14.2962
-14.4454
-14.5955
-14.7442
-14.8937
-15.0422
-15.1915
-15.3393
-15.4882
-15.6358
-15.784
-15.932
-16.0795
-16.228
-16.3756
-16.5247
-16.6732
-16.8224
-16.9724
-17.1212
-17.2718
-17.4208
-17.5721
-17.7221
-17.8742
-18.0269
-18.1882
-18.3462
-18.5713
-1.0887
-1.45012
-1.82603
-2.1478
-2.45546
-2.76253
-3.0632
-3.3453
-3.6092
-3.8594
-4.09646
-4.3216
-4.53677
-4.74373
-4.94416
-5.14047
-5.3328
-5.52266
-5.7097
-5.89439
-6.07731
-6.25737
-6.43596
-6.61125
-6.78742
-6.96088
-7.13347
-7.30571
-7.4761
-7.64767
-7.8156
-7.98615
-8.15418
-8.32206
-8.48992
-8.65588
-8.82334
-8.98707
-9.15354
-9.3165
-9.48112
-9.64483
-9.80643
-9.96989
-10.1288
-10.2917
-10.4497
-10.6112
-10.7703
-10.929
-11.0893
-11.2437
-11.4044
-11.5584
-11.7176
-11.8729
-12.0279
-12.1848
-12.337
-12.494
-12.6454
-12.8002
-12.9532
-13.1056
-13.259
-13.4096
-13.5621
-13.7125
-13.8641
-14.015
-14.1652
-14.3155
-14.4647
-14.6146
-14.7636
-14.9127
-15.0616
-15.2105
-15.3585
-15.5073
-15.6548
-15.8031
-15.9511
-16.0987
-16.2472
-16.395
-16.544
-16.6928
-16.842
-16.9919
-17.1411
-17.2913
-17.441
-17.5916
-17.742
-17.8935
-18.0461
-18.206
-18.366
-18.5728
-1.13832
-1.46724
-1.84178
-2.16599
-2.47206
-2.77829
-3.07865
-3.36057
-3.62451
-3.87449
-4.11179
-4.33667
-4.55207
-4.75923
-4.95989
-5.15632
-5.34886
-5.53886
-5.72597
-5.9109
-6.09362
-6.27394
-6.45217
-6.62773
-6.80335
-6.97679
-7.1492
-7.32107
-7.49156
-7.66262
-7.83088
-8.00115
-8.16934
-8.33721
-8.50511
-8.67112
-8.83846
-9.00243
-9.16856
-9.33191
-9.49602
-9.65995
-9.82125
-9.9846
-10.1436
-10.3061
-10.4647
-10.6255
-10.785
-10.9433
-11.1037
-11.258
-11.4183
-11.5729
-11.7314
-11.8874
-12.042
-12.1991
-12.3517
-12.5084
-12.6603
-12.8149
-12.9682
-13.1205
-13.2742
-13.4249
-13.5773
-13.728
-13.8794
-14.0306
-14.1807
-14.3312
-14.4805
-14.6302
-14.7794
-14.9284
-15.0775
-15.2264
-15.3744
-15.5232
-15.6708
-15.819
-15.9671
-16.1146
-16.2631
-16.4108
-16.5597
-16.7085
-16.8577
-17.0074
-17.1567
-17.3067
-17.4565
-17.607
-17.7575
-17.9093
-18.0614
-18.2217
-18.3786
-18.5777
-1.18836
-1.48657
-1.85907
-2.18625
-2.49068
-2.79595
-3.09593
-3.37789
-3.64203
-3.89223
-4.12974
-4.355
-4.57064
-4.7781
-4.97896
-5.1755
-5.36814
-5.55815
-5.74526
-5.93031
-6.1127
-6.29326
-6.47124
-6.64721
-6.82255
-6.9962
-7.1687
-7.34032
-7.51139
-7.68167
-7.85067
-8.02023
-8.18868
-8.35637
-8.52397
-8.69034
-8.85701
-9.02175
-9.18706
-9.35085
-9.51482
-9.67883
-9.84031
-10.0035
-10.1632
-10.3251
-10.4844
-10.6446
-10.8046
-10.9629
-11.1232
-11.278
-11.4378
-11.5935
-11.751
-11.9077
-12.0617
-12.219
-12.3717
-12.528
-12.6807
-12.8343
-12.9883
-13.14
-13.2936
-13.4446
-13.5965
-13.7479
-13.8986
-14.0501
-14.2
-14.3504
-14.4999
-14.6493
-14.7989
-14.9475
-15.0968
-15.2457
-15.3937
-15.5424
-15.6901
-15.8383
-15.9863
-16.1339
-16.2823
-16.4302
-16.579
-16.728
-16.8773
-17.0269
-17.1765
-17.3263
-17.4764
-17.6267
-17.7771
-17.929
-18.0803
-18.2396
-18.3955
-18.5848
-1.23777
-1.50839
-1.87813
-2.20854
-2.5115
-2.81574
-3.11542
-3.39748
-3.66178
-3.91211
-4.14972
-4.37524
-4.59096
-4.79856
-4.99957
-5.19618
-5.38891
-5.57894
-5.7661
-5.95115
-6.13351
-6.31416
-6.49212
-6.66828
-6.84347
-7.0172
-7.18979
-7.36121
-7.53274
-7.70242
-7.87208
-8.04103
-8.20983
-8.37749
-8.54478
-8.71182
-8.87758
-9.0434
-9.20771
-9.37184
-9.53586
-9.69946
-9.86151
-10.0237
-10.1847
-10.3451
-10.5054
-10.6647
-10.8248
-10.9836
-11.1429
-11.299
-11.4574
-11.6144
-11.7707
-11.928
-12.082
-12.2389
-12.3925
-12.5478
-12.7018
-12.8542
-13.0088
-13.1605
-13.3138
-13.4656
-13.6167
-13.7687
-13.9191
-14.0707
-14.2208
-14.371
-14.5208
-14.6699
-14.8198
-14.9682
-15.1176
-15.2665
-15.4145
-15.5632
-15.711
-15.8591
-16.0071
-16.1549
-16.303
-16.4513
-16.5998
-16.749
-16.8983
-17.0478
-17.1976
-17.3472
-17.4975
-17.6478
-17.7981
-17.95
-18.1007
-18.2588
-18.4132
-18.5927
-1.28475
-1.53288
-1.89954
-2.23302
-2.53475
-2.83801
-3.13745
-3.41961
-3.68401
-3.93444
-4.17215
-4.39787
-4.61369
-4.82146
-5.02266
-5.21936
-5.4122
-5.60225
-5.78946
-5.97451
-6.15692
-6.33749
-6.51551
-6.69174
-6.86687
-7.04063
-7.21326
-7.38467
-7.5562
-7.72586
-7.89569
-8.06445
-8.23333
-8.40103
-8.56816
-8.73555
-8.90084
-9.06718
-9.23103
-9.39553
-9.55949
-9.7226
-9.88546
-10.0466
-10.2091
-10.368
-10.529
-10.6882
-10.8482
-11.0071
-11.1648
-11.3238
-11.4803
-11.6384
-11.7941
-11.951
-12.1056
-12.2615
-12.4167
-12.5705
-12.7253
-12.8771
-13.0317
-13.184
-13.3365
-13.4891
-13.6394
-13.7919
-13.9421
-14.0937
-14.2441
-14.3939
-14.5441
-14.6929
-14.8429
-14.9914
-15.1408
-15.2896
-15.4378
-15.5862
-15.7343
-15.8822
-16.0302
-16.1781
-16.3259
-16.4746
-16.6227
-16.7722
-16.9217
-17.071
-17.2211
-17.3706
-17.5209
-17.6712
-17.8214
-17.9732
-18.1234
-18.2799
-18.4321
-18.6015
-1.32773
-1.55995
-1.92387
-2.25981
-2.56064
-2.8631
-3.16239
-3.44458
-3.70905
-3.95957
-4.19738
-4.42325
-4.63917
-4.84705
-5.0484
-5.24514
-5.43804
-5.62809
-5.81533
-6.00036
-6.18282
-6.36327
-6.54137
-6.71765
-6.89277
-7.06653
-7.23919
-7.41065
-7.58203
-7.75191
-7.92162
-8.09046
-8.25924
-8.42703
-8.59416
-8.76146
-8.92685
-9.09304
-9.25701
-9.42154
-9.58545
-9.74845
-9.91154
-10.0725
-10.2351
-10.394
-10.555
-10.7143
-10.8741
-11.0331
-11.1902
-11.3506
-11.506
-11.6645
-11.8201
-11.9768
-12.132
-12.2866
-12.443
-12.5961
-12.7513
-12.9033
-13.0571
-13.21
-13.3619
-13.515
-13.6654
-13.8177
-13.968
-14.1191
-14.2698
-14.4194
-14.5697
-14.7186
-14.8684
-15.0172
-15.1663
-15.3148
-15.4635
-15.6115
-15.7599
-15.9077
-16.0557
-16.2035
-16.3512
-16.5001
-16.6482
-16.7977
-16.9473
-17.0967
-17.2468
-17.3964
-17.5468
-17.697
-17.8472
-17.9986
-18.1486
-18.3028
-18.4523
-18.6113
-1.36491
-1.58914
-1.95172
-2.28908
-2.58938
-2.89141
-3.19064
-3.4728
-3.73731
-3.98791
-4.22578
-4.45172
-4.6677
-4.87563
-5.07706
-5.27383
-5.46679
-5.65684
-5.84411
-6.02913
-6.21163
-6.39198
-6.57014
-6.74647
-6.92156
-7.09533
-7.26798
-7.43949
-7.61074
-7.78083
-7.95041
-8.11935
-8.28802
-8.45589
-8.62305
-8.79015
-8.9558
-9.12168
-9.28598
-9.45035
-9.61432
-9.77731
-9.94026
-10.1015
-10.2636
-10.4231
-10.5837
-10.7433
-10.9029
-11.0619
-11.2194
-11.3791
-11.5349
-11.693
-11.8491
-12.0055
-12.161
-12.3154
-12.4718
-12.6251
-12.7798
-12.9325
-13.0857
-13.2389
-13.3909
-13.5438
-13.6944
-13.8464
-13.9971
-14.1477
-14.2987
-14.4483
-14.5984
-14.7476
-14.897
-15.0463
-15.195
-15.3435
-15.4923
-15.6404
-15.7886
-15.9362
-16.0844
-16.2319
-16.3798
-16.5285
-16.6768
-16.8262
-16.9756
-17.1254
-17.2752
-17.4251
-17.5754
-17.7256
-17.8758
-18.0265
-18.1765
-18.3281
-18.4744
-18.6224
-1.39226
-1.61844
-1.98213
-2.31943
-2.6196
-2.9218
-3.22109
-3.50313
-3.76764
-4.0183
-4.25615
-4.48208
-4.69805
-4.90595
-5.10742
-5.30418
-5.49715
-5.68719
-5.87448
-6.05949
-6.24201
-6.42227
-6.60043
-6.77682
-6.95187
-7.12565
-7.29827
-7.46981
-7.641
-7.81119
-7.98072
-8.1497
-8.31832
-8.48619
-8.65342
-8.82037
-8.9862
-9.15188
-9.31638
-9.48068
-9.64466
-9.80767
-9.97045
-10.1319
-10.2936
-10.4536
-10.6139
-10.7738
-10.9331
-11.0922
-11.2499
-11.409
-11.5656
-11.7231
-11.8796
-12.0357
-12.1913
-12.346
-12.5018
-12.6555
-12.8099
-12.963
-13.1161
-13.2691
-13.4214
-13.5739
-13.7248
-13.8766
-14.0274
-14.1781
-14.3289
-14.4786
-14.6287
-14.7779
-14.9274
-15.0765
-15.2253
-15.3738
-15.5225
-15.6707
-15.8187
-15.9666
-16.1146
-16.2622
-16.4102
-16.5588
-16.7073
-16.8565
-17.0061
-17.1557
-17.3055
-17.4555
-17.6057
-17.7559
-17.906
-18.0561
-18.2055
-18.3549
-18.4977
-18.6357
-1.40705
-1.64508
-2.01219
-2.3479
-2.64838
-2.95134
-3.25081
-3.53263
-3.79711
-4.0478
-4.28557
-4.51139
-4.72729
-4.93509
-5.13652
-5.33324
-5.5262
-5.71621
-5.90348
-6.08851
-6.27102
-6.4512
-6.62934
-6.80578
-6.98079
-7.15458
-7.32717
-7.49872
-7.6699
-7.84013
-8.00965
-8.17862
-8.34725
-8.51509
-8.6824
-8.84923
-9.01513
-9.18076
-9.3453
-9.50963
-9.67356
-9.83661
-9.99924
-10.1609
-10.3224
-10.4826
-10.6428
-10.8027
-10.9621
-11.121
-11.279
-11.4378
-11.5947
-11.7519
-11.9085
-12.0646
-12.2201
-12.3751
-12.5305
-12.6845
-12.8386
-12.992
-13.145
-13.2979
-13.4504
-13.6026
-13.7539
-13.9054
-14.0564
-14.207
-14.3578
-14.5078
-14.6575
-14.8071
-14.9563
-15.1056
-15.2544
-15.4029
-15.5517
-15.6997
-15.848
-15.9957
-16.1437
-16.2915
-16.4393
-16.5882
-16.7365
-16.8859
-17.0354
-17.1849
-17.3348
-17.4845
-17.6347
-17.7847
-17.9347
-18.0845
-18.2329
-18.3806
-18.5203
-18.6506
-1.41077
-1.66865
-2.04023
-2.37325
-2.67444
-2.97851
-3.27822
-3.55977
-3.8242
-4.07491
-4.31255
-4.5382
-4.754
-4.96164
-5.16297
-5.35962
-5.55255
-5.74254
-5.92978
-6.11483
-6.29732
-6.47744
-6.65554
-6.83201
-7.00697
-7.18076
-7.35331
-7.52484
-7.69604
-7.86626
-8.0358
-8.20475
-8.37339
-8.54119
-8.70857
-8.87534
-9.04127
-9.20689
-9.37143
-9.53582
-9.69971
-9.86279
-10.0253
-10.187
-10.3485
-10.5088
-10.6689
-10.8288
-10.9882
-11.147
-11.3052
-11.4637
-11.6208
-11.778
-11.9347
-12.0907
-12.2464
-12.4013
-12.5566
-12.7108
-12.8648
-13.0184
-13.1713
-13.3244
-13.4767
-13.6288
-13.7804
-13.9316
-14.083
-14.2334
-14.3843
-14.5344
-14.684
-14.8338
-14.9828
-15.1323
-15.2809
-15.4296
-15.5783
-15.7263
-15.8747
-16.0222
-16.1703
-16.318
-16.466
-16.6148
-16.7631
-16.9124
-17.0617
-17.2113
-17.3611
-17.5108
-17.6609
-17.8108
-17.9607
-18.1101
-18.258
-18.4041
-18.5414
-18.6661
-1.40569
-1.68998
-2.0662
-2.3959
-2.69814
-3.0035
-3.30349
-3.5847
-3.84905
-4.09977
-4.33725
-4.56269
-4.77837
-4.98583
-5.18703
-5.38358
-5.57646
-5.76642
-5.95361
-6.13871
-6.32116
-6.50122
-6.67928
-6.85577
-7.03071
-7.20448
-7.37699
-7.54849
-7.71972
-7.88992
-8.05948
-8.22841
-8.39704
-8.56485
-8.73219
-8.89896
-9.06488
-9.23043
-9.39504
-9.55946
-9.72336
-9.88634
-10.049
-10.2106
-10.3721
-10.5325
-10.6926
-10.8526
-11.0119
-11.1709
-11.329
-11.4874
-11.6447
-11.8019
-11.9587
-12.1146
-12.2705
-12.4253
-12.5807
-12.7349
-12.8889
-13.0426
-13.1954
-13.3486
-13.5007
-13.653
-13.8045
-13.9556
-14.1071
-14.2574
-14.4084
-14.5583
-14.7081
-14.8578
-15.0068
-15.1563
-15.3048
-15.4536
-15.6022
-15.7503
-15.8987
-16.0463
-16.1944
-16.342
-16.4901
-16.6387
-16.7871
-16.9363
-17.0855
-17.2351
-17.3847
-17.5345
-17.6845
-17.8343
-17.9841
-18.1332
-18.2808
-18.4257
-18.5613
-18.6818
-1.39436
-1.70943
-2.08982
-2.41613
-2.71968
-3.02639
-3.32678
-3.60762
-3.8719
-4.12258
-4.35987
-4.58503
-4.80053
-5.00781
-5.20887
-5.4053
-5.59808
-5.788
-5.97514
-6.16026
-6.34265
-6.52264
-6.70064
-6.87714
-7.05207
-7.22581
-7.39827
-7.56976
-7.74106
-7.91119
-8.08078
-8.24969
-8.41831
-8.58624
-8.75344
-8.92038
-9.08625
-9.25184
-9.41662
-9.58096
-9.74492
-9.90786
-10.0707
-10.2323
-10.3939
-10.5544
-10.7145
-10.8746
-11.0338
-11.1929
-11.3509
-11.5093
-11.6666
-11.8237
-11.9805
-12.1363
-12.2923
-12.447
-12.6025
-12.7566
-12.9107
-13.0643
-13.2171
-13.3703
-13.5223
-13.6747
-13.8261
-13.9774
-14.1288
-14.2791
-14.43
-14.5799
-14.7297
-14.8793
-15.0284
-15.1778
-15.3263
-15.475
-15.6236
-15.7717
-15.92
-16.0677
-16.2158
-16.3634
-16.5115
-16.6601
-16.8086
-16.9576
-17.1069
-17.2565
-17.406
-17.5558
-17.7057
-17.8555
-18.0052
-18.1542
-18.3014
-18.4456
-18.5798
-18.6974
-1.37882
-1.72742
-2.11106
-2.43431
-2.73923
-3.04718
-3.34804
-3.62853
-3.89281
-4.14344
-4.38061
-4.60551
-4.82073
-5.02778
-5.22876
-5.42507
-5.61784
-5.80766
-5.99488
-6.18003
-6.36238
-6.54229
-6.72022
-6.89667
-7.07155
-7.24523
-7.41769
-7.58924
-7.76056
-7.93068
-8.10036
-8.26929
-8.43797
-8.60611
-8.77327
-8.94046
-9.10627
-9.27202
-9.43681
-9.60105
-9.765
-9.92785
-10.0908
-10.2523
-10.4139
-10.5743
-10.7345
-10.8945
-11.0537
-11.2128
-11.3708
-11.5293
-11.6865
-11.8437
-12.0004
-12.1563
-12.3122
-12.467
-12.6224
-12.7765
-12.9307
-13.0842
-13.2371
-13.3903
-13.5423
-13.6947
-13.8461
-13.9975
-14.1488
-14.2992
-14.4501
-14.6
-14.7499
-14.8994
-15.0486
-15.198
-15.3467
-15.4954
-15.6439
-15.7922
-15.9404
-16.0882
-16.236
-16.3838
-16.5316
-16.6801
-16.8286
-16.9775
-17.1267
-17.2762
-17.4257
-17.5754
-17.7253
-17.8751
-18.0246
-18.1735
-18.3205
-18.464
-18.5972
-18.7127
-1.36009
-1.74411
-2.13011
-2.45116
-2.75741
-3.06626
-3.36734
-3.64734
-3.91159
-4.162
-4.39884
-4.624
-4.83876
-5.04543
-5.24619
-5.44229
-5.63493
-5.82459
-6.01186
-6.19688
-6.37924
-6.55923
-6.73728
-6.9139
-7.08897
-7.26272
-7.43539
-7.60704
-7.77845
-7.94861
-8.11827
-8.28709
-8.45566
-8.62379
-8.79081
-8.95799
-9.12369
-9.28943
-9.45413
-9.61834
-9.78229
-9.94506
-10.1079
-10.2693
-10.4309
-10.5913
-10.7514
-10.9114
-11.0706
-11.2297
-11.3876
-11.546
-11.7032
-11.8604
-12.017
-12.1729
-12.3288
-12.4835
-12.6389
-12.7928
-12.947
-13.1005
-13.2534
-13.4065
-13.5584
-13.7108
-13.8621
-14.0135
-14.1646
-14.315
-14.4659
-14.6157
-14.7655
-14.9149
-15.0641
-15.2133
-15.3619
-15.5106
-15.659
-15.8072
-15.9554
-16.1032
-16.2512
-16.3991
-16.547
-16.6957
-16.8442
-16.9932
-17.1424
-17.292
-17.4416
-17.5912
-17.7412
-17.891
-18.0405
-18.1894
-18.3363
-18.4798
-18.6126
-18.7271
-1.33923
-1.75844
-2.1457
-2.46611
-2.77428
-3.08474
-3.38615
-3.66568
-3.92995
-4.18023
-4.41682
-4.64224
-4.85667
-5.0632
-5.26397
-5.46019
-5.65302
-5.84303
-6.03061
-6.21588
-6.39844
-6.57847
-6.75662
-6.93322
-7.10822
-7.28173
-7.45421
-7.62573
-7.79708
-7.96721
-8.13688
-8.30575
-8.47431
-8.6425
-8.80952
-8.97673
-9.14245
-9.30824
-9.47294
-9.63719
-9.80115
-9.96394
-10.1268
-10.2882
-10.4498
-10.6102
-10.7704
-10.9304
-11.0896
-11.2487
-11.4066
-11.5651
-11.7223
-11.8795
-12.0361
-12.1922
-12.348
-12.5028
-12.6582
-12.8122
-12.9665
-13.1199
-13.273
-13.426
-13.5781
-13.7305
-13.8818
-14.0333
-14.1844
-14.335
-14.4858
-14.6358
-14.7856
-14.9351
-15.0843
-15.2335
-15.3823
-15.5309
-15.6795
-15.8277
-15.9759
-16.1237
-16.2715
-16.4193
-16.5671
-16.7156
-16.8641
-17.0129
-17.1621
-17.3116
-17.4612
-17.6107
-17.7607
-17.9104
-18.0599
-18.2086
-18.3553
-18.498
-18.63
-18.7431
-1.32463
-1.77302
-2.15794
-2.47565
-2.78464
-3.09688
-3.39881
-3.67779
-3.94224
-4.19251
-4.42898
-4.65402
-4.86827
-5.07469
-5.27534
-5.47145
-5.66417
-5.85405
-6.04151
-6.2266
-6.40885
-6.58848
-6.76642
-6.94282
-7.11769
-7.29108
-7.46337
-7.63478
-7.80605
-7.9761
-8.14568
-8.31446
-8.48294
-8.65105
-8.81798
-8.98513
-9.15077
-9.31649
-9.48112
-9.64531
-9.80921
-9.97195
-10.1347
-10.2961
-10.4577
-10.618
-10.7782
-10.9381
-11.0973
-11.2563
-11.4142
-11.5726
-11.7298
-11.887
-12.0435
-12.1995
-12.3553
-12.5101
-12.6654
-12.8194
-12.9736
-13.127
-13.28
-13.433
-13.585
-13.7374
-13.8886
-14.0401
-14.1912
-14.3417
-14.4924
-14.6424
-14.7921
-14.9416
-15.0908
-15.24
-15.3887
-15.5373
-15.6858
-15.834
-15.9822
-16.13
-16.2779
-16.4258
-16.5736
-16.7222
-16.8708
-17.0197
-17.1689
-17.3184
-17.468
-17.6176
-17.7676
-17.9173
-18.0669
-18.2156
-18.3624
-18.5054
-18.6377
-18.7511
-1.29415
-1.78785
-2.18155
-2.4998
-2.80899
-3.12174
-3.42443
-3.70244
-3.96721
-4.21759
-4.45396
-4.67881
-4.89285
-5.09898
-5.29937
-5.49525
-5.68778
-5.87751
-6.06488
-6.24989
-6.43218
-6.61186
-6.78977
-6.96615
-7.14097
-7.31434
-7.48664
-7.658
-7.82921
-7.99925
-8.16879
-8.33757
-8.50603
-8.67413
-8.84108
-9.00819
-9.17386
-9.33956
-9.5042
-9.6684
-9.8323
-9.99505
-10.1578
-10.3192
-10.4808
-10.6411
-10.8013
-10.9612
-11.1204
-11.2794
-11.4374
-11.5958
-11.753
-11.9102
-12.0667
-12.2227
-12.3785
-12.5333
-12.6886
-12.8426
-12.9968
-13.1502
-13.3033
-13.4562
-13.6083
-13.7606
-13.9119
-14.0633
-14.2145
-14.365
-14.5157
-14.6657
-14.8154
-14.9649
-15.1141
-15.2633
-15.4121
-15.5606
-15.7092
-15.8573
-16.0056
-16.1534
-16.3013
-16.4491
-16.597
-16.7456
-16.894
-17.043
-17.1922
-17.3417
-17.4912
-17.6408
-17.7908
-17.9405
-18.0901
-18.2387
-18.3855
-18.5283
-18.6604
-18.7734
-18.5457
-18.9123
-19.5577
-19.6615
-19.0947
-17.9831
-16.5109
-14.8509
-13.2089
-11.6572
-10.2222
-8.88247
-7.60603
-6.37093
-5.18748
-4.09631
-3.13587
-2.34309
-1.74766
-1.33409
-1.05359
-0.857713
-0.719263
-0.628211
-0.570858
-0.555694
-0.593082
-0.703601
-0.831611
-0.939896
-0.962124
-0.832795
-0.516166
-0.104513
0.150484
0.254369
0.3191
0.401524
0.490038
0.578999
0.670823
0.774265
0.878591
0.974624
1.05699
1.1366
1.22504
1.31183
1.38258
1.43289
1.46685
1.48908
1.50047
1.50231
1.49615
1.48361
1.46625
1.44514
1.42102
1.39472
1.36681
1.33775
1.30729
1.27511
1.24173
1.20816
1.17405
1.13979
1.10682
1.07467
1.04263
1.00917
0.976135
0.943366
0.910392
0.87741
0.844369
0.81129
0.778178
0.745039
0.711885
0.678716
0.645539
0.612355
0.579168
0.545974
0.512769
0.479542
0.446287
0.412982
0.37959
0.34605
0.312256
0.278052
0.243098
0.207046
0.168711
0.128023
0.0802679
0.0332014
-18.5952
-18.8344
-19.4545
-19.573
-19.0191
-17.9286
-16.4777
-14.8359
-13.2075
-11.6642
-10.2326
-8.89443
-7.61873
-6.38583
-5.20611
-4.11908
-3.16364
-2.37595
-1.78243
-1.36738
-1.08336
-0.884603
-0.742855
-0.65633
-0.602029
-0.589949
-0.650685
-0.787218
-0.932641
-1.05309
-1.07935
-0.939637
-0.58702
-0.129165
0.15284
0.272042
0.34248
0.422856
0.503344
0.584184
0.667745
0.764676
0.864042
0.954921
1.03344
1.11368
1.2046
1.2933
1.36578
1.41774
1.45308
1.47609
1.48765
1.48943
1.4832
1.47065
1.45333
1.43226
1.40817
1.38187
1.35397
1.32489
1.29431
1.26209
1.22876
1.19525
1.16122
1.12721
1.09426
1.06188
1.02977
0.996483
0.963452
0.93066
0.897676
0.864674
0.831616
0.798529
0.765412
0.73227
0.699113
0.665944
0.632767
0.599584
0.566399
0.533208
0.500008
0.46679
0.43355
0.40027
0.366922
0.333457
0.299792
0.265801
0.231215
0.195756
0.158476
0.119302
0.0744507
0.0300158
-18.5873
-18.8332
-19.3843
-19.4834
-18.9337
-17.8623
-16.4337
-14.8124
-13.2005
-11.6677
-10.2399
-8.90401
-7.62976
-6.39964
-5.2248
-4.14322
-3.19446
-2.41298
-1.822
-1.40515
-1.11693
-0.915083
-0.769558
-0.68466
-0.637503
-0.629632
-0.71204
-0.880329
-1.0463
-1.17833
-1.21131
-1.06443
-0.669801
-0.155755
0.157765
0.295493
0.373183
0.450792
0.521344
0.592612
0.666017
0.755423
0.848306
0.932332
1.00643
1.08818
1.18091
1.27191
1.34693
1.401
1.43803
1.46187
1.4736
1.47528
1.46893
1.45635
1.43906
1.41804
1.39397
1.36766
1.33978
1.31068
1.28001
1.24772
1.21441
1.1809
1.147
1.1133
1.0804
1.04788
1.01539
0.982385
0.949451
0.916563
0.883585
0.85057
0.817497
0.7844
0.751277
0.718132
0.684974
0.651803
0.618627
0.585445
0.552262
0.519074
0.485879
0.452672
0.419448
0.386196
0.352898
0.319517
0.285995
0.252244
0.218068
0.183273
0.147167
0.109687
0.068055
0.0265445
-18.6198
-18.8427
-19.326
-19.4014
-18.847
-17.7902
-16.3827
-14.7853
-13.1902
-11.6673
-10.2442
-8.90902
-7.6372
-6.41071
-5.24238
-4.16893
-3.2298
-2.45583
-1.8679
-1.44848
-1.15604
-0.948898
-0.800237
-0.712601
-0.67231
-0.677004
-0.777519
-0.978944
-1.16979
-1.31181
-1.35434
-1.19644
-0.773942
-0.184276
0.167683
0.326019
0.412976
0.487237
0.545155
0.604731
0.666441
0.746804
0.83123
0.906205
0.976411
1.05892
1.15364
1.24774
1.32603
1.38265
1.42162
1.44634
1.4582
1.45972
1.45322
1.44057
1.42329
1.40231
1.37827
1.35195
1.32408
1.29496
1.26422
1.23187
1.19856
1.16499
1.1312
1.09787
1.06507
1.03239
0.999479
0.966786
0.933961
0.900954
0.867979
0.834953
0.801863
0.768755
0.735627
0.702478
0.669318
0.636147
0.602971
0.56979
0.536609
0.503425
0.470237
0.43704
0.403835
0.370615
0.337372
0.304085
0.270722
0.237237
0.20352
0.169466
0.134667
0.0990797
0.0610094
0.022759
-18.6405
-18.8439
-19.266
-19.3171
-18.7621
-17.7188
-16.3301
-14.7583
-13.1791
-11.6658
-10.2474
-8.91184
-7.64052
-6.4183
-5.25849
-4.19646
-3.27026
-2.50405
-1.91915
-1.49664
-1.19855
-0.98446
-0.831131
-0.742855
-0.707436
-0.728901
-0.849768
-1.08162
-1.29835
-1.44985
-1.50204
-1.31996
-0.8996
-0.223522
0.185514
0.367843
0.463418
0.534431
0.576215
0.620628
0.669187
0.738506
0.812849
0.876551
0.942973
1.02564
1.12288
1.22069
1.30299
1.36262
1.40378
1.42938
1.44134
1.44264
1.43591
1.42316
1.40587
1.38493
1.36091
1.33458
1.30671
1.27757
1.24676
1.21436
1.18104
1.14741
1.11366
1.08075
1.04802
1.01512
0.982031
0.94957
0.916753
0.883709
0.850714
0.817667
0.784556
0.751438
0.718301
0.685148
0.651986
0.618814
0.585637
0.552458
0.519279
0.486099
0.452918
0.419733
0.386549
0.353365
0.320183
0.287
0.253814
0.220626
0.187418
0.154188
0.12084
0.0873619
0.0532294
0.0186165
-18.6591
-18.8435
-19.2012
-19.2235
-18.6701
-17.6414
-16.2768
-14.7333
-13.17
-11.6656
-10.2492
-8.91296
-7.64
-6.42301
-5.27284
-4.22303
-3.309
-2.552
-1.96959
-1.54449
-1.24156
-1.02287
-0.86504
-0.777011
-0.747195
-0.783698
-0.925665
-1.18503
-1.42842
-1.58994
-1.64848
-1.44728
-1.00208
-0.291478
0.205939
0.425638
0.528067
0.594171
0.616219
0.640708
0.673938
0.730038
0.794437
0.84416
0.905602
0.988623
1.08897
1.19082
1.27781
1.34091
1.38435
1.41082
1.42283
1.42384
1.41683
1.40393
1.38662
1.36572
1.34171
1.31537
1.28749
1.25833
1.22747
1.19501
1.16168
1.12802
1.09426
1.06172
1.029
0.995977
0.962874
0.930484
0.897667
0.864644
0.83161
0.798531
0.765391
0.732256
0.699114
0.665957
0.632793
0.59962
0.566445
0.533266
0.50009
0.466915
0.433741
0.400571
0.367408
0.334264
0.30115
0.268082
0.235093
0.202233
0.169589
0.137272
0.105529
0.0743917
0.0446109
0.0140537
-18.6752
-18.8392
-19.1312
-19.1206
-18.5686
-17.5551
-16.2172
-14.7038
-13.1597
-11.6648
-10.2496
-8.91039
-7.63374
-6.42056
-5.27946
-4.23786
-3.33609
-2.5969
-2.02416
-1.59759
-1.28883
-1.06318
-0.903409
-0.815752
-0.790258
-0.840438
-1.00325
-1.28531
-1.55614
-1.72978
-1.78944
-1.58409
-1.07073
-0.365385
0.221338
0.498307
0.614433
0.666801
0.666346
0.66576
0.680897
0.724598
0.775588
0.809286
0.864027
0.947353
1.05162
1.1581
1.25036
1.31748
1.3632
1.3905
1.4025
1.40314
1.3958
1.3827
1.36535
1.34448
1.32047
1.29409
1.26621
1.23704
1.20612
1.17362
1.14028
1.10661
1.07287
1.04052
1.00789
0.974808
0.941709
0.909304
0.876565
0.843541
0.810464
0.777358
0.744192
0.711054
0.677886
0.64472
0.611551
0.578377
0.545201
0.512024
0.478851
0.44568
0.412515
0.379359
0.346222
0.313121
0.280081
0.24714
0.214367
0.181868
0.149843
0.118532
0.0885577
0.0600032
0.0350327
0.00898165
-18.6891
-18.8306
-19.057
-19.0099
-18.4589
-17.462
-16.1517
-14.6687
-13.1443
-11.6585
-10.2438
-8.89958
-7.61622
-6.40315
-5.27042
-4.24566
-3.36703
-2.64732
-2.08438
-1.65642
-1.33817
-1.10492
-0.944779
-0.85824
-0.837333
-0.899559
-1.08194
-1.3793
-1.67553
-1.86464
-1.92108
-1.71136
-1.14441
-0.413716
0.241566
0.584695
0.725735
0.75223
0.726142
0.696978
0.693937
0.723292
0.751747
0.770897
0.819534
0.903288
1.01181
1.12325
1.22057
1.29219
1.34012
1.36827
1.38018
1.38037
1.37263
1.35931
1.34187
1.32099
1.29695
1.27055
1.24265
1.21347
1.1825
1.14997
1.11663
1.08297
1.04926
1.01692
0.984504
0.951382
0.918259
0.88583
0.853187
0.820142
0.787014
0.753876
0.720673
0.687508
0.654356
0.621186
0.588015
0.55484
0.521664
0.488488
0.455318
0.422151
0.388997
0.355858
0.322748
0.289694
0.256736
0.223933
0.191397
0.159293
0.127946
0.0977325
0.0697005
0.0439738
0.0243284
0.0032546
-18.7019
-18.8192
-18.9799
-18.8925
-18.3412
-17.362
-16.0808
-14.6261
-13.1201
-11.6424
-10.2259
-8.8757
-7.59081
-6.38163
-5.2598
-4.25787
-3.40257
-2.69943
-2.14247
-1.7152
-1.39078
-1.15215
-0.9913
-0.906494
-0.890654
-0.960371
-1.15778
-1.46578
-1.78225
-1.98947
-2.0388
-1.81571
-1.2236
-0.443804
0.274574
0.687354
0.856614
0.852089
0.794056
0.735655
0.714841
0.719667
0.723031
0.730512
0.773796
0.859305
0.971137
1.08637
1.18882
1.2651
1.31497
1.34395
1.35569
1.35532
1.34714
1.33355
1.31598
1.29502
1.2709
1.24445
1.21654
1.18738
1.15636
1.1238
1.0905
1.05689
1.02326
0.990769
0.958593
0.925478
0.892339
0.85988
0.827339
0.794288
0.76112
0.727956
0.694719
0.661546
0.628357
0.595176
0.562001
0.528823
0.495646
0.462471
0.429305
0.396141
0.362998
0.329876
0.296794
0.263791
0.230919
0.198264
0.165982
0.1343
0.103685
0.0746563
0.0487401
0.0260729
0.012337
-0.00330894
-18.7136
-18.8057
-18.9016
-18.7701
-18.2155
-17.2539
-16.0016
-14.5771
-13.0931
-11.625
-10.2067
-8.85074
-7.56634
-6.36255
-5.25236
-4.26943
-3.43617
-2.74948
-2.2006
-1.77477
-1.4466
-1.20351
-1.04313
-0.962721
-0.952145
-1.02457
-1.22808
-1.54555
-1.87575
-2.09842
-2.13597
-1.89261
-1.2851
-0.459154
0.309152
0.797264
0.990791
0.961269
0.869368
0.779168
0.73247
0.708272
0.693501
0.691248
0.729449
0.816375
0.930409
1.04675
1.15352
1.23578
1.28789
1.31751
1.329
1.32792
1.31913
1.30518
1.2874
1.26626
1.24208
1.21565
1.18763
1.15847
1.12745
1.09481
1.06151
1.02796
0.994497
0.961811
0.929765
0.896732
0.863586
0.831056
0.798553
0.765489
0.732272
0.699087
0.665821
0.632654
0.599469
0.566283
0.533108
0.499928
0.466752
0.43358
0.400418
0.36726
0.334128
0.301027
0.267976
0.23503
0.202254
0.16976
0.137753
0.106528
0.0767006
0.0489363
0.025314
0.00590745
-0.00123197
-0.0110697
-18.7243
-18.7923
-18.8315
-18.6581
-18.0985
-17.1539
-15.9277
-14.5332
-13.0703
-11.6105
-10.191
-8.83043
-7.54381
-6.34359
-5.24422
-4.27978
-3.46744
-2.79619
-2.25581
-1.83187
-1.5013
-1.25682
-1.0991
-1.02277
-1.01485
-1.09063
-1.29647
-1.61606
-1.95061
-2.17841
-2.20108
-1.93627
-1.31322
-0.461051
0.343173
0.886675
1.09806
1.05795
0.938498
0.810349
0.736164
0.692689
0.665656
0.65574
0.690441
0.777456
0.893296
1.01006
1.11753
1.20286
1.25902
1.28969
1.30082
1.29936
1.29009
1.27565
1.25752
1.23615
1.21189
1.18536
1.15715
1.12806
1.09716
1.06456
1.03123
0.997772
0.964506
0.931575
0.89954
0.866676
0.833614
0.80104
0.768557
0.735506
0.702242
0.669012
0.635768
0.602484
0.56928
0.53608
0.502902
0.469716
0.43654
0.403368
0.37021
0.337056
0.303934
0.270848
0.237824
0.204929
0.172238
0.139894
0.10815
0.0773631
0.0483083
0.0217831
0.000484511
-0.0157262
-0.0158438
-0.0200324
-18.7347
-18.7831
-18.7793
-18.5719
-18.0074
-17.0769
-15.872
-14.4996
-13.052
-11.5978
-10.177
-8.81269
-7.52478
-6.3286
-5.23887
-4.28965
-3.49424
-2.83582
-2.30223
-1.87995
-1.54969
-1.3076
-1.15319
-1.07927
-1.07497
-1.15501
-1.35966
-1.6726
-2.00462
-2.22804
-2.23384
-1.95059
-1.31412
-0.4519
0.370237
0.939517
1.16249
1.11815
0.980915
0.824614
0.7308
0.676298
0.640658
0.626272
0.658919
0.747998
0.861559
0.977927
1.08622
1.17244
1.23152
1.26284
1.27366
1.27207
1.2625
1.2476
1.2291
1.20758
1.18334
1.15678
1.12855
1.09908
1.0681
1.0355
1.00212
0.968783
0.935611
0.902626
0.870517
0.83772
0.804711
0.77205
0.739494
0.706472
0.673243
0.639931
0.606755
0.573491
0.540292
0.507102
0.473917
0.440738
0.407558
0.374394
0.341236
0.308094
0.274981
0.241918
0.20892
0.176083
0.143482
0.111289
0.0797991
0.0494199
0.0210692
-0.00436094
-0.0235324
-0.0369927
-0.0303287
-0.0297452
-18.7455
-18.7795
-18.745
-18.5121
-17.9432
-17.0225
-15.8329
-14.476
-13.0396
-11.5901
-10.1686
-8.80184
-7.51336
-6.32031
-5.23728
-4.29895
-3.51767
-2.86925
-2.33988
-1.91991
-1.59327
-1.35496
-1.20337
-1.13198
-1.13141
-1.21395
-1.41344
-1.71697
-2.04354
-2.25965
-2.24852
-1.94917
-1.3028
-0.438384
0.386628
0.960742
1.18944
1.14388
0.998367
0.831618
0.722104
0.660142
0.619093
0.602374
0.633928
0.722343
0.832823
0.949682
1.05987
1.1473
1.20671
1.23831
1.24908
1.24719
1.23722
1.22202
1.20333
1.18182
1.15763
1.13118
1.1032
1.07362
1.04259
1.00999
0.976666
0.943307
0.909987
0.877084
0.844899
0.812184
0.779283
0.746609
0.713962
0.680889
0.647606
0.614239
0.580976
0.547719
0.514476
0.481295
0.448091
0.41492
0.381729
0.348569
0.315407
0.282274
0.249166
0.216098
0.183127
0.150301
0.11776
0.0856457
0.0543183
0.0242261
-0.0035839
-0.0281616
-0.0455541
-0.0568797
-0.0441498
-0.0398466
-18.7573
-18.7807
-18.7244
-18.4731
-17.9004
-16.9868
-15.8083
-14.4626
-13.0345
-11.5885
-10.1664
-8.79766
-7.50893
-6.31843
-5.23986
-4.30986
-3.54087
-2.8991
-2.3719
-1.95585
-1.63433
-1.39931
-1.25006
-1.18112
-1.18231
-1.26415
-1.45813
-1.75411
-2.0743
-2.28285
-2.25602
-1.94284
-1.28868
-0.42483
0.393706
0.963479
1.19606
1.15261
1.00336
0.834616
0.711093
0.642866
0.598687
0.581242
0.612697
0.699842
0.80762
0.926428
1.03671
1.12426
1.18386
1.21574
1.22651
1.22444
1.2143
1.19903
1.18028
1.15871
1.13441
1.10779
1.07958
1.04995
1.01884
0.986141
0.95265
0.919203
0.885924
0.85299
0.820629
0.787894
0.754952
0.722177
0.689677
0.656726
0.623514
0.590236
0.556962
0.523753
0.490509
0.457345
0.42414
0.390977
0.357786
0.324632
0.291473
0.258346
0.225252
0.19219
0.159272
0.126484
0.0940388
0.0620571
0.0309362
0.00115684
-0.0261525
-0.0500215
-0.0659018
-0.0757689
-0.057621
-0.0504508
-18.7699
-18.7856
-18.7142
-18.4497
-17.8742
-16.966
-15.7956
-14.4581
-13.0361
-11.5924
-10.1697
-8.79955
-7.51079
-6.32227
-5.24642
-4.32312
-3.5637
-2.92586
-2.40051
-1.98963
-1.67277
-1.44024
-1.29258
-1.22418
-1.22487
-1.30492
-1.49579
-1.78725
-2.10106
-2.30166
-2.26156
-1.93575
-1.27429
-0.411746
0.398396
0.963442
1.19849
1.15626
1.00284
0.833768
0.698267
0.624564
0.578717
0.561363
0.593496
0.678918
0.786702
0.906032
1.01594
1.10361
1.16333
1.19519
1.20593
1.20379
1.19363
1.17846
1.15987
1.13855
1.11451
1.08814
1.06003
1.03038
0.999232
0.966572
0.933073
0.899523
0.866138
0.833189
0.800828
0.768216
0.735231
0.702516
0.669691
0.636616
0.60327
0.569929
0.536612
0.503378
0.470127
0.436951
0.403747
0.370577
0.337386
0.30423
0.271067
0.237941
0.204836
0.171781
0.138839
0.106051
0.0735819
0.0415874
0.0104672
-0.0192387
-0.0463491
-0.0698225
-0.0845862
-0.0937077
-0.0708694
-0.0615139
-18.783
-18.7934
-18.7117
-18.4382
-17.8611
-16.9568
-15.7924
-14.4609
-13.0432
-11.6012
-10.178
-8.8066
-7.5179
-6.33086
-5.2566
-4.33858
-3.58594
-2.95042
-2.42768
-2.02184
-1.70833
-1.47735
-1.32917
-1.25946
-1.25887
-1.33827
-1.52877
-1.81756
-2.12575
-2.3179
-2.26772
-1.92857
-1.25926
-0.396489
0.4084
0.969412
1.20291
1.1579
0.998684
0.829527
0.68442
0.606129
0.559714
0.542875
0.575444
0.659144
0.768933
0.888197
0.99789
1.08553
1.14515
1.17686
1.1875
1.18514
1.17468
1.15915
1.1401
1.11834
1.09387
1.06707
1.03867
1.00887
0.977576
0.944768
0.911174
0.877613
0.844249
0.81129
0.778873
0.746242
0.713414
0.680751
0.648204
0.615331
0.582182
0.548893
0.51564
0.482403
0.449182
0.415995
0.382805
0.349632
0.31645
0.283294
0.250137
0.217021
0.183925
0.150904
0.117988
0.0852783
0.0528987
0.0210689
-0.00980506
-0.0391719
-0.0657734
-0.088701
-0.102305
-0.11092
-0.0841468
-0.0729265
-18.7961
-18.8033
-18.7149
-18.4356
-17.8579
-16.9567
-15.7967
-14.4696
-13.055
-11.6142
-10.1906
-8.81827
-7.52977
-6.34398
-5.27065
-4.35607
-3.60812
-2.97435
-2.45448
-2.05289
-1.74081
-1.50936
-1.35967
-1.28792
-1.28638
-1.36639
-1.55794
-1.84541
-2.14919
-2.33312
-2.27461
-1.92117
-1.24245
-0.376454
0.426243
0.982181
1.20952
1.15786
0.991775
0.822586
0.669816
0.587752
0.541623
0.525892
0.562551
0.641879
0.753217
0.872589
0.982176
1.06968
1.12921
1.161
1.17191
1.16988
1.15992
1.14491
1.12647
1.10509
1.08095
1.05441
1.02606
0.996195
0.964877
0.932095
0.898509
0.864899
0.831489
0.798538
0.766074
0.733354
0.700279
0.667494
0.634707
0.601636
0.56834
0.534975
0.501691
0.468437
0.435209
0.40202
0.368826
0.335651
0.302466
0.269309
0.236145
0.203027
0.169915
0.136887
0.103924
0.0711958
0.0387216
0.00681839
-0.0242301
-0.0537642
-0.080615
-0.103641
-0.117169
-0.125989
-0.0966624
-0.0843797
-18.8107
-18.8155
-18.7227
-18.4398
-17.8619
-16.9631
-15.8062
-14.482
-13.0696
-11.6297
-10.206
-8.83311
-7.54509
-6.36065
-5.28785
-4.37484
-3.63029
-2.99809
-2.47982
-2.08063
-1.76873
-1.53587
-1.3851
-1.31253
-1.31038
-1.3905
-1.58304
-1.87012
-2.17061
-2.348
-2.28108
-1.91305
-1.22319
-0.351365
0.450708
0.999963
1.21745
1.15595
0.981996
0.813452
0.654803
0.569788
0.523737
0.508344
0.539696
0.623878
0.737269
0.857047
0.966431
1.05345
1.11231
1.14333
1.15346
1.15059
1.13966
1.12407
1.10498
1.08323
1.05885
1.03209
1.00363
0.973747
0.942391
0.909593
0.876003
0.842396
0.808997
0.776049
0.743627
0.711057
0.678231
0.645512
0.612908
0.579959
0.546812
0.513479
0.480236
0.446982
0.413765
0.380572
0.347386
0.314206
0.281031
0.247869
0.214718
0.181597
0.148508
0.115484
0.0825781
0.0498798
0.0175187
-0.0142671
-0.0450605
-0.0743061
-0.100573
-0.12314
-0.135497
-0.144005
-0.111819
-0.0983763
-18.819
-18.8235
-18.7295
-18.4459
-17.8691
-16.9724
-15.818
-14.4958
-13.0849
-11.6458
-10.2223
-8.84956
-7.56255
-6.37944
-5.30669
-4.39403
-3.65191
-3.02041
-2.50074
-2.10048
-1.7867
-1.55089
-1.39704
-1.32267
-1.32076
-1.40468
-1.60061
-1.88901
-2.18737
-2.35641
-2.28523
-1.90583
-1.20534
-0.326781
0.475225
1.01691
1.2241
1.15521
0.977508
0.805235
0.644162
0.558731
0.513918
0.500012
0.538286
0.617291
0.730463
0.850073
0.959292
1.04625
1.10516
1.13665
1.14707
1.1446
1.13439
1.11885
1.10007
1.0784
1.05407
1.02735
0.998898
0.968991
0.937609
0.904804
0.871204
0.837581
0.80419
0.771206
0.738744
0.706072
0.673101
0.640338
0.607633
0.574616
0.541387
0.50803
0.474769
0.441511
0.408292
0.375099
0.341911
0.308732
0.275553
0.242392
0.209236
0.176115
0.143015
0.109989
0.0770552
0.0443368
0.0119221
-0.0199329
-0.0508487
-0.0802522
-0.106794
-0.129588
-0.142382
-0.15132
-0.11903
-0.102502
-18.841
-18.8451
-18.7505
-18.4671
-17.8917
-16.997
-15.8443
-14.5235
-13.1135
-11.675
-10.2519
-8.87977
-7.59383
-6.41159
-5.33871
-4.42579
-3.68434
-3.05239
-2.52989
-2.12719
-1.81174
-1.57494
-1.42123
-1.34705
-1.34625
-1.43067
-1.62734
-1.91558
-2.21199
-2.37897
-2.30066
-1.91132
-1.20134
-0.317846
0.482833
1.01638
1.21349
1.1344
0.957025
0.782359
0.621007
0.535255
0.49113
0.477941
0.512879
0.594782
0.708821
0.8287
0.937828
1.0245
1.08308
1.11389
1.12416
1.12141
1.11085
1.09524
1.07633
1.05461
1.03025
1.00351
0.975039
0.94513
0.913739
0.880928
0.847326
0.813702
0.780302
0.747328
0.714865
0.682215
0.649306
0.616543
0.58387
0.550867
0.517676
0.484324
0.45107
0.417814
0.384596
0.351402
0.318216
0.285035
0.25186
0.218696
0.185545
0.15242
0.11933
0.0862979
0.0533838
0.0206634
-0.0117196
-0.0435516
-0.0744102
-0.103747
-0.130142
-0.152881
-0.165341
-0.174274
-0.141244
-0.131047
-18.7818
-18.7723
-18.8202
-18.8144
-18.7975
-18.7735
-18.7434
-18.7099
-18.6767
-18.6464
-18.6197
-18.5967
-18.5783
-18.5676
-18.5664
-18.5622
-19.3732
-19.3496
-19.3591
-19.3697
-19.3596
-19.3344
-19.3036
-19.2714
-19.2401
-19.2115
-19.1869
-19.167
-19.1517
-19.1403
-19.133
-19.1185
-19.7355
-19.8046
-19.8867
-19.915
-19.9109
-19.8896
-19.86
-19.8289
-19.8001
-19.7753
-19.7552
-19.7403
-19.7311
-19.7269
-19.7229
-19.7113
-19.7852
-19.8721
-19.9154
-19.9343
-19.9372
-19.9224
-19.8957
-19.8653
-19.8362
-19.8108
-19.7902
-19.7745
-19.7635
-19.7568
-19.7518
-19.7387
-19.1898
-19.2464
-19.277
-19.3001
-19.3062
-19.2954
-19.2738
-19.2471
-19.2198
-19.1937
-19.1692
-19.147
-19.1279
-19.1125
-19.1013
-19.0821
-18.0475
-18.09
-18.122
-18.1466
-18.1561
-18.1504
-18.1327
-18.1078
-18.0804
-18.0526
-18.025
-17.9982
-17.9729
-17.9502
-17.9318
-17.9077
-16.548
-16.5761
-16.6012
-16.6215
-16.632
-16.6302
-16.6163
-16.5944
-16.5687
-16.5405
-16.5102
-16.4782
-16.4451
-16.4128
-16.3839
-16.3545
-14.8651
-14.8804
-14.8966
-14.9107
-14.9189
-14.9175
-14.9045
-14.8835
-14.8581
-14.8292
-14.7968
-14.7613
-14.7234
-14.6852
-14.6507
-14.6184
-13.207
-13.2092
-13.2149
-13.2209
-13.2239
-13.2191
-13.2039
-13.1814
-13.1547
-13.1243
-13.0899
-13.0518
-13.0105
-12.9686
-12.9304
-12.896
-11.6466
-11.6379
-11.6323
-11.6279
-11.6221
-11.6103
-11.5897
-11.5633
-11.5337
-11.5008
-11.4642
-11.4239
-11.3804
-11.336
-11.2957
-11.2599
-10.2068
-10.19
-10.1747
-10.1604
-10.1455
-10.1259
-10.0991
-10.068
-10.0345
-9.99852
-9.95935
-9.91666
-9.8709
-9.82443
-9.78221
-9.74516
-8.86432
-8.84045
-8.81646
-8.79304
-8.76961
-8.74231
-8.70933
-8.67326
-8.63578
-8.59642
-8.55439
-8.50918
-8.46107
-8.4124
-8.36829
-8.32996
-7.58598
-7.55625
-7.52473
-7.49368
-7.46326
-7.42997
-7.39226
-7.35247
-7.3119
-7.26984
-7.22535
-7.17776
-7.12732
-7.07636
-7.03025
-6.99053
-6.34719
-6.31073
-6.27236
-6.23574
-6.20122
-6.16487
-6.12497
-6.08364
-6.04176
-5.99842
-5.95253
-5.9034
-5.85126
-5.79854
-5.75084
-5.71011
-5.15859
-5.11597
-5.07336
-5.03483
-4.99993
-4.96359
-4.924
-4.88324
-4.84179
-4.79856
-4.75242
-4.70274
-4.64985
-4.59637
-4.54811
-4.50712
-4.06187
-4.01392
-3.96898
-3.93105
-3.89809
-3.86349
-3.82559
-3.78661
-3.74667
-3.70452
-3.6591
-3.60989
-3.55737
-3.50426
-3.45649
-3.41602
-3.09509
-3.04238
-2.99696
-2.96147
-2.93111
-2.8983
-2.86242
-2.82578
-2.7879
-2.74746
-2.70354
-2.65577
-2.6048
-2.5534
-2.50733
-2.46813
-2.29609
-2.24007
-2.19593
-2.16325
-2.13409
-2.1019
-2.06783
-2.03345
-1.99768
-1.95925
-1.91742
-1.87202
-1.82375
-1.77536
-1.73215
-1.69493
-1.69857
-1.64215
-1.5992
-1.56702
-1.53656
-1.50349
-1.46988
-1.43633
-1.40162
-1.36462
-1.32474
-1.28187
-1.23672
-1.19184
-1.15195
-1.11699
-1.2872
-1.23306
-1.19084
-1.15736
-1.1246
-1.09008
-1.05603
-1.02245
-0.988073
-0.951922
-0.913467
-0.872629
-0.830124
-0.788349
-0.751412
-0.717949
-1.01066
-0.959447
-0.918528
-0.884573
-0.850564
-0.815408
-0.781073
-0.747119
-0.712454
-0.676338
-0.638402
-0.598639
-0.557767
-0.51807
-0.483149
-0.450398
-0.81927
-0.772935
-0.734715
-0.700772
-0.665509
-0.629092
-0.593297
-0.557787
-0.521831
-0.484912
-0.446726
-0.407233
-0.367072
-0.328397
-0.294521
-0.262276
-0.684221
-0.639204
-0.599592
-0.562194
-0.52323
-0.484065
-0.446227
-0.409237
-0.372313
-0.334876
-0.296544
-0.257197
-0.217393
-0.179212
-0.145835
-0.11389
-0.586356
-0.535965
-0.492047
-0.450288
-0.407859
-0.366454
-0.326995
-0.288799
-0.251079
-0.213247
-0.174874
-0.135773
-0.0964265
-0.0588169
-0.0259926
0.00557024
-0.527959
-0.474825
-0.42446
-0.376485
-0.329843
-0.28513
-0.242913
-0.202717
-0.163811
-0.125499
-0.0871828
-0.0484916
-0.0097299
0.0272781
0.0596463
0.0910614
-0.505657
-0.437989
-0.376412
-0.322326
-0.272478
-0.225634
-0.182151
-0.141334
-0.102249
-0.064035
-0.0259456
0.0125354
0.0512284
0.0883468
0.120911
0.15251
-0.510798
-0.414755
-0.336471
-0.271529
-0.215428
-0.165615
-0.120745
-0.0794367
-0.0404459
-0.00266848
0.0348335
0.0726975
0.110758
0.147052
0.178291
0.208421
-0.586238
-0.44824
-0.336652
-0.24803
-0.175919
-0.114943
-0.0621727
-0.0157246
0.0262068
0.0651989
0.102498
0.1389
0.174248
0.206507
0.232487
0.257771
-0.688522
-0.515538
-0.375006
-0.264349
-0.175239
-0.101402
-0.0397607
0.0124404
0.0577539
0.0981853
0.135134
0.169262
0.200083
0.225473
0.24012
0.261559
-0.779102
-0.592497
-0.446101
-0.326711
-0.227167
-0.144785
-0.0773256
-0.0211363
0.0267124
0.0682173
0.104546
0.136725
0.167555
0.194789
0.213853
0.2294
-0.797843
-0.616149
-0.474049
-0.359701
-0.266106
-0.188077
-0.120882
-0.0619281
-0.00958584
0.0370119
0.0780002
0.112456
0.136987
0.152182
0.16109
0.171792
-0.684944
-0.524703
-0.39732
-0.294089
-0.209789
-0.140533
-0.0829555
-0.0349881
0.00455153
0.0363629
0.0609926
0.0790604
0.0910442
0.0975821
0.100333
0.109485
-0.417945
-0.310537
-0.222512
-0.150517
-0.0915733
-0.0434176
-0.00450334
0.0262608
0.0497626
0.066845
0.0782885
0.0851097
0.0887493
0.0904764
0.0913588
0.102028
-0.0692867
-0.027862
0.00873499
0.0402439
0.0668931
0.0887638
0.105885
0.118431
0.126824
0.131942
0.134993
0.137061
0.139026
0.141326
0.143592
0.157701
0.149239
0.15187
0.157247
0.163516
0.169813
0.175639
0.180763
0.185144
0.188817
0.191695
0.193982
0.196435
0.200072
0.20511
0.209049
0.225165
0.233068
0.215356
0.206895
0.204484
0.205648
0.208689
0.212591
0.216881
0.22147
0.226454
0.231848
0.237769
0.244732
0.253024
0.25775
0.275665
0.290293
0.264859
0.250885
0.245009
0.244651
0.247938
0.25354
0.260549
0.268391
0.276745
0.285439
0.294358
0.303746
0.3159
0.319727
0.339541
0.375236
0.352559
0.34084
0.337015
0.338516
0.343567
0.351066
0.360237
0.370501
0.381498
0.393025
0.404915
0.416344
0.427603
0.435115
0.454147
0.474292
0.462613
0.459109
0.461736
0.468601
0.477928
0.488445
0.499428
0.510206
0.521041
0.532416
0.544304
0.557389
0.57114
0.581011
0.600538
0.574361
0.574799
0.580377
0.589516
0.601045
0.613902
0.627376
0.641612
0.657065
0.673081
0.688931
0.704687
0.720482
0.73573
0.746989
0.766834
0.677107
0.690027
0.705793
0.723358
0.741816
0.760432
0.778802
0.797029
0.815223
0.833278
0.851157
0.868899
0.886379
0.902812
0.914838
0.934815
0.789262
0.811351
0.83455
0.858231
0.881559
0.903951
0.925385
0.946127
0.966332
0.986057
1.00536
1.02427
1.04264
1.05964
1.07176
1.09169
0.900238
0.929989
0.95892
0.986601
1.01277
1.03725
1.06027
1.08228
1.10354
1.12412
1.14408
1.16345
1.18207
1.19916
1.21097
1.23079
1.00279
1.03853
1.07132
1.10149
1.1292
1.15455
1.17805
1.20048
1.22216
1.24305
1.26316
1.28249
1.30088
1.31769
1.32892
1.34864
1.08978
1.12988
1.16597
1.19848
1.22762
1.25373
1.2777
1.3005
1.32236
1.3432
1.36307
1.38197
1.39977
1.41609
1.42656
1.44613
1.17067
1.21276
1.24931
1.28198
1.31117
1.3374
1.36164
1.38457
1.40624
1.42668
1.446
1.4642
1.48122
1.49702
1.50669
1.52607
1.25452
1.29335
1.32841
1.35938
1.3871
1.41225
1.43569
1.45783
1.47865
1.49827
1.51678
1.5341
1.55028
1.56557
1.5745
1.59372
1.3379
1.3719
1.40335
1.43148
1.45708
1.48064
1.50273
1.5236
1.54325
1.56181
1.5793
1.59566
1.61093
1.62572
1.634
1.65307
1.40659
1.43693
1.46506
1.49091
1.51477
1.53702
1.55799
1.57777
1.59642
1.61405
1.63069
1.64623
1.66075
1.67518
1.68294
1.70189
1.4549
1.48279
1.50882
1.53337
1.55625
1.57771
1.59795
1.61702
1.63501
1.65203
1.66808
1.68306
1.69705
1.71128
1.71866
1.73754
1.48724
1.51385
1.53861
1.56219
1.58435
1.60516
1.62481
1.64336
1.66089
1.67747
1.6931
1.7077
1.72132
1.73544
1.74254
1.76139
1.50832
1.53399
1.55839
1.58135
1.60282
1.62309
1.64227
1.6604
1.67754
1.69377
1.70909
1.72342
1.73675
1.75083
1.75771
1.77653
1.51941
1.54465
1.56881
1.59146
1.61263
1.63266
1.65159
1.66946
1.68638
1.70241
1.71756
1.73172
1.74485
1.75894
1.7656
1.78441
1.52132
1.54658
1.57052
1.593
1.61415
1.6341
1.6529
1.67066
1.6875
1.70351
1.71864
1.73274
1.74567
1.75983
1.76625
1.78506
1.51524
1.54053
1.56441
1.58689
1.60807
1.62798
1.64674
1.66453
1.68144
1.6975
1.71264
1.7267
1.73942
1.7537
1.75986
1.77869
1.50269
1.52789
1.55177
1.57432
1.5955
1.61542
1.63426
1.65215
1.66913
1.68517
1.70024
1.71424
1.72671
1.74117
1.74704
1.76591
1.48528
1.51035
1.53414
1.55665
1.57785
1.59783
1.61674
1.63467
1.65164
1.66762
1.68261
1.69655
1.70873
1.72341
1.72899
1.74791
1.4641
1.48907
1.51274
1.53515
1.55634
1.57638
1.59533
1.61325
1.63017
1.64606
1.66095
1.67489
1.68673
1.70169
1.70698
1.72596
1.43994
1.46483
1.48844
1.51074
1.53187
1.55191
1.57088
1.58878
1.60562
1.62141
1.63619
1.65019
1.66163
1.67691
1.68187
1.70099
1.41362
1.43848
1.46203
1.48426
1.5053
1.52524
1.54413
1.56193
1.57868
1.59438
1.60902
1.62318
1.63412
1.64983
1.65448
1.67367
1.38566
1.41063
1.4342
1.45634
1.47725
1.49702
1.51574
1.53341
1.55009
1.56573
1.58011
1.5946
1.60493
1.62117
1.62548
1.64479
1.35668
1.38169
1.40518
1.42729
1.44816
1.46787
1.48646
1.50399
1.52058
1.5362
1.55019
1.56504
1.57478
1.59138
1.59551
1.61488
1.32641
1.35141
1.37492
1.39707
1.41789
1.43754
1.45605
1.4735
1.48995
1.50565
1.51888
1.53413
1.54389
1.56043
1.56455
1.58393
1.2942
1.31924
1.34275
1.3648
1.38559
1.40518
1.42361
1.44098
1.45734
1.47275
1.4868
1.50139
1.51146
1.52779
1.53199
1.55134
1.2608
1.28569
1.309
1.33101
1.35176
1.37129
1.38967
1.40702
1.42335
1.43871
1.4529
1.46727
1.47751
1.49376
1.49801
1.51734
1.22701
1.25175
1.27512
1.29709
1.31772
1.33713
1.35542
1.37269
1.38895
1.40424
1.41836
1.43277
1.44294
1.45923
1.46347
1.48281
1.19287
1.21775
1.24119
1.2632
1.28377
1.30307
1.32127
1.33845
1.35472
1.37008
1.38405
1.39865
1.40851
1.42497
1.42914
1.44853
1.15836
1.18296
1.2062
1.22823
1.24909
1.26868
1.28704
1.30431
1.32055
1.33585
1.34966
1.36435
1.37418
1.3907
1.39486
1.41426
1.12541
1.14996
1.17301
1.19469
1.21511
1.2344
1.25265
1.26986
1.28606
1.30145
1.31514
1.33
1.33991
1.3562
1.36054
1.37991
1.09347
1.11798
1.14106
1.16276
1.18313
1.20232
1.22046
1.23756
1.25361
1.26894
1.2825
1.29692
1.30736
1.32322
1.32781
1.34709
1.06128
1.08574
1.1088
1.13045
1.1508
1.16996
1.18806
1.20515
1.22115
1.23651
1.25041
1.26456
1.27521
1.29086
1.29557
1.31478
1.02778
1.05231
1.07538
1.09705
1.11745
1.13667
1.15482
1.17193
1.18799
1.20319
1.21718
1.2313
1.24203
1.25766
1.26239
1.2816
0.994779
1.01921
1.04218
1.0638
1.08417
1.10337
1.12151
1.13862
1.1547
1.16986
1.1839
1.19792
1.20875
1.22428
1.22907
1.24827
0.961986
0.986424
1.00943
1.03109
1.05148
1.07067
1.08877
1.10582
1.12186
1.13698
1.15106
1.16502
1.17592
1.1914
1.19623
1.21541
0.929049
0.953554
0.976615
0.998313
1.01873
1.03796
1.05609
1.07316
1.08921
1.10432
1.11839
1.13231
1.14324
1.15867
1.16352
1.18269
0.896101
0.920649
0.943747
0.965482
0.985935
1.00518
1.0233
1.04035
1.0564
1.07151
1.0856
1.09951
1.11045
1.12588
1.13074
1.1499
0.863083
0.887658
0.910779
0.932533
0.953002
0.972267
0.990408
1.00748
1.02353
1.03864
1.05272
1.06663
1.07757
1.093
1.09785
1.11702
0.830018
0.85461
0.877748
0.899516
0.919996
0.939263
0.957392
0.974451
0.990503
1.00561
1.0197
1.03362
1.04455
1.05999
1.06484
1.08401
0.796913
0.821515
0.84466
0.866434
0.88692
0.906197
0.924338
0.941403
0.957455
0.972563
0.986645
1.00056
1.01149
1.02693
1.03178
1.05094
0.763778
0.788385
0.811535
0.833313
0.853801
0.873074
0.891206
0.908267
0.924321
0.939432
0.953518
0.967443
0.978367
0.993816
0.99866
1.01783
0.730626
0.755237
0.77839
0.800171
0.820663
0.839943
0.858081
0.875142
0.891194
0.906303
0.920383
0.934305
0.945227
0.960674
0.965517
0.984685
0.697458
0.72207
0.745224
0.767006
0.787497
0.806773
0.824909
0.841971
0.858024
0.873134
0.887216
0.901142
0.912062
0.927513
0.932355
0.951525
0.664282
0.688894
0.712048
0.73383
0.754322
0.773601
0.791737
0.808798
0.82485
0.839959
0.85404
0.867964
0.878884
0.894333
0.899174
0.918343
0.631097
0.655708
0.678861
0.700642
0.721132
0.740408
0.758543
0.775603
0.791653
0.806762
0.820842
0.834767
0.845687
0.861138
0.86598
0.88515
0.597907
0.622515
0.645664
0.667442
0.687929
0.707203
0.725336
0.742394
0.758446
0.773556
0.787637
0.801559
0.81248
0.827926
0.83277
0.851937
0.564709
0.589311
0.612455
0.634228
0.654712
0.673984
0.692117
0.709174
0.72522
0.740324
0.754402
0.768322
0.779245
0.794693
0.799537
0.818706
0.531496
0.556088
0.579224
0.60099
0.621467
0.64073
0.658851
0.6759
0.691946
0.707052
0.721135
0.73505
0.745978
0.761412
0.766262
0.785425
0.498257
0.522833
0.545953
0.567705
0.58817
0.607424
0.625544
0.642595
0.658632
0.673724
0.687797
0.701702
0.712636
0.728068
0.732921
0.752088
0.46498
0.489529
0.512626
0.534358
0.554804
0.574041
0.592136
0.609162
0.625189
0.640282
0.654368
0.668262
0.679214
0.694613
0.699483
0.718636
0.431638
0.45614
0.479194
0.500887
0.521299
0.540507
0.558588
0.575606
0.591617
0.606685
0.620748
0.634605
0.645573
0.660951
0.665837
0.684991
0.398182
0.422602
0.445584
0.467211
0.487565
0.506721
0.524746
0.541709
0.557685
0.572732
0.586799
0.600627
0.611631
0.626947
0.631866
0.650999
0.364533
0.388814
0.411669
0.433183
0.453437
0.472506
0.490459
0.507363
0.523286
0.538286
0.552327
0.566076
0.577129
0.592369
0.597337
0.616454
0.330553
0.354597
0.377237
0.398559
0.41864
0.437557
0.455378
0.472174
0.488008
0.502935
0.516946
0.530598
0.54173
0.556818
0.56187
0.580945
0.296039
0.319689
0.341974
0.362978
0.382777
0.401445
0.419052
0.435664
0.451342
0.466141
0.480073
0.493573
0.504798
0.519703
0.524868
0.543894
0.26055
0.283518
0.305183
0.325628
0.344926
0.363148
0.380365
0.396645
0.412048
0.426625
0.440408
0.453675
0.465028
0.479555
0.484929
0.503841
0.223638
0.245515
0.266199
0.285769
0.304296
0.321846
0.338487
0.354286
0.369299
0.38357
0.397134
0.410156
0.421583
0.435834
0.441387
0.460257
0.183769
0.203664
0.222526
0.240423
0.257419
0.273574
0.288958
0.303637
0.317675
0.331123
0.344021
0.356441
0.367787
0.381275
0.387175
0.405794
0.140882
0.158007
0.174398
0.190125
0.205245
0.219811
0.233891
0.247602
0.261022
0.274138
0.286906
0.299269
0.31087
0.324165
0.330446
0.349017
0.0888706
0.10036
0.111398
0.122025
0.132285
0.142235
0.151988
0.161669
0.171356
0.18111
0.190968
0.200933
0.21084
0.222625
0.228539
0.246811
0.0379536
0.044626
0.0514372
0.0584582
0.0657527
0.0733546
0.0812896
0.089582
0.098204
0.107105
0.116238
0.125553
0.134987
0.14502
0.153557
0.165759
)
;

boundaryField
{
    frontAndBack
    {
        type            empty;
    }
    inlet
    {
        type            zeroGradient;
    }
    outlet
    {
        type            fixedValue;
        value           uniform 0;
    }
    walls
    {
        type            zeroGradient;
    }
}


// ************************************************************************* //
