/*--------------------------------*- C++ -*----------------------------------*\
| =========                 |                                                 |
| \\      /  F ield         | OpenFOAM: The Open Source CFD Toolbox           |
|  \\    /   O peration     | Version:  v2012                                 |
|   \\  /    A nd           | Website:  www.openfoam.com                      |
|    \\/     M anipulation  |                                                 |
\*---------------------------------------------------------------------------*/
FoamFile
{
    version     2.0;
    format      ascii;
    class       Cloud<basicKinematicParcel>;
    location    "0.099/lagrangian/kinematicCloud";
    object      positions;
}
// * * * * * * * * * * * * * * * * * * * * * * * * * * * * * * * * * * * * * //

54
(
(1.43019 0.00516374 0.03) 395
(1.50918 0.0162085 0.03) 2800
(1.49203 0.0233462 0.03) 1199
(1.45308 0.0103302 0.03) 696
(1.43193 0.029773 0.03) 1395
(1.43352 0.0238047 0.03) 1195
(1.01238 0.000819789 0.03) 67
(1.33383 0.0337649 0.03) 1588
(1.3209 0.0334551 0.03) 1588
(1.35384 0.0134564 0.03) 790
(1.35377 0.0168218 0.03) 890
(1.30972 0.00843042 0.03) 587
(1.10856 0.0380311 0.03) 1873
(1.09102 0.00182078 0.03) 172
(1.121 0.0374662 0.03) 1874
(1.25643 0.0188644 0.03) 983
(1.17411 0.00494676 0.03) 378
(1.10682 0.0367683 0.03) 1773
(1.18448 0.00899012 0.03) 578
(1.15829 0.0336133 0.03) 1577
(1.17479 0.0281015 0.03) 1278
(1.08006 0.0360058 0.03) 1772
(1.13498 0.0288471 0.03) 1375
(1.0967 0.00716706 0.03) 473
(1.11635 0.015191 0.03) 874
(1.09612 0.0282617 0.03) 1373
(1.04463 0.00567589 0.03) 369
(1.06807 0.031284 0.03) 1471
(0.952335 0.00246627 0.03) 163
(1.04491 0.0321278 0.03) 1469
(0.48592 0.000106546 0.03) 32
(0.959551 0.00366872 0.03) 263
(0.821418 0.0386348 0.03) 1854
(0.984129 0.021629 0.03) 1065
(0.979141 0.00991686 0.03) 665
(0.967797 0.0273692 0.03) 1264
(0.949479 0.0127075 0.03) 763
(0.934726 0.0150301 0.03) 862
(0.916203 0.0275814 0.03) 1261
(0.753757 0.00124974 0.03) 150
(0.884249 0.0115441 0.03) 658
(0.866321 0.026629 0.03) 1257
(0.847203 0.00952541 0.03) 556
(0.8302 0.00816446 0.03) 555
(0.816779 0.0121491 0.03) 754
(0.80031 0.0252169 0.03) 1153
(0.778727 0.0323482 0.03) 1451
(0.767279 0.0185525 0.03) 951
(0.749984 0.0146612 0.03) 849
(0.733586 0.0301144 0.03) 1348
(0.701879 0.0046524 0.03) 346
(0.702228 0.0142388 0.03) 846
(0.679917 0.0339721 0.03) 1545
(0.634572 0.00273362 0.03) 242
)


// ************************************************************************* //
