/*--------------------------------*- C++ -*----------------------------------*\
| =========                 |                                                 |
| \\      /  F ield         | OpenFOAM: The Open Source CFD Toolbox           |
|  \\    /   O peration     | Version:  v2012                                 |
|   \\  /    A nd           | Website:  www.openfoam.com                      |
|    \\/     M anipulation  |                                                 |
\*---------------------------------------------------------------------------*/
FoamFile
{
    version     2.0;
    format      ascii;
    class       vectorField;
    location    "0.099/lagrangian/kinematicCloud";
    object      U;
}
// * * * * * * * * * * * * * * * * * * * * * * * * * * * * * * * * * * * * * //


102
(
(6.90811 -0.105668 0)
(7.77417 -0.0244375 0)
(7.75272 -0.0169253 0)
(7.48744 -0.0370433 0)
(7.67392 -0.00791424 0)
(7.68983 -0.0122687 0)
(5.35435 -0.141519 0)
(7.59476 -0.00422779 0)
(7.54723 -0.00458896 0)
(7.594 -0.0122714 0)
(7.57803 -0.0133977 0)
(7.25579 -0.0361821 0)
(0.439261 -1.60044e-05 0)
(0.380851 4.46822e-06 0)
(4.37009 0.00182308 0)
(7.51675 -0.00658319 0)
(6.35211 -0.0993913 0)
(7.05785 -0.00360656 0)
(6.91514 -0.0390022 0)
(7.38038 -0.00131963 0)
(7.38259 -0.00345945 0)
(2.75795 0.00750416 0)
(7.32612 -0.00113517 0)
(6.46579 -0.0655604 0)
(7.26953 0.00287879 0)
(7.28187 -0.000679862 0)
(6.51413 -0.0533787 0)
(7.24114 0.000320727 0)
(3.68965 0.145835 0)
(7.19595 -0.000475653 0)
(0.471674 1.68696e-05 0)
(5.52792 -0.0880451 0)
(2.08168 0.00263608 0)
(7.13484 0.0058463 0)
(6.7827 -0.0029265 0)
(7.08895 0.00333408 0)
(7.06087 0.0128384 0)
(7.02523 0.0156585 0)
(6.99832 0.00742054 0)
(1.49002 0.000668797 0)
(6.74218 0.0319998 0)
(6.87424 0.0190368 0)
(5.77518 0.0337918 0)
(6.27157 0.0628097 0)
(6.57365 0.0791886 0)
(6.6144 0.0493758 0)
(6.4928 0.0251216 0)
(6.4035 0.100212 0)
(6.24662 0.127547 0)
(6.11287 0.046515 0)
(4.67257 0.149576 0)
(5.6793 0.186278 0)
(5.62628 0.0315144 0)
(1.3721 0.000174436 0)
(5.26996 0.0885069 0)
(5.11264 0.0845318 0)
(4.92765 0.0235451 0)
(4.76575 0.117494 0)
(4.57696 0.12731 0)
(4.45736 0.0939485 0)
(4.34476 0.0226222 0)
(4.17826 0.0612327 0)
(4.05674 0.0481883 0)
(3.97015 0.0160054 0)
(2.98547 0.00087366 0)
(3.73651 0.019949 0)
(3.60382 0.0179513 0)
(2.76821 0.000919827 0)
(3.42812 0.00852928 0)
(3.34411 0.00693526 0)
(3.2539 0.00345616 0)
(3.15469 0.00289841 0)
(3.0541 0.00125624 0)
(2.96954 0.000806229 0)
(2.82494 -0.000104197 0)
(0.884006 -0.000140457 0)
(2.22768 -0.000331844 0)
(2.57942 0.000451095 0)
(1.82055 -0.00032659 0)
(2.38556 -0.000322333 0)
(2.28693 6.63452e-05 0)
(2.18687 6.05779e-05 0)
(2.0888 -9.45436e-05 0)
(1.98801 2.81041e-05 0)
(1.18496 -0.000159518 0)
(1.78802 -9.18657e-07 0)
(1.68663 -5.40186e-05 0)
(1.58494 -2.4981e-05 0)
(1.48247 2.23981e-05 0)
(1.37933 -5.2333e-05 0)
(1.27567 -8.04916e-06 0)
(1.17069 -9.69914e-05 0)
(0.292106 4.28983e-06 0)
(0.961822 8.94759e-06 0)
(0.85632 -4.39106e-05 0)
(0.749833 -1.29283e-05 0)
(0.642969 -1.4251e-05 0)
(0.535206 -5.81404e-06 0)
(0.107587 1.20474e-06 0)
(0.318688 1.29855e-06 0)
(0.209347 1.33051e-06 0)
(0.0994373 -4.30589e-07 0)
)


// ************************************************************************* //
