/*--------------------------------*- C++ -*----------------------------------*\
| =========                 |                                                 |
| \\      /  F ield         | OpenFOAM: The Open Source CFD Toolbox           |
|  \\    /   O peration     | Version:  v2012                                 |
|   \\  /    A nd           | Website:  www.openfoam.com                      |
|    \\/     M anipulation  |                                                 |
\*---------------------------------------------------------------------------*/
FoamFile
{
    version     2.0;
    format      ascii;
    class       volScalarField;
    location    "0.169";
    object      p;
}
// * * * * * * * * * * * * * * * * * * * * * * * * * * * * * * * * * * * * * //

dimensions      [0 2 -2 0 0 0 0];


internalField   nonuniform List<scalar> 
5600
(
-0.907779
-1.36597
-1.74651
-2.06498
-2.37572
-2.68592
-2.98739
-3.26924
-3.53203
-3.78277
-4.01887
-4.24359
-4.45819
-4.66414
-4.86508
-5.05967
-5.25331
-5.44218
-5.62969
-5.81487
-5.99679
-6.17849
-6.35424
-6.532
-6.70665
-6.88001
-7.05294
-7.22345
-7.39519
-7.56353
-7.73491
-7.90323
-8.07158
-8.24
-8.40616
-8.57411
-8.73825
-8.90544
-9.06909
-9.23425
-9.39829
-9.56049
-9.72453
-9.88374
-10.0469
-10.2057
-10.3672
-10.5268
-10.6858
-10.8456
-11.002
-11.1617
-11.3178
-11.4755
-11.6314
-11.7873
-11.944
-12.0984
-12.2539
-12.4073
-12.5615
-12.715
-12.868
-13.0212
-13.1733
-13.3259
-13.4773
-13.6289
-13.7796
-13.9309
-14.0807
-14.2312
-14.3807
-14.5301
-14.6794
-14.8281
-14.9777
-15.1261
-15.2747
-15.4225
-15.5701
-15.7179
-15.8647
-16.0126
-16.1589
-16.3061
-16.4531
-16.5991
-16.7467
-16.8922
-17.0395
-17.1853
-17.3311
-17.4786
-17.6248
-17.7736
-17.9238
-18.0805
-18.2437
-18.4804
-0.966812
-1.38615
-1.76315
-2.08278
-2.39372
-2.70424
-3.00565
-3.28776
-3.55089
-3.80173
-4.03798
-4.26306
-4.47796
-4.6843
-4.88559
-5.08049
-5.27444
-5.46355
-5.65121
-5.8365
-6.01857
-6.20045
-6.37621
-6.55409
-6.72891
-6.90233
-7.07543
-7.24596
-7.41786
-7.58624
-7.75773
-7.92612
-8.09445
-8.26298
-8.42909
-8.59715
-8.76127
-8.9285
-9.09222
-9.25735
-9.42152
-9.58361
-9.74783
-9.90694
-10.0702
-10.229
-10.3904
-10.5502
-10.709
-10.8691
-11.0252
-11.1851
-11.3412
-11.4988
-11.6548
-11.8105
-11.9674
-12.1217
-12.2771
-12.4305
-12.5846
-12.7383
-12.8912
-13.0445
-13.1965
-13.3491
-13.5005
-13.652
-13.8028
-13.954
-14.1039
-14.2543
-14.4039
-14.5532
-14.7026
-14.8512
-15.0008
-15.1492
-15.2978
-15.4457
-15.5932
-15.741
-15.8878
-16.0356
-16.1821
-16.3292
-16.4762
-16.6222
-16.7696
-16.9155
-17.0623
-17.2086
-17.354
-17.5019
-17.6475
-17.7974
-17.9453
-18.1056
-18.2634
-18.4942
-1.00506
-1.39877
-1.77592
-2.09612
-2.40495
-2.71293
-3.01331
-3.29494
-3.55794
-3.80832
-4.04437
-4.26959
-4.48438
-4.6909
-4.89197
-5.08713
-5.28093
-5.47013
-5.65784
-5.84299
-6.02524
-6.207
-6.38306
-6.56086
-6.73573
-6.90904
-7.08205
-7.25263
-7.42438
-7.59276
-7.76414
-7.9326
-8.10084
-8.26944
-8.43549
-8.60356
-8.76766
-8.93482
-9.09861
-9.26355
-9.42782
-9.58969
-9.75392
-9.91291
-10.0761
-10.235
-10.3963
-10.5562
-10.7149
-10.875
-11.0313
-11.191
-11.3472
-11.5048
-11.6609
-11.8167
-11.9735
-12.1279
-12.2835
-12.437
-12.5911
-12.7449
-12.8978
-13.0511
-13.2032
-13.3558
-13.5073
-13.6588
-13.8097
-13.9609
-14.1109
-14.2613
-14.4109
-14.5602
-14.7096
-14.8583
-15.0079
-15.1563
-15.3049
-15.4529
-15.6004
-15.7483
-15.895
-16.0429
-16.1894
-16.3364
-16.4835
-16.6295
-16.7769
-16.9228
-17.0696
-17.216
-17.3612
-17.5091
-17.6548
-17.8046
-17.9527
-18.1136
-18.2697
-18.4944
-1.05379
-1.41523
-1.79132
-2.11295
-2.42053
-2.72754
-3.02834
-3.31057
-3.57421
-3.82489
-4.06152
-4.2868
-4.50198
-4.70885
-4.90975
-5.10512
-5.29846
-5.48763
-5.67497
-5.85972
-6.04209
-6.22338
-6.39981
-6.57751
-6.75253
-6.92618
-7.09944
-7.27047
-7.44238
-7.61108
-7.78249
-7.95124
-8.11939
-8.2881
-8.45421
-8.62234
-8.78662
-8.95374
-9.11782
-9.28271
-9.44722
-9.6092
-9.77362
-9.93292
-10.0961
-10.2552
-10.4163
-10.5766
-10.7351
-10.8954
-11.0516
-11.2114
-11.3678
-11.5252
-11.6816
-11.8369
-11.994
-12.1482
-12.3035
-12.4571
-12.611
-12.7648
-12.9175
-13.0708
-13.2229
-13.3753
-13.5269
-13.6782
-13.8292
-13.9802
-14.1302
-14.2805
-14.4302
-14.5793
-14.7288
-14.8774
-15.027
-15.1755
-15.3239
-15.4719
-15.6194
-15.7672
-15.9141
-16.0617
-16.2084
-16.3554
-16.5025
-16.6485
-16.7957
-16.9418
-17.0884
-17.2348
-17.3805
-17.5276
-17.6743
-17.8229
-17.9719
-18.1308
-18.2894
-18.4956
-1.10343
-1.43234
-1.80707
-2.13113
-2.43714
-2.74328
-3.04378
-3.32588
-3.5895
-3.83999
-4.0768
-4.30196
-4.51716
-4.72447
-4.92536
-5.12111
-5.31442
-5.50384
-5.69137
-5.87601
-6.0587
-6.23956
-6.41649
-6.5936
-6.76861
-6.94212
-7.11496
-7.28616
-7.45739
-7.62652
-7.79749
-7.9663
-8.13451
-8.30325
-8.46946
-8.63745
-8.80209
-8.96881
-9.13318
-9.29773
-9.46237
-9.62414
-9.78835
-9.94786
-10.1106
-10.2701
-10.4307
-10.5913
-10.7495
-10.9097
-11.0661
-11.2255
-11.3824
-11.5391
-11.6958
-11.8512
-12.0082
-12.1627
-12.318
-12.4719
-12.6256
-12.7796
-12.9325
-13.0859
-13.238
-13.3905
-13.5422
-13.6936
-13.8447
-13.9957
-14.1458
-14.2962
-14.4459
-14.5951
-14.7447
-14.8933
-15.0429
-15.1914
-15.3398
-15.488
-15.6354
-15.7832
-15.9302
-16.0777
-16.2246
-16.3715
-16.5186
-16.6647
-16.8118
-16.958
-17.1046
-17.2509
-17.3968
-17.5436
-17.6904
-17.839
-17.9876
-18.1464
-18.3023
-18.5004
-1.15348
-1.45166
-1.82433
-2.15139
-2.45577
-2.76095
-3.06105
-3.34321
-3.60703
-3.8577
-4.09476
-4.3203
-4.53573
-4.74334
-4.94439
-5.14035
-5.33364
-5.52313
-5.71075
-5.89524
-6.07807
-6.25852
-6.43598
-6.61272
-6.78795
-6.96158
-7.13415
-7.30597
-7.47651
-7.6463
-7.81666
-7.98563
-8.15386
-8.32216
-8.4889
-8.65609
-8.82143
-8.98735
-9.15203
-9.31657
-9.48101
-9.64321
-9.80713
-9.9674
-10.1295
-10.2898
-10.4499
-10.6108
-10.769
-10.9291
-11.086
-11.245
-11.4026
-11.5588
-11.7158
-11.8711
-12.0281
-12.1828
-12.3377
-12.4919
-12.6454
-12.7995
-12.9521
-13.1054
-13.2578
-13.4099
-13.5619
-13.713
-13.8641
-14.015
-14.1651
-14.3155
-14.4652
-14.6143
-14.7639
-14.9126
-15.0621
-15.2107
-15.359
-15.5072
-15.6546
-15.8023
-15.9495
-16.0969
-16.2438
-16.3907
-16.5377
-16.6841
-16.8308
-16.9773
-17.1238
-17.2699
-17.4162
-17.5626
-17.7096
-17.8581
-18.0065
-18.164
-18.3186
-18.5072
-1.20291
-1.47348
-1.84338
-2.17369
-2.47659
-2.78076
-3.08053
-3.36279
-3.62681
-3.87754
-4.11478
-4.34052
-4.55607
-4.76379
-4.96497
-5.16111
-5.35434
-5.54396
-5.73158
-5.91607
-6.09895
-6.27929
-6.45706
-6.63363
-6.80891
-6.98266
-7.15502
-7.32723
-7.4974
-7.66762
-7.83749
-8.00668
-8.17507
-8.34289
-8.51051
-8.67667
-8.84301
-9.00812
-9.17297
-9.33769
-9.50159
-9.66449
-9.82747
-9.989
-10.1496
-10.3105
-10.4703
-10.6309
-10.7898
-10.949
-11.1068
-11.2649
-11.4231
-11.5789
-11.7359
-11.8915
-12.0482
-12.2035
-12.3578
-12.5124
-12.6657
-12.8197
-12.9727
-13.1258
-13.2785
-13.4304
-13.5824
-13.7336
-13.8847
-14.0356
-14.1859
-14.3361
-14.4859
-14.6351
-14.7846
-14.9334
-15.0828
-15.2315
-15.3798
-15.528
-15.6755
-15.823
-15.9705
-16.1177
-16.2647
-16.4117
-16.5584
-16.7052
-16.8515
-16.9983
-17.1448
-17.2907
-17.4373
-17.5834
-17.7305
-17.8788
-18.0269
-18.1829
-18.3359
-18.5147
-1.24988
-1.49799
-1.86476
-2.19817
-2.49984
-2.80305
-3.10257
-3.38489
-3.64908
-3.89981
-4.13725
-4.36312
-4.57885
-4.78667
-4.98802
-5.18437
-5.37757
-5.56731
-5.75489
-5.93949
-6.12229
-6.30263
-6.48051
-6.65703
-6.8323
-7.00612
-7.17845
-7.35065
-7.52087
-7.69121
-7.86091
-8.03015
-8.19865
-8.36624
-8.53425
-8.69996
-8.86671
-9.03149
-9.19658
-9.36128
-9.52489
-9.68841
-9.85027
-10.0133
-10.1728
-10.334
-10.4939
-10.6537
-10.8136
-10.972
-11.1312
-11.288
-11.4461
-11.6025
-11.7592
-11.9155
-12.0711
-12.2267
-12.3807
-12.5354
-12.6889
-12.8428
-12.996
-13.1488
-13.3016
-13.4533
-13.6055
-13.7567
-13.9079
-14.0587
-14.209
-14.3591
-14.509
-14.6583
-14.8076
-14.9567
-15.1059
-15.2547
-15.403
-15.5511
-15.6986
-15.8461
-15.9937
-16.1408
-16.2879
-16.4349
-16.5815
-16.7284
-16.8746
-17.0215
-17.168
-17.3137
-17.4604
-17.6064
-17.7535
-17.9015
-18.0493
-18.2035
-18.3542
-18.5229
-1.29286
-1.52507
-1.88907
-2.22496
-2.52574
-2.82816
-3.1275
-3.40983
-3.67415
-3.92489
-4.16252
-4.38847
-4.60436
-4.81225
-5.01372
-5.21021
-5.40336
-5.5932
-5.78071
-5.96542
-6.1481
-6.32846
-6.50641
-6.68294
-6.85817
-7.03203
-7.20442
-7.37645
-7.54692
-7.71718
-7.88689
-8.05609
-8.22463
-8.39224
-8.56011
-8.72599
-8.8926
-9.05751
-9.22256
-9.38723
-9.5508
-9.71446
-9.8761
-10.0393
-10.1987
-10.3599
-10.52
-10.6795
-10.8398
-10.9978
-11.1574
-11.314
-11.4718
-11.6288
-11.785
-11.9417
-12.0968
-12.2525
-12.4067
-12.5612
-12.7149
-12.8686
-13.022
-13.1746
-13.3274
-13.479
-13.6311
-13.7824
-13.9338
-14.0844
-14.2348
-14.3848
-14.5344
-14.684
-14.8332
-14.9824
-15.1314
-15.2801
-15.4285
-15.5765
-15.7241
-15.8715
-16.0192
-16.1663
-16.3134
-16.4604
-16.607
-16.754
-16.9001
-17.0471
-17.1935
-17.3392
-17.4859
-17.6318
-17.7788
-17.9265
-18.0739
-18.226
-18.3739
-18.5319
-1.33004
-1.55427
-1.9169
-2.25424
-2.55448
-2.85648
-3.15575
-3.43803
-3.70245
-3.95319
-4.19095
-4.41692
-4.6329
-4.84082
-5.04236
-5.23896
-5.43205
-5.62198
-5.80944
-5.99426
-6.17685
-6.3572
-6.53522
-6.71174
-6.88695
-7.0608
-7.23327
-7.40513
-7.57583
-7.74601
-7.91574
-8.08489
-8.25344
-8.42114
-8.58878
-8.75497
-8.92129
-9.08647
-9.25137
-9.41608
-9.57967
-9.74318
-9.9051
-10.0677
-10.2278
-10.3887
-10.5489
-10.7084
-10.8685
-11.0267
-11.1859
-11.3429
-11.5005
-11.6577
-11.8139
-11.9704
-12.1256
-12.2813
-12.4357
-12.59
-12.7438
-12.8974
-13.0509
-13.2034
-13.3561
-13.508
-13.6598
-13.8113
-13.9627
-14.1132
-14.2636
-14.4137
-14.5631
-14.7128
-14.8621
-15.0113
-15.1602
-15.3089
-15.4571
-15.6052
-15.7526
-15.9004
-16.0477
-16.1948
-16.3421
-16.4888
-16.6356
-16.7825
-16.9286
-17.0756
-17.2218
-17.3677
-17.5141
-17.6601
-17.807
-17.9542
-18.1011
-18.2509
-18.3954
-18.5423
-1.3574
-1.58357
-1.9473
-2.28459
-2.58471
-2.88689
-3.18621
-3.46834
-3.7328
-3.98355
-4.22134
-4.44727
-4.66326
-4.87115
-5.07268
-5.26935
-5.46239
-5.65237
-5.83976
-6.02466
-6.20719
-6.38749
-6.56556
-6.74205
-6.91727
-7.09108
-7.2636
-7.43535
-7.6062
-7.77634
-7.94607
-8.11519
-8.28374
-8.45151
-8.61898
-8.78539
-8.95153
-9.11686
-9.28168
-9.44639
-9.61005
-9.77338
-9.93554
-10.0978
-10.2583
-10.419
-10.5792
-10.7389
-10.8986
-11.0572
-11.216
-11.3734
-11.5308
-11.6879
-11.8443
-12.0006
-12.156
-12.3115
-12.466
-12.6203
-12.7742
-12.9278
-13.0812
-13.2337
-13.3865
-13.5384
-13.6902
-13.8416
-13.9929
-14.1436
-14.2939
-14.444
-14.5935
-14.7431
-14.8924
-15.0415
-15.1905
-15.3391
-15.4874
-15.6355
-15.7829
-15.9307
-16.078
-16.2252
-16.3724
-16.5191
-16.666
-16.8128
-16.959
-17.1058
-17.2521
-17.3981
-17.5444
-17.6904
-17.8371
-17.9839
-18.1301
-18.2776
-18.4188
-18.5555
-1.37219
-1.61022
-1.97735
-2.31305
-2.61349
-2.91644
-3.21593
-3.49783
-3.76228
-4.01303
-4.25076
-4.47658
-4.6925
-4.9003
-5.10176
-5.29844
-5.49141
-5.68141
-5.86874
-6.0537
-6.2362
-6.41641
-6.59453
-6.77099
-6.94622
-7.11997
-7.29254
-7.46421
-7.63514
-7.8053
-7.97499
-8.1441
-8.31263
-8.48048
-8.64783
-8.81436
-8.98043
-9.1458
-9.3106
-9.47529
-9.63901
-9.80218
-9.96452
-10.1265
-10.2873
-10.4479
-10.6082
-10.7679
-10.9274
-11.0862
-11.2448
-11.4024
-11.5598
-11.7168
-11.8733
-12.0295
-12.1849
-12.3403
-12.4949
-12.6492
-12.803
-12.9567
-13.1099
-13.2626
-13.4153
-13.5673
-13.7191
-13.8705
-14.0218
-14.1725
-14.3229
-14.473
-14.6226
-14.7721
-14.9214
-15.0706
-15.2195
-15.3682
-15.5166
-15.6646
-15.8123
-15.9598
-16.1072
-16.2544
-16.4015
-16.5484
-16.6951
-16.8422
-16.9884
-17.1352
-17.2816
-17.4274
-17.5739
-17.7198
-17.8664
-18.0129
-18.1583
-18.3038
-18.4419
-18.5708
-1.3759
-1.63379
-2.00538
-2.3384
-2.63955
-2.94361
-3.24335
-3.52496
-3.78938
-4.04013
-4.27775
-4.5034
-4.7192
-4.92686
-5.12819
-5.32485
-5.51774
-5.70775
-5.89503
-6.08003
-6.2625
-6.44262
-6.62076
-6.79718
-6.97242
-7.14611
-7.31869
-7.49031
-7.66128
-7.83148
-8.00111
-8.17023
-8.33874
-8.50664
-8.67393
-8.84049
-9.00658
-9.17193
-9.33677
-9.50144
-9.6652
-9.8283
-9.99065
-10.1526
-10.3135
-10.474
-10.6343
-10.794
-10.9535
-11.1123
-11.2708
-11.4285
-11.5859
-11.743
-11.8994
-12.0556
-12.2111
-12.3665
-12.5212
-12.6754
-12.8294
-12.983
-13.1362
-13.289
-13.4415
-13.5937
-13.7454
-13.8969
-14.0482
-14.1989
-14.3495
-14.4994
-14.6492
-14.7987
-14.948
-15.0973
-15.2461
-15.3949
-15.5431
-15.6913
-15.839
-15.9864
-16.1339
-16.2809
-16.428
-16.5748
-16.7216
-16.8684
-17.0146
-17.1614
-17.3078
-17.4538
-17.6001
-17.7463
-17.8927
-18.0388
-18.1838
-18.3279
-18.4636
-18.5867
-1.37082
-1.65511
-2.03135
-2.36105
-2.66326
-2.9686
-3.26862
-3.54987
-3.81424
-4.06498
-4.30245
-4.52789
-4.74357
-4.95106
-5.15223
-5.34882
-5.54164
-5.73163
-5.91885
-6.10391
-6.28635
-6.46639
-6.64453
-6.82093
-6.99616
-7.16982
-7.34237
-7.51398
-7.68495
-7.85517
-8.02477
-8.19389
-8.3624
-8.53027
-8.69758
-8.86409
-9.03023
-9.19547
-9.36039
-9.52509
-9.68875
-9.85196
-10.0142
-10.1762
-10.3372
-10.4977
-10.6581
-10.8177
-10.9773
-11.136
-11.2946
-11.4523
-11.6097
-11.767
-11.9233
-12.0797
-12.2351
-12.3905
-12.5454
-12.6995
-12.8536
-13.0071
-13.1604
-13.3132
-13.4656
-13.6178
-13.7694
-13.921
-14.0722
-14.2229
-14.3735
-14.5234
-14.6733
-14.8226
-14.972
-15.1212
-15.2701
-15.4189
-15.5671
-15.7153
-15.863
-16.0105
-16.158
-16.3051
-16.4523
-16.5991
-16.746
-16.893
-17.0393
-17.186
-17.3322
-17.4782
-17.6245
-17.7706
-17.9169
-18.0625
-18.2069
-18.3499
-18.4837
-18.6027
-1.35949
-1.67457
-2.05497
-2.38128
-2.6848
-2.9915
-3.29192
-3.5728
-3.83709
-4.08779
-4.32507
-4.55022
-4.76573
-4.97304
-5.17406
-5.37054
-5.56326
-5.75322
-5.94038
-6.12546
-6.30784
-6.4878
-6.66591
-6.8423
-7.01749
-7.1912
-7.36358
-7.53531
-7.70624
-7.87649
-8.04602
-8.21516
-8.38375
-8.55151
-8.71899
-8.8854
-9.05164
-9.21691
-9.38193
-9.54662
-9.7102
-9.87362
-10.0358
-10.1979
-10.3589
-10.5195
-10.68
-10.8396
-10.9993
-11.1579
-11.3166
-11.4742
-11.6316
-11.7888
-11.9451
-12.1015
-12.2568
-12.4123
-12.5671
-12.7212
-12.8753
-13.0287
-13.1822
-13.3348
-13.4873
-13.6395
-13.7911
-13.9427
-14.0938
-14.2446
-14.3951
-14.545
-14.6949
-14.8442
-14.9936
-15.1427
-15.2916
-15.4403
-15.5885
-15.7367
-15.8842
-16.0317
-16.1791
-16.3261
-16.4732
-16.6199
-16.7665
-16.9133
-17.0597
-17.2064
-17.3527
-17.4989
-17.6451
-17.7913
-17.9375
-18.0834
-18.2277
-18.3699
-18.5024
-18.6184
-1.34396
-1.69255
-2.0762
-2.39945
-2.70435
-3.01229
-3.31317
-3.59371
-3.858
-4.10864
-4.34581
-4.5707
-4.78593
-4.99301
-5.19396
-5.39031
-5.58303
-5.77286
-5.96013
-6.14521
-6.32759
-6.50744
-6.68551
-6.86183
-7.03693
-7.21069
-7.38292
-7.55485
-7.72568
-7.89605
-8.06556
-8.23474
-8.40349
-8.57124
-8.73898
-8.90535
-9.07175
-9.23709
-9.40209
-9.56676
-9.73021
-9.89369
-10.0558
-10.2179
-10.3789
-10.5395
-10.6999
-10.8595
-11.0193
-11.1778
-11.3365
-11.4941
-11.6515
-11.8087
-11.965
-12.1214
-12.2767
-12.4323
-12.587
-12.7412
-12.8953
-13.0487
-13.2021
-13.3548
-13.5073
-13.6595
-13.8112
-13.9627
-14.1138
-14.2647
-14.4152
-14.5652
-14.715
-14.8644
-15.0138
-15.163
-15.3119
-15.4607
-15.6089
-15.7571
-15.9048
-16.0523
-16.1998
-16.3469
-16.4942
-16.641
-16.7879
-16.9348
-17.0812
-17.2278
-17.3741
-17.5202
-17.6663
-17.8123
-17.9583
-18.1034
-18.2472
-18.3883
-18.5198
-18.6338
-1.32522
-1.70925
-2.09526
-2.4163
-2.72253
-3.03137
-3.33247
-3.61251
-3.87678
-4.1272
-4.36404
-4.5892
-4.80395
-5.01065
-5.21139
-5.40752
-5.60014
-5.78979
-5.97713
-6.16205
-6.34447
-6.52435
-6.7026
-6.87907
-7.0543
-7.22823
-7.40055
-7.57272
-7.74352
-7.91402
-8.08347
-8.25251
-8.42123
-8.58885
-8.75659
-8.92283
-9.08921
-9.25447
-9.41941
-9.58406
-9.74747
-9.91093
-10.0729
-10.235
-10.396
-10.5565
-10.7169
-10.8764
-11.0362
-11.1946
-11.3534
-11.5109
-11.6683
-11.8254
-11.9817
-12.138
-12.2933
-12.4488
-12.6034
-12.7577
-12.9116
-13.065
-13.2184
-13.371
-13.5235
-13.6756
-13.8272
-13.9787
-14.1297
-14.2806
-14.431
-14.5809
-14.7306
-14.8799
-15.0293
-15.1783
-15.3272
-15.4759
-15.624
-15.7722
-15.9197
-16.0671
-16.2145
-16.3615
-16.5086
-16.6553
-16.802
-16.9488
-17.0951
-17.2418
-17.3881
-17.5343
-17.6805
-17.8267
-17.973
-18.1186
-18.2628
-18.404
-18.5353
-18.6483
-1.30437
-1.72358
-2.11085
-2.43125
-2.7394
-3.04985
-3.35129
-3.63085
-3.89514
-4.14543
-4.38202
-4.60744
-4.82186
-5.02843
-5.22917
-5.42542
-5.61823
-5.80821
-5.99589
-6.18103
-6.36368
-6.54359
-6.72193
-6.89841
-7.07352
-7.24728
-7.41932
-7.59145
-7.76213
-7.93263
-8.10208
-8.27115
-8.43991
-8.60752
-8.77531
-8.94155
-9.10799
-9.27327
-9.43824
-9.6029
-9.76634
-9.9298
-10.0918
-10.2539
-10.4148
-10.5754
-10.7358
-10.8954
-11.0551
-11.2136
-11.3724
-11.5299
-11.6874
-11.8445
-12.0009
-12.1572
-12.3126
-12.4681
-12.6227
-12.7771
-12.931
-13.0845
-13.2379
-13.3905
-13.5431
-13.6952
-13.8469
-13.9985
-14.1496
-14.3004
-14.4509
-14.6009
-14.7507
-14.9001
-15.0495
-15.1986
-15.3475
-15.4962
-15.6445
-15.7927
-15.9403
-16.0878
-16.2353
-16.3823
-16.5295
-16.6763
-16.8231
-16.9699
-17.1164
-17.263
-17.4092
-17.5554
-17.7014
-17.8475
-17.9934
-18.1385
-18.2822
-18.4224
-18.5528
-18.6642
-1.28976
-1.73816
-2.12309
-2.44079
-2.74976
-3.06199
-3.36394
-3.64296
-3.90743
-4.15771
-4.39419
-4.61922
-4.83346
-5.03991
-5.24055
-5.43668
-5.62938
-5.81923
-6.00679
-6.19175
-6.3741
-6.5536
-6.73173
-6.90801
-7.08299
-7.25664
-7.42848
-7.6005
-7.77109
-7.94152
-8.11089
-8.27986
-8.44854
-8.61607
-8.78378
-8.94995
-9.11631
-9.28152
-9.44642
-9.61102
-9.7744
-9.93781
-10.0997
-10.2618
-10.4227
-10.5833
-10.7436
-10.9031
-11.0628
-11.2213
-11.38
-11.5375
-11.6949
-11.8519
-12.0083
-12.1646
-12.3199
-12.4753
-12.6299
-12.7842
-12.9382
-13.0916
-13.2449
-13.3975
-13.5501
-13.7021
-13.8538
-14.0053
-14.1563
-14.3072
-14.4576
-14.6075
-14.7573
-14.9066
-15.0559
-15.205
-15.3539
-15.5026
-15.6508
-15.7989
-15.9465
-16.0939
-16.2414
-16.3884
-16.5355
-16.6823
-16.8291
-16.9758
-17.1223
-17.2688
-17.4151
-17.5614
-17.7074
-17.8536
-17.9997
-18.1451
-18.2891
-18.4296
-18.5604
-18.6722
-1.25929
-1.75299
-2.1467
-2.46495
-2.77411
-3.08685
-3.38956
-3.66761
-3.9324
-4.18279
-4.41916
-4.64401
-4.85804
-5.0642
-5.26457
-5.46047
-5.65299
-5.84269
-6.03016
-6.21504
-6.39743
-6.57697
-6.75508
-6.93135
-7.10626
-7.27991
-7.45174
-7.62373
-7.79427
-7.96465
-8.13401
-8.30296
-8.47162
-8.63916
-8.80685
-8.97304
-9.13938
-9.30461
-9.46951
-9.6341
-9.7975
-9.96089
-10.1228
-10.2849
-10.4458
-10.6064
-10.7667
-10.9263
-11.0859
-11.2444
-11.4031
-11.5606
-11.7181
-11.8751
-12.0315
-12.1877
-12.3431
-12.4985
-12.6531
-12.8075
-12.9613
-13.1148
-13.2682
-13.4208
-13.5733
-13.7254
-13.8771
-14.0285
-14.1796
-14.3304
-14.4809
-14.6308
-14.7806
-14.9299
-15.0793
-15.2284
-15.3772
-15.526
-15.6742
-15.8223
-15.9699
-16.1174
-16.2648
-16.4118
-16.559
-16.7057
-16.8526
-16.9993
-17.1458
-17.2923
-17.4386
-17.5849
-17.7309
-17.877
-18.0231
-18.1684
-18.3122
-18.4525
-18.5831
-18.6945
-18.4651
-18.8072
-19.4835
-19.5834
-19.0155
-17.9327
-16.4848
-14.8079
-13.0723
-11.3732
-9.8029
-8.40151
-7.19223
-6.15731
-5.26074
-4.46207
-3.72992
-3.04759
-2.41048
-1.83327
-1.32509
-0.898122
-0.577821
-0.347756
-0.182756
-0.0727571
0.00433626
0.0637151
0.111484
0.142149
0.152163
0.121391
0.0690532
0.0176948
-0.0272152
-0.00348871
0.114461
0.347066
0.554889
0.637914
0.654175
0.681129
0.721808
0.769931
0.813925
0.872724
0.933509
0.991381
1.03461
1.05852
1.07156
1.08566
1.11634
1.15918
1.20784
1.2484
1.27669
1.29583
1.30437
1.30338
1.29468
1.28002
1.26099
1.23874
1.21405
1.18758
1.15954
1.13039
1.1002
1.06871
1.03591
1.00262
0.969175
0.935111
0.901739
0.869059
0.837188
0.804581
0.771455
0.738854
0.706171
0.673445
0.64067
0.60785
0.575029
0.54216
0.509257
0.476322
0.443355
0.410316
0.377173
0.343883
0.310335
0.276367
0.241635
0.205798
0.167655
0.127189
0.0796184
0.0329886
-18.514
-18.7295
-19.3782
-19.4938
-18.9394
-17.8763
-16.45
-14.7923
-13.0722
-11.3842
-9.82137
-8.42314
-7.2146
-6.17872
-5.27932
-4.47849
-3.74567
-3.06407
-2.42965
-1.85605
-1.35238
-0.930511
-0.612947
-0.381987
-0.215953
-0.103017
-0.0202207
0.0395024
0.0877723
0.117194
0.117726
0.0723869
0.0078238
-0.0505542
-0.100748
-0.0759588
0.0546197
0.315102
0.547842
0.64486
0.66724
0.696371
0.732707
0.774826
0.812924
0.866001
0.922126
0.976136
1.01496
1.03646
1.04833
1.0639
1.09749
1.14214
1.19263
1.23451
1.26345
1.28291
1.29149
1.2904
1.28163
1.26698
1.24802
1.22585
1.20121
1.17474
1.14671
1.11756
1.08729
1.05571
1.02293
0.989716
0.956307
0.92238
0.889135
0.856378
0.82434
0.791854
0.758793
0.72614
0.693463
0.660719
0.627926
0.595091
0.56227
0.5294
0.496501
0.463573
0.430621
0.397607
0.36451
0.331299
0.297883
0.264135
0.22978
0.194546
0.157473
0.118528
0.073876
0.0298294
-18.5062
-18.7306
-19.3057
-19.4025
-18.8543
-17.8079
-16.4035
-14.7674
-13.0661
-11.3932
-9.83991
-8.44621
-7.23885
-6.20382
-5.29993
-4.4956
-3.76165
-3.08059
-2.44936
-1.88089
-1.3832
-0.96835
-0.653284
-0.421247
-0.254926
-0.137958
-0.048497
0.0127397
0.0607451
0.0895876
0.0800438
0.0167605
-0.062096
-0.127672
-0.184693
-0.160054
-0.0146937
0.279472
0.541179
0.654644
0.68499
0.71659
0.747557
0.781987
0.813894
0.859649
0.910369
0.958913
0.9925
1.01143
1.02194
1.03996
1.07624
1.12304
1.17575
1.21926
1.24899
1.26877
1.27734
1.27612
1.26726
1.25261
1.23372
1.21162
1.18702
1.16053
1.13252
1.10337
1.07304
1.04138
1.00859
0.975391
0.942003
0.9083
0.875221
0.842447
0.810133
0.777628
0.744772
0.712071
0.679376
0.646624
0.613815
0.580966
0.548144
0.515273
0.482377
0.449459
0.416522
0.383536
0.350492
0.317368
0.2841
0.250598
0.216663
0.182105
0.146223
0.108981
0.0675603
0.0263887
-18.5362
-18.7432
-19.2451
-19.3195
-18.7679
-17.7335
-16.3493
-14.7374
-13.0564
-11.4007
-9.8584
-8.47081
-7.26462
-6.22963
-5.32168
-4.51211
-3.77679
-3.09642
-2.46943
-1.90807
-1.41807
-1.01296
-0.700167
-0.466604
-0.299335
-0.17613
-0.0815477
-0.0153321
0.0322641
0.0582087
0.0386143
-0.0440587
-0.139729
-0.212866
-0.278064
-0.253202
-0.0974596
0.238534
0.536274
0.668066
0.709131
0.742912
0.767484
0.791992
0.816478
0.853862
0.898435
0.939683
0.96683
0.982852
0.992313
1.01349
1.05244
1.10179
1.15709
1.20258
1.23328
1.25335
1.26185
1.26043
1.25144
1.23676
1.21791
1.19589
1.17133
1.14484
1.11683
1.08767
1.05729
1.02556
0.992753
0.959535
0.926129
0.892689
0.859791
0.827052
0.794471
0.761825
0.729239
0.69651
0.663769
0.631014
0.59819
0.565325
0.532505
0.499632
0.46674
0.433831
0.400912
0.367958
0.334972
0.301946
0.268843
0.235615
0.202149
0.168345
0.133787
0.0984487
0.0606015
0.0226386
-18.5565
-18.7471
-19.1833
-19.2348
-18.6831
-17.6597
-16.2926
-14.7064
-13.0465
-11.4099
-9.87971
-8.49918
-7.29401
-6.25539
-5.34385
-4.52748
-3.79045
-3.11174
-2.49097
-1.93856
-1.45739
-1.06311
-0.754487
-0.519207
-0.345966
-0.216915
-0.117494
-0.0455315
0.00241204
0.0232069
-0.00695919
-0.108734
-0.223155
-0.303683
-0.377025
-0.350435
-0.184643
0.181697
0.533083
0.687132
0.74231
0.776338
0.793787
0.805617
0.820391
0.848688
0.886381
0.918547
0.937778
0.950058
0.959542
0.983994
1.0259
1.0783
1.1366
1.18448
1.21633
1.23658
1.24492
1.24323
1.23404
1.21928
1.20045
1.17851
1.15398
1.12748
1.09947
1.0703
1.03987
1.00808
0.975252
0.942014
0.908575
0.875341
0.842656
0.809951
0.777072
0.744471
0.712046
0.679274
0.646511
0.613738
0.580894
0.54801
0.515191
0.482316
0.449427
0.41653
0.38363
0.350711
0.31779
0.284872
0.251952
0.219029
0.186085
0.153119
0.120032
0.0868143
0.0529166
0.0185366
-18.5747
-18.7487
-19.1174
-19.1411
-18.5911
-17.5799
-16.2348
-14.6765
-13.0393
-11.4229
-9.90597
-8.53303
-7.32863
-6.28395
-5.36604
-4.5429
-3.80186
-3.12555
-2.51307
-1.96908
-1.49827
-1.11358
-0.810782
-0.577408
-0.397298
-0.261537
-0.155575
-0.0785431
-0.0293362
-0.0151014
-0.0565145
-0.17489
-0.308734
-0.398342
-0.477402
-0.451894
-0.259246
0.111365
0.522342
0.712863
0.788198
0.81807
0.827566
0.823597
0.825723
0.84379
0.874006
0.896519
0.905634
0.913081
0.923458
0.951336
0.996678
1.05256
1.11441
1.16503
1.19814
1.21842
1.22643
1.22435
1.2149
1.2
1.18117
1.15928
1.13479
1.10827
1.08027
1.05108
1.0206
0.98876
0.955908
0.922657
0.889201
0.856051
0.823647
0.790889
0.757886
0.725347
0.692957
0.660196
0.627422
0.594619
0.561746
0.528835
0.496021
0.463143
0.430258
0.397373
0.364493
0.331614
0.298765
0.265967
0.23325
0.200664
0.168297
0.13626
0.1048
0.0739373
0.0444051
0.0140196
-18.5908
-18.7464
-19.0468
-19.0383
-18.4895
-17.4915
-16.1703
-14.6422
-13.0318
-11.4386
-9.93717
-8.57285
-7.36889
-6.31543
-5.38702
-4.55617
-3.80904
-3.13278
-2.52701
-1.99206
-1.53795
-1.16719
-0.871471
-0.639549
-0.454211
-0.309368
-0.197777
-0.115889
-0.0639552
-0.0559438
-0.109322
-0.241357
-0.392608
-0.494869
-0.576428
-0.554088
-0.329311
0.053865
0.500572
0.741437
0.846993
0.871955
0.869389
0.846457
0.832854
0.839661
0.86245
0.873197
0.870358
0.872133
0.883746
0.915727
0.965181
1.02491
1.0905
1.14413
1.1786
1.19876
1.20623
1.20363
1.19382
1.17873
1.15986
1.13802
1.11356
1.08702
1.059
1.0298
0.999272
0.967387
0.934517
0.901268
0.86783
0.834677
0.802547
0.76972
0.736726
0.704161
0.6718
0.639096
0.606291
0.573456
0.540556
0.50762
0.474808
0.441923
0.409041
0.376168
0.343308
0.310473
0.277704
0.245037
0.212543
0.180329
0.148596
0.117583
0.0879169
0.0596522
0.0349483
0.00899791
-18.605
-18.7398
-18.9724
-18.9279
-18.3799
-17.3963
-16.0999
-14.6027
-13.0212
-11.4525
-9.96843
-8.61361
-7.40948
-6.34412
-5.40149
-4.56028
-3.80722
-3.1337
-2.53753
-2.0162
-1.58059
-1.22547
-0.938422
-0.705845
-0.514136
-0.360041
-0.243207
-0.157318
-0.104107
-0.100843
-0.164567
-0.307063
-0.472615
-0.59043
-0.671813
-0.648371
-0.406532
0.0115591
0.478498
0.778106
0.916521
0.940937
0.918841
0.874123
0.842999
0.838341
0.850922
0.845794
0.831736
0.828276
0.841563
0.877499
0.931903
0.99572
1.06505
1.12165
1.15756
1.1775
1.18416
1.18091
1.17065
1.15529
1.13632
1.1145
1.09005
1.06348
1.03546
1.00624
0.975674
0.943744
0.910858
0.877617
0.84422
0.811077
0.779047
0.746293
0.713293
0.680675
0.648359
0.615711
0.582865
0.549995
0.517064
0.48409
0.451303
0.418415
0.385539
0.35268
0.319841
0.287053
0.254372
0.221849
0.189599
0.15779
0.126752
0.0968566
0.0691606
0.0437416
0.0243891
0.0033278
-18.6181
-18.7303
-18.8957
-18.8115
-18.2629
-17.2947
-16.0244
-14.5568
-13.004
-11.4599
-9.99373
-8.64897
-7.44416
-6.369
-5.41333
-4.56187
-3.8035
-3.13444
-2.5505
-2.04645
-1.62731
-1.28532
-1.0059
-0.773872
-0.577262
-0.415273
-0.292258
-0.203145
-0.150411
-0.150042
-0.220908
-0.370374
-0.547909
-0.682818
-0.760283
-0.728586
-0.481877
-0.0283034
0.463601
0.827247
0.996057
1.02212
0.97522
0.905907
0.85702
0.840643
0.835411
0.814246
0.791007
0.783571
0.798357
0.837665
0.896566
0.964657
1.03825
1.0976
1.13474
1.15449
1.16009
1.15597
1.14516
1.12948
1.11039
1.08854
1.06402
1.03739
1.00936
0.980158
0.949551
0.91759
0.884718
0.851522
0.818189
0.785093
0.75293
0.720357
0.687391
0.654728
0.62244
0.589855
0.556975
0.524075
0.491109
0.458334
0.425313
0.392415
0.359546
0.326701
0.293888
0.261146
0.228558
0.19619
0.164202
0.13283
0.102542
0.0738536
0.0483066
0.0259685
0.012567
-0.0031786
-18.6301
-18.7184
-18.8184
-18.6908
-18.1391
-17.1864
-15.942
-14.5069
-12.9862
-11.469
-10.0214
-8.68641
-7.47956
-6.39509
-5.42677
-4.56502
-3.80196
-3.13627
-2.56333
-2.07707
-1.67603
-1.3486
-1.07618
-0.843791
-0.64185
-0.473144
-0.344906
-0.253814
-0.201541
-0.203124
-0.279457
-0.433659
-0.618133
-0.76696
-0.837108
-0.791445
-0.5379
-0.0635243
0.456509
0.876428
1.0816
1.10709
1.03656
0.941845
0.873347
0.840317
0.814231
0.781166
0.749898
0.739258
0.755603
0.798696
0.860873
0.931235
1.00833
1.07127
1.10956
1.12918
1.1339
1.12879
1.11724
1.10109
1.08175
1.05975
1.03519
1.00856
0.980497
0.951261
0.920635
0.888606
0.855663
0.822528
0.789285
0.75637
0.723885
0.691521
0.658639
0.625927
0.593624
0.561079
0.528172
0.495249
0.462252
0.429426
0.396463
0.363562
0.330703
0.297874
0.265096
0.232405
0.199918
0.167717
0.136013
0.105108
0.0756269
0.0482254
0.0250092
0.0059537
-0.000787161
-0.0108818
-18.6415
-18.7069
-18.7499
-18.5809
-18.0245
-17.0868
-15.8663
-14.4634
-12.9736
-11.4817
-10.0513
-8.72424
-7.515
-6.41992
-5.43901
-4.5679
-3.80115
-3.13989
-2.57868
-2.10866
-1.72351
-1.40897
-1.14294
-0.909959
-0.70366
-0.530434
-0.399036
-0.306876
-0.25503
-0.259882
-0.340294
-0.495091
-0.680692
-0.834829
-0.894979
-0.8325
-0.566535
-0.0846955
0.459351
0.913839
1.15332
1.17975
1.09255
0.975875
0.882776
0.832291
0.791127
0.748938
0.711852
0.698833
0.717227
0.76517
0.828619
0.900142
0.976827
1.0419
1.08259
1.1018
1.10598
1.10023
1.08809
1.07155
1.05196
1.02973
1.00507
0.978353
0.9502
0.920854
0.890276
0.858432
0.825448
0.792366
0.759216
0.726307
0.693644
0.661389
0.628627
0.595904
0.563583
0.531043
0.498113
0.46515
0.432203
0.399214
0.366259
0.333348
0.300493
0.267677
0.234928
0.202288
0.169892
0.137847
0.106418
0.0759682
0.047283
0.0211458
0.000295339
-0.0155433
-0.0151683
-0.019812
-18.6529
-18.6996
-18.6993
-18.4965
-17.9353
-17.0102
-15.8096
-14.4308
-12.9644
-11.4922
-10.0756
-8.75479
-7.54322
-6.43989
-5.44972
-4.5719
-3.80332
-3.14669
-2.59522
-2.13786
-1.76591
-1.46178
-1.20015
-0.966193
-0.757874
-0.582684
-0.449753
-0.357707
-0.308213
-0.316342
-0.397652
-0.548748
-0.73143
-0.87911
-0.933205
-0.854467
-0.574794
-0.0891303
0.466963
0.936605
1.19597
1.22461
1.12737
0.997119
0.882443
0.819327
0.768417
0.720136
0.680206
0.665896
0.685409
0.735358
0.799532
0.872291
0.948507
1.01409
1.0567
1.07561
1.0791
1.07278
1.06018
1.04336
1.02356
1.0012
0.976522
0.949821
0.921578
0.89208
0.861353
0.829232
0.796242
0.76328
0.730242
0.697248
0.664635
0.632382
0.599701
0.566952
0.534585
0.50205
0.469163
0.436143
0.403249
0.370285
0.337322
0.304437
0.271573
0.238795
0.206065
0.173488
0.141181
0.109286
0.0781136
0.048078
0.0201092
-0.00491867
-0.0236106
-0.0366904
-0.0294518
-0.0294966
-18.6645
-18.6972
-18.6659
-18.4378
-17.8723
-16.9561
-15.77
-14.4085
-12.9597
-11.5026
-10.097
-8.78105
-7.56753
-6.45823
-5.46135
-4.57835
-3.80851
-3.15593
-2.61208
-2.16439
-1.80317
-1.50647
-1.24757
-1.01326
-0.804982
-0.629187
-0.495295
-0.404603
-0.35767
-0.366557
-0.445754
-0.592587
-0.771726
-0.915753
-0.958935
-0.866435
-0.575077
-0.0853977
0.472751
0.945375
1.21256
1.2443
1.1426
1.00544
0.878534
0.80418
0.746543
0.694637
0.653785
0.638909
0.659181
0.710086
0.772982
0.847149
0.924252
0.990071
1.03264
1.05159
1.05459
1.0478
1.03478
1.0177
0.99774
0.975407
0.950827
0.924276
0.896111
0.866778
0.836196
0.804003
0.771047
0.737973
0.704781
0.671798
0.639121
0.606781
0.574203
0.541434
0.508978
0.476382
0.443426
0.410389
0.377389
0.344456
0.311453
0.27859
0.2457
0.212947
0.180226
0.147669
0.115423
0.0836149
0.0526171
0.0228815
-0.00453288
-0.0286987
-0.0455954
-0.0565665
-0.0432318
-0.039654
-18.6767
-18.6991
-18.6461
-18.3995
-17.8303
-16.9207
-15.7452
-14.3964
-12.9607
-11.5149
-10.1175
-8.80495
-7.58972
-6.47611
-5.47429
-4.58743
-3.81692
-3.16794
-2.63011
-2.18974
-1.8367
-1.54494
-1.2878
-1.05402
-0.84644
-0.67068
-0.536337
-0.446723
-0.400436
-0.408254
-0.485293
-0.629046
-0.805166
-0.944786
-0.97799
-0.874112
-0.573181
-0.080058
0.476285
0.946489
1.21627
1.25224
1.14807
1.00539
0.873254
0.787766
0.725045
0.670884
0.630181
0.615695
0.636719
0.687295
0.749708
0.825462
0.902327
0.967786
1.01037
1.02935
1.03203
1.02501
1.01181
0.994674
0.974665
0.952285
0.927556
0.900827
0.872425
0.842836
0.812011
0.779761
0.746715
0.713622
0.680503
0.647501
0.614795
0.582426
0.549778
0.517101
0.484703
0.452243
0.419373
0.38644
0.35344
0.320539
0.28755
0.254701
0.221827
0.1891
0.15642
0.123898
0.0917463
0.0600669
0.0292744
-0.000154232
-0.0270745
-0.0505421
-0.0659348
-0.0754958
-0.0567743
-0.0503469
-18.6895
-18.7046
-18.6363
-18.3765
-17.8047
-16.9001
-15.7324
-14.393
-12.9669
-11.5295
-10.1382
-8.82791
-7.61116
-6.49427
-5.48869
-4.59895
-3.82811
-3.1823
-2.64916
-2.21423
-1.86682
-1.57834
-1.32277
-1.09001
-0.882681
-0.707017
-0.572134
-0.482123
-0.435337
-0.442171
-0.518645
-0.660632
-0.83393
-0.969173
-0.993642
-0.879683
-0.570071
-0.0733633
0.481952
0.948935
1.21959
1.25717
1.14878
1.00036
0.866143
0.770543
0.703761
0.64833
0.608234
0.594799
0.616922
0.666074
0.729787
0.806025
0.882484
0.947669
0.990205
1.00901
1.01149
1.00436
0.991175
0.974185
0.954397
0.932277
0.907841
0.881333
0.853083
0.82358
0.79281
0.760602
0.727487
0.694251
0.660967
0.627932
0.59514
0.562779
0.530077
0.497353
0.464767
0.432101
0.399114
0.366072
0.333053
0.300108
0.26713
0.234255
0.201382
0.168647
0.13594
0.103428
0.0712467
0.0395615
0.00877188
-0.0205771
-0.0472924
-0.0703648
-0.0846446
-0.0934885
-0.0701368
-0.0614802
-18.7028
-18.7128
-18.6341
-18.3653
-17.7919
-16.8911
-15.7292
-14.3967
-12.9775
-11.5462
-10.1593
-8.85045
-7.6323
-6.51283
-5.50437
-4.61257
-3.84167
-3.19871
-2.66922
-2.23813
-1.89453
-1.60812
-1.35384
-1.12193
-0.913917
-0.737362
-0.601779
-0.510714
-0.463427
-0.46997
-0.547171
-0.688342
-0.859278
-0.990097
-1.00763
-0.884125
-0.565837
-0.0641713
0.492037
0.957009
1.22597
1.26071
1.14637
0.993554
0.856242
0.752613
0.682933
0.627197
0.588006
0.575825
0.598759
0.646607
0.712405
0.788856
0.865092
0.929925
0.972218
0.990755
0.992984
0.985491
0.971924
0.954432
0.934192
0.911609
0.886674
0.859874
0.831354
0.801621
0.770654
0.738288
0.705181
0.671926
0.638758
0.605754
0.573048
0.540758
0.508235
0.475688
0.443285
0.410786
0.378035
0.345052
0.312115
0.279159
0.24622
0.21334
0.180505
0.147777
0.115114
0.0826839
0.0505919
0.0190785
-0.0114682
-0.0404801
-0.0666903
-0.0892225
-0.102365
-0.110717
-0.0835008
-0.0729413
-18.7161
-18.723
-18.6375
-18.363
-17.7889
-16.8911
-15.7335
-14.4059
-12.9915
-11.5644
-10.1808
-8.87289
-7.65362
-6.53219
-5.52163
-4.62845
-3.85776
-3.21737
-2.69069
-2.26195
-1.92094
-1.63569
-1.38167
-1.14971
-0.940665
-0.762134
-0.625477
-0.533856
-0.486287
-0.491573
-0.571681
-0.712945
-0.882156
-1.00774
-1.02057
-0.887525
-0.559924
-0.0516787
0.507139
0.970925
1.23505
1.26302
1.14182
0.986917
0.842594
0.734073
0.662804
0.607444
0.569541
0.55918
0.584482
0.629865
0.697074
0.773736
0.84982
0.914314
0.956451
0.975112
0.977634
0.970605
0.957554
0.940656
0.920882
0.898645
0.874155
0.847346
0.818905
0.789201
0.758262
0.725947
0.692807
0.659501
0.626216
0.593157
0.560358
0.527891
0.495152
0.462372
0.429804
0.39713
0.364226
0.331144
0.298172
0.265195
0.232245
0.199359
0.1665
0.133772
0.101057
0.0686013
0.0364146
0.00482114
-0.0259041
-0.0550843
-0.0815508
-0.104195
-0.117264
-0.125838
-0.0961291
-0.0844413
-18.7308
-18.7354
-18.6454
-18.3673
-17.7932
-16.8976
-15.743
-14.4186
-13.0074
-11.5832
-10.2017
-8.89443
-7.67435
-6.55159
-5.53967
-4.64578
-3.87559
-3.2375
-2.71286
-2.28491
-1.94504
-1.66034
-1.40591
-1.17341
-0.964204
-0.785098
-0.646398
-0.553915
-0.506347
-0.518245
-0.593908
-0.73483
-0.902695
-1.03007
-1.03199
-0.889518
-0.552206
-0.0359641
0.526835
0.988963
1.24543
1.26347
1.13284
0.979416
0.82729
0.715787
0.64387
0.588696
0.551296
0.540813
0.564048
0.612962
0.681283
0.758166
0.833947
0.897802
0.939096
0.956944
0.958589
0.950439
0.936801
0.919228
0.898999
0.876493
0.851717
0.824848
0.796347
0.766596
0.735605
0.703256
0.670115
0.636823
0.603624
0.570627
0.537926
0.505569
0.47305
0.440428
0.407986
0.375408
0.342647
0.309626
0.276692
0.243719
0.21079
0.177902
0.145075
0.112336
0.0796949
0.0472638
0.0152008
-0.0162777
-0.0467406
-0.0756328
-0.101508
-0.123712
-0.13561
-0.143886
-0.111371
-0.0984004
-18.7391
-18.7434
-18.6523
-18.3735
-17.8003
-16.907
-15.7548
-14.4327
-13.0235
-11.6009
-10.2206
-8.91334
-7.69254
-6.56896
-5.55651
-4.66273
-3.89342
-3.25724
-2.7337
-2.30481
-1.96379
-1.678
-1.42179
-1.18698
-0.974844
-0.794065
-0.655623
-0.563563
-0.516368
-0.524525
-0.605139
-0.748016
-0.91542
-1.03384
-1.03907
-0.890205
-0.544908
-0.0210286
0.545708
1.00525
1.2537
1.26405
1.12858
0.971604
0.815863
0.703305
0.632308
0.578543
0.542433
0.533896
0.558848
0.606669
0.674727
0.751426
0.82702
0.890745
0.93219
0.950413
0.952467
0.94517
0.931516
0.914252
0.894172
0.871724
0.847023
0.820158
0.791653
0.761898
0.730892
0.698545
0.665395
0.632093
0.598828
0.565782
0.533023
0.500595
0.467954
0.43524
0.40273
0.370095
0.337262
0.304197
0.271248
0.238268
0.205331
0.172443
0.139601
0.106865
0.0741904
0.0417401
0.00961835
-0.0219288
-0.0525191
-0.0815687
-0.107724
-0.130152
-0.142494
-0.151205
-0.118577
-0.102623
-18.7611
-18.765
-18.6733
-18.3947
-17.823
-16.9316
-15.7811
-14.4606
-13.0523
-11.6305
-10.2505
-8.94285
-7.72158
-6.59773
-5.58556
-4.69236
-3.92365
-3.28829
-2.76475
-2.33415
-1.99118
-1.70389
-1.44634
-1.21052
-0.998306
-0.816865
-0.677695
-0.585447
-0.53866
-0.549788
-0.630667
-0.773282
-0.939608
-1.05929
-1.05744
-0.902437
-0.549984
-0.0201766
0.548349
1.0036
1.24399
1.24261
1.10805
0.948398
0.792181
0.679285
0.608846
0.55556
0.51988
0.511522
0.535409
0.584331
0.652879
0.729783
0.805279
0.868734
0.909848
0.927565
0.929345
0.921622
0.907921
0.890528
0.870386
0.847902
0.823166
0.796288
0.767773
0.738012
0.706994
0.67464
0.641487
0.60817
0.574935
0.541897
0.509159
0.476733
0.444139
0.411451
0.378961
0.346338
0.31353
0.280486
0.247538
0.214562
0.18163
0.148738
0.115908
0.0831619
0.0505129
0.018055
-0.0140287
-0.0455565
-0.0760854
-0.105071
-0.131078
-0.153453
-0.165467
-0.174162
-0.140819
-0.131024
-18.7073
-18.6998
-18.7409
-18.7315
-18.7138
-18.6894
-18.6595
-18.6268
-18.595
-18.5658
-18.54
-18.518
-18.5006
-18.4906
-18.4898
-18.4839
-19.2736
-19.2486
-19.2541
-19.2636
-19.2532
-19.2277
-19.1965
-19.1641
-19.1326
-19.1039
-19.0791
-19.0591
-19.0437
-19.0321
-19.0246
-19.0098
-19.6633
-19.7309
-19.8139
-19.8431
-19.8395
-19.8181
-19.788
-19.7563
-19.7267
-19.701
-19.68
-19.6643
-19.6543
-19.6495
-19.6449
-19.633
-19.7079
-19.7964
-19.842
-19.8634
-19.8681
-19.8547
-19.8289
-19.7991
-19.7704
-19.7455
-19.7253
-19.7098
-19.6991
-19.6927
-19.6878
-19.6747
-19.1121
-19.1713
-19.2051
-19.2314
-19.2402
-19.2315
-19.2115
-19.1857
-19.1592
-19.1335
-19.1096
-19.088
-19.0694
-19.0545
-19.0435
-19.0245
-17.9989
-18.0431
-18.0767
-18.1024
-18.1124
-18.1071
-18.0893
-18.0643
-18.0369
-18.009
-17.9816
-17.9551
-17.93
-17.9075
-17.8892
-17.8651
-16.5234
-16.5532
-16.5784
-16.5973
-16.6054
-16.601
-16.5844
-16.5601
-16.5324
-16.5025
-16.4707
-16.4372
-16.4027
-16.3691
-16.3391
-16.309
-14.8232
-14.8391
-14.8531
-14.8631
-14.8668
-14.861
-14.8439
-14.8192
-14.7902
-14.758
-14.7225
-14.6838
-14.6426
-14.6012
-14.5639
-14.5299
-13.0697
-13.0697
-13.0717
-13.0737
-13.0735
-13.0659
-13.0478
-13.0221
-12.9923
-12.9585
-12.9206
-12.8783
-12.8326
-12.786
-12.7438
-12.7068
-11.3573
-11.343
-11.3341
-11.329
-11.3246
-11.314
-11.2939
-11.2674
-11.237
-11.2025
-11.1634
-11.1197
-11.0721
-11.0234
-10.9793
-10.9412
-9.7777
-9.75342
-9.7373
-9.72751
-9.71983
-9.70646
-9.68463
-9.6576
-9.62699
-9.59239
-9.55326
-9.50954
-9.46202
-9.41347
-9.36943
-9.33141
-8.37201
-8.3419
-8.32078
-8.30695
-8.29545
-8.2786
-8.25467
-8.2268
-8.19596
-8.16156
-8.12309
-8.08045
-8.0344
-7.98755
-7.94504
-7.90799
-7.1617
-7.12937
-7.10526
-7.08787
-7.07218
-7.05129
-7.02474
-6.99554
-6.9641
-6.92971
-6.89188
-6.85053
-6.80631
-6.76163
-6.72109
-6.68528
-6.12826
-6.09566
-6.06945
-6.04835
-6.02721
-6.00115
-5.97138
-5.94029
-5.90767
-5.8728
-5.83522
-5.7948
-5.75211
-5.70934
-5.6706
-5.63586
-5.23444
-5.20266
-5.17508
-5.15061
-5.12437
-5.09386
-5.06136
-5.02831
-4.99429
-4.95862
-4.92084
-4.88076
-4.83887
-4.79721
-4.7596
-4.72567
-4.43787
-4.40616
-4.37658
-4.34862
-4.31856
-4.28504
-4.25032
-4.21547
-4.18005
-4.1434
-4.10505
-4.06476
-4.02294
-3.98159
-3.94445
-3.91088
-3.70619
-3.6733
-3.64128
-3.6101
-3.57709
-3.54147
-3.50512
-3.46894
-3.43248
-3.39505
-3.35614
-3.31543
-3.27332
-3.2318
-3.19464
-3.16111
-3.02254
-2.98707
-2.95207
-2.91797
-2.8827
-2.84558
-2.80815
-2.77114
-2.73403
-2.69608
-2.65669
-2.61552
-2.57293
-2.53097
-2.49354
-2.45989
-2.38181
-2.34231
-2.30431
-2.26821
-2.23183
-2.1942
-2.15655
-2.11948
-2.08235
-2.04437
-2.00487
-1.96348
-1.9206
-1.87834
-1.84077
-1.80712
-1.80019
-1.75634
-1.71534
-1.67743
-1.64019
-1.60231
-1.56476
-1.52798
-1.49122
-1.45356
-1.4143
-1.37308
-1.33032
-1.28822
-1.25093
-1.2176
-1.28599
-1.23614
-1.19198
-1.1533
-1.11641
-1.07932
-1.04292
-1.00741
-0.971841
-0.935232
-0.896892
-0.856516
-0.814626
-0.773522
-0.737288
-0.704416
-0.852542
-0.797741
-0.752322
-0.714355
-0.678387
-0.642358
-0.607377
-0.573331
-0.539161
-0.503919
-0.46699
-0.42816
-0.388037
-0.348937
-0.314626
-0.282517
-0.528705
-0.471468
-0.425091
-0.386451
-0.349627
-0.313184
-0.278468
-0.245036
-0.211747
-0.177683
-0.142272
-0.105335
-0.0674906
-0.0309484
0.000941731
0.0316488
-0.299734
-0.243077
-0.196585
-0.15654
-0.118274
-0.081811
-0.0479121
-0.0155246
0.016568
0.0492147
0.0829145
0.117785
0.153202
0.18709
0.216509
0.245586
-0.136776
-0.0830552
-0.0390552
6.04115e-05
0.0374643
0.0722926
0.104709
0.13589
0.16684
0.198208
0.230363
0.263349
0.296549
0.328028
0.35521
0.382862
-0.031177
0.016831
0.0573284
0.0947619
0.130936
0.164856
0.196789
0.227639
0.258156
0.288849
0.320013
0.351675
0.383255
0.412943
0.438422
0.46505
0.0394105
0.0819094
0.119947
0.156497
0.191947
0.225251
0.256771
0.287296
0.317454
0.347662
0.378157
0.408938
0.43944
0.467934
0.492259
0.518216
0.0978488
0.137914
0.174895
0.211087
0.245723
0.27831
0.30945
0.339761
0.369686
0.39953
0.42948
0.459534
0.489169
0.51675
0.540247
0.565766
0.144685
0.185341
0.224081
0.261569
0.296846
0.330083
0.361819
0.392508
0.422525
0.452201
0.481783
0.511352
0.540473
0.567595
0.590764
0.616212
0.178346
0.225242
0.268975
0.309453
0.346696
0.381302
0.413898
0.44507
0.475347
0.505166
0.534853
0.564546
0.593844
0.621155
0.64436
0.669752
0.201205
0.261913
0.314978
0.361616
0.403219
0.441004
0.475953
0.508876
0.54045
0.571205
0.60152
0.631572
0.660929
0.687827
0.709826
0.734154
0.190014
0.27299
0.343507
0.403136
0.454497
0.499669
0.54013
0.577018
0.611245
0.64353
0.674383
0.704077
0.732268
0.757091
0.774481
0.795089
0.155198
0.259304
0.347072
0.420378
0.482165
0.534972
0.580806
0.621296
0.657759
0.691196
0.722218
0.750845
0.776453
0.796291
0.81149
0.830068
0.1141
0.228541
0.324489
0.405969
0.474714
0.532393
0.581521
0.624188
0.66194
0.6957
0.72592
0.753183
0.779459
0.802769
0.817206
0.830512
0.0760426
0.194865
0.291804
0.371699
0.439181
0.497725
0.54944
0.595874
0.638009
0.676206
0.710129
0.738627
0.758969
0.771648
0.778737
0.789546
0.0977814
0.212865
0.307252
0.385083
0.450112
0.505301
0.552545
0.592908
0.626866
0.654606
0.676322
0.69237
0.703224
0.709465
0.712259
0.722352
0.198227
0.292969
0.371419
0.436532
0.49072
0.53571
0.572643
0.602298
0.625336
0.642472
0.654545
0.662407
0.667265
0.670197
0.671969
0.683652
0.392367
0.445177
0.490572
0.529092
0.561292
0.587657
0.608647
0.624643
0.636084
0.643645
0.648458
0.651945
0.655206
0.658652
0.661667
0.676164
0.565948
0.581239
0.59644
0.610401
0.622344
0.631854
0.639099
0.644754
0.649395
0.653323
0.656612
0.659855
0.66411
0.669724
0.674035
0.690335
0.630196
0.6249
0.623921
0.625869
0.629712
0.634624
0.639768
0.644578
0.649118
0.653777
0.658923
0.66474
0.671712
0.680148
0.684886
0.702817
0.638569
0.625787
0.62006
0.619124
0.621323
0.625637
0.63148
0.638378
0.645927
0.653904
0.662192
0.670727
0.67988
0.691818
0.695705
0.715353
0.662724
0.647742
0.641172
0.640566
0.644048
0.650279
0.658316
0.667508
0.677445
0.687907
0.698789
0.710033
0.721706
0.733883
0.740526
0.75945
0.709105
0.700398
0.698884
0.702395
0.709137
0.718058
0.72855
0.740082
0.752096
0.763915
0.775132
0.786288
0.797921
0.810398
0.819286
0.838444
0.765012
0.764604
0.769303
0.777477
0.787431
0.798041
0.809345
0.821511
0.834385
0.848079
0.862685
0.877637
0.892466
0.906831
0.917054
0.936588
0.817935
0.828063
0.840981
0.855582
0.871245
0.887498
0.904017
0.920624
0.937231
0.953838
0.970437
0.986959
1.0033
1.01879
1.02985
1.04954
0.88395
0.902151
0.921723
0.941871
0.962055
0.981972
1.00159
1.0209
1.03989
1.05854
1.07687
1.09486
1.11237
1.12865
1.14004
1.15979
0.950749
0.975332
1.00008
1.02445
1.04808
1.07081
1.09262
1.11362
1.13401
1.15383
1.17311
1.19183
1.20984
1.22644
1.2377
1.25739
1.01341
1.04321
1.07182
1.09896
1.12455
1.1486
1.17128
1.193
1.21401
1.23432
1.25393
1.27282
1.2908
1.30732
1.31815
1.33781
1.06263
1.09805
1.13029
1.15973
1.18668
1.21144
1.23456
1.25664
1.27782
1.29811
1.31754
1.33605
1.35354
1.36966
1.37979
1.39933
1.09013
1.12949
1.16472
1.19633
1.22477
1.25052
1.27439
1.29694
1.31828
1.33845
1.35753
1.37548
1.39229
1.40799
1.41726
1.43661
1.10465
1.14547
1.18163
1.21387
1.24271
1.26876
1.29289
1.31557
1.33681
1.35672
1.37539
1.39276
1.40891
1.42431
1.43279
1.45206
1.11782
1.15911
1.1952
1.22668
1.25497
1.2806
1.30433
1.32652
1.34722
1.36656
1.38461
1.40131
1.41677
1.43189
1.43974
1.45895
1.14355
1.17927
1.21288
1.24336
1.2706
1.29531
1.31826
1.33969
1.35967
1.37835
1.39579
1.41189
1.42677
1.44165
1.44912
1.46829
1.18368
1.2147
1.24404
1.27161
1.29668
1.31988
1.34165
1.36204
1.38116
1.39912
1.41591
1.43147
1.44586
1.46047
1.46775
1.48685
1.22992
1.25791
1.284
1.30856
1.33165
1.35341
1.37395
1.3933
1.41154
1.42876
1.44492
1.45993
1.47387
1.4882
1.49536
1.51434
1.26887
1.29533
1.32
1.34335
1.36548
1.38638
1.40612
1.42478
1.44241
1.45908
1.47475
1.48935
1.50294
1.51707
1.52411
1.54298
1.29632
1.3222
1.34661
1.36963
1.39125
1.4117
1.43105
1.44933
1.46661
1.48294
1.49831
1.51265
1.52599
1.54005
1.54692
1.56576
1.31495
1.34034
1.36433
1.38688
1.40813
1.42827
1.44732
1.46531
1.48233
1.49843
1.5136
1.52776
1.54089
1.55494
1.56163
1.58045
1.3234
1.34868
1.37255
1.39494
1.41605
1.436
1.45486
1.47269
1.48959
1.50561
1.5207
1.53475
1.54766
1.56176
1.56823
1.58705
1.32251
1.3479
1.37182
1.39421
1.4153
1.43519
1.45398
1.47178
1.48867
1.50467
1.51974
1.53372
1.54642
1.56064
1.56686
1.58569
1.31389
1.33929
1.36321
1.38567
1.4068
1.42672
1.44556
1.46342
1.48033
1.4963
1.51129
1.52521
1.53769
1.55206
1.55802
1.57688
1.2992
1.3245
1.34836
1.37088
1.39206
1.41204
1.43093
1.44883
1.46574
1.48166
1.49658
1.51045
1.52269
1.53726
1.54294
1.56185
1.28008
1.30517
1.32894
1.35146
1.37266
1.39266
1.41159
1.42952
1.44641
1.46226
1.47709
1.49095
1.50289
1.5177
1.52312
1.54209
1.2577
1.28267
1.30638
1.32882
1.35001
1.37001
1.38892
1.40679
1.4236
1.43935
1.45409
1.46797
1.4796
1.49469
1.49983
1.51889
1.23294
1.25796
1.28165
1.30391
1.32502
1.34502
1.36388
1.38164
1.39836
1.414
1.42862
1.44257
1.45385
1.46921
1.4741
1.49321
1.20646
1.23138
1.25491
1.2771
1.29814
1.31809
1.3369
1.3546
1.37124
1.3868
1.40128
1.41539
1.42626
1.44198
1.44666
1.46583
1.17838
1.20326
1.22674
1.2489
1.26984
1.28963
1.30834
1.32599
1.3426
1.35811
1.37238
1.38678
1.39714
1.41329
1.41761
1.43691
1.14927
1.17418
1.19764
1.21974
1.24062
1.26032
1.27889
1.29642
1.31294
1.32846
1.34241
1.35722
1.36696
1.38355
1.3877
1.40706
1.11924
1.14421
1.16767
1.18977
1.21059
1.23022
1.2487
1.26612
1.28251
1.29821
1.31144
1.32681
1.33639
1.35298
1.35709
1.37647
1.0878
1.11276
1.13625
1.15831
1.1791
1.19867
1.21706
1.2344
1.25071
1.26613
1.28
1.29483
1.30453
1.32106
1.32518
1.34456
1.05496
1.07986
1.10322
1.12524
1.14598
1.16551
1.18388
1.20122
1.2175
1.23283
1.24691
1.26141
1.27147
1.28783
1.29203
1.31138
1.0215
1.04623
1.06957
1.09155
1.11221
1.13167
1.14999
1.16727
1.18351
1.1988
1.21282
1.22735
1.23736
1.25375
1.25795
1.27731
0.988015
1.01281
1.03614
1.05803
1.07858
1.09794
1.11621
1.13341
1.14966
1.16499
1.17891
1.19354
1.20337
1.21985
1.224
1.2434
0.953851
0.978677
1.00218
1.02433
1.04494
1.06414
1.08228
1.0995
1.11576
1.13106
1.14486
1.15958
1.16939
1.18589
1.19008
1.20947
0.920333
0.944813
0.967822
0.989538
1.01022
1.02984
1.04827
1.06553
1.08173
1.09707
1.11074
1.12558
1.13542
1.15176
1.15605
1.17542
0.887751
0.912284
0.935341
0.957012
0.977415
0.996717
1.01496
1.03212
1.04823
1.06363
1.07724
1.09184
1.10213
1.11813
1.12263
1.14195
0.855894
0.880399
0.903464
0.925124
0.945484
0.96469
0.982825
0.999901
1.01591
1.03127
1.04516
1.05931
1.06994
1.08562
1.09031
1.10953
0.823224
0.847751
0.870825
0.892509
0.912918
0.932171
0.950337
0.967421
0.983464
0.998625
1.01263
1.0267
1.03745
1.05306
1.05779
1.077
0.79009
0.814586
0.837594
0.85924
0.879637
0.898898
0.917102
0.934234
0.950324
0.965478
0.97953
0.99354
1.00436
1.01992
1.02468
1.04389
0.757486
0.781913
0.804907
0.826557
0.846945
0.866162
0.884294
0.901361
0.917426
0.932565
0.946659
0.960623
0.971508
0.987021
0.99182
1.01101
0.72481
0.74929
0.772332
0.794013
0.814427
0.83367
0.851823
0.868898
0.884945
0.900041
0.914121
0.928023
0.938947
0.9544
0.959233
0.978409
0.692122
0.716655
0.73974
0.761462
0.781904
0.801143
0.819262
0.836315
0.852368
0.867483
0.881594
0.895497
0.906444
0.92188
0.926724
0.945897
0.659373
0.683935
0.707043
0.728785
0.749249
0.768522
0.786674
0.803744
0.819791
0.834882
0.848977
0.862865
0.873816
0.889247
0.894096
0.913265
0.626572
0.651157
0.674287
0.696049
0.716522
0.735782
0.753909
0.770969
0.787024
0.802131
0.816234
0.830128
0.841076
0.856515
0.86136
0.880532
0.593752
0.61834
0.641472
0.663236
0.683717
0.702994
0.721135
0.738197
0.754244
0.769342
0.783441
0.797332
0.808278
0.82371
0.828555
0.847724
0.560884
0.585474
0.608608
0.630372
0.650845
0.670105
0.688228
0.705283
0.721332
0.736432
0.750531
0.764428
0.775373
0.790814
0.795656
0.814829
0.527978
0.552561
0.575689
0.59745
0.617926
0.637195
0.655325
0.672376
0.68842
0.703517
0.717614
0.731501
0.742449
0.757874
0.762723
0.781889
0.495031
0.5196
0.542717
0.564466
0.584925
0.604173
0.622287
0.639335
0.655374
0.67046
0.684552
0.698434
0.709387
0.724814
0.729664
0.748834
0.462043
0.486583
0.509672
0.531395
0.551836
0.571068
0.589162
0.606188
0.622215
0.637301
0.651402
0.665271
0.676239
0.691634
0.6965
0.715657
0.428967
0.453463
0.476511
0.498197
0.518604
0.537809
0.555886
0.572897
0.588904
0.603965
0.618044
0.631879
0.642864
0.658238
0.663119
0.682277
0.395757
0.420167
0.443138
0.464756
0.485102
0.50425
0.522272
0.539237
0.555213
0.570253
0.584334
0.598138
0.609159
0.624469
0.629384
0.648521
0.362354
0.38662
0.40946
0.430962
0.451204
0.470264
0.48821
0.505111
0.521032
0.536025
0.550079
0.563805
0.574878
0.590112
0.595077
0.614197
0.328614
0.352634
0.375253
0.396554
0.416618
0.43552
0.453332
0.470123
0.485954
0.500875
0.514897
0.528526
0.539679
0.554757
0.559809
0.578885
0.294327
0.317942
0.340194
0.361168
0.380942
0.399589
0.417182
0.433787
0.449462
0.464256
0.478198
0.491676
0.502924
0.517818
0.522984
0.542014
0.259047
0.281962
0.303579
0.323979
0.343238
0.361429
0.378627
0.394898
0.410295
0.424868
0.438657
0.451906
0.463282
0.477792
0.483172
0.502085
0.222335
0.244139
0.264757
0.284267
0.302742
0.320251
0.336873
0.352669
0.367684
0.381958
0.395534
0.408546
0.42
0.434241
0.439802
0.458676
0.182634
0.202425
0.221188
0.238995
0.255909
0.271999
0.287353
0.302026
0.316065
0.329522
0.342435
0.354857
0.366231
0.379719
0.385623
0.40425
0.139957
0.156964
0.173245
0.188873
0.203911
0.218423
0.232496
0.246243
0.259706
0.272857
0.285659
0.29804
0.309673
0.322962
0.329256
0.347825
0.0881069
0.0994316
0.110297
0.120748
0.130837
0.14066
0.15039
0.160111
0.169854
0.179682
0.189615
0.199637
0.209608
0.221424
0.227357
0.245644
0.0377042
0.044336
0.0511308
0.0581575
0.0654702
0.0731036
0.0811116
0.0894785
0.0981575
0.107113
0.116281
0.125617
0.13507
0.145103
0.153615
0.165927
)
;

boundaryField
{
    frontAndBack
    {
        type            empty;
    }
    inlet
    {
        type            zeroGradient;
    }
    outlet
    {
        type            fixedValue;
        value           uniform 0;
    }
    walls
    {
        type            zeroGradient;
    }
}


// ************************************************************************* //
