/*--------------------------------*- C++ -*----------------------------------*\
| =========                 |                                                 |
| \\      /  F ield         | OpenFOAM: The Open Source CFD Toolbox           |
|  \\    /   O peration     | Version:  v2012                                 |
|   \\  /    A nd           | Website:  www.openfoam.com                      |
|    \\/     M anipulation  |                                                 |
\*---------------------------------------------------------------------------*/
FoamFile
{
    version     2.0;
    format      ascii;
    class       Cloud<basicKinematicParcel>;
    location    "0.137/lagrangian/kinematicCloud";
    object      coordinates;
}
// * * * * * * * * * * * * * * * * * * * * * * * * * * * * * * * * * * * * * //

54
(
(0.163596 0.238163 0.418202 0.18004) 2138 4276 2
(0.569201 0.215399 0.0207933 0.194606) 2750 5494 1
(0.253095 0.373453 0.278806 0.0946462) 3048 6086 2
(0.33687 0.331565 0.311434 0.0201307) 2544 4885 1
(0.207606 0.396197 0.395326 0.000870943) 3342 6669 2
(0.319519 0.168627 0.171614 0.34024) 3044 6078 1
(0.13477 0.26212 0.432615 0.170495) 96 190 1
(0.554569 0.13118 0.0915357 0.222716) 3532 6851 2
(0.0138728 0.493064 0.401077 0.0919865) 3532 7047 2
(0.025625 0.487188 0.0460516 0.441136) 2739 5273 1
(0.296586 0.351707 0.206512 0.145195) 2839 5670 2
(0.674278 0.162861 0.147311 0.0155502) 2433 4863 1
(0.0777575 0.461121 0.263472 0.19765) 3809 7600 2
(0.937146 0.0160614 0.0153658 0.0314272) 2108 3925 2
(0.275923 0.238554 0.362038 0.123485) 3712 7408 2
(0.0366939 0.481653 0.261134 0.220519) 2933 5855 2
(0.34596 0.275224 0.0517965 0.32702) 2320 4439 2
(0.0348764 0.482562 0.156231 0.326331) 3713 7407 2
(0.444075 0.277963 0.163626 0.114337) 2524 5043 2
(0.605508 0.0997167 0.0975291 0.197246) 3520 6827 2
(0.600026 0.095225 0.199987 0.104762) 3225 6436 1
(0.375608 0.312196 0.223637 0.0885588) 3612 7209 1
(0.102917 0.448542 0.415828 0.0327134) 3222 6433 1
(0.165985 0.196414 0.417007 0.220594) 2417 4828 1
(0.352438 0.323781 0.0566407 0.26714) 2822 5438 1
(0.519861 0.214472 0.240069 0.0255974) 3219 6427 2
(0.111362 0.00148498 0.442834 0.444319) 2411 4620 2
(0.25477 0.00276564 0.369849 0.372615) 3415 6618 2
(0.173877 0.413062 0.317189 0.095873) 2200 4200 1
(0.785344 0.0376932 0.0696346 0.107328) 3413 6812 1
(0.158337 0.227255 0.193577 0.420831) 42 22262 1
(0.166594 0.416703 0.259882 0.156821) 2203 4405 1
(0.516689 0.241655 0.193348 0.048307) 1887 3775 1
(0.822281 0.0888596 0.0545061 0.0343535) 3012 6012 2
(0.253932 0.373034 0.213679 0.159355) 2610 5212 2
(0.467925 0.266037 0.0350046 0.231033) 3210 6406 2
(0.113838 0.443081 0.422118 0.0209631) 2708 5409 2
(0.547272 0.226364 0.148486 0.0778782) 2808 5606 2
(0.4586 0.208421 0.2707 0.0622793) 3206 6398 1
(0.21234 0.134819 0.259011 0.39383) 182 165 2
(0.113469 0.367939 0.0753268 0.443265) 2703 5201 2
(0.380793 0.19464 0.114964 0.309603) 3202 6194 2
(0.0891953 0.455402 0.13849 0.316912) 699 1399 2
(0.113638 0.411215 0.443181 0.0319656) 598 1194 1
(0.601202 0.0714373 0.127962 0.199399) 798 1397 2
(0.388073 0.128167 0.177796 0.305963) 1197 2394 1
(0.0478347 0.298316 0.476083 0.177766) 1494 2986 1
(0.929816 0.0110138 0.0350921 0.0240783) 995 1991 2
(0.171144 0.414428 0.251096 0.163332) 894 1786 2
(0.221635 0.27918 0.110003 0.389183) 1391 2782 1
(0.782295 0.108853 0.0961341 0.0127185) 386 773 1
(0.204715 0.397642 0.383687 0.0139556) 890 1581 1
(0.0946348 0.421872 0.0308108 0.452683) 1585 3170 1
(0.357689 0.321155 0.1645 0.156655) 279 556 2
)


// ************************************************************************* //
