/*--------------------------------*- C++ -*----------------------------------*\
| =========                 |                                                 |
| \\      /  F ield         | OpenFOAM: The Open Source CFD Toolbox           |
|  \\    /   O peration     | Version:  v2012                                 |
|   \\  /    A nd           | Website:  www.openfoam.com                      |
|    \\/     M anipulation  |                                                 |
\*---------------------------------------------------------------------------*/
FoamFile
{
    version     2.0;
    format      ascii;
    class       volScalarField;
    location    "0.349";
    object      p;
}
// * * * * * * * * * * * * * * * * * * * * * * * * * * * * * * * * * * * * * //

dimensions      [0 2 -2 0 0 0 0];


internalField   nonuniform List<scalar> 
1900
(
-299.623
-300.722
-301.622
-302.283
-302.96
-303.727
-304.532
-305.361
-305.974
-306.577
-300.077
-300.876
-301.704
-302.38
-303.06
-303.821
-304.632
-305.47
-306.23
-307.05
-300.363
-300.928
-301.696
-302.409
-303.106
-303.867
-304.693
-305.577
-306.47
-307.715
-300.547
-300.991
-301.726
-302.468
-303.178
-303.94
-304.784
-305.709
-306.721
-308.095
-300.645
-301.039
-301.753
-302.505
-303.221
-303.986
-304.847
-305.807
-306.888
-308.277
-300.662
-301.061
-301.78
-302.535
-303.254
-304.027
-304.904
-305.889
-307.004
-308.371
-300.597
-301.056
-301.807
-302.557
-303.277
-304.06
-304.951
-305.951
-307.078
-308.402
-300.445
-301.036
-301.83
-302.557
-303.269
-304.065
-304.969
-305.979
-307.109
-308.391
-300.188
-301.03
-301.891
-302.579
-303.277
-304.077
-304.985
-305.995
-307.118
-308.36
-299.754
-300.929
-301.881
-302.562
-303.26
-304.073
-304.992
-306.009
-307.135
-308.357
-305.92
-318.28
-337.562
-339.208
-320.079
-286.052
-243.02
-198.242
-157.32
-122.531
-94.1769
-71.7589
-54.3063
-40.7558
-30.1731
-21.8363
-15.2196
-9.88746
-5.50813
-1.87924
1.12483
3.63418
5.78075
7.63691
9.22912
10.5842
11.7472
12.7717
13.6711
14.4514
15.1248
15.7031
16.2014
16.6303
16.9949
17.3017
17.5551
17.7601
17.9238
18.0512
18.146
18.2105
18.2438
18.2471
18.2245
18.1806
18.1174
18.0344
17.9318
17.811
17.6736
17.5212
17.3553
17.1765
16.9848
16.7805
16.5646
16.3378
16.1011
15.8552
15.5998
15.3353
15.0619
14.7798
14.4895
14.191
13.885
13.5716
13.2505
12.922
12.5864
12.244
11.8948
11.5389
11.1764
10.8073
10.4317
10.0499
9.66193
9.268
8.86793
8.46214
8.05041
7.63312
7.21009
6.78157
6.34747
5.90801
5.46326
5.01339
4.55852
4.09881
3.63412
3.16497
2.69014
2.21243
1.72482
1.24263
0.733532
0.279207
-309.337
-321.606
-333.412
-332.126
-313.079
-280.334
-239.752
-197.436
-158.321
-124.594
-96.6657
-74.2432
-56.5724
-42.6974
-31.7739
-23.1257
-16.2344
-10.6691
-6.10665
-2.34528
0.751135
3.33511
5.54618
7.45078
9.07531
10.4585
11.6459
12.6862
13.5944
14.3803
15.0576
15.6379
16.1333
16.5594
16.9274
17.2384
17.495
17.7035
17.871
18.0021
18.1007
18.1683
18.2028
18.2067
18.185
18.142
18.0793
17.9971
17.8952
17.7753
17.6388
17.4871
17.3215
17.1431
16.9517
16.7477
16.5324
16.3062
16.07
15.8243
15.5691
15.3047
15.0318
14.7499
14.4597
14.1614
13.8557
13.5423
13.2215
12.8931
12.5577
12.2153
11.8662
11.5104
11.1479
10.7788
10.4033
10.0215
9.6335
9.2395
8.83941
8.43355
8.02179
7.60444
7.18137
6.75281
6.3187
5.87925
5.43455
4.98478
4.53006
4.07057
3.60636
3.13767
2.66449
2.1874
1.70544
1.22184
0.729546
0.25189
-310.271
-317.92
-326.263
-324.072
-306.103
-275.371
-237.27
-197.126
-159.47
-126.594
-98.9997
-76.5654
-58.6927
-44.5327
-33.317
-24.4109
-17.2939
-11.535
-6.82032
-2.94501
0.249338
2.92939
5.22587
7.18919
8.85449
10.2779
11.5086
12.58
13.507
14.3057
14.9931
15.5817
16.0805
16.5079
16.8799
17.194
17.452
17.6613
17.8295
17.9614
18.0595
18.1252
18.1582
18.1618
18.1413
18.1002
18.0393
17.9582
17.8573
17.7391
17.6046
17.4545
17.2903
17.1125
16.9215
16.7175
16.5017
16.2754
16.0394
15.7938
15.5387
15.2744
15.0019
14.7204
14.4304
14.1325
13.8271
13.5139
13.1933
12.865
12.5297
12.1875
11.8385
11.4826
11.1201
10.751
10.3755
9.99365
9.60567
9.21159
8.81143
8.40547
7.99366
7.57622
7.1531
6.72446
6.29034
5.85088
5.40623
4.95653
4.50197
4.04268
3.57897
3.11074
2.63925
2.16288
1.68652
1.20185
0.727113
0.223765
-310.492
-316.294
-321.939
-318.557
-301.089
-271.666
-235.203
-196.608
-160.108
-127.983
-100.746
-78.3731
-60.3762
-46.0067
-34.5656
-25.4517
-18.1456
-12.2231
-7.38217
-3.41186
-0.135326
2.61239
4.95568
6.94934
8.63653
10.0768
11.3256
12.4137
13.3525
14.16
14.8596
15.4654
15.9828
16.4262
16.8101
17.134
17.4018
17.6202
17.795
17.9311
18.03
18.0947
18.1274
18.1314
18.1118
18.0716
18.0109
17.9293
17.8271
17.7071
17.5716
17.4217
17.2584
17.0813
16.8907
16.6866
16.4705
16.2445
16.0093
15.7643
15.5096
15.2454
14.9722
14.6905
14.4008
14.1033
13.7981
13.4851
13.1646
12.8364
12.5014
12.1592
11.8102
11.4544
11.0918
10.7228
10.3472
9.96531
9.57721
9.18304
8.78277
8.37669
7.96477
7.54722
7.12404
6.69533
6.26121
5.82174
5.37717
4.92754
4.47318
4.01409
3.55088
3.08314
2.61335
2.13774
1.66708
1.18108
0.72399
0.195999
-310.518
-314.805
-318.111
-313.455
-296.276
-267.995
-233.033
-195.921
-160.561
-129.16
-102.28
-79.9798
-61.8792
-47.3318
-35.698
-26.401
-18.9275
-12.8585
-7.90257
-3.84638
-0.494881
2.31988
4.71107
6.7362
8.44968
9.91534
11.1864
12.293
13.2449
14.061
14.7639
15.3741
15.8988
16.3466
16.7302
17.0535
17.3214
17.5424
17.7204
17.8596
17.9624
18.0326
18.0721
18.0828
18.0694
18.0341
17.977
17.8985
17.799
17.6806
17.546
17.3971
17.2342
17.0575
16.8673
16.6631
16.447
16.2212
15.9859
15.7407
15.4856
15.2206
14.946
14.6633
14.3732
14.0753
13.7697
13.4561
13.1352
12.8065
12.4713
12.1288
11.7796
11.4235
11.0607
10.6915
10.3159
9.93396
9.54578
9.15157
8.75144
8.34547
7.93362
7.51608
7.09296
6.66426
6.23025
5.79084
5.34644
4.89695
4.44284
3.98403
3.52136
3.05418
2.58601
2.11131
1.6459
1.15931
0.718402
0.171098
-310.4
-313.509
-315.041
-309.398
-292.508
-265.228
-231.494
-195.547
-161.05
-130.176
-103.557
-81.3033
-63.1075
-48.4131
-36.628
-27.1792
-19.5615
-13.3747
-8.33145
-4.20614
-0.791314
2.07959
4.50771
6.5556
8.29008
9.77876
11.0674
12.1837
13.1424
13.9646
14.6749
15.2922
15.8237
16.2777
16.6634
16.9885
17.2603
17.4865
17.6693
17.8112
17.9137
17.9822
18.0217
18.0335
18.0204
17.9843
17.9258
17.8459
17.7463
17.629
17.4963
17.3493
17.188
17.0129
16.8242
16.6222
16.4084
16.1843
15.9503
15.7061
15.4519
15.1876
14.9138
14.6317
14.3419
14.0441
13.7381
13.4241
13.1027
12.7736
12.438
12.0952
11.7458
11.3894
11.0264
10.6571
10.2815
9.89954
9.51146
9.1173
8.71729
8.31135
7.89964
7.48219
7.05921
6.63063
6.19679
5.75754
5.31336
4.86408
4.41029
3.95183
3.4897
3.02317
2.55646
2.08289
1.62172
1.13606
0.707812
0.152307
-310.21
-312.445
-312.667
-306.232
-289.501
-262.955
-230.134
-195.077
-161.264
-130.838
-104.471
-82.286
-64.0466
-49.2629
-37.3729
-27.811
-20.0787
-13.8011
-8.69716
-4.51503
-1.03928
1.87669
4.32527
6.38927
8.149
9.66136
10.9625
12.0815
13.046
13.8797
14.5992
15.2217
15.7567
16.2126
16.6028
16.9327
17.2069
17.4348
17.6191
17.7619
17.8664
17.9366
17.9775
17.9917
17.9807
17.9457
17.8875
17.8084
17.7101
17.5942
17.4619
17.3144
17.1519
16.9755
16.7857
16.583
16.3684
16.1433
15.9081
15.663
15.408
15.1431
14.8691
14.5869
14.2971
13.9993
13.6936
13.3799
13.0589
12.7305
12.3956
12.0535
11.7046
11.3488
10.9864
10.6175
10.2425
9.86095
9.47345
9.07963
8.67994
8.27427
7.86293
7.44587
7.02324
6.59504
6.16153
5.72265
5.27879
4.82987
4.37644
3.9184
3.45681
2.99098
2.52542
2.05315
1.59469
1.11177
0.690367
0.143276
-310.014
-311.622
-310.914
-303.872
-287.218
-261.199
-229.052
-194.667
-161.382
-131.314
-105.169
-83.0516
-64.7908
-49.9583
-37.9884
-28.3251
-20.5088
-14.1752
-9.01475
-4.76719
-1.24246
1.69468
4.16064
6.25253
8.0387
9.56255
10.8652
11.9908
12.9685
13.8136
14.5367
15.1573
15.6941
16.1563
16.552
16.884
17.1577
17.3846
17.5708
17.717
17.8237
17.8941
17.9345
17.949
17.9389
17.9043
17.8462
17.767
17.6686
17.5526
17.42
17.2721
17.1094
16.933
16.7434
16.5411
16.3265
16.101
15.8654
15.6202
15.3651
15.1001
14.8257
14.543
14.2525
13.9543
13.6481
13.334
13.0126
12.6838
12.3486
12.0061
11.657
11.301
10.9387
10.5697
10.1948
9.81341
9.4261
9.03261
8.63325
8.2281
7.81734
7.40093
6.97891
6.55139
6.11853
5.68033
5.2371
4.78881
4.33594
3.87847
3.41752
2.95241
2.48774
2.01695
1.55963
1.08118
0.66017
0.138639
-309.856
-311.036
-309.717
-302.257
-285.628
-259.948
-228.241
-194.296
-161.363
-131.534
-105.534
-83.4743
-65.2208
-50.355
-38.3281
-28.615
-20.7623
-14.3932
-9.195
-4.91825
-1.37379
1.58049
4.06182
6.16601
7.95857
9.48576
10.793
11.9241
12.9065
13.7538
14.4781
15.1004
15.6402
16.1058
16.5031
16.8356
17.1102
17.3385
17.5266
17.6744
17.7819
17.8528
17.8938
17.9096
17.9006
17.8669
17.8093
17.7305
17.6329
17.5178
17.386
17.2387
17.0765
16.9005
16.7113
16.5093
16.2951
16.0697
15.8343
15.5894
15.3347
15.07
14.7959
14.5136
14.2237
13.9261
13.6206
13.3072
12.9864
12.6584
12.3243
11.9824
11.6337
11.2783
10.9164
10.5481
10.1736
9.79262
9.40559
9.01235
8.61311
8.20789
7.79707
7.38059
6.95855
6.53096
6.09808
5.65983
5.2166
4.76827
4.31542
3.85805
3.39724
2.93224
2.46757
1.99756
1.53981
1.06572
0.639699
0.148961
-309.799
-310.776
-309.167
-301.515
-284.923
-259.448
-228.001
-194.311
-161.572
-131.866
-105.94
-83.9014
-65.6276
-50.7245
-38.6603
-28.9113
-21.0215
-14.6189
-9.3968
-5.1026
-1.53716
1.44367
3.93963
6.05048
7.84989
9.38535
10.6985
11.8319
12.8162
13.6667
14.3946
15.0189
15.5599
16.0272
16.4263
16.7607
17.0368
17.2661
17.4551
17.604
17.7127
17.7846
17.8266
17.8431
17.8349
17.8018
17.7449
17.6668
17.5698
17.4553
17.324
17.1771
17.0154
16.8398
16.6511
16.4497
16.236
16.0111
15.7762
15.5316
15.2773
15.013
14.7394
14.4573
14.1676
13.8701
13.5648
13.2514
12.9307
12.6027
12.2683
11.9274
11.5791
11.2238
10.862
10.4938
10.1195
9.73882
9.35198
8.95901
8.56011
8.1555
7.74495
7.32869
6.90683
6.47938
6.04657
5.60838
5.1652
4.71687
4.2641
3.80675
3.34616
2.88156
2.41693
1.94791
1.48892
1.0201
0.591359
0.112922
-314.073
-315.342
-316.519
-316.763
-316.246
-314.976
-313.67
-313.762
-333.208
-334.724
-335.67
-336.006
-335.684
-334.97
-334.106
-333.757
-348.321
-351.157
-352.673
-353.239
-353.129
-352.819
-352.512
-352.172
-346.898
-350.263
-352.116
-352.862
-352.689
-352.174
-351.696
-351.058
-325.752
-328.651
-330.387
-330.946
-330.605
-329.869
-329.084
-328.157
-289.994
-292.05
-293.342
-293.795
-293.469
-292.521
-291.108
-289.508
-244.965
-246.037
-246.888
-247.289
-247.031
-246.002
-244.217
-242.158
-198.425
-198.456
-198.711
-198.925
-198.647
-197.566
-195.615
-193.371
-156.291
-155.595
-155.333
-155.238
-154.835
-153.719
-151.764
-149.558
-120.79
-119.667
-119.121
-118.848
-118.358
-117.255
-115.407
-113.364
-92.2179
-90.9925
-90.3458
-89.9519
-89.3908
-88.3466
-86.6724
-84.8464
-69.8798
-68.7265
-68.0898
-67.6258
-67.0255
-66.0665
-64.5929
-63.0095
-52.6486
-51.6378
-51.048
-50.5813
-50.0001
-49.1357
-47.8573
-46.4957
-39.3796
-38.5423
-38.0379
-37.607
-37.0714
-36.3104
-35.2207
-34.0662
-29.0749
-28.3955
-27.9536
-27.5569
-27.0828
-26.4278
-25.5067
-24.5301
-20.9919
-20.4539
-20.0521
-19.6735
-19.2579
-18.6998
-17.9219
-17.0803
-14.5828
-14.157
-13.804
-13.4597
-13.0944
-12.6149
-11.9542
-11.1975
-9.41191
-9.0755
-8.7782
-8.4806
-8.16132
-7.74731
-7.18415
-6.50535
-5.15295
-4.8892
-4.64409
-4.39156
-4.1147
-3.75604
-3.27286
-2.68381
-1.60771
-1.39955
-1.1958
-0.981406
-0.741618
-0.429498
-0.0106102
0.499859
1.34713
1.52027
1.69749
1.88
2.08787
2.36116
2.72755
3.17331
3.82448
3.97291
4.12975
4.28759
4.47024
4.71229
5.03621
5.42965
5.94044
6.06391
6.19812
6.3363
6.49986
6.71722
7.00682
7.35784
7.77141
7.87527
7.99029
8.11222
8.25924
8.45509
8.71522
9.03046
9.34705
9.43888
9.5422
9.65277
9.78669
9.9645
10.1994
10.484
10.6961
10.7842
10.8764
10.9769
11.1002
11.2633
11.4772
11.736
11.8563
11.944
12.0278
12.1189
12.2321
12.3821
12.5778
12.8145
12.8693
12.949
13.025
13.1094
13.215
13.3541
13.5344
13.7525
13.7579
13.83
13.8998
13.9784
14.0771
14.2064
14.373
14.5746
14.5292
14.5955
14.6611
14.7355
14.8284
14.9494
15.1039
15.2909
15.195
15.2562
15.3177
15.388
15.4759
15.5896
15.7333
15.9075
15.7667
15.8232
15.8811
15.9479
16.0313
16.1384
16.2727
16.4355
16.2607
16.312
16.366
16.4293
16.5086
16.6098
16.7356
16.8883
16.6862
16.7332
16.7839
16.8439
16.9192
17.015
17.1331
17.2769
17.0477
17.0923
17.1407
17.1982
17.2702
17.3611
17.4724
17.608
17.3522
17.395
17.4417
17.497
17.5661
17.6526
17.7576
17.8859
17.6037
17.645
17.6902
17.7436
17.8099
17.8926
17.992
18.1137
17.8066
17.8466
17.8905
17.9422
18.0062
18.0855
18.1798
18.2955
17.9683
18.0068
18.0493
18.0994
18.1612
18.2372
18.3269
18.4373
18.0937
18.131
18.1721
18.2207
18.2805
18.3535
18.439
18.5444
18.1867
18.2228
18.2627
18.3098
18.3677
18.4379
18.5194
18.6204
18.2494
18.2842
18.3229
18.3686
18.4246
18.4922
18.57
18.6668
18.2815
18.3154
18.3531
18.3976
18.4519
18.5172
18.5916
18.6846
18.2839
18.3171
18.3542
18.3978
18.4507
18.5139
18.5853
18.6749
18.2604
18.293
18.3293
18.3721
18.4238
18.485
18.5537
18.6402
18.2157
18.2475
18.283
18.3247
18.3751
18.4345
18.5005
18.5841
18.1519
18.1828
18.2175
18.2583
18.3074
18.3649
18.4285
18.5093
18.0681
18.0986
18.1328
18.1728
18.2208
18.2768
18.338
18.4163
17.9649
17.9951
18.0288
18.0682
18.1152
18.1697
18.2288
18.3048
17.8435
17.8733
17.9065
17.9452
17.9913
18.0443
18.1015
18.1753
17.7055
17.7347
17.7674
17.8055
17.8506
17.9023
17.9576
18.0295
17.5526
17.5815
17.6137
17.6512
17.6954
17.7459
17.7995
17.8695
17.3864
17.4149
17.4467
17.4836
17.5271
17.5764
17.6283
17.6966
17.2073
17.2355
17.267
17.3034
17.3461
17.3943
17.4447
17.5113
17.0153
17.0432
17.0744
17.1103
17.1523
17.1994
17.2484
17.3135
16.8107
16.8384
16.8692
16.9047
16.946
16.9922
17.0397
17.1034
16.5944
16.6217
16.6522
16.6872
16.7278
16.7731
16.8194
16.8818
16.3672
16.3943
16.4244
16.459
16.499
16.5434
16.5885
16.6496
16.1302
16.157
16.1869
16.221
16.2604
16.304
16.3479
16.4079
15.884
15.9106
15.9402
15.9739
16.0127
16.0555
16.0983
16.1572
15.6285
15.6549
15.6842
15.7176
15.7559
15.7979
15.8397
15.8976
15.3638
15.39
15.4191
15.4521
15.4898
15.5311
15.5719
15.6288
15.0901
15.116
15.1448
15.1774
15.2146
15.2552
15.2951
15.3511
14.8078
14.8335
14.8619
14.8942
14.9309
14.9708
15.0098
15.0649
14.5171
14.5426
14.5708
14.6028
14.639
14.6783
14.7165
14.7708
14.2186
14.244
14.272
14.3037
14.3395
14.3782
14.4156
14.4691
13.9124
13.9377
13.9655
13.9969
14.0323
14.0705
14.1071
14.16
13.5989
13.624
13.6516
13.6827
13.7177
13.7553
13.7912
13.8434
13.2776
13.3026
13.33
13.3609
13.3955
13.4326
13.4679
13.5194
12.9491
12.9739
13.0012
13.0317
13.066
13.1026
13.1372
13.1881
12.6133
12.638
12.6651
12.6955
12.7294
12.7656
12.7996
12.85
12.2708
12.2954
12.3224
12.3524
12.386
12.4218
12.4552
12.505
11.9215
11.946
11.9728
12.0027
12.036
12.0714
12.1042
12.1536
11.5656
11.59
11.6167
11.6464
11.6793
11.7143
11.7466
11.7955
11.2029
11.2273
11.2539
11.2834
11.3161
11.3507
11.3825
11.431
10.8338
10.8581
10.8845
10.9139
10.9463
10.9805
11.0118
11.0598
10.4582
10.4824
10.5088
10.538
10.5702
10.6041
10.6349
10.6825
10.0764
10.1005
10.1268
10.1558
10.1877
10.2213
10.2516
10.2989
9.6884
9.71251
9.73872
9.76758
9.79928
9.83254
9.86252
9.9094
9.29446
9.31852
9.34463
9.37331
9.40475
9.43767
9.46721
9.51372
8.89442
8.91847
8.94453
8.97309
9.00433
9.03699
9.06617
9.11236
8.48862
8.51264
8.53861
8.56702
8.59801
8.63036
8.65912
8.70496
8.07691
8.10091
8.12684
8.15513
8.18595
8.21807
8.24652
8.29209
7.65964
7.68363
7.70948
7.73765
7.76825
7.80011
7.82827
7.87361
7.23663
7.26061
7.28643
7.3145
7.34494
7.3766
7.40484
7.45064
6.80811
6.83206
6.85779
6.88573
6.91596
6.9473
6.97536
7.02126
6.37399
6.3979
6.42356
6.45137
6.48142
6.51252
6.5403
6.58596
5.93449
5.95833
5.9839
6.01157
6.04144
6.07231
6.0998
6.14521
5.48967
5.51343
5.53887
5.56637
5.59601
5.62662
5.6538
5.69888
5.0397
5.06337
5.08869
5.11604
5.14549
5.17591
5.20283
5.2477
4.58466
4.60816
4.63328
4.66038
4.68953
4.71962
4.74614
4.79059
4.12476
4.1481
4.17305
4.19997
4.2289
4.25879
4.28514
4.32949
3.65965
3.68261
3.7072
3.73373
3.76226
3.79177
3.81769
3.86164
3.19012
3.21277
3.23702
3.26319
3.29135
3.32051
3.3461
3.38981
2.71389
2.73546
2.75876
2.78412
2.81162
2.84031
2.8656
2.90919
2.23572
2.25685
2.27964
2.30441
2.33123
2.35923
2.3839
2.42681
1.74346
1.76111
1.78102
1.80358
1.82889
1.85613
1.8807
1.92463
1.26279
1.28122
1.3012
1.32309
1.34702
1.37226
1.39483
1.43515
0.739322
0.746892
0.757982
0.773177
0.792873
0.815954
0.8349
0.883319
0.302163
0.320219
0.336606
0.351739
0.36666
0.383731
0.400923
0.376904
)
;

boundaryField
{
    frontAndBack
    {
        type            empty;
    }
    inlet
    {
        type            zeroGradient;
    }
    outlet
    {
        type            fixedValue;
        value           uniform 0;
    }
    walls
    {
        type            zeroGradient;
    }
}


// ************************************************************************* //
