/*--------------------------------*- C++ -*----------------------------------*\
| =========                 |                                                 |
| \\      /  F ield         | OpenFOAM: The Open Source CFD Toolbox           |
|  \\    /   O peration     | Version:  v2012                                 |
|   \\  /    A nd           | Website:  www.openfoam.com                      |
|    \\/     M anipulation  |                                                 |
\*---------------------------------------------------------------------------*/
FoamFile
{
    version     2.0;
    format      ascii;
    class       volScalarField;
    location    "0.399";
    object      p;
}
// * * * * * * * * * * * * * * * * * * * * * * * * * * * * * * * * * * * * * //

dimensions      [0 2 -2 0 0 0 0];


internalField   nonuniform List<scalar> 
1900
(
-299.623
-300.722
-301.622
-302.283
-302.96
-303.727
-304.532
-305.361
-305.973
-306.577
-300.077
-300.876
-301.704
-302.38
-303.06
-303.821
-304.632
-305.47
-306.23
-307.05
-300.363
-300.928
-301.695
-302.409
-303.106
-303.867
-304.693
-305.577
-306.47
-307.715
-300.547
-300.991
-301.726
-302.468
-303.178
-303.94
-304.784
-305.709
-306.721
-308.095
-300.645
-301.039
-301.753
-302.505
-303.221
-303.986
-304.847
-305.807
-306.888
-308.277
-300.662
-301.061
-301.78
-302.535
-303.254
-304.027
-304.904
-305.889
-307.003
-308.371
-300.596
-301.056
-301.807
-302.557
-303.277
-304.06
-304.951
-305.951
-307.078
-308.402
-300.445
-301.036
-301.83
-302.557
-303.269
-304.065
-304.969
-305.979
-307.109
-308.391
-300.188
-301.03
-301.891
-302.579
-303.276
-304.077
-304.985
-305.995
-307.118
-308.36
-299.754
-300.929
-301.881
-302.562
-303.259
-304.073
-304.992
-306.009
-307.135
-308.357
-305.919
-318.279
-337.562
-339.208
-320.079
-286.053
-243.018
-198.243
-157.325
-122.526
-94.1705
-71.7696
-54.3154
-40.7402
-30.1593
-21.8524
-15.2391
-9.87564
-5.48387
-1.88201
1.1014
3.62705
5.79709
7.64967
9.22229
10.5714
11.7451
12.7794
13.6777
14.4519
15.1204
15.6984
16.201
16.6343
16.9979
17.301
17.5523
17.7578
17.9237
18.0529
18.1481
18.211
18.2417
18.2446
18.2244
18.1828
18.1193
18.0344
17.9301
17.8092
17.6732
17.5221
17.3565
17.1771
16.9842
16.7793
16.5638
16.338
16.102
15.856
15.6
15.3348
15.0614
14.7797
14.4898
14.1915
13.8854
13.5716
13.2504
12.9219
12.5865
12.2443
11.8951
11.5391
11.1764
10.8073
10.4317
10.0501
9.6621
9.26813
8.86801
8.46218
8.05045
7.63319
7.21017
6.78163
6.34751
5.90803
5.46327
5.01341
4.55854
4.09882
3.63413
3.16497
2.69013
2.21243
1.72483
1.24263
0.733532
0.279206
-309.337
-321.605
-333.412
-332.126
-313.079
-280.334
-239.75
-197.438
-158.326
-124.588
-96.6611
-74.2544
-56.5779
-42.6817
-31.7662
-23.1428
-16.2468
-10.654
-6.08873
-2.35334
0.731676
3.3336
5.5611
7.45911
9.068
10.4483
11.6451
12.6929
13.5997
14.3806
15.0535
15.6333
16.1334
16.564
16.9301
17.237
17.4919
17.7016
17.8713
18.004
18.1027
18.1684
18.2003
18.2043
18.1853
18.1443
18.0812
17.9967
17.8934
17.7737
17.6387
17.4881
17.3227
17.1436
16.951
16.7465
16.5317
16.3065
16.0709
15.825
15.5692
15.3043
15.0313
14.7498
14.46
14.1619
13.856
13.5424
13.2214
12.893
12.5578
12.2156
11.8665
11.5106
11.1479
10.7788
10.4033
10.0216
9.63365
9.23961
8.83948
8.4336
8.02184
7.60451
7.18144
6.75286
6.31873
5.87927
5.43457
4.9848
4.53008
4.07058
3.60636
3.13767
2.66449
2.1874
1.70544
1.22185
0.729546
0.251889
-310.271
-317.92
-326.263
-324.072
-306.102
-275.372
-237.269
-197.129
-159.474
-126.586
-98.9983
-76.5768
-58.6929
-44.5178
-33.3163
-24.4275
-17.2979
-11.5183
-6.81064
-2.95868
0.235833
2.93796
5.23878
7.18649
8.84435
10.275
11.5128
12.5845
13.5087
14.3055
14.9904
15.5776
16.0805
16.5126
16.8826
17.1925
17.4486
17.6594
17.83
17.9633
18.0617
18.1252
18.1552
18.1595
18.1423
18.1029
18.0408
17.9573
17.8552
17.7378
17.6049
17.4557
17.2914
17.1127
16.9206
16.7163
16.5012
16.2759
16.0403
15.7944
15.5386
15.274
15.0015
14.7204
14.4307
14.133
13.8274
13.514
13.1932
12.8649
12.5299
12.1877
11.8387
11.4828
11.1202
10.751
10.3756
9.99379
9.6058
9.21169
8.81151
8.40553
7.99372
7.57628
7.15316
6.72451
6.29037
5.85091
5.40625
4.95655
4.50199
4.04269
3.57897
3.11074
2.63925
2.16288
1.68652
1.20185
0.727112
0.223764
-310.492
-316.294
-321.939
-318.557
-301.089
-271.666
-235.201
-196.611
-160.11
-127.975
-100.749
-78.3838
-60.3712
-45.9935
-34.5709
-25.4666
-18.1429
-12.2073
-7.37938
-3.42588
-0.143351
2.62347
4.96644
6.94364
8.62484
10.0763
11.3335
12.4167
13.3497
14.1589
14.8604
15.4645
15.9826
16.4282
16.8101
17.1328
17.4004
17.6196
17.7957
17.9323
18.0315
18.0942
18.1242
18.1296
18.1135
18.0745
18.0121
17.9279
17.8249
17.7059
17.5721
17.423
17.2596
17.0814
16.8895
16.6853
16.4703
16.2452
16.0101
15.7646
15.5094
15.245
14.972
14.6906
14.4011
14.1036
13.7983
13.4851
13.1645
12.8364
12.5015
12.1595
11.8104
11.4545
11.0919
10.7228
10.3473
9.96545
9.57733
9.18313
8.78285
8.37676
7.96484
7.54728
7.1241
6.69537
6.26124
5.82177
5.3772
4.92756
4.47319
4.01409
3.55088
3.08314
2.61335
2.13774
1.66708
1.18108
0.723989
0.195999
-310.518
-314.805
-318.111
-313.455
-296.275
-267.995
-233.032
-195.925
-160.56
-129.154
-102.286
-79.9869
-61.8699
-47.3221
-35.7078
-26.4137
-18.919
-12.8435
-7.90747
-3.86155
-0.49545
2.33386
4.71672
6.72652
8.43911
9.9178
11.1974
12.296
13.2393
14.0553
14.7647
15.3773
15.9006
16.3483
16.7287
17.0507
17.3209
17.5428
17.7207
17.8602
17.9637
18.0323
18.0696
18.0817
18.0708
18.0359
17.9775
17.8975
17.7976
17.6798
17.5463
17.3979
17.2351
17.0576
16.8662
16.6619
16.447
16.222
15.9867
15.7408
15.4853
15.2202
14.9459
14.6635
14.3735
14.0757
13.7699
13.4561
13.1351
12.8066
12.4715
12.129
11.7797
11.4236
11.0608
10.6917
10.316
9.93408
9.54587
9.15165
8.75151
8.34555
7.9337
7.51614
7.09301
6.6643
6.23028
5.79088
5.34647
4.89697
4.44286
3.98404
3.52136
3.05418
2.58601
2.11131
1.64589
1.15931
0.718401
0.171097
-310.4
-313.509
-315.041
-309.398
-292.508
-265.228
-231.493
-195.55
-161.047
-130.173
-103.566
-81.3036
-63.0948
-48.4124
-36.6409
-27.1834
-19.5488
-13.366
-8.34252
-4.21837
-0.784146
2.09329
4.50654
6.5435
8.2846
9.78457
11.0765
12.1838
13.1354
13.9604
14.6777
15.2968
15.8257
16.2761
16.6598
16.9863
17.2623
17.4895
17.6703
17.809
17.9118
17.9819
18.0215
18.0342
18.022
17.985
17.925
17.8446
17.7454
17.629
17.497
17.3501
17.1884
17.0126
16.8232
16.6214
16.4085
16.185
15.9509
15.7063
15.4516
15.1873
14.9137
14.6319
14.3423
14.0444
13.7382
13.424
13.1027
12.7737
12.4383
12.0954
11.7458
11.3894
11.0265
10.6572
10.2817
9.89965
9.51153
9.11737
8.71737
8.31145
7.89973
7.48225
7.05924
6.63067
6.19683
5.75758
5.3134
4.8641
4.4103
3.95184
3.4897
3.02317
2.55646
2.08289
1.62172
1.13606
0.70781
0.152307
-310.21
-312.445
-312.667
-306.232
-289.501
-262.955
-230.134
-195.078
-161.263
-130.839
-104.477
-82.2814
-64.0369
-49.269
-37.3854
-27.8052
-20.0642
-13.8041
-8.71158
-4.51521
-1.02613
1.88026
4.31593
6.38317
8.15257
9.66693
10.963
12.0787
13.0438
13.8788
14.6019
15.2239
15.7557
16.2125
16.6015
16.9304
17.2086
17.4369
17.6192
17.7604
17.8647
17.9362
17.9783
17.9929
17.9814
17.9451
17.8865
17.8078
17.7102
17.5946
17.4623
17.3145
17.1518
16.9752
16.7852
16.5825
16.3685
16.1438
15.9086
15.6631
15.4077
15.1428
14.869
14.5872
14.2975
13.9996
13.6936
13.3798
13.0589
12.7307
12.3959
12.0537
11.7046
11.3488
10.9865
10.6177
10.2427
9.86107
9.47349
9.07968
8.68001
8.27438
7.86303
7.44593
7.02327
6.59507
6.16157
5.72269
5.27882
4.82989
4.37645
3.9184
3.45682
2.99098
2.52542
2.05315
1.59468
1.11177
0.690364
0.143275
-310.014
-311.622
-310.914
-303.872
-287.218
-261.198
-229.052
-194.666
-161.383
-131.319
-105.168
-83.0429
-64.7927
-49.9674
-37.9875
-28.3161
-20.5083
-14.183
-9.01583
-4.76052
-1.24103
1.68951
4.15923
6.25691
8.03954
9.55756
10.8634
11.9951
12.9726
13.8108
14.5322
15.1575
15.6971
16.1601
16.5509
16.8787
17.1562
17.3875
17.5738
17.7168
17.8208
17.892
17.9349
17.9509
17.9401
17.904
17.8451
17.7663
17.6686
17.5528
17.4202
17.2722
17.1095
16.9331
16.7432
16.5405
16.3261
16.1012
15.866
15.6206
15.365
15.0997
14.8255
14.5432
14.253
13.9546
13.6482
13.334
13.0126
12.684
12.3489
12.0063
11.6571
11.3011
10.9387
10.5699
10.195
9.81354
9.42614
9.03265
8.63333
8.22822
7.81744
7.40099
6.97893
6.55142
6.11857
5.68038
5.23714
4.78882
4.33595
3.87847
3.41752
2.95241
2.48774
2.01695
1.55963
1.08117
0.660167
0.138639
-309.856
-311.036
-309.717
-302.257
-285.628
-259.948
-228.241
-194.297
-161.365
-131.533
-105.531
-83.4752
-65.2241
-50.3543
-38.325
-28.6143
-20.7647
-14.3949
-9.19259
-4.91579
-1.37605
1.57771
4.0641
6.16952
7.95629
9.48035
10.7931
11.93
12.9099
13.7494
14.473
15.1016
15.6447
16.1094
16.5009
16.8298
17.1089
17.3424
17.5301
17.6738
17.7783
17.8505
17.8948
17.912
17.902
17.8662
17.8078
17.7299
17.6331
17.5181
17.3862
17.2388
17.0766
16.9006
16.7111
16.5088
16.2946
16.07
15.8351
15.5899
15.3345
15.0694
14.7957
14.5139
14.2242
13.9264
13.6206
13.3071
12.9864
12.6586
12.3246
11.9826
11.6338
11.2783
10.9165
10.5482
10.1738
9.79277
9.40564
9.01238
8.61318
8.208
7.79719
7.38066
6.95857
6.53098
6.09812
5.65988
5.21663
4.76829
4.31543
3.85805
3.39724
2.93225
2.46758
1.99756
1.5398
1.06572
0.639695
0.148962
-309.799
-310.776
-309.167
-301.515
-284.923
-259.447
-228.001
-194.311
-161.573
-131.867
-105.94
-83.9003
-65.628
-50.7258
-38.6604
-28.9093
-21.0206
-14.6211
-9.39764
-5.10018
-1.53628
1.44139
3.93911
6.05315
7.84986
9.38114
10.6971
11.8364
12.8202
13.6637
14.3895
15.0191
15.564
16.031
16.4247
16.7551
17.0351
17.2696
17.4586
17.6036
17.7092
17.7823
17.8273
17.8454
17.8362
17.8011
17.7435
17.6661
17.57
17.4556
17.3241
17.1771
17.0154
16.8399
16.651
16.4491
16.2355
16.0113
15.7769
15.5321
15.2772
15.0125
14.7391
14.4575
14.1681
13.8705
13.5648
13.2513
12.9307
12.6029
12.2686
11.9276
11.5792
11.2238
10.8621
10.494
10.1197
9.73898
9.35204
8.95904
8.56018
8.15561
7.74506
7.32876
6.90686
6.4794
6.04661
5.60843
5.16524
4.71689
4.26411
3.80675
3.34616
2.88157
2.41693
1.9479
1.48892
1.02009
0.591355
0.112922
-314.073
-315.342
-316.519
-316.763
-316.246
-314.976
-313.67
-313.762
-333.208
-334.724
-335.67
-336.006
-335.684
-334.97
-334.106
-333.757
-348.321
-351.157
-352.673
-353.239
-353.129
-352.819
-352.512
-352.172
-346.898
-350.263
-352.116
-352.862
-352.689
-352.174
-351.695
-351.057
-325.751
-328.651
-330.387
-330.946
-330.605
-329.868
-329.084
-328.157
-289.994
-292.05
-293.342
-293.795
-293.469
-292.521
-291.108
-289.508
-244.963
-246.036
-246.887
-247.288
-247.03
-246.001
-244.216
-242.158
-198.425
-198.456
-198.711
-198.925
-198.647
-197.566
-195.616
-193.372
-156.296
-155.6
-155.337
-155.241
-154.838
-153.722
-151.767
-149.561
-120.786
-119.665
-119.119
-118.846
-118.357
-117.253
-115.405
-113.362
-92.2105
-90.9851
-90.339
-89.9458
-89.3854
-88.3419
-86.6683
-84.8426
-69.8902
-68.7361
-68.0978
-67.6327
-67.0318
-66.0723
-64.5986
-63.0152
-52.658
-51.6467
-51.0567
-50.5896
-50.0078
-49.1426
-47.8634
-46.5011
-39.3644
-38.5284
-38.0261
-37.5967
-37.0623
-36.302
-35.2126
-34.0581
-29.0603
-28.3818
-27.9403
-27.5439
-27.0706
-26.4165
-25.4963
-24.5204
-21.0067
-20.4669
-20.0627
-19.6822
-19.2655
-18.7067
-17.9286
-17.0871
-14.6033
-14.176
-13.8219
-13.477
-13.1108
-12.6302
-11.9686
-11.2112
-9.40232
-9.06798
-8.77318
-8.47745
-8.15916
-7.74558
-7.1824
-6.5033
-5.12851
-4.86689
-4.62349
-4.37206
-4.09633
-3.73881
-3.2565
-2.66803
-1.60795
-1.39791
-1.19196
-0.97605
-0.735623
-0.423422
-0.0048285
0.505164
1.32474
1.50044
1.67972
1.86367
2.07279
2.34712
2.71414
3.1602
3.81548
3.96265
4.11798
4.27494
4.45743
4.69973
5.02411
5.41806
5.95485
6.07579
6.20788
6.34457
6.507
6.7236
7.01286
7.36389
7.78482
7.88897
8.00462
8.12677
8.27356
8.46897
8.72865
9.04349
9.3421
9.43601
9.54125
9.65308
9.7878
9.96603
10.201
10.4854
10.6836
10.7723
10.8646
10.9653
11.0891
11.2527
11.467
11.7259
11.853
11.9396
12.022
12.1124
12.2252
12.3751
12.5709
12.8079
12.8762
12.9551
13.0305
13.1144
13.2195
13.3583
13.5385
13.7566
13.7648
13.8371
13.9074
13.9864
14.0851
14.2144
14.3808
14.5823
14.53
14.5968
14.6629
14.7376
14.8307
14.9518
15.1062
15.2931
15.1909
15.2523
15.3138
15.3841
15.4721
15.5858
15.7296
15.9038
15.7619
15.8183
15.8761
15.9429
16.0264
16.1336
16.268
16.4309
16.26
16.311
16.3649
16.4281
16.5073
16.6085
16.7344
16.8872
16.69
16.7367
16.7872
16.847
16.9222
17.0178
17.1359
17.2796
17.0511
17.0958
17.1443
17.2018
17.2737
17.3646
17.4757
17.6113
17.352
17.3951
17.442
17.4975
17.5666
17.6533
17.7582
17.8865
17.6009
17.6422
17.6875
17.7411
17.8075
17.8903
17.9897
18.1115
17.8041
17.8439
17.8877
17.9394
18.0035
18.0828
18.1771
18.2929
17.9679
18.0063
18.0486
18.0986
18.1604
18.2365
18.3261
18.4366
18.0954
18.1326
18.1737
18.2222
18.282
18.355
18.4403
18.5458
18.1889
18.225
18.265
18.312
18.3698
18.44
18.5214
18.6224
18.2501
18.285
18.3238
18.3695
18.4255
18.4931
18.5708
18.6676
18.2796
18.3136
18.3515
18.3961
18.4506
18.5159
18.5903
18.6834
18.2813
18.3145
18.3516
18.3953
18.4484
18.5116
18.5831
18.6727
18.2601
18.2924
18.3286
18.3712
18.4229
18.4841
18.5527
18.6392
18.2177
18.2493
18.2846
18.3263
18.3765
18.4358
18.5018
18.5854
18.1538
18.1848
18.2196
18.2604
18.3095
18.367
18.4305
18.5113
18.0683
18.0991
18.1334
18.1735
18.2215
18.2775
18.3388
18.417
17.9633
17.9936
18.0274
18.0669
18.114
18.1685
18.2276
18.3036
17.8416
17.8713
17.9046
17.9433
17.9893
18.0424
18.0996
18.1734
17.7049
17.734
17.7666
17.8046
17.8497
17.9015
17.9567
18.0286
17.5535
17.5823
17.6145
17.6519
17.6961
17.7466
17.8001
17.8701
17.3877
17.4163
17.4481
17.485
17.5285
17.5778
17.6297
17.698
17.208
17.2363
17.2678
17.3042
17.3469
17.3951
17.4455
17.5121
17.0148
17.0428
17.074
17.1099
17.1519
17.1991
17.248
17.3132
16.8095
16.8372
16.8681
16.9035
16.9448
16.9911
17.0387
17.1024
16.5935
16.6208
16.6513
16.6863
16.7269
16.7722
16.8185
16.8809
16.3673
16.3944
16.4245
16.459
16.499
16.5434
16.5884
16.6496
16.1311
16.1579
16.1877
16.2218
16.2612
16.3047
16.3487
16.4087
15.8849
15.9116
15.9411
15.9749
16.0136
16.0564
16.0992
16.1581
15.6288
15.6552
15.6845
15.7179
15.7562
15.7982
15.84
15.8979
15.3634
15.3896
15.4187
15.4517
15.4895
15.5308
15.5716
15.6285
15.0895
15.1155
15.1442
15.1769
15.2141
15.2547
15.2946
15.3506
14.8076
14.8333
14.8617
14.894
14.9307
14.9706
15.0096
15.0647
14.5174
14.5429
14.5711
14.6031
14.6393
14.6786
14.7168
14.7711
14.2191
14.2445
14.2725
14.3042
14.34
14.3787
14.4161
14.4696
13.9128
13.9381
13.9659
13.9973
14.0327
14.0709
14.1075
14.1604
13.599
13.6241
13.6517
13.6828
13.7178
13.7554
13.7913
13.8435
13.2775
13.3025
13.3299
13.3608
13.3954
13.4325
13.4678
13.5193
12.949
12.9738
13.0011
13.0316
13.0659
13.1025
13.1371
13.188
12.6134
12.6381
12.6652
12.6955
12.7295
12.7657
12.7996
12.8501
12.2711
12.2956
12.3226
12.3527
12.3863
12.422
12.4554
12.5053
11.9218
11.9463
11.9731
12.003
12.0363
12.0717
12.1045
12.1539
11.5658
11.5902
11.6169
11.6466
11.6796
11.7145
11.7468
11.7957
11.203
11.2273
11.2539
11.2835
11.3162
11.3508
11.3826
11.431
10.8338
10.8581
10.8846
10.9139
10.9463
10.9805
11.0118
11.0598
10.4582
10.4824
10.5088
10.538
10.5702
10.6041
10.635
10.6826
10.0765
10.1007
10.1269
10.1559
10.1878
10.2214
10.2518
10.299
9.68857
9.71268
9.7389
9.76776
9.79945
9.83271
9.86269
9.90957
9.2946
9.31866
9.34478
9.37346
9.4049
9.43782
9.46736
9.51386
8.89449
8.91854
8.9446
8.97317
9.00441
9.03707
9.06625
9.11243
8.48866
8.51267
8.53864
8.56705
8.59804
8.63039
8.65915
8.70499
8.07695
8.10095
8.12687
8.15516
8.18598
8.2181
8.24655
8.29213
7.6597
7.68369
7.70955
7.73771
7.76832
7.80017
7.82833
7.87367
7.23671
7.26069
7.28651
7.31458
7.34502
7.37668
7.40492
7.45072
6.80817
6.83212
6.85786
6.8858
6.91603
6.94737
6.97543
7.02133
6.37403
6.39794
6.4236
6.45141
6.48146
6.51256
6.54034
6.586
5.9345
5.95835
5.98391
6.01159
6.04145
6.07232
6.09981
6.14523
5.48968
5.51344
5.53888
5.56638
5.59601
5.62663
5.6538
5.69889
5.03972
5.06339
5.08871
5.11606
5.1455
5.17592
5.20284
5.24772
4.58468
4.60818
4.6333
4.6604
4.68955
4.71964
4.74616
4.79061
4.12478
4.14811
4.17307
4.19998
4.22892
4.25881
4.28515
4.32951
3.65965
3.68262
3.7072
3.73373
3.76227
3.79178
3.8177
3.86165
3.19012
3.21276
3.23701
3.26319
3.29135
3.3205
3.3461
3.38981
2.71389
2.73546
2.75876
2.78412
2.81162
2.8403
2.86559
2.90918
2.23572
2.25685
2.27964
2.30441
2.33123
2.35923
2.3839
2.42681
1.74347
1.76111
1.78103
1.80359
1.8289
1.85613
1.88071
1.92463
1.26279
1.28122
1.3012
1.32309
1.34702
1.37226
1.39484
1.43516
0.739323
0.746893
0.757984
0.773179
0.792875
0.815957
0.834903
0.883322
0.302162
0.320219
0.336606
0.351739
0.36666
0.383731
0.400923
0.376904
)
;

boundaryField
{
    frontAndBack
    {
        type            empty;
    }
    inlet
    {
        type            zeroGradient;
    }
    outlet
    {
        type            fixedValue;
        value           uniform 0;
    }
    walls
    {
        type            zeroGradient;
    }
}


// ************************************************************************* //
