/*--------------------------------*- C++ -*----------------------------------*\
| =========                 |                                                 |
| \\      /  F ield         | OpenFOAM: The Open Source CFD Toolbox           |
|  \\    /   O peration     | Version:  v2012                                 |
|   \\  /    A nd           | Website:  www.openfoam.com                      |
|    \\/     M anipulation  |                                                 |
\*---------------------------------------------------------------------------*/
FoamFile
{
    version     2.0;
    format      ascii;
    class       Cloud<basicKinematicParcel>;
    location    "0.037/lagrangian/kinematicCloud";
    object      coordinates;
}
// * * * * * * * * * * * * * * * * * * * * * * * * * * * * * * * * * * * * * //

40
(
(0.000153204 0.499923 0.447823 0.0521005) 325 648 2
(0.704342 0.0724351 0.147829 0.0753941) 824 1646 1
(0.438803 0.280599 0.0791564 0.201442) 1123 2246 2
(0.0562983 0.0460149 0.471851 0.425836) 523 1044 1
(0.372664 0.313668 0.0979875 0.215681) 1422 2645 1
(0.773314 0.113343 0.0846671 0.0286757) 1121 2242 2
(0.553442 0.189083 0.223279 0.0341956) 19 36 1
(0.372457 0.313771 0.162475 0.151296) 1620 3238 2
(0.299019 0.350491 0.266634 0.0838567) 1619 3039 1
(0.535216 0.232392 0.17075 0.0616423) 718 1436 2
(0.300329 0.282579 0.349836 0.0672571) 818 1637 2
(0.0321552 0.0926929 0.483922 0.39123) 417 835 2
(0.212573 0.0519 0.393714 0.341814) 1816 3633 2
(0.112371 0.443814 0.436325 0.0074896) 116 230 2
(0.952739 0.00791566 0.0236307 0.0157151) 1815 3631 2
(0.226187 0.27572 0.111187 0.386907) 914 1828 1
(0.0139042 0.493048 0.232051 0.260996) 314 429 1
(0.178207 0.410897 0.333763 0.0771333) 1813 3427 1
(0.578282 0.210859 0.00900729 0.201852) 512 1024 2
(0.419138 0.104448 0.185983 0.290431) 1612 3025 2
(0.16225 0.418875 0.218207 0.200668) 1311 2622 2
(0.41349 0.142722 0.293255 0.150533) 1711 3420 1
(0.705504 0.147248 0.0923102 0.0549378) 1310 2621 1
(0.635343 0.0907901 0.0915384 0.182328) 409 619 2
(0.435856 0.282072 0.238015 0.044057) 809 1419 1
(0.476812 0.261594 0.114452 0.147142) 1308 2616 2
(0.0383271 0.480836 0.0482137 0.432623) 308 614 2
(0.0520975 0.108601 0.473951 0.36535) 1408 2814 1
(0.756601 0.121699 0.057534 0.0641654) 107 212 2
(0.496882 0.251559 0.17291 0.0786491) 1507 3012 2
(0.131208 0.434396 0.0211823 0.413214) 6 22226 2
(0.482968 0.0102551 0.248261 0.258516) 205 211 2
(0.163171 0.418415 0.199316 0.219099) 1904 3804 2
(0.388952 0.2087 0.305524 0.0968237) 1004 2006 1
(0.246757 0.0313042 0.376622 0.345317) 504 1006 1
(0.210639 0.3132 0.39468 0.0814807) 1203 2407 2
(0.371163 0.0128048 0.301614 0.314418) 702 1205 2
(0.355568 0.322216 0.0479438 0.274272) 802 1405 1
(0.0594146 0.470293 0.046086 0.424207) 1201 2403 1
(0.475113 0.049022 0.262443 0.213421) 0 1 2
)


// ************************************************************************* //
