/*--------------------------------*- C++ -*----------------------------------*\
| =========                 |                                                 |
| \\      /  F ield         | OpenFOAM: The Open Source CFD Toolbox           |
|  \\    /   O peration     | Version:  v2012                                 |
|   \\  /    A nd           | Website:  www.openfoam.com                      |
|    \\/     M anipulation  |                                                 |
\*---------------------------------------------------------------------------*/
FoamFile
{
    version     2.0;
    format      ascii;
    class       volScalarField;
    location    "0.38";
    object      p;
}
// * * * * * * * * * * * * * * * * * * * * * * * * * * * * * * * * * * * * * //

dimensions      [0 2 -2 0 0 0 0];


internalField   nonuniform List<scalar> 
5600
(
-0.670951
-1.1291
-1.50955
-1.82806
-2.13892
-2.44916
-2.75051
-3.03226
-3.29532
-3.54548
-3.78206
-4.00673
-4.22117
-4.42746
-4.62767
-4.82351
-5.01578
-5.20552
-5.3927
-5.57764
-5.76043
-5.94074
-6.1185
-6.2948
-6.46963
-6.64315
-6.81541
-6.98666
-7.15744
-7.32767
-7.49742
-7.66635
-7.83454
-8.00229
-8.16958
-8.33617
-8.50225
-8.66764
-8.8325
-8.99667
-9.1603
-9.32335
-9.48576
-9.64747
-9.80871
-9.9694
-10.1296
-10.2893
-10.4486
-10.6073
-10.7656
-10.9234
-11.0808
-11.2377
-11.3942
-11.5502
-11.706
-11.8611
-12.0159
-12.1702
-12.3241
-12.4777
-12.6309
-12.7837
-12.9362
-13.0883
-13.24
-13.3913
-13.5424
-13.6931
-13.8435
-13.9937
-14.1435
-14.2931
-14.4423
-14.5913
-14.74
-14.8885
-15.0367
-15.1847
-15.3324
-15.48
-15.6273
-15.7745
-15.9214
-16.0681
-16.2146
-16.3611
-16.5074
-16.6533
-16.7991
-16.9445
-17.0905
-17.2362
-17.3826
-17.5292
-17.6783
-17.8314
-17.9879
-18.2281
-0.729986
-1.14929
-1.52616
-1.84588
-2.15691
-2.46749
-2.76877
-3.05077
-3.31419
-3.56441
-3.8012
-4.02618
-4.24095
-4.44762
-4.64818
-4.84434
-5.0369
-5.22689
-5.41423
-5.59925
-5.78225
-5.96267
-6.14048
-6.31689
-6.49186
-6.66551
-6.83787
-7.0092
-7.18008
-7.3504
-7.52023
-7.68924
-7.85745
-8.02523
-8.19256
-8.35917
-8.52529
-8.6907
-8.85561
-9.0198
-9.18347
-9.34655
-9.509
-9.67072
-9.832
-9.99269
-10.1529
-10.3126
-10.4719
-10.6306
-10.7889
-10.9467
-11.1041
-11.261
-11.4175
-11.5735
-11.7292
-11.8844
-12.0391
-12.1934
-12.3474
-12.5009
-12.6542
-12.8069
-12.9594
-13.1114
-13.2632
-13.4145
-13.5656
-13.7163
-13.8667
-14.0168
-14.1667
-14.3162
-14.4654
-14.6144
-14.7631
-14.9116
-15.0598
-15.2078
-15.3555
-15.5031
-15.6504
-15.7976
-15.9444
-16.0912
-16.2377
-16.3843
-16.5303
-16.6765
-16.822
-16.9678
-17.1134
-17.2597
-17.405
-17.5533
-17.6994
-17.8565
-18.0079
-18.2405
-0.768232
-1.16191
-1.53891
-1.85924
-2.16812
-2.4762
-2.7764
-3.05799
-3.32118
-3.57107
-3.80759
-4.03265
-4.24746
-4.4541
-4.65469
-4.85088
-5.04345
-5.23346
-5.42079
-5.60584
-5.78882
-5.9693
-6.14727
-6.32373
-6.49861
-6.67223
-6.84452
-7.01586
-7.18663
-7.35691
-7.52666
-7.69562
-7.86388
-8.03167
-8.19898
-8.36558
-8.53167
-8.69706
-8.86192
-9.02607
-9.18968
-9.3527
-9.51507
-9.67672
-9.83792
-9.99862
-10.1589
-10.3186
-10.4778
-10.6366
-10.7949
-10.9527
-11.1101
-11.267
-11.4236
-11.5797
-11.7354
-11.8907
-12.0455
-12.1998
-12.3538
-12.5075
-12.6608
-12.8136
-12.9661
-13.1182
-13.27
-13.4213
-13.5725
-13.7232
-13.8737
-14.0238
-14.1737
-14.3233
-14.4725
-14.6216
-14.7703
-14.9188
-15.067
-15.215
-15.3627
-15.5104
-15.6576
-15.8049
-15.9517
-16.0985
-16.245
-16.3916
-16.5377
-16.6839
-16.8294
-16.9752
-17.1207
-17.2672
-17.4125
-17.5608
-17.7073
-17.865
-18.0155
-18.2394
-0.816955
-1.17839
-1.5543
-1.87609
-2.18369
-2.49083
-2.79141
-3.07362
-3.33745
-3.58766
-3.82475
-4.04982
-4.26511
-4.47196
-4.67259
-4.8687
-5.06114
-5.2509
-5.43793
-5.62266
-5.80549
-5.98588
-6.16387
-6.34042
-6.51541
-6.68932
-6.86198
-7.03366
-7.20466
-7.37517
-7.54509
-7.7142
-7.88246
-8.05033
-8.2177
-8.3844
-8.55057
-8.71606
-8.88102
-9.0453
-9.20905
-9.37223
-9.53478
-9.69663
-9.85801
-10.0187
-10.179
-10.3388
-10.4981
-10.6569
-10.8153
-10.9732
-11.1306
-11.2876
-11.444
-11.6
-11.7558
-11.9109
-12.0656
-12.2198
-12.3738
-12.5274
-12.6805
-12.8333
-12.9857
-13.1377
-13.2895
-13.4408
-13.5918
-13.7425
-13.8929
-14.043
-14.1929
-14.3424
-14.4916
-14.6407
-14.7893
-14.9378
-15.086
-15.234
-15.3817
-15.5293
-15.6766
-15.8238
-15.9707
-16.1174
-16.2639
-16.4104
-16.5566
-16.7026
-16.8483
-16.9939
-17.1397
-17.2857
-17.4314
-17.5789
-17.7261
-17.8818
-18.0372
-18.2394
-0.866582
-1.19551
-1.57004
-1.89428
-2.20029
-2.50659
-2.80686
-3.0889
-3.35275
-3.60276
-3.84007
-4.06491
-4.28039
-4.48746
-4.6883
-4.88458
-5.0772
-5.26708
-5.45426
-5.6391
-5.82189
-6.0023
-6.18027
-6.35667
-6.5315
-6.70522
-6.87767
-7.04917
-7.21992
-7.39034
-7.56015
-7.72925
-7.89757
-8.06554
-8.23291
-8.39965
-8.56579
-8.7313
-8.89621
-9.06048
-9.22413
-9.38724
-9.54963
-9.71142
-9.87269
-10.0334
-10.1937
-10.3534
-10.5126
-10.6714
-10.8297
-10.9875
-11.1448
-11.3017
-11.4582
-11.6143
-11.7701
-11.9253
-12.0802
-12.2345
-12.3885
-12.5421
-12.6955
-12.8484
-13.0009
-13.153
-13.3048
-13.4562
-13.6073
-13.7581
-13.9086
-14.0587
-14.2086
-14.3582
-14.5075
-14.6565
-14.8053
-14.9538
-15.102
-15.25
-15.3978
-15.5454
-15.6927
-15.8399
-15.9868
-16.1335
-16.2802
-16.4266
-16.5729
-16.7188
-16.8646
-17.0102
-17.156
-17.302
-17.4477
-17.5952
-17.7422
-17.8975
-18.0498
-18.2445
-0.916618
-1.21483
-1.58733
-1.91454
-2.21892
-2.52424
-2.82415
-3.10621
-3.37029
-3.62049
-3.85804
-4.08322
-4.29897
-4.50632
-4.70736
-4.90376
-5.09648
-5.28636
-5.47359
-5.65847
-5.84106
-6.02147
-6.1995
-6.37594
-6.55084
-6.7246
-6.8971
-7.06864
-7.23943
-7.40971
-7.57954
-7.74857
-7.91688
-8.08472
-8.25198
-8.41863
-8.58469
-8.75014
-8.915
-9.07925
-9.24289
-9.40621
-9.56866
-9.73055
-9.89188
-10.0527
-10.213
-10.3728
-10.5321
-10.691
-10.8493
-11.0072
-11.1646
-11.3216
-11.4781
-11.6342
-11.79
-11.9452
-12.1001
-12.2544
-12.4084
-12.562
-12.7151
-12.8679
-13.0204
-13.1725
-13.3243
-13.4756
-13.6267
-13.7774
-13.9279
-14.078
-14.2279
-14.3774
-14.5267
-14.6757
-14.8245
-14.973
-15.1212
-15.2692
-15.417
-15.5646
-15.7119
-15.8591
-16.006
-16.1527
-16.2993
-16.4458
-16.592
-16.738
-16.8837
-17.0294
-17.1752
-17.3211
-17.4668
-17.6141
-17.7609
-17.9148
-18.066
-18.2512
-0.966036
-1.23665
-1.6064
-1.93682
-2.23974
-2.54403
-2.84364
-3.12579
-3.39004
-3.64036
-3.87802
-4.10346
-4.31929
-4.52679
-4.72795
-4.92445
-5.11725
-5.30716
-5.49442
-5.6793
-5.8619
-6.04234
-6.22044
-6.3969
-6.57185
-6.74559
-6.91812
-7.08967
-7.26056
-7.43074
-7.60059
-7.76962
-7.93797
-8.10578
-8.27306
-8.4397
-8.60575
-8.77119
-8.936
-9.10025
-9.26383
-9.42711
-9.58953
-9.75133
-9.91257
-10.0733
-10.2335
-10.3932
-10.5525
-10.7113
-10.8696
-11.0275
-11.1848
-11.3419
-11.4984
-11.6545
-11.8103
-11.9656
-12.1204
-12.2747
-12.4288
-12.5823
-12.7356
-12.8884
-13.041
-13.1931
-13.3448
-13.4962
-13.6473
-13.7981
-13.9485
-14.0987
-14.2486
-14.3982
-14.5474
-14.6965
-14.8453
-14.9937
-15.142
-15.29
-15.4378
-15.5854
-15.7328
-15.88
-16.0269
-16.1737
-16.3202
-16.4667
-16.6129
-16.759
-16.9047
-17.0504
-17.1961
-17.3421
-17.4877
-17.6347
-17.7813
-17.9336
-18.083
-18.2581
-1.01301
-1.26114
-1.62781
-1.96129
-2.263
-2.56629
-2.8657
-3.14791
-3.41228
-3.66269
-3.90044
-4.1261
-4.34201
-4.54971
-4.75103
-4.94764
-5.14053
-5.33048
-5.51778
-5.70268
-5.88528
-6.06569
-6.24383
-6.4203
-6.59528
-6.76901
-6.94156
-7.11313
-7.28404
-7.45424
-7.62406
-7.7931
-7.96147
-8.12928
-8.29656
-8.4632
-8.62925
-8.7947
-8.9595
-9.1238
-9.28744
-9.45055
-9.613
-9.7748
-9.93607
-10.0968
-10.257
-10.4167
-10.576
-10.7347
-10.893
-11.0509
-11.2082
-11.3653
-11.5217
-11.6779
-11.8336
-11.9888
-12.1436
-12.2979
-12.4519
-12.6054
-12.7587
-12.9115
-13.064
-13.2161
-13.3679
-13.5193
-13.6704
-13.8212
-13.9716
-14.1218
-14.2717
-14.4213
-14.5706
-14.7197
-14.8685
-15.0169
-15.1652
-15.3132
-15.461
-15.6085
-15.7559
-15.9031
-16.05
-16.1968
-16.3433
-16.4898
-16.6361
-16.7821
-16.9278
-17.0735
-17.2192
-17.3651
-17.5107
-17.6573
-17.8036
-17.9541
-18.1011
-18.2656
-1.05599
-1.28821
-1.65214
-1.98808
-2.2889
-2.59136
-2.89064
-3.17287
-3.43732
-3.68783
-3.92566
-4.1515
-4.36748
-4.57531
-4.77674
-4.97342
-5.16636
-5.35634
-5.54364
-5.72856
-5.91116
-6.09152
-6.26969
-6.44617
-6.62118
-6.79492
-6.96748
-7.13907
-7.31
-7.48024
-7.65001
-7.81905
-7.98744
-8.15525
-8.32252
-8.48917
-8.65521
-8.82066
-8.98546
-9.14977
-9.31341
-9.47647
-9.63895
-9.80077
-9.96204
-10.1228
-10.283
-10.4427
-10.6019
-10.7607
-10.919
-11.0769
-11.2342
-11.3913
-11.5477
-11.7039
-11.8595
-12.0147
-12.1695
-12.3238
-12.4778
-12.6313
-12.7845
-12.9373
-13.0898
-13.2418
-13.3936
-13.5451
-13.6962
-13.8469
-13.9973
-14.1475
-14.2973
-14.4469
-14.5961
-14.7451
-14.8939
-15.0425
-15.1907
-15.3387
-15.4865
-15.634
-15.7814
-15.9286
-16.0755
-16.2223
-16.3688
-16.5153
-16.6616
-16.8076
-16.9533
-17.0991
-17.2447
-17.3906
-17.5361
-17.6824
-17.8281
-17.9766
-18.1208
-18.2739
-1.09317
-1.31741
-1.67999
-2.01735
-2.31764
-2.61966
-2.9189
-3.20108
-3.46558
-3.71617
-3.95406
-4.17998
-4.396
-4.6039
-4.8054
-5.00212
-5.1951
-5.38509
-5.57241
-5.75736
-5.93994
-6.12026
-6.29845
-6.47496
-6.64998
-6.82371
-6.99627
-7.16787
-7.33884
-7.5091
-7.67881
-7.84786
-8.01626
-8.18408
-8.35135
-8.51799
-8.68403
-8.84948
-9.01428
-9.17861
-9.34225
-9.5053
-9.66778
-9.8296
-9.99086
-10.1516
-10.3118
-10.4715
-10.6308
-10.7895
-10.9478
-11.1057
-11.263
-11.4201
-11.5766
-11.7327
-11.8883
-12.0435
-12.1983
-12.3526
-12.5066
-12.6602
-12.8133
-12.9661
-13.1186
-13.2707
-13.4225
-13.5739
-13.725
-13.8758
-14.0261
-14.1763
-14.3261
-14.4757
-14.6249
-14.7739
-14.9227
-15.0712
-15.2194
-15.3674
-15.5151
-15.6627
-15.81
-15.9572
-16.1041
-16.2508
-16.3973
-16.5437
-16.6901
-16.836
-16.9818
-17.1275
-17.2732
-17.4189
-17.5643
-17.7101
-17.8551
-18.0015
-18.1423
-18.284
-1.12053
-1.3467
-1.7104
-2.0477
-2.34787
-2.65005
-2.94936
-3.23141
-3.49591
-3.74656
-3.98443
-4.21034
-4.42634
-4.63423
-4.83574
-5.03247
-5.22546
-5.41546
-5.60276
-5.78774
-5.9703
-6.15057
-6.32876
-6.50527
-6.6803
-6.85401
-7.02657
-7.19816
-7.36917
-7.53944
-7.70911
-7.87816
-8.04658
-8.21441
-8.38166
-8.54831
-8.71435
-8.8798
-9.04458
-9.20895
-9.37259
-9.53562
-9.69808
-9.85991
-10.0212
-10.1819
-10.3421
-10.5018
-10.6611
-10.8198
-10.9781
-11.136
-11.2933
-11.4504
-11.6069
-11.763
-11.9186
-12.0738
-12.2286
-12.383
-12.5369
-12.6905
-12.8437
-12.9965
-13.1489
-13.301
-13.4528
-13.6042
-13.7553
-13.9061
-14.0564
-14.2066
-14.3564
-14.506
-14.6552
-14.8042
-14.953
-15.1014
-15.2497
-15.3976
-15.5454
-15.693
-15.8403
-15.9875
-16.1344
-16.2811
-16.4277
-16.5741
-16.7204
-16.8664
-17.0121
-17.1578
-17.3035
-17.4491
-17.5944
-17.7398
-17.8841
-18.0281
-18.1655
-18.2975
-1.13532
-1.37335
-1.74046
-2.07617
-2.37665
-2.67959
-2.97907
-3.26091
-3.52538
-3.77606
-4.01384
-4.23965
-4.45558
-4.66338
-4.86483
-5.06153
-5.2545
-5.44448
-5.63176
-5.81677
-5.99931
-6.17951
-6.35768
-6.5342
-6.70924
-6.88294
-7.05548
-7.22705
-7.39811
-7.56838
-7.73802
-7.90706
-8.07549
-8.24333
-8.41058
-8.57723
-8.74326
-8.90871
-9.07347
-9.23788
-9.4015
-9.56452
-9.72697
-9.88881
-10.0501
-10.2108
-10.371
-10.5308
-10.69
-10.8488
-11.007
-11.1649
-11.3222
-11.4793
-11.6358
-11.7919
-11.9475
-12.1027
-12.2575
-12.4119
-12.5658
-12.7194
-12.8725
-13.0253
-13.1778
-13.3299
-13.4817
-13.6331
-13.7842
-13.935
-14.0854
-14.2356
-14.3854
-14.535
-14.6842
-14.8333
-14.9821
-15.1305
-15.2788
-15.4268
-15.5746
-15.7222
-15.8695
-16.0166
-16.1636
-16.3103
-16.457
-16.6034
-16.7498
-16.8958
-17.0416
-17.1873
-17.3329
-17.4784
-17.6236
-17.7686
-17.9122
-18.0543
-18.1888
-18.3133
-1.13903
-1.39692
-1.7685
-2.10152
-2.4027
-2.70676
-3.00649
-3.28805
-3.55247
-3.80318
-4.04082
-4.26647
-4.48228
-4.68993
-4.89128
-5.08792
-5.28085
-5.47081
-5.65806
-5.8431
-6.02561
-6.20574
-6.38389
-6.56039
-6.73543
-6.9091
-7.08163
-7.25316
-7.42428
-7.59453
-7.76415
-7.93318
-8.10162
-8.26946
-8.43671
-8.60337
-8.7694
-8.93485
-9.0996
-9.26405
-9.42767
-9.59066
-9.75311
-9.91494
-10.0762
-10.2369
-10.3971
-10.5569
-10.7161
-10.8748
-11.0331
-11.191
-11.3484
-11.5055
-11.662
-11.818
-11.9737
-12.1289
-12.2837
-12.4381
-12.5921
-12.7457
-12.8989
-13.0517
-13.2042
-13.3563
-13.5081
-13.6595
-13.8106
-13.9614
-14.112
-14.2622
-14.412
-14.5616
-14.7109
-14.8599
-15.0087
-15.1572
-15.3054
-15.4535
-15.6012
-15.7488
-15.8961
-16.0432
-16.1901
-16.3368
-16.4834
-16.6298
-16.776
-16.922
-17.0679
-17.2136
-17.3593
-17.5048
-17.6499
-17.7946
-17.9374
-18.0782
-18.2105
-18.3297
-1.13395
-1.41824
-1.79447
-2.12417
-2.42641
-2.73175
-3.03176
-3.31297
-3.57732
-3.82803
-4.06552
-4.29096
-4.50665
-4.71412
-4.91534
-5.11188
-5.30475
-5.4947
-5.68189
-5.86698
-6.04945
-6.22952
-6.40764
-6.58414
-6.75917
-6.93281
-7.10531
-7.27681
-7.44797
-7.6182
-7.78781
-7.95683
-8.12528
-8.2931
-8.46036
-8.62699
-8.79303
-8.9584
-9.12321
-9.28768
-9.45128
-9.61428
-9.77673
-9.93857
-10.0998
-10.2606
-10.4208
-10.5806
-10.7398
-10.8986
-11.0569
-11.2147
-11.3723
-11.5294
-11.6859
-11.842
-11.9977
-12.153
-12.3078
-12.4622
-12.6162
-12.7698
-12.923
-13.0759
-13.2283
-13.3803
-13.5321
-13.6836
-13.8347
-13.9854
-14.136
-14.2861
-14.436
-14.5856
-14.7348
-14.8839
-15.0327
-15.1812
-15.3294
-15.4774
-15.6252
-15.7728
-15.9202
-16.0673
-16.2143
-16.3611
-16.5078
-16.6543
-16.8006
-16.9466
-17.0923
-17.238
-17.3835
-17.529
-17.674
-17.8186
-17.9613
-18.1002
-18.2308
-18.346
-1.12262
-1.4377
-1.81809
-2.1444
-2.44794
-2.75464
-3.05505
-3.3359
-3.60017
-3.85085
-4.08814
-4.3133
-4.52881
-4.7361
-4.93717
-5.1336
-5.32637
-5.51629
-5.70342
-5.88853
-6.07094
-6.25094
-6.429
-6.60551
-6.78051
-6.95417
-7.12657
-7.29811
-7.4693
-7.63949
-7.80908
-7.9781
-8.14659
-8.31442
-8.4817
-8.64834
-8.81443
-8.97981
-9.14477
-9.30918
-9.4728
-9.63587
-9.79839
-9.96029
-10.1216
-10.2824
-10.4427
-10.6025
-10.7618
-10.9206
-11.0789
-11.2366
-11.3941
-11.5512
-11.7077
-11.8638
-12.0195
-12.1747
-12.3296
-12.4839
-12.6379
-12.7915
-12.9447
-13.0975
-13.25
-13.402
-13.5538
-13.7052
-13.8563
-14.0071
-14.1576
-14.3078
-14.4576
-14.6071
-14.7564
-14.9054
-15.0541
-15.2026
-15.3508
-15.4988
-15.6466
-15.7941
-15.9414
-16.0884
-16.2353
-16.3819
-16.5284
-16.6747
-16.821
-16.967
-17.1129
-17.2586
-17.4043
-17.5498
-17.6946
-17.8389
-17.981
-18.1202
-18.2496
-18.362
-1.10709
-1.45568
-1.83932
-2.16257
-2.46749
-2.77543
-3.0763
-3.35681
-3.62109
-3.8717
-4.10888
-4.33378
-4.54901
-4.75607
-4.95706
-5.15337
-5.34613
-5.53594
-5.72315
-5.9083
-6.09067
-6.2706
-6.44858
-6.62504
-6.79998
-6.97361
-7.14597
-7.31761
-7.48878
-7.65902
-7.82862
-7.99769
-8.16628
-8.33423
-8.5016
-8.66835
-8.83451
-8.99998
-9.16495
-9.32928
-9.49286
-9.6559
-9.8184
-9.98029
-10.1416
-10.3024
-10.4627
-10.6224
-10.7817
-10.9405
-11.0988
-11.2566
-11.4141
-11.5711
-11.7277
-11.8838
-12.0394
-12.1947
-12.3495
-12.5039
-12.6579
-12.8115
-12.9647
-13.1175
-13.2699
-13.422
-13.5738
-13.7253
-13.8764
-14.0272
-14.1777
-14.3279
-14.4777
-14.6273
-14.7766
-14.9256
-15.0744
-15.2229
-15.3712
-15.5192
-15.667
-15.8146
-15.962
-16.1092
-16.2562
-16.403
-16.5497
-16.6962
-16.8425
-16.9885
-17.1343
-17.2799
-17.4254
-17.5709
-17.7157
-17.86
-18.0017
-18.1388
-18.2672
-18.3776
-1.08835
-1.47237
-1.85838
-2.17942
-2.48567
-2.79451
-3.0956
-3.37561
-3.63986
-3.89027
-4.12711
-4.35227
-4.56704
-4.77372
-4.97449
-5.17059
-5.36323
-5.55287
-5.74014
-5.92515
-6.10754
-6.28753
-6.46564
-6.64228
-6.81737
-6.99111
-7.16365
-7.33543
-7.50666
-7.67697
-7.84653
-8.01548
-8.18399
-8.35188
-8.51918
-8.68586
-8.85195
-9.01737
-9.18227
-9.34657
-9.51013
-9.67313
-9.83555
-9.99739
-10.1587
-10.3194
-10.4796
-10.6394
-10.7986
-10.9574
-11.1156
-11.2733
-11.4308
-11.5878
-11.7443
-11.9003
-12.056
-12.2112
-12.3659
-12.5203
-12.6742
-12.8278
-12.9809
-13.1337
-13.2861
-13.4381
-13.5898
-13.7412
-13.8923
-14.043
-14.1935
-14.3436
-14.4934
-14.6428
-14.7921
-14.941
-15.0897
-15.2382
-15.3864
-15.5343
-15.6821
-15.8295
-15.9768
-16.1239
-16.2707
-16.4174
-16.5639
-16.7102
-16.8564
-17.0024
-17.1482
-17.2939
-17.4395
-17.5849
-17.7297
-17.8739
-18.016
-18.1542
-18.2825
-18.3922
-1.06749
-1.48671
-1.87397
-2.19438
-2.50254
-2.813
-3.11442
-3.39395
-3.65823
-3.9085
-4.14509
-4.37051
-4.58495
-4.79149
-4.99227
-5.18849
-5.38132
-5.57131
-5.75889
-5.94415
-6.12673
-6.30678
-6.48497
-6.6616
-6.83662
-7.01013
-7.18246
-7.35413
-7.52529
-7.69557
-7.86514
-8.03413
-8.20265
-8.37057
-8.53789
-8.7046
-8.87071
-9.03617
-9.20109
-9.36541
-9.529
-9.692
-9.8544
-10.0162
-10.1775
-10.3383
-10.4986
-10.6583
-10.8176
-10.9764
-11.1346
-11.2924
-11.4499
-11.607
-11.7635
-11.9196
-12.0752
-12.2305
-12.3853
-12.5397
-12.6937
-12.8473
-13.0005
-13.1533
-13.3057
-13.4578
-13.6096
-13.761
-13.9121
-14.0629
-14.2134
-14.3636
-14.5134
-14.663
-14.8122
-14.9612
-15.11
-15.2585
-15.4068
-15.5548
-15.7026
-15.8501
-15.9974
-16.1446
-16.2915
-16.4383
-16.5849
-16.7314
-16.8776
-17.0237
-17.1695
-17.3152
-17.4607
-17.6061
-17.7509
-17.895
-18.0364
-18.1732
-18.3
-18.4082
-1.05289
-1.50129
-1.88621
-2.20392
-2.5129
-2.82514
-3.12707
-3.40606
-3.67051
-3.92078
-4.15725
-4.38229
-4.59655
-4.80298
-5.00364
-5.19975
-5.39246
-5.58233
-5.76979
-5.95487
-6.13715
-6.31679
-6.49477
-6.6712
-6.84609
-7.01949
-7.19162
-7.36318
-7.53425
-7.70445
-7.87395
-8.04284
-8.21128
-8.37911
-8.54636
-8.71299
-8.87904
-9.04443
-9.20928
-9.37353
-9.53706
-9.70001
-9.86237
-10.0242
-10.1854
-10.3461
-10.5063
-10.666
-10.8253
-10.984
-11.1422
-11.3
-11.4574
-11.6144
-11.7709
-11.9269
-12.0825
-12.2377
-12.3925
-12.5468
-12.7008
-12.8543
-13.0075
-13.1603
-13.3127
-13.4647
-13.6164
-13.7678
-13.9189
-14.0696
-14.2201
-14.3702
-14.52
-14.6695
-14.8187
-14.9677
-15.1164
-15.2649
-15.4131
-15.5611
-15.7088
-15.8563
-16.0036
-16.1507
-16.2976
-16.4443
-16.5909
-16.7373
-16.8835
-17.0295
-17.1753
-17.321
-17.4665
-17.6119
-17.7567
-17.9008
-18.0426
-18.1802
-18.3074
-18.4162
-1.02242
-1.51611
-1.90982
-2.22807
-2.53725
-2.84999
-3.15269
-3.43072
-3.69548
-3.94586
-4.18223
-4.40708
-4.62113
-4.82727
-5.02766
-5.22355
-5.41607
-5.60579
-5.79316
-5.97816
-6.16047
-6.34016
-6.51812
-6.69453
-6.86937
-7.04275
-7.21489
-7.3864
-7.55742
-7.72759
-7.89706
-8.06595
-8.23437
-8.4022
-8.56944
-8.73607
-8.90211
-9.06751
-9.23236
-9.39662
-9.56015
-9.7231
-9.88547
-10.0473
-10.2085
-10.3692
-10.5294
-10.6892
-10.8484
-11.0071
-11.1654
-11.3231
-11.4805
-11.6376
-11.7941
-11.9501
-12.1057
-12.2609
-12.4157
-12.5701
-12.724
-12.8776
-13.0307
-13.1835
-13.3359
-13.488
-13.6397
-13.7911
-13.9422
-14.0929
-14.2434
-14.3935
-14.5433
-14.6928
-14.8421
-14.9911
-15.1398
-15.2883
-15.4365
-15.5845
-15.7322
-15.8797
-16.027
-16.1741
-16.3211
-16.4678
-16.6143
-16.7607
-16.907
-17.053
-17.1988
-17.3444
-17.49
-17.6354
-17.7802
-17.9243
-18.0659
-18.2031
-18.3301
-18.4384
-18.2133
-18.4748
-19.2129
-19.3382
-18.7968
-17.7128
-16.252
-14.5478
-12.7872
-11.0652
-9.47213
-8.03566
-6.77183
-5.67529
-4.73267
-3.92419
-3.23238
-2.63745
-2.12391
-1.67979
-1.29336
-0.954791
-0.657287
-0.394853
-0.162129
0.0455138
0.23082
0.396119
0.544184
0.67724
0.797493
0.905551
1.00115
1.08596
1.16119
1.22762
1.28598
1.33696
1.38111
1.41897
1.45103
1.47773
1.49949
1.5167
1.5297
1.53881
1.54436
1.5466
1.54581
1.54221
1.53604
1.52748
1.51673
1.50399
1.4894
1.47311
1.45526
1.43601
1.41547
1.39376
1.37095
1.34713
1.32239
1.29681
1.27049
1.24342
1.21568
1.18732
1.15832
1.12873
1.0986
1.06795
1.03682
1.00522
0.973187
0.940717
0.907864
0.874618
0.841024
0.807035
0.772789
0.738085
0.703336
0.668076
0.632687
0.596995
0.561056
0.524978
0.488606
0.452162
0.415361
0.378594
0.34114
0.303663
0.264966
0.225652
0.183623
0.139524
0.0861082
0.0396404
-18.2533
-18.4014
-19.1063
-19.2486
-18.7193
-17.6556
-16.2171
-14.5325
-12.7875
-11.0769
-9.49226
-8.06047
-6.79911
-5.70359
-4.76078
-3.9514
-3.25805
-2.66138
-2.14609
-1.70027
-1.31235
-0.972529
-0.673924
-0.410408
-0.176828
0.0314335
0.217179
0.382922
0.53115
0.664246
0.783703
0.891573
0.987282
1.07216
1.14747
1.21396
1.27239
1.32343
1.36764
1.40555
1.43765
1.46439
1.48618
1.50342
1.51645
1.52559
1.53115
1.53342
1.53264
1.52907
1.52291
1.51437
1.50364
1.49091
1.47634
1.46006
1.44224
1.423
1.40248
1.38078
1.35799
1.33419
1.30946
1.28391
1.2576
1.23053
1.2028
1.17445
1.14544
1.11585
1.08572
1.05506
1.02392
0.992299
0.960249
0.927757
0.894879
0.861603
0.82798
0.793959
0.759684
0.724958
0.690167
0.654899
0.619476
0.583783
0.547833
0.51176
0.475403
0.438993
0.402235
0.36556
0.328235
0.29098
0.252672
0.213952
0.173075
0.130569
0.0804624
0.0359837
-18.248
-18.4087
-19.0314
-19.157
-18.6323
-17.5863
-16.1703
-14.5078
-12.7821
-11.0872
-9.51305
-8.08827
-6.83123
-5.73727
-4.79409
-3.98345
-3.28818
-2.68947
-2.17222
-1.7245
-1.3349
-0.993569
-0.693625
-0.428852
-0.194207
0.0149252
0.201344
0.367867
0.516596
0.650255
0.769142
0.876132
0.971784
1.05677
1.13217
1.19876
1.25727
1.3084
1.35268
1.39065
1.42281
1.44959
1.47143
1.4887
1.50177
1.51094
1.51653
1.51882
1.51807
1.51452
1.50839
1.49986
1.48915
1.47645
1.46189
1.44564
1.42783
1.40861
1.38811
1.36642
1.34366
1.31988
1.29517
1.26964
1.24334
1.21629
1.18856
1.16021
1.1312
1.10161
1.07148
1.04081
1.00965
0.978019
0.945947
0.91343
0.880523
0.847213
0.813556
0.779499
0.745188
0.710442
0.675601
0.640322
0.604867
0.569166
0.533208
0.497136
0.460795
0.424424
0.387714
0.351144
0.313968
0.276969
0.239105
0.201029
0.161391
0.120691
0.0743269
0.0319016
-18.2733
-18.4289
-18.9692
-19.0733
-18.5435
-17.5107
-16.1154
-14.478
-12.7733
-11.0966
-9.53492
-8.11912
-6.86769
-5.7758
-4.83232
-4.02032
-3.32303
-2.72237
-2.20318
-1.75321
-1.36152
-1.01829
-0.716661
-0.450411
-0.214483
-0.004261
0.183023
0.350414
0.499764
0.634075
0.752862
0.858867
0.954428
1.03958
1.11513
1.18184
1.24046
1.29169
1.33606
1.37411
1.40634
1.43318
1.45507
1.47239
1.4855
1.49471
1.50033
1.50265
1.50193
1.49841
1.4923
1.4838
1.47312
1.46044
1.44591
1.42967
1.41189
1.39269
1.37221
1.35055
1.32781
1.30406
1.27936
1.25387
1.22758
1.20053
1.17284
1.14448
1.11547
1.08588
1.05574
1.02506
0.993888
0.962235
0.930137
0.897592
0.864651
0.831303
0.797607
0.763511
0.729157
0.694388
0.659492
0.624195
0.588709
0.552991
0.517026
0.480955
0.44463
0.408299
0.371646
0.335193
0.298194
0.261488
0.224136
0.186782
0.14841
0.109794
0.0675971
0.0274188
-18.2926
-18.4397
-18.9067
-18.9879
-18.4564
-17.4351
-16.0577
-14.4474
-12.765
-11.1084
-9.56095
-8.15528
-6.90959
-5.82016
-4.87674
-4.06343
-3.364
-2.76106
-2.23954
-1.78687
-1.39262
-1.04714
-0.743535
-0.475594
-0.238218
-0.0267917
0.161451
0.329652
0.479632
0.614399
0.733486
0.839232
0.934951
1.02034
1.09608
1.16296
1.22173
1.27309
1.31758
1.35573
1.38804
1.41496
1.43692
1.4543
1.46746
1.47671
1.48238
1.48474
1.48406
1.48057
1.47449
1.46602
1.45536
1.44272
1.42821
1.41201
1.39424
1.37508
1.35463
1.333
1.31028
1.28656
1.26189
1.23641
1.21014
1.18311
1.15545
1.12709
1.09808
1.0685
1.03835
1.00765
0.976463
0.944788
0.912661
0.880082
0.847101
0.81371
0.779968
0.74583
0.711423
0.676628
0.641674
0.606349
0.570831
0.535082
0.499106
0.46305
0.426734
0.390456
0.35387
0.317529
0.280748
0.244354
0.207576
0.171016
0.134092
0.0977553
0.0601548
0.0225219
-18.3101
-18.4479
-18.8407
-18.8935
-18.3623
-17.3533
-15.9985
-14.418
-12.7598
-11.1249
-9.5932
-8.199
-6.95963
-5.87313
-4.92992
-4.11504
-3.4129
-2.8067
-2.28196
-1.82613
-1.42897
-1.08096
-0.775127
-0.505265
-0.266254
-0.0534775
0.135872
0.304935
0.455691
0.590899
0.710706
0.816984
0.913042
0.998718
1.07472
1.14183
1.2008
1.25234
1.29698
1.33525
1.36768
1.3947
1.41674
1.4342
1.44742
1.45674
1.46246
1.46487
1.46423
1.46079
1.45475
1.44631
1.43569
1.42309
1.40862
1.39244
1.37471
1.35558
1.33516
1.31357
1.29089
1.2672
1.24256
1.21711
1.19086
1.16385
1.1362
1.10784
1.07885
1.04928
1.01912
0.988403
0.957197
0.925504
0.893348
0.86072
0.827689
0.79425
0.760451
0.726271
0.691801
0.656969
0.621947
0.586599
0.551029
0.515263
0.479264
0.443242
0.406923
0.370705
0.334192
0.297963
0.261436
0.225359
0.189214
0.153513
0.118336
0.0844237
0.051855
0.0171746
-18.326
-18.4521
-18.7706
-18.7898
-18.2585
-17.2628
-15.9326
-14.3844
-12.7549
-11.1451
-9.63166
-8.25092
-7.01903
-5.93561
-4.99253
-4.17571
-3.47024
-2.86005
-2.33132
-1.87175
-1.47116
-1.1202
-0.811764
-0.539663
-0.298731
-0.0844073
0.106284
0.276421
0.428201
0.564065
0.684764
0.791853
0.888334
0.974376
1.05073
1.11814
1.17738
1.22914
1.27397
1.31242
1.34498
1.37212
1.39428
1.41183
1.42514
1.43453
1.44032
1.44279
1.44221
1.43883
1.43285
1.42445
1.41387
1.40132
1.3869
1.37076
1.35306
1.33398
1.3136
1.29206
1.26941
1.24576
1.22117
1.19575
1.16953
1.14254
1.11491
1.08656
1.05758
1.028
0.997837
0.967106
0.935884
0.904168
0.871978
0.839296
0.806215
0.772723
0.738859
0.704626
0.670082
0.635204
0.600098
0.564747
0.529103
0.493338
0.457287
0.4213
0.384979
0.348833
0.31239
0.276294
0.240041
0.204288
0.168844
0.134115
0.10087
0.06959
0.0425073
0.0113185
-18.3406
-18.4518
-18.6974
-18.6785
-18.1469
-17.1657
-15.861
-14.346
-12.7474
-11.1645
-9.67149
-8.30597
-7.08319
-6.00221
-5.05928
-4.24103
-3.5327
-2.91888
-2.38617
-1.9227
-1.51836
-1.16405
-0.852608
-0.577962
-0.334842
-0.119084
0.0729924
0.24434
0.397268
0.533946
0.655555
0.763539
0.86054
0.947062
1.02386
1.09165
1.15119
1.20321
1.24827
1.28691
1.31964
1.34693
1.36922
1.3869
1.40032
1.40981
1.41568
1.41824
1.41773
1.41442
1.40851
1.40017
1.38965
1.37716
1.3628
1.34672
1.32906
1.31003
1.28971
1.26822
1.24562
1.22202
1.19748
1.17209
1.14591
1.11896
1.09134
1.06301
1.03404
1.00446
0.974288
0.943545
0.912298
0.88055
0.848316
0.815587
0.782451
0.748893
0.71497
0.68067
0.646046
0.61112
0.575909
0.540526
0.5048
0.469048
0.432931
0.396988
0.360653
0.324595
0.288236
0.252274
0.216316
0.180907
0.14623
0.112579
0.08142
0.0530051
0.0318633
0.00485152
-18.3542
-18.4482
-18.6226
-18.5614
-18.0282
-17.0626
-15.7849
-14.3017
-12.7342
-11.1783
-9.7073
-8.35859
-7.14626
-6.07082
-5.12978
-4.31066
-3.59953
-2.98203
-2.44532
-1.97798
-1.57
-1.21246
-0.898109
-0.620948
-0.375614
-0.158051
0.0356425
0.208429
0.362647
0.500327
0.622927
0.731892
0.829522
0.916601
0.993888
1.06206
1.12193
1.17423
1.21954
1.2584
1.29134
1.31881
1.34127
1.35907
1.37261
1.38222
1.38822
1.39088
1.39047
1.38726
1.38144
1.37319
1.36274
1.35034
1.33604
1.32003
1.30243
1.28346
1.26322
1.24179
1.21926
1.19572
1.17123
1.14589
1.11976
1.09283
1.06524
1.03694
1.00797
0.978409
0.948241
0.917486
0.886209
0.854427
0.822144
0.789365
0.756158
0.722513
0.688498
0.65411
0.619403
0.584424
0.549114
0.51368
0.477854
0.442116
0.40592
0.370036
0.333689
0.297701
0.261466
0.225623
0.189981
0.154946
0.121093
0.0886147
0.0596884
0.0343503
0.0196059
-0.00241232
-18.367
-18.4417
-18.548
-18.4405
-17.9032
-16.9535
-15.7029
-14.2549
-12.7219
-11.1956
-9.74739
-8.41565
-7.21343
-6.14495
-5.20589
-4.38538
-3.67099
-3.04941
-2.50837
-2.0369
-1.62509
-1.26414
-0.946829
-0.667142
-0.419689
-0.200021
-0.00477961
0.169215
0.324485
0.463041
0.586536
0.696418
0.794666
0.882273
0.960056
1.02865
1.08891
1.14158
1.18722
1.22637
1.25957
1.28729
1.30997
1.32798
1.3417
1.35148
1.35763
1.36044
1.36016
1.35708
1.35138
1.34322
1.33286
1.32057
1.30637
1.29044
1.2729
1.25402
1.23385
1.21251
1.19005
1.16658
1.14217
1.11688
1.0908
1.06392
1.03636
1.00808
0.979136
0.949569
0.919391
0.888617
0.857307
0.825481
0.793144
0.760305
0.727022
0.693286
0.65917
0.624678
0.589874
0.554815
0.519386
0.483912
0.447959
0.412239
0.375957
0.340106
0.303793
0.267828
0.231765
0.196035
0.160738
0.126101
0.0931252
0.0618908
0.0353272
0.0131862
0.00535596
-0.0108198
-18.3792
-18.4349
-18.4827
-18.3311
-17.7883
-16.8541
-15.6286
-14.2155
-12.716
-11.2176
-9.79083
-8.47461
-7.28178
-6.21778
-5.27938
-4.45728
-3.73989
-3.1147
-2.56982
-2.09469
-1.67944
-1.31539
-0.995345
-0.713293
-0.463844
-0.242385
-0.0456242
0.12955
0.285793
0.425096
0.549315
0.659894
0.758606
0.846526
0.924596
0.993463
1.05402
1.10704
1.153
1.19246
1.22595
1.25394
1.27688
1.29514
1.30909
1.31908
1.3254
1.32837
1.32823
1.32529
1.31972
1.31167
1.30141
1.28924
1.27514
1.2593
1.24183
1.22304
1.20297
1.18171
1.15933
1.13594
1.11161
1.08638
1.06036
1.03353
1.00601
0.977761
0.948834
0.919257
0.88907
0.858277
0.826934
0.795057
0.762663
0.729747
0.696386
0.662539
0.628331
0.59371
0.558797
0.523626
0.488052
0.452527
0.41643
0.380694
0.344379
0.308499
0.272287
0.236315
0.200459
0.16485
0.12992
0.0956638
0.0635637
0.0335543
0.00930934
-0.00980752
-0.0105143
-0.0204979
-18.3914
-18.4312
-18.4351
-18.2478
-17.6996
-16.7783
-15.5739
-14.1869
-12.713
-11.2367
-9.82744
-8.52435
-7.33971
-6.27987
-5.34276
-4.51996
-3.8004
-3.17231
-2.62429
-2.14615
-1.7281
-1.36153
-1.03929
-0.755394
-0.50439
-0.281593
-0.0835592
0.0926389
0.249739
0.38968
0.514548
0.625656
0.724959
0.81364
0.892146
0.961244
1.02198
1.07518
1.12135
1.16098
1.19464
1.2228
1.24589
1.2643
1.2784
1.28851
1.29496
1.29804
1.29802
1.2952
1.28973
1.28176
1.27159
1.25953
1.24552
1.22975
1.21233
1.19362
1.17364
1.15246
1.13015
1.10684
1.08256
1.0574
1.03143
1.00465
0.977163
0.948941
0.920029
0.890453
0.860256
0.829437
0.798063
0.766126
0.733674
0.700661
0.667214
0.633224
0.598913
0.564125
0.529091
0.493788
0.458064
0.422462
0.386282
0.350479
0.314223
0.278283
0.242213
0.20625
0.170605
0.135123
0.100568
0.0666424
0.0353012
0.00635618
-0.0158792
-0.0324669
-0.0266169
-0.0309472
-18.4039
-18.4316
-18.4042
-18.1901
-17.637
-16.7251
-15.5362
-14.1682
-12.7137
-11.2545
-9.85909
-8.56614
-7.38792
-6.33137
-5.3953
-4.57194
-3.85072
-3.22038
-2.6699
-2.18945
-1.76924
-1.40071
-1.07675
-0.791432
-0.539169
-0.31534
-0.11652
0.0603499
0.217987
0.358316
0.483598
0.59503
0.694704
0.784041
0.862973
0.932546
0.993715
1.04713
1.09348
1.13328
1.16707
1.19535
1.21855
1.23706
1.25125
1.26145
1.26797
1.27112
1.27116
1.2684
1.263
1.25506
1.24489
1.23296
1.21902
1.20331
1.1859
1.16724
1.14733
1.1262
1.10395
1.08069
1.05646
1.03134
1.0054
0.978656
0.951185
0.922977
0.894069
0.864481
0.834262
0.803402
0.771982
0.739968
0.707443
0.674311
0.640765
0.606609
0.572187
0.537216
0.502071
0.466631
0.430809
0.39511
0.35895
0.323073
0.286923
0.250962
0.215031
0.179128
0.14366
0.108279
0.0740401
0.040428
0.00973229
-0.018383
-0.0390198
-0.0536055
-0.0421094
-0.041708
-18.4168
-18.4355
-18.3862
-18.1525
-17.5953
-16.6904
-15.5129
-14.1589
-12.7188
-11.2726
-9.88746
-8.60198
-7.42858
-6.3745
-5.43915
-4.61527
-3.89275
-3.26063
-2.70827
-2.22608
-1.80425
-1.43424
-1.10901
-0.822613
-0.569408
-0.344724
-0.145273
0.0322068
0.190308
0.330948
0.456568
0.568345
0.668177
0.757632
0.836831
0.906945
0.968557
1.02219
1.06872
1.10868
1.1426
1.171
1.1943
1.2129
1.22716
1.23742
1.24399
1.2472
1.24728
1.24458
1.23925
1.23129
1.22091
1.20914
1.19533
1.17967
1.16225
1.14363
1.12375
1.10265
1.08043
1.05719
1.03299
1.0079
0.981968
0.955243
0.927772
0.899561
0.870638
0.841019
0.810758
0.779837
0.748353
0.71624
0.683626
0.650355
0.616701
0.582364
0.547842
0.512692
0.477468
0.441899
0.406054
0.370277
0.334179
0.298285
0.262242
0.226333
0.190528
0.154755
0.119465
0.0841939
0.0500227
0.016471
-0.0136114
-0.0411932
-0.0603306
-0.0733501
-0.0570232
-0.0527661
-18.4302
-18.4423
-18.3777
-18.13
-17.57
-16.6702
-15.5012
-14.1575
-12.728
-11.2914
-9.91392
-8.63375
-7.46381
-6.4114
-5.47645
-4.65204
-3.92842
-3.29488
-2.74103
-2.2575
-1.83444
-1.46329
-1.1371
-0.849924
-0.596049
-0.370735
-0.170805
0.00724877
0.165985
0.307
0.432931
0.544996
0.645035
0.734637
0.814064
0.88443
0.94624
1.00003
1.04668
1.08678
1.12082
1.14931
1.17269
1.19135
1.20567
1.21598
1.2226
1.22583
1.22594
1.22329
1.21809
1.21045
1.20084
1.18834
1.17428
1.15853
1.14105
1.12243
1.10257
1.08148
1.05928
1.03605
1.01186
0.986774
0.960845
0.934116
0.90663
0.878399
0.849442
0.819772
0.78945
0.75845
0.726884
0.694659
0.661945
0.628527
0.59477
0.560259
0.525663
0.490358
0.455086
0.419434
0.383605
0.347799
0.311761
0.275902
0.23994
0.204125
0.168408
0.132814
0.0977489
0.0629176
0.0296208
-0.00331438
-0.0337267
-0.0602379
-0.0792757
-0.0916338
-0.0713842
-0.0640628
-18.4438
-18.4515
-18.3763
-18.1191
-17.5573
-16.6616
-15.4988
-14.1626
-12.7408
-11.3111
-9.93916
-8.66264
-7.49491
-6.44349
-5.50862
-4.68364
-3.9591
-3.32437
-2.76932
-2.28473
-1.86069
-1.48855
-1.16145
-0.873567
-0.619145
-0.393437
-0.193456
-0.0153222
0.144158
0.285876
0.412225
0.524561
0.624841
0.714511
0.794178
0.864662
0.926578
0.980493
1.02722
1.06744
1.10157
1.13013
1.15357
1.17226
1.18659
1.19689
1.2035
1.20666
1.20666
1.20385
1.1983
1.19009
1.17955
1.16789
1.15479
1.13921
1.12182
1.1033
1.0835
1.06245
1.04027
1.01706
0.992876
0.967783
0.941841
0.915094
0.887576
0.859309
0.830299
0.800565
0.770167
0.739077
0.707424
0.675085
0.642277
0.608723
0.574889
0.540235
0.505595
0.470202
0.434916
0.399241
0.363446
0.327655
0.291666
0.255857
0.219915
0.184141
0.148343
0.112697
0.0773365
0.0419401
0.00760586
-0.0250814
-0.0547465
-0.0814457
-0.0981629
-0.108667
-0.0852512
-0.075501
-18.4573
-18.4621
-18.3803
-18.1169
-17.5543
-16.6617
-15.5036
-14.1727
-12.7562
-11.3314
-9.96329
-8.68921
-7.52284
-6.47192
-5.5369
-4.71132
-3.98591
-3.35015
-2.79404
-2.30853
-1.88362
-1.51058
-1.1825
-0.893719
-0.6383
-0.411403
-0.210519
-0.0320779
0.126547
0.268289
0.394618
0.507156
0.607593
0.697213
0.777047
0.847638
0.909642
0.963658
1.01049
1.0508
1.08504
1.11371
1.13726
1.15609
1.17057
1.18105
1.18789
1.19126
1.1915
1.18908
1.18421
1.17645
1.16652
1.15399
1.1398
1.12379
1.10609
1.08733
1.06737
1.04616
1.02385
1.00052
0.976235
0.951041
0.925003
0.898166
0.870555
0.842197
0.81309
0.783259
0.752759
0.721566
0.68982
0.657374
0.624489
0.590831
0.556962
0.52224
0.487606
0.452234
0.417011
0.381431
0.345769
0.310151
0.274354
0.23882
0.203141
0.16776
0.132355
0.0972981
0.0625817
0.028392
-0.00489708
-0.0376638
-0.067254
-0.0934079
-0.112495
-0.122822
-0.09814
-0.0871058
-18.4722
-18.4749
-18.3885
-18.1213
-17.5584
-16.6682
-15.5133
-14.186
-12.7729
-11.3512
-9.98567
-8.71305
-7.54743
-6.49668
-5.56138
-4.73523
-4.00914
-3.37263
-2.81582
-2.32982
-1.90457
-1.53138
-1.20325
-0.914701
-0.659694
-0.433197
-0.232182
-0.0528001
0.106887
0.249097
0.37558
0.488435
0.58904
0.678811
0.758716
0.829354
0.891389
0.945424
0.992244
1.03252
1.0667
1.09526
1.11869
1.13734
1.1516
1.16182
1.16834
1.1715
1.17145
1.16863
1.16312
1.15524
1.14505
1.13326
1.11988
1.1043
1.08696
1.06833
1.04854
1.02749
1.00532
0.982112
0.957924
0.932808
0.906831
0.880035
0.852449
0.8241
0.794982
0.765122
0.734581
0.703326
0.671522
0.638992
0.606048
0.572283
0.53835
0.503549
0.468843
0.433397
0.398101
0.36243
0.32668
0.290948
0.255006
0.219329
0.183395
0.147834
0.111963
0.0766789
0.0413642
0.00614919
-0.0274912
-0.0600119
-0.0893808
-0.11531
-0.132237
-0.140639
-0.113175
-0.101002
-18.4804
-18.4829
-18.3953
-18.1273
-17.5655
-16.6775
-15.5251
-14.2002
-12.7892
-11.3694
-10.0051
-8.73268
-7.56684
-6.51545
-5.57916
-4.75183
-4.02446
-3.38662
-2.82853
-2.34142
-1.9151
-1.54074
-1.21174
-0.922306
-0.666498
-0.43949
-0.2382
-0.0595636
0.0999719
0.242138
0.368682
0.481522
0.582161
0.671945
0.751892
0.822596
0.884679
0.938771
0.985659
1.02601
1.06028
1.08895
1.1125
1.1313
1.14572
1.15613
1.16287
1.16603
1.16608
1.16344
1.15821
1.15024
1.13995
1.1277
1.11385
1.09792
1.08041
1.06156
1.04158
1.02035
0.998007
0.974633
0.950284
0.925014
0.898889
0.871954
0.844233
0.815761
0.786527
0.756568
0.725936
0.694616
0.662767
0.630204
0.597265
0.563519
0.529645
0.494932
0.460336
0.425033
0.389901
0.354422
0.318873
0.283375
0.247674
0.212259
0.176619
0.141328
0.105829
0.0708834
0.0358103
0.00142548
-0.0319741
-0.0645282
-0.0938446
-0.119883
-0.138321
-0.147089
-0.120232
-0.104423
-18.5024
-18.5046
-18.4163
-18.1483
-17.5879
-16.702
-15.5514
-14.228
-12.818
-11.399
-10.0348
-8.76196
-7.59553
-6.54337
-5.60624
-4.77809
-4.04998
-3.41149
-2.85288
-2.36546
-1.93888
-1.56446
-1.23519
-0.945755
-0.689985
-0.462939
-0.261554
-0.0825779
0.0770755
0.219307
0.345881
0.458756
0.559411
0.649198
0.729156
0.799868
0.861936
0.916008
0.962866
1.00318
1.03741
1.06602
1.08951
1.10824
1.12258
1.13291
1.13955
1.14268
1.14267
1.13997
1.13466
1.12671
1.1164
1.10428
1.09052
1.07463
1.05714
1.03831
1.01835
0.997131
0.974797
0.951427
0.927079
0.901803
0.875669
0.848722
0.820987
0.7925
0.763246
0.73327
0.702626
0.671281
0.639429
0.606853
0.573911
0.540171
0.506295
0.471601
0.437003
0.401719
0.366583
0.331115
0.29556
0.260063
0.224339
0.18893
0.153219
0.117959
0.0822906
0.047345
0.0123302
-0.022441
-0.0558519
-0.0883586
-0.117713
-0.143485
-0.161353
-0.17021
-0.142062
-0.134115
-18.4545
-18.4439
-18.483
-18.4701
-18.4501
-18.4245
-18.3945
-18.3628
-18.3325
-18.3051
-18.2811
-18.261
-18.2455
-18.237
-18.2366
-18.2283
-18.9377
-18.9166
-18.92
-18.9311
-18.9229
-18.8993
-18.8696
-18.838
-18.807
-18.7786
-18.7539
-18.7339
-18.7184
-18.7069
-18.6993
-18.6841
-19.3928
-19.4607
-19.5491
-19.5827
-19.5823
-19.5628
-19.5338
-19.5024
-19.4726
-19.4463
-19.4243
-19.4075
-19.3964
-19.3904
-19.3851
-19.3732
-19.4634
-19.5556
-19.6059
-19.6312
-19.6385
-19.6264
-19.6013
-19.572
-19.5438
-19.5193
-19.4995
-19.4843
-19.4739
-19.4678
-19.4631
-19.4503
-18.8953
-18.9565
-18.9924
-19.021
-19.0314
-19.0235
-19.0038
-18.9776
-18.951
-18.9251
-18.9009
-18.8792
-18.8606
-18.8457
-18.8348
-18.8159
-17.7801
-17.8258
-17.8612
-17.8884
-17.8993
-17.8942
-17.8764
-17.8513
-17.8237
-17.7957
-17.7682
-17.7416
-17.7163
-17.6938
-17.6754
-17.6511
-16.2909
-16.3216
-16.3479
-16.3677
-16.3763
-16.3722
-16.3556
-16.3311
-16.303
-16.2728
-16.2406
-16.2068
-16.1719
-16.1378
-16.1074
-16.0768
-14.563
-14.5797
-14.5948
-14.6057
-14.6098
-14.6042
-14.587
-14.5621
-14.5329
-14.5005
-14.4647
-14.4256
-14.3839
-14.3419
-14.304
-14.2695
-12.7843
-12.7849
-12.7875
-12.7899
-12.7896
-12.7818
-12.7632
-12.7373
-12.7071
-12.673
-12.6347
-12.5919
-12.5455
-12.4981
-12.4551
-12.4175
-11.049
-11.0349
-11.0261
-11.0207
-11.0155
-11.004
-10.983
-10.9557
-10.9246
-10.8895
-10.8497
-10.8052
-10.7566
-10.7067
-10.6613
-10.6223
-9.44507
-9.41933
-9.40187
-9.39044
-9.381
-9.36596
-9.34262
-9.31428
-9.28256
-9.24691
-9.20667
-9.16163
-9.11249
-9.06205
-9.01622
-8.97696
-8.00237
-7.96856
-7.94448
-7.92815
-7.91461
-7.89591
-7.87026
-7.84093
-7.80878
-7.77306
-7.73307
-7.68864
-7.64042
-7.59117
-7.54644
-7.50793
-6.73549
-6.69769
-6.67022
-6.65101
-6.63408
-6.61209
-6.58473
-6.55495
-6.52284
-6.48752
-6.44836
-6.40522
-6.35877
-6.3116
-6.26882
-6.23155
-5.63755
-5.59802
-5.56904
-5.54763
-5.52657
-5.50091
-5.47228
-5.4424
-5.4106
-5.37599
-5.33805
-5.29667
-5.25252
-5.20802
-5.1677
-5.13203
-4.69494
-4.65556
-4.62657
-4.60377
-4.5796
-4.55168
-4.5226
-4.49282
-4.46145
-4.42768
-4.39109
-4.35161
-4.30994
-4.26832
-4.23078
-4.19704
-3.8875
-3.84906
-3.82032
-3.79657
-3.77092
-3.74233
-3.71327
-3.68377
-3.65296
-3.62015
-3.58501
-3.54754
-3.50842
-3.46978
-3.43513
-3.40337
-3.19759
-3.16093
-3.13268
-3.1071
-3.07956
-3.05084
-3.02238
-2.99361
-2.96371
-2.93213
-2.89864
-2.86326
-2.82668
-2.79088
-2.75893
-2.72894
-2.60494
-2.57061
-2.54299
-2.51566
-2.48665
-2.45808
-2.43014
-2.402
-2.37296
-2.34257
-2.31064
-2.27724
-2.243
-2.20981
-2.1803
-2.15186
-2.09371
-2.06125
-2.0342
-2.00678
-1.97799
-1.94989
-1.92244
-1.89488
-1.86661
-1.83731
-1.80682
-1.7752
-1.74309
-1.71225
-1.68498
-1.65792
-1.65189
-1.62091
-1.59327
-1.56516
-1.53685
-1.50954
-1.48281
-1.456
-1.42864
-1.40048
-1.3714
-1.34148
-1.31134
-1.28262
-1.25738
-1.23154
-1.26761
-1.23805
-1.20968
-1.18079
-1.15296
-1.12635
-1.10029
-1.07422
-1.04775
-1.02068
-0.992904
-0.964528
-0.936132
-0.909267
-0.885788
-0.86097
-0.930664
-0.90202
-0.87386
-0.845344
-0.818094
-0.792006
-0.766464
-0.740989
-0.715274
-0.689135
-0.662504
-0.635478
-0.608603
-0.583347
-0.561425
-0.537475
-0.634497
-0.60621
-0.57818
-0.550237
-0.523603
-0.498038
-0.473008
-0.448117
-0.423109
-0.397834
-0.372243
-0.346431
-0.320909
-0.297072
-0.276541
-0.253339
-0.373269
-0.344614
-0.316256
-0.288938
-0.263019
-0.238057
-0.213597
-0.189322
-0.16502
-0.140573
-0.115947
-0.0912347
-0.0669168
-0.0443419
-0.0251108
-0.0023538
-0.141522
-0.112779
-0.0843061
-0.057457
-0.0320515
-0.00755508
0.0164265
0.0401605
0.0638287
0.0875305
0.111288
0.135019
0.158275
0.17975
0.197812
0.220229
0.065482
0.0937422
0.121691
0.148055
0.173075
0.197217
0.220815
0.244099
0.267228
0.290287
0.313289
0.336162
0.358496
0.379039
0.396127
0.418079
0.250402
0.278281
0.305756
0.331702
0.35637
0.380175
0.403409
0.426274
0.448909
0.471383
0.493704
0.515809
0.537322
0.557049
0.573283
0.59482
0.415759
0.44384
0.470837
0.496286
0.520559
0.544012
0.566884
0.589347
0.61152
0.633458
0.655163
0.67658
0.697367
0.716378
0.731841
0.753024
0.56405
0.59235
0.619012
0.644075
0.668011
0.691137
0.713661
0.735739
0.757475
0.778914
0.800054
0.820848
0.840985
0.859366
0.874134
0.895014
0.697286
0.725176
0.751454
0.776265
0.79999
0.822892
0.845156
0.866928
0.888303
0.909318
0.929971
0.950222
0.969793
0.987631
1.00178
1.0224
0.818101
0.845362
0.871084
0.895524
0.918944
0.94155
0.96351
0.984952
1.00596
1.02656
1.04675
1.0665
1.08555
1.10291
1.11649
1.13689
0.925942
0.952794
0.978174
1.00232
1.02547
1.0478
1.06948
1.09062
1.1113
1.13153
1.15131
1.17061
1.18921
1.20615
1.21922
1.23944
1.02138
1.04808
1.07331
1.09731
1.1203
1.14246
1.16393
1.18484
1.20524
1.22516
1.24458
1.26348
1.28169
1.29826
1.31088
1.33093
1.10612
1.13269
1.15782
1.18172
1.20459
1.2266
1.24791
1.26862
1.28878
1.30841
1.32751
1.34607
1.36391
1.38017
1.39237
1.41229
1.18126
1.2077
1.23273
1.25652
1.27928
1.30117
1.32233
1.34285
1.36279
1.38217
1.40098
1.41921
1.43673
1.45271
1.46452
1.48433
1.24759
1.27392
1.29885
1.32255
1.34521
1.36698
1.388
1.40835
1.42809
1.44723
1.46577
1.48371
1.50093
1.51666
1.52812
1.54782
1.30587
1.33209
1.35693
1.38054
1.40311
1.42477
1.44565
1.46584
1.48539
1.50432
1.52261
1.54027
1.55722
1.57272
1.58384
1.60346
1.35676
1.38289
1.40764
1.43117
1.45364
1.4752
1.49595
1.51599
1.53536
1.55408
1.57214
1.58955
1.60624
1.62155
1.63234
1.65188
1.40085
1.42689
1.45156
1.475
1.49739
1.51885
1.53948
1.55937
1.57858
1.59711
1.61495
1.63211
1.64857
1.66369
1.67419
1.69366
1.43864
1.46461
1.4892
1.51257
1.53488
1.55624
1.57676
1.59652
1.61557
1.63391
1.65155
1.66849
1.68472
1.69969
1.70991
1.72932
1.47064
1.49654
1.52106
1.54437
1.5666
1.58787
1.60829
1.62792
1.64682
1.665
1.68244
1.69917
1.7152
1.73003
1.73997
1.75933
1.49729
1.52312
1.54759
1.57083
1.59299
1.61418
1.63449
1.65401
1.67277
1.69079
1.70806
1.72459
1.74042
1.75513
1.76482
1.78413
1.51901
1.54478
1.56919
1.59237
1.61446
1.63557
1.65579
1.67519
1.69382
1.71169
1.72879
1.74514
1.76079
1.77539
1.78484
1.80411
1.53617
1.56189
1.58625
1.60938
1.6314
1.65244
1.67257
1.69186
1.71037
1.7281
1.74505
1.76123
1.7767
1.79121
1.80043
1.81966
1.54914
1.57481
1.59912
1.6222
1.64416
1.66512
1.68517
1.70437
1.72276
1.74036
1.75716
1.77318
1.78849
1.80292
1.81193
1.83113
1.55822
1.58385
1.60812
1.63114
1.65306
1.67395
1.69392
1.71302
1.73131
1.74879
1.76545
1.78131
1.79648
1.81083
1.81964
1.83881
1.56374
1.58932
1.61354
1.63652
1.65838
1.67922
1.69911
1.71812
1.73631
1.75367
1.77021
1.78593
1.80095
1.81525
1.82386
1.84301
1.56595
1.5915
1.61568
1.63862
1.66043
1.6812
1.70102
1.71996
1.73804
1.7553
1.77172
1.7873
1.80219
1.81644
1.82487
1.84401
1.56513
1.59064
1.61479
1.63768
1.65944
1.68016
1.69991
1.71877
1.73676
1.75392
1.77022
1.78568
1.80045
1.81466
1.82292
1.84203
1.56151
1.58699
1.6111
1.63396
1.65567
1.67633
1.69602
1.7148
1.73271
1.74977
1.76597
1.78131
1.79596
1.81013
1.81824
1.83734
1.55532
1.58076
1.60483
1.62765
1.64931
1.66992
1.68955
1.70826
1.72609
1.74306
1.75916
1.77439
1.78893
1.80308
1.81103
1.83012
1.54673
1.57214
1.59618
1.61897
1.64059
1.66116
1.68073
1.69937
1.71712
1.73401
1.75002
1.76514
1.77957
1.7937
1.80151
1.82059
1.53597
1.56134
1.58535
1.6081
1.62968
1.65019
1.66971
1.68829
1.70597
1.72278
1.7387
1.75373
1.76806
1.78217
1.78985
1.80892
1.5232
1.54854
1.57252
1.59523
1.61677
1.63724
1.6567
1.67522
1.69284
1.70957
1.72541
1.74035
1.75458
1.76868
1.77624
1.7953
1.50859
1.5339
1.55784
1.58051
1.60202
1.62244
1.64185
1.66031
1.67786
1.69453
1.7103
1.72515
1.7393
1.75338
1.76083
1.77989
1.49227
1.51754
1.54145
1.5641
1.58557
1.60595
1.62531
1.64372
1.66121
1.67782
1.69351
1.70829
1.72235
1.73643
1.74378
1.76283
1.4744
1.49965
1.52353
1.54614
1.56757
1.58792
1.60723
1.62559
1.64302
1.65957
1.6752
1.6899
1.70389
1.71796
1.72522
1.74426
1.45512
1.48034
1.50419
1.52677
1.54817
1.56847
1.58774
1.60605
1.62343
1.63992
1.65549
1.67013
1.68404
1.69811
1.70529
1.72433
1.43456
1.45974
1.48356
1.50611
1.52747
1.54774
1.56697
1.58523
1.60257
1.619
1.63452
1.6491
1.66294
1.677
1.68412
1.70315
1.41283
1.43797
1.46175
1.48426
1.50559
1.52582
1.54502
1.56323
1.58052
1.59691
1.61237
1.6269
1.64068
1.65474
1.6618
1.68082
1.38999
1.4151
1.43885
1.46134
1.48264
1.50283
1.52199
1.54017
1.55742
1.57376
1.58919
1.60366
1.6174
1.63144
1.63846
1.65747
1.36614
1.39123
1.41495
1.4374
1.45867
1.47884
1.49797
1.51611
1.53332
1.54963
1.56501
1.57945
1.59314
1.60717
1.61415
1.63316
1.34138
1.36644
1.39014
1.41257
1.43382
1.45396
1.47305
1.49117
1.50835
1.52462
1.53997
1.55437
1.56802
1.58204
1.589
1.608
1.31578
1.34081
1.36448
1.38688
1.4081
1.42821
1.44729
1.46537
1.48252
1.49877
1.51409
1.52847
1.54208
1.5561
1.56303
1.58203
1.28944
1.31445
1.3381
1.36048
1.38168
1.40177
1.42082
1.43888
1.45601
1.47223
1.48753
1.50188
1.51546
1.52947
1.5364
1.55539
1.26236
1.28736
1.31099
1.33336
1.35455
1.37463
1.39367
1.41172
1.42883
1.44504
1.46033
1.47466
1.48823
1.50223
1.50915
1.52813
1.23462
1.25961
1.28324
1.30561
1.3268
1.34687
1.3659
1.38395
1.40106
1.41725
1.43253
1.44686
1.46041
1.47441
1.48133
1.50033
1.20625
1.23123
1.25486
1.27722
1.2984
1.31847
1.3375
1.35555
1.37265
1.38884
1.40412
1.41844
1.43198
1.44598
1.45291
1.47193
1.17725
1.20223
1.22585
1.24822
1.2694
1.28947
1.3085
1.32654
1.34365
1.35984
1.37512
1.38943
1.40297
1.41698
1.4239
1.44294
1.14766
1.17264
1.19628
1.21864
1.23983
1.2599
1.27894
1.29698
1.31409
1.33028
1.34555
1.35987
1.3734
1.38742
1.39433
1.41336
1.11754
1.14253
1.16617
1.18854
1.20973
1.22982
1.24886
1.26691
1.28402
1.30022
1.3155
1.32981
1.34334
1.35737
1.36427
1.3833
1.0869
1.11191
1.13556
1.15795
1.17915
1.19925
1.2183
1.23636
1.25349
1.26969
1.28498
1.2993
1.31282
1.32686
1.33376
1.35278
1.05579
1.08081
1.10449
1.12689
1.14812
1.16823
1.1873
1.20538
1.22251
1.23874
1.25404
1.26837
1.28188
1.29594
1.30282
1.32185
1.02421
1.04926
1.07296
1.0954
1.11664
1.13678
1.15587
1.17397
1.19112
1.20736
1.22267
1.23701
1.25052
1.2646
1.27146
1.29048
0.992202
1.01729
1.04102
1.06348
1.08475
1.10491
1.12402
1.14214
1.15932
1.17557
1.1909
1.20524
1.21874
1.23284
1.23968
1.2587
0.959766
0.984898
1.00867
1.03116
1.05247
1.07267
1.09181
1.10996
1.12716
1.14344
1.15878
1.17313
1.18663
1.20075
1.20757
1.22658
0.926948
0.952122
0.975928
0.998457
1.01979
1.04001
1.05918
1.07735
1.09456
1.11085
1.1262
1.14055
1.15403
1.16817
1.17495
1.19396
0.893746
0.91898
0.942842
0.965425
0.986815
1.00709
1.0263
1.04452
1.06178
1.07811
1.09349
1.10786
1.12133
1.13551
1.14225
1.16126
0.860191
0.885472
0.909373
0.931988
0.953403
0.973694
0.992925
1.01115
1.02841
1.04473
1.0601
1.07445
1.08788
1.10208
1.10875
1.12776
0.826252
0.851599
0.875563
0.89824
0.919716
0.940066
0.959354
0.977633
0.994941
1.01131
1.02671
1.04107
1.05447
1.06873
1.07533
1.09434
0.792043
0.817436
0.841439
0.864147
0.885646
0.906011
0.925305
0.94358
0.960877
0.977223
0.992604
1.00694
1.02027
1.03457
1.04107
1.06008
0.757373
0.782812
0.806862
0.829619
0.85117
0.871588
0.890936
0.909261
0.926599
0.942974
0.958371
0.9727
0.985983
1.00034
1.00675
1.02576
0.72268
0.748188
0.772291
0.795086
0.816658
0.837083
0.856423
0.874729
0.892041
0.908385
0.923751
0.93804
0.951229
0.965655
0.971927
0.990954
0.687434
0.712959
0.737082
0.759899
0.781499
0.801956
0.821329
0.839662
0.856991
0.87334
0.888702
0.90297
0.916065
0.930575
0.936712
0.955736
0.652095
0.677686
0.701865
0.724725
0.746351
0.766817
0.786184
0.804501
0.821805
0.838125
0.853457
0.867689
0.880653
0.895296
0.901238
0.920315
0.616402
0.641989
0.666162
0.689019
0.710647
0.731122
0.750497
0.768814
0.786106
0.802399
0.817697
0.831883
0.844673
0.859408
0.865182
0.884215
0.580484
0.606107
0.630318
0.653205
0.674848
0.695319
0.714678
0.732968
0.750223
0.766475
0.781743
0.795907
0.808497
0.823463
0.828969
0.848101
0.544392
0.569988
0.594169
0.617029
0.638653
0.659109
0.678452
0.69672
0.713937
0.730137
0.74535
0.759484
0.771772
0.786955
0.792187
0.811327
0.508003
0.533584
0.55775
0.580592
0.602191
0.62261
0.641904
0.66011
0.677252
0.693364
0.708512
0.722674
0.734577
0.750119
0.755035
0.774232
0.471506
0.497017
0.521115
0.543891
0.565424
0.58578
0.605012
0.623156
0.640226
0.65624
0.671301
0.685567
0.696928
0.712826
0.717329
0.736619
0.434644
0.460074
0.484099
0.506806
0.528273
0.548558
0.56771
0.585765
0.602736
0.618606
0.633485
0.648063
0.658733
0.675183
0.679532
0.698814
0.397746
0.423016
0.446898
0.469472
0.490812
0.510977
0.530015
0.547965
0.564854
0.580622
0.5951
0.610076
0.619848
0.636441
0.640584
0.659923
0.360105
0.385126
0.408774
0.431136
0.452283
0.472269
0.491134
0.50891
0.525629
0.541304
0.555652
0.569888
0.58075
0.596767
0.601043
0.620291
0.32231
0.346945
0.370251
0.392303
0.413164
0.432884
0.4515
0.469044
0.485538
0.501007
0.515491
0.529355
0.540536
0.556032
0.560486
0.579657
0.28305
0.306938
0.329551
0.350971
0.371267
0.390488
0.408669
0.425835
0.442002
0.457191
0.471471
0.48504
0.496012
0.511391
0.515757
0.534915
0.242855
0.265638
0.287279
0.307851
0.327407
0.345977
0.363585
0.380247
0.395979
0.410811
0.424833
0.438244
0.448893
0.464367
0.468537
0.487671
0.199159
0.219775
0.239409
0.258154
0.276076
0.293212
0.309581
0.325192
0.340043
0.354081
0.367315
0.380823
0.3907
0.406626
0.410665
0.429959
0.152719
0.170438
0.187573
0.204193
0.220286
0.235835
0.25083
0.265263
0.279113
0.292317
0.304816
0.316853
0.327021
0.340373
0.345573
0.363988
0.0945973
0.10612
0.117408
0.128526
0.139528
0.150434
0.161239
0.17193
0.182499
0.192977
0.203422
0.213801
0.223732
0.235654
0.241109
0.259291
0.0449312
0.0524051
0.0599483
0.0675451
0.0752235
0.0830122
0.0909338
0.0990057
0.107242
0.115666
0.124291
0.133115
0.142113
0.15171
0.160413
0.171512
)
;

boundaryField
{
    frontAndBack
    {
        type            empty;
    }
    inlet
    {
        type            zeroGradient;
    }
    outlet
    {
        type            fixedValue;
        value           uniform 0;
    }
    walls
    {
        type            zeroGradient;
    }
}


// ************************************************************************* //
