/*--------------------------------*- C++ -*----------------------------------*\
| =========                 |                                                 |
| \\      /  F ield         | OpenFOAM: The Open Source CFD Toolbox           |
|  \\    /   O peration     | Version:  v2012                                 |
|   \\  /    A nd           | Website:  www.openfoam.com                      |
|    \\/     M anipulation  |                                                 |
\*---------------------------------------------------------------------------*/
FoamFile
{
    version     2.0;
    format      ascii;
    class       volScalarField;
    location    "0.013";
    object      p;
}
// * * * * * * * * * * * * * * * * * * * * * * * * * * * * * * * * * * * * * //

dimensions      [0 2 -2 0 0 0 0];


internalField   nonuniform List<scalar> 
1900
(
-309.55
-310.639
-311.514
-312.114
-312.666
-313.131
-313.458
-312.797
-311.314
-304.055
-310.006
-310.794
-311.601
-312.223
-312.79
-313.297
-313.65
-313.371
-312.195
-309.272
-310.296
-310.852
-311.605
-312.273
-312.882
-313.451
-313.942
-314.086
-313.869
-313.91
-310.483
-310.923
-311.648
-312.361
-313.016
-313.671
-314.332
-314.92
-315.601
-317.301
-310.586
-310.979
-311.692
-312.434
-313.135
-313.878
-314.722
-315.717
-317.122
-319.89
-310.608
-311.01
-311.737
-312.501
-313.244
-314.077
-315.1
-316.439
-318.415
-321.908
-310.547
-311.014
-311.78
-312.558
-313.338
-314.256
-315.435
-317.05
-319.459
-323.436
-310.398
-311.002
-311.818
-312.587
-313.388
-314.381
-315.685
-317.509
-320.236
-324.526
-310.141
-311.002
-311.89
-312.631
-313.435
-314.479
-315.862
-317.82
-320.765
-325.237
-309.706
-310.908
-311.885
-312.623
-313.435
-314.522
-315.948
-317.971
-321.037
-325.628
-299.019
-342.693
-388.305
-425.153
-455.934
-462.142
-405.705
-275.733
-143.967
-55.3701
-4.22153
21.5473
32.973
38.0166
40.2777
41.2347
41.5863
41.676
41.6444
41.5474
41.4252
41.2839
41.1411
41.0194
40.9187
40.8271
40.7153
40.5552
40.3495
40.1033
39.8156
39.4798
39.0884
38.6489
38.1789
37.6989
37.2237
36.7491
36.2664
35.7591
35.2225
34.6719
34.1116
33.5425
32.9666
32.3849
31.7996
31.2116
30.6216
30.0307
29.4398
28.8473
28.2533
27.6599
27.0662
26.4723
25.8785
25.2846
24.6907
24.0967
23.5028
22.9089
22.315
21.721
21.1271
20.5332
19.9392
19.3453
18.7514
18.1574
17.5635
16.9695
16.3756
15.7817
15.1877
14.5938
13.9998
13.4059
12.812
12.218
11.6241
11.0301
10.4362
9.84225
9.2483
8.65435
8.06039
7.46643
6.87246
6.27847
5.68443
5.09031
4.49606
3.90158
3.30666
2.71107
2.11415
1.51564
0.912852
0.309805
-310.945
-347.075
-387.285
-418.603
-440.123
-437.916
-382.754
-263.531
-145.046
-62.8331
-12.5967
14.5475
27.9684
34.6649
38.0857
39.8146
40.6693
41.0831
41.2541
41.2831
41.2438
41.1563
41.0467
40.9446
40.8526
40.762
40.6514
40.4945
40.2913
40.0489
39.7656
39.4317
39.0405
38.6048
38.1418
37.6666
37.1934
36.7199
36.2383
35.732
35.1967
34.6461
34.0855
33.516
32.9396
32.3576
31.7719
31.1835
30.593
30.0014
29.4092
28.8141
28.2206
27.628
27.0347
26.441
25.8473
25.2534
24.6595
24.0656
23.4717
22.8778
22.2839
21.6899
21.096
20.5021
19.9081
19.3142
18.7203
18.1263
17.5324
16.9384
16.3445
15.7506
15.1566
14.5627
13.9687
13.3748
12.7809
12.1869
11.593
10.999
10.4051
9.81114
9.2172
8.62325
8.0293
7.43536
6.84141
6.24746
5.65351
5.05955
4.46558
3.87158
3.2775
2.68327
2.08865
1.49359
0.89695
0.300529
-318.124
-346.638
-381.364
-408.064
-422.738
-413.711
-359.37
-253.919
-146.452
-68.8608
-19.7526
8.41674
23.4977
31.5993
36.035
38.4646
39.7906
40.51
40.8735
41.0236
41.061
41.0266
40.9509
40.867
40.7832
40.6956
40.5879
40.4358
40.237
39.9984
39.7189
39.3874
38.9973
38.5656
38.1089
37.6389
37.1655
36.6924
36.2116
35.7066
35.1725
34.6221
34.0616
33.4918
32.9149
32.3328
31.7471
31.1589
30.5688
29.9778
29.3866
28.7956
28.2025
27.6076
27.0135
26.4196
25.8257
25.2318
24.6379
24.0439
23.45
22.8561
22.2621
21.6682
21.0743
20.4803
19.8864
19.2925
18.6985
18.1046
17.5107
16.9167
16.3228
15.7288
15.1349
14.541
13.947
13.3531
12.7591
12.1652
11.5713
10.9773
10.3834
9.78942
9.19548
8.60153
8.00758
7.41364
6.8197
6.22575
5.63181
5.03788
4.44396
3.85007
3.25628
2.66269
2.06957
1.47716
0.886171
0.295671
-323.024
-346.303
-376.387
-399.384
-408.702
-394.379
-341.025
-246.037
-147.01
-73.5175
-25.7218
3.12184
19.5188
28.8053
34.1341
37.198
38.9613
39.9678
40.5136
40.7798
40.8867
40.8994
40.8567
40.7909
40.7159
40.6328
40.5293
40.382
40.1867
39.9502
39.6737
39.3451
38.9559
38.5284
38.0754
37.6082
37.1359
36.6636
36.1828
35.6793
35.1475
34.597
34.036
33.4656
32.8879
32.3051
31.7188
31.1301
30.5395
29.9477
29.3552
28.7605
28.1667
27.5733
26.9802
26.3867
25.7929
25.1991
24.6052
24.0113
23.4174
22.8235
22.2295
21.6356
21.0417
20.4477
19.8538
19.2599
18.6659
18.072
17.478
16.8841
16.2902
15.6962
15.1023
14.5084
13.9144
13.3205
12.7265
12.1326
11.5386
10.9447
10.3508
9.75682
9.16287
8.56893
7.975
7.38107
6.78715
6.19327
5.59942
5.00567
4.41206
3.81873
3.22587
2.63378
2.04309
1.45429
0.869594
0.286249
-326.607
-346.472
-372.455
-392
-396.968
-378.638
-326.058
-239.03
-147.241
-77.302
-30.7028
-1.39332
16.0485
26.323
32.423
36.0473
38.2004
39.4648
40.1762
40.5483
40.7182
40.7726
40.7621
40.7141
40.6475
40.5702
40.473
40.3311
40.1391
39.9056
39.6329
39.3081
38.9208
38.4994
38.0497
37.5852
37.1133
36.642
36.1597
35.6545
35.1265
34.5767
34.0145
33.4432
32.8651
32.2822
31.6959
31.1074
30.5172
29.926
29.3346
28.7426
28.1502
27.5566
26.9618
26.3677
25.7737
25.1797
24.5858
23.9919
23.3979
22.804
22.2101
21.6162
21.0222
20.4283
19.8344
19.2404
18.6465
18.0525
17.4586
16.8647
16.2707
15.6768
15.0828
14.4889
13.895
13.301
12.7071
12.1131
11.5192
10.9253
10.3313
9.73737
9.14343
8.54948
7.95555
7.36162
6.7677
6.17381
5.57996
4.98619
4.39258
3.79926
3.20652
2.61481
2.02529
1.43874
0.85948
0.282016
-329.21
-346.696
-369.113
-385.633
-387.33
-366.164
-314.328
-233.378
-147.394
-80.2504
-34.677
-5.09626
13.1501
24.205
30.9293
35.0285
37.5211
39.0134
39.8708
40.3329
40.5575
40.6489
40.6688
40.6386
40.5791
40.5066
40.416
40.2796
40.0903
39.8581
39.5869
39.265
38.8803
38.4568
38.0192
37.5579
37.087
36.6185
36.131
35.6256
35.0989
34.5498
33.9868
33.4146
32.8359
32.2523
31.6654
31.0762
30.4854
29.8931
29.3005
28.7043
28.1115
27.5178
26.9251
26.3315
25.7378
25.1439
24.5501
23.9562
23.3622
22.7683
22.1744
21.5805
20.9865
20.3926
19.7987
19.2047
18.6108
18.0168
17.4229
16.829
16.235
15.6411
15.0472
14.4532
13.8593
13.2653
12.6714
12.0774
11.4835
10.8896
10.2956
9.70168
9.10774
8.5138
7.91988
7.32596
6.73208
6.13825
5.5445
4.95093
4.35766
3.76494
3.17321
2.58307
1.99612
1.41314
0.840283
0.2706
-331.049
-346.877
-366.413
-380.432
-379.764
-356.584
-305.28
-228.765
-147.266
-82.3545
-37.7114
-8.06149
10.7488
22.4051
29.6366
34.139
36.9275
38.6214
39.6062
40.1432
40.4136
40.5357
40.5808
40.5677
40.518
40.4523
40.3694
40.2372
40.0509
39.8212
39.5561
39.2331
38.8538
38.439
38.0038
37.5439
37.0739
36.6025
36.1139
35.6094
35.083
34.5336
33.9702
33.3973
32.818
32.2339
31.6469
31.0577
30.4672
29.8754
29.2846
28.6923
28.0988
27.5053
26.9106
26.3165
25.7225
25.1286
24.5346
23.9407
23.3467
22.7528
22.1589
21.5649
20.971
20.3771
19.7831
19.1892
18.5953
18.0013
17.4074
16.8135
16.2195
15.6256
15.0316
14.4377
13.8438
13.2498
12.6559
12.0619
11.468
10.8741
10.2801
9.68617
9.09223
8.49829
7.90436
7.31044
6.71655
6.1227
5.52893
4.9353
4.34196
3.74912
3.15727
2.56713
1.98068
1.3991
0.830913
0.266511
-332.291
-347.011
-364.428
-376.439
-374.099
-349.467
-298.385
-224.845
-146.595
-83.4711
-39.7428
-10.2226
8.91424
20.9858
28.5983
33.4176
36.4489
38.3058
39.3858
39.9768
40.2853
40.4365
40.5024
40.4972
40.4538
40.3953
40.3226
40.1938
40.0072
39.7766
39.5086
39.1875
38.8123
38.4036
37.9743
37.5181
37.0487
36.5696
36.0842
35.5797
35.0532
34.5033
33.9386
33.3644
32.7842
32.1993
31.6116
31.0217
30.4303
29.8374
29.243
28.65
28.0562
27.4627
26.8693
26.2756
25.6818
25.088
24.4941
23.9002
23.3063
22.7123
22.1184
21.5245
20.9305
20.3366
19.7427
19.1487
18.5548
17.9609
17.3669
16.773
16.179
15.5851
14.9912
14.3972
13.8033
13.2093
12.6154
12.0215
11.4275
10.8336
10.2396
9.6457
9.05176
8.45783
7.8639
7.27
6.67614
6.08234
5.48867
4.89522
4.30219
3.70988
3.119
2.53027
1.94643
1.36764
0.806612
0.249815
-333.054
-347.094
-363.131
-373.618
-370.192
-344.617
-293.631
-221.99
-145.92
-84.0325
-40.954
-11.5641
7.76457
20.082
27.9196
32.9296
36.1246
38.1024
39.2437
39.8557
40.1789
40.3524
40.4468
40.4514
40.4102
40.3595
40.296
40.1836
40.006
39.7805
39.5143
39.1959
38.8228
38.4116
37.9786
37.5201
37.0477
36.5694
36.0831
35.575
35.0456
34.4944
33.9285
33.3535
32.773
32.1877
31.5998
31.0099
30.4187
29.8274
29.2343
28.6419
28.0488
27.4546
26.8606
26.2666
25.6726
25.0786
24.4847
23.8908
23.2968
22.7029
22.109
21.515
20.9211
20.3272
19.7332
19.1393
18.5453
17.9514
17.3575
16.7635
16.1696
15.5757
14.9817
14.3878
13.7938
13.1999
12.606
12.012
11.4181
10.8241
10.2302
9.63624
9.0423
8.44837
7.85444
7.26054
6.66667
6.07285
5.47915
4.88565
4.29253
3.70009
3.10898
2.52005
1.93605
1.35735
0.799222
0.250598
-333.454
-347.163
-362.644
-372.219
-368.263
-342.322
-291.569
-221.094
-146.27
-84.9946
-42.1197
-12.6592
6.89017
19.4192
27.4322
32.5745
35.8716
37.9383
39.1316
39.7638
40.0954
40.2762
40.3624
40.4008
40.3662
40.3238
40.2624
40.161
39.9923
39.7715
39.5058
39.1858
38.8099
38.3948
37.9584
37.4978
37.022
36.5395
36.0486
35.5374
35.0058
34.4531
33.8858
33.3096
32.7268
32.1417
31.5535
30.9633
30.3714
29.7794
29.1857
28.5926
27.9991
27.4051
26.8113
26.2175
25.6237
25.0298
24.4359
23.842
23.2481
22.6541
22.0602
21.4663
20.8724
20.2784
19.6845
19.0906
18.4966
17.9027
17.3087
16.7148
16.1209
15.5269
14.933
14.339
13.7451
13.1512
12.5572
11.9633
11.3693
10.7754
10.1815
9.58751
8.99358
8.39965
7.80572
7.21182
6.61796
6.02417
5.43051
4.83708
4.24409
3.65188
3.06122
2.47284
1.89049
1.31196
0.759114
0.202174
-305.045
-308.456
-311.694
-313.506
-313.066
-310.079
-306.749
-307.06
-353.598
-358.195
-362.125
-364.547
-365.057
-363.868
-361.651
-360.593
-396.65
-400.21
-402.892
-404.544
-405.362
-405.624
-405.514
-405.306
-432.502
-435.706
-437.448
-437.897
-437.812
-437.867
-438.313
-438.526
-465.517
-468.924
-470.122
-469.501
-467.994
-466.387
-465.598
-465.009
-475.777
-481.51
-482.918
-481.318
-477.702
-473.56
-470.45
-467.122
-417.087
-421.868
-422.918
-420.344
-414.805
-407.48
-399.893
-392.821
-282.098
-283.175
-281.905
-278.259
-272.388
-265.402
-257.928
-250.651
-142.286
-139.528
-135.302
-129.895
-123.978
-118.296
-112.599
-106.745
-47.7163
-40.4425
-32.9949
-26.0895
-20.2011
-15.6597
-11.4971
-7.18437
4.16284
11.9223
19.4416
25.9603
31.0547
34.5366
37.4451
40.5095
28.2321
34.1484
39.9821
45.1638
49.1458
51.7804
53.9643
56.3945
37.7283
41.8909
45.9639
49.6037
52.3832
54.2355
55.7763
57.4788
41.1753
43.9303
46.6205
49.0258
50.8628
52.145
53.2298
54.3823
42.3139
44.0807
45.8028
47.3418
48.5241
49.3795
50.1124
50.8889
42.5362
43.6585
44.7485
45.7233
46.4849
47.0528
47.5425
48.0746
42.4195
43.1363
43.8297
44.4511
44.9493
45.3326
45.6677
46.0466
42.2124
42.6753
43.1227
43.526
43.857
44.1215
44.3591
44.6407
41.9952
42.2986
42.592
42.8597
43.0862
43.2756
43.4523
43.671
41.782
41.9875
42.1854
42.3651
42.5242
42.6659
42.8057
42.9853
41.5797
41.7172
41.8534
41.9777
42.0939
42.2043
42.3232
42.4823
41.3907
41.4826
41.5773
41.6688
41.7583
41.8478
41.9537
42.0983
41.2222
41.2888
41.3583
41.4304
41.5032
41.5795
41.6746
41.8046
41.085
41.1377
41.194
41.2568
41.3202
41.389
41.4766
41.5958
40.977
41.0256
41.0745
41.1306
41.1925
41.2589
41.3425
41.4537
40.8838
40.9324
40.9803
41.0342
41.0965
41.162
41.2432
41.3469
40.7717
40.8215
40.8695
40.9244
40.9884
41.0537
41.1335
41.2301
40.6107
40.6615
40.7108
40.7691
40.8349
40.8996
40.9785
41.069
40.4043
40.4541
40.5084
40.5686
40.6307
40.6932
40.7719
40.8572
40.1556
40.201
40.2551
40.3099
40.3653
40.4272
40.5069
40.5883
39.8627
39.9041
39.9525
39.9987
40.0481
40.1067
40.1839
40.2626
39.525
39.5684
39.6123
39.65
39.6909
39.7419
39.8101
39.8861
39.132
39.1724
39.2091
39.242
39.2772
39.322
39.3789
39.4513
38.6889
38.7263
38.762
38.7923
38.8231
38.864
38.912
38.9755
38.2139
38.2452
38.2841
38.3211
38.3482
38.385
38.425
38.4859
37.7286
37.7537
37.7812
37.8224
37.8601
37.8924
37.9243
37.9801
37.2504
37.2761
37.3
37.3277
37.3582
37.3901
37.4168
37.4691
36.7741
36.7976
36.8209
36.8441
36.8684
36.9009
36.9215
36.9691
36.2906
36.3124
36.3341
36.3552
36.3768
36.4099
36.4262
36.4698
35.7826
35.8035
35.823
35.8449
35.8645
35.8944
35.91
35.9507
35.2448
35.2652
35.2851
35.3083
35.3278
35.356
35.3714
35.41
34.6943
34.7149
34.7345
34.7576
34.7766
34.8043
34.8187
34.8557
34.134
34.1547
34.1742
34.1971
34.2157
34.2431
34.2564
34.2925
33.5649
33.5857
33.6052
33.6281
33.6463
33.6737
33.686
33.7216
32.9891
33.0104
33.0284
33.0515
33.0694
33.0968
33.1086
33.1438
32.4073
32.4285
32.4472
32.4704
32.4875
32.5146
32.5259
32.5609
31.8218
31.8432
31.8616
31.885
31.9013
31.9282
31.9392
31.9742
31.2336
31.2552
31.2731
31.2968
31.3125
31.3395
31.3501
31.3851
30.6429
30.6658
30.683
30.707
30.7222
30.7493
30.7595
30.7946
30.0516
30.0745
30.0912
30.1155
30.1303
30.1577
30.1675
30.2029
29.4581
29.4817
29.4982
29.5229
29.5374
29.5652
29.5746
29.6102
28.8658
28.8895
28.9056
28.9304
28.9445
28.9724
28.9816
29.0173
28.2723
28.2961
28.3122
28.3371
28.3511
28.3792
28.3882
28.424
27.6792
27.7027
27.7188
27.7438
27.7575
27.7857
27.7946
27.8304
27.0856
27.1091
27.1252
27.1502
27.1638
27.1921
27.2009
27.2368
26.4919
26.5153
26.5314
26.5564
26.57
26.5984
26.6071
26.643
25.8981
25.9215
25.9376
25.9626
25.9761
26.0046
26.0132
26.0492
25.3042
25.3276
25.3437
25.3687
25.3822
25.4107
25.4193
25.4553
24.7103
24.7337
24.7498
24.7748
24.7883
24.8168
24.8254
24.8614
24.1164
24.1398
24.1558
24.1809
24.1944
24.2229
24.2314
24.2675
23.5225
23.5459
23.5619
23.587
23.6005
23.629
23.6375
23.6735
22.9286
22.952
22.968
22.9931
23.0065
23.035
23.0436
23.0796
22.3346
22.358
22.374
22.3992
22.4126
22.4411
22.4496
22.4857
21.7407
21.7641
21.7801
21.8052
21.8187
21.8472
21.8557
21.8918
21.1468
21.1702
21.1862
21.2113
21.2247
21.2532
21.2618
21.2978
20.5528
20.5762
20.5922
20.6174
20.6308
20.6593
20.6678
20.7039
19.9589
19.9823
19.9983
20.0234
20.0369
20.0654
20.0739
20.11
19.365
19.3884
19.4044
19.4295
19.4429
19.4714
19.48
19.516
18.771
18.7944
18.8104
18.8356
18.849
18.8775
18.886
18.9221
18.1771
18.2005
18.2165
18.2416
18.255
18.2836
18.2921
18.3281
17.5832
17.6066
17.6226
17.6477
17.6611
17.6896
17.6981
17.7342
16.9892
17.0126
17.0286
17.0537
17.0672
17.0957
17.1042
17.1403
16.3953
16.4187
16.4347
16.4598
16.4732
16.5017
16.5103
16.5463
15.8013
15.8248
15.8407
15.8659
15.8793
15.9078
15.9163
15.9524
15.2074
15.2308
15.2468
15.2719
15.2854
15.3139
15.3224
15.3584
14.6135
14.6369
14.6529
14.678
14.6914
14.7199
14.7284
14.7645
14.0195
14.0429
14.0589
14.084
14.0975
14.126
14.1345
14.1706
13.4256
13.449
13.465
13.4901
13.5035
13.532
13.5406
13.5766
12.8316
12.855
12.871
12.8962
12.9096
12.9381
12.9466
12.9827
12.2377
12.2611
12.2771
12.3022
12.3156
12.3442
12.3527
12.3887
11.6438
11.6672
11.6832
11.7083
11.7217
11.7502
11.7587
11.7948
11.0498
11.0732
11.0892
11.1143
11.1278
11.1563
11.1648
11.2009
10.4559
10.4793
10.4953
10.5204
10.5338
10.5623
10.5708
10.6069
9.86192
9.88533
9.90132
9.92643
9.93987
9.96837
9.97689
10.013
9.26798
9.29138
9.30737
9.33248
9.34592
9.37442
9.38294
9.41901
8.67402
8.69742
8.71341
8.73853
8.75196
8.78046
8.78899
8.82505
8.08007
8.10346
8.11945
8.14456
8.158
8.18649
8.19502
8.23108
7.48611
7.50949
7.52548
7.55058
7.56402
7.5925
7.60103
7.63709
6.89213
6.9155
6.93149
6.95657
6.97001
6.99848
7.00701
7.04306
6.29813
6.32146
6.33745
6.3625
6.37594
6.40438
6.41292
6.44896
5.70408
5.72735
5.74333
5.76832
5.78178
5.81016
5.81872
5.85473
5.10993
5.1331
5.14908
5.17396
5.18743
5.21572
5.22429
5.26027
4.51563
4.53861
4.55455
4.57925
4.59274
4.62086
4.62947
4.66537
3.92102
3.94367
3.95956
3.98392
3.99744
4.02525
4.03394
4.0697
3.32583
3.3479
3.36364
3.38743
3.40094
3.42823
3.43699
3.47254
2.72966
2.75077
2.76617
2.78901
2.80247
2.82883
2.83778
2.87286
2.13145
2.15093
2.16543
2.18669
2.19958
2.22457
2.2331
2.26799
1.53071
1.54778
1.5607
1.57957
1.59178
1.61396
1.62302
1.65461
0.923059
0.935663
0.944754
0.959331
0.967994
0.98779
0.989514
1.02352
0.315304
0.32359
0.329611
0.341107
0.348947
0.367054
0.38277
0.339272
)
;

boundaryField
{
    frontAndBack
    {
        type            empty;
    }
    inlet
    {
        type            zeroGradient;
    }
    outlet
    {
        type            fixedValue;
        value           uniform 0;
    }
    walls
    {
        type            zeroGradient;
    }
}


// ************************************************************************* //
